6,251,1
11,102,1
23,232,1
25,292,1
29,135,1
31,153,1
33,52,1
43,245,1
46,173,1
46,303,1
52,33,1
57,189,1
57,220,1
58,61,1
61,58,1
65,275,1
67,96,1
71,186,1
73,277,1
77,93,1
80,147,1
92,155,1
92,277,1
93,77,1
96,67,1
101,200,1
102,11,1
107,148,1
107,306,1
111,128,1
112,125,1
113,286,1
120,239,1
123,262,1
125,112,1
127,246,1
128,111,1
131,305,1
132,165,1
135,29,1
141,210,1
143,168,1
144,233,1
146,180,1
147,80,1
148,107,1
151,256,1
153,31,1
155,92,1
155,277,1
161,242,1
165,132,1
167,232,1
168,143,1
173,46,1
173,303,1
180,146,1
186,71,1
189,57,1
192,249,1
192,273,1
200,101,1
210,141,1
220,57,1
227,295,1
232,23,1
232,167,1
233,144,1
237,269,1
239,120,1
242,161,1
245,43,1
246,127,1
249,192,1
251,6,1
256,151,1
262,123,1
263,299,1
269,237,1
272,301,1
273,192,1
275,65,1
275,307,1
277,73,1
277,92,1
277,155,1
285,297,1
285,298,1
286,113,1
292,25,1
295,227,1
297,285,1
297,298,1
298,285,1
298,297,1
299,263,1
301,272,1
303,46,1
303,173,1
305,131,1
306,107,1
307,275,1
1,290,2
3,210,2
5,295,2
13,173,2
17,267,2
20,179,2
33,104,2
41,289,2
43,268,2
46,144,2
46,256,2
46,303,2
52,104,2
52,132,2
57,136,2
57,220,2
65,187,2
65,275,2
67,230,2
74,302,2
78,150,2
79,185,2
90,261,2
92,155,2
103,234,2
104,33,2
104,52,2
104,132,2
112,283,2
132,52,2
132,104,2
134,177,2
136,57,2
136,220,2
144,46,2
144,303,2
150,78,2
151,233,2
155,92,2
155,277,2
158,229,2
173,13,2
177,134,2
179,20,2
183,282,2
185,79,2
187,65,2
187,275,2
192,249,2
192,273,2
200,305,2
209,252,2
210,3,2
220,136,2
229,158,2
230,67,2
232,23,2
233,151,2
234,103,2
241,250,2
249,273,2
250,241,2
252,209,2
256,46,2
256,303,2
261,90,2
267,17,2
268,43,2
273,249,2
275,65,2
275,187,2
282,183,2
283,112,2
289,41,2
290,1,2
293,296,2
295,5,2
296,293,2
298,285,2
298,297,2
302,74,2
303,46,2
303,144,2
303,256,2
305,200,2
8,263,3
14,64,3
27,240,3
41,274,3
41,289,3
46,144,3
48,276,3
49,75,3
50,137,3
52,104,3
64,14,3
65,187,3
68,126,3
71,184,3
74,102,3
75,49,3
79,129,3
79,185,3
81,178,3
84,183,3
92,216,3
94,162,3
102,74,3
104,33,3
104,52,3
125,148,3
126,68,3
129,79,3
131,200,3
136,189,3
136,220,3
137,50,3
140,198,3
141,159,3
144,46,3
144,233,3
148,125,3
155,92,3
155,277,3
159,141,3
162,94,3
169,227,3
178,81,3
183,84,3
183,282,3
184,71,3
187,65,3
189,136,3
198,140,3
200,131,3
200,305,3
216,92,3
227,169,3
227,295,3
228,288,3
233,144,3
239,260,3
240,27,3
260,239,3
263,8,3
263,299,3
274,41,3
276,48,3
288,228,3
295,227,3
41,274,4
41,289,4
46,217,4
51,91,4
52,165,4
59,291,4
66,269,4
67,96,4
67,230,4
91,51,4
92,155,4
96,230,4
101,305,4
102,11,4
129,185,4
144,46,4
144,217,4
144,233,4
155,92,4
165,52,4
169,295,4
183,84,4
185,129,4
187,275,4
217,46,4
217,144,4
224,240,4
230,96,4
239,120,4
240,224,4
263,8,4
269,66,4
269,237,4
273,192,4
273,249,4
291,59,4
295,169,4
298,285,4
305,101,4
2,219,5
15,277,5
15,290,5
33,132,5
47,182,5
52,104,5
67,96,5
67,230,5
73,155,5
96,67,5
96,230,5
131,305,5
132,33,5
144,217,5
144,238,5
155,73,5
168,264,5
182,47,5
183,282,5
190,225,5
200,131,5
211,278,5
219,2,5
225,190,5
230,67,5
230,96,5
238,144,5
247,266,5
264,168,5
266,247,5
273,192,5
273,249,5
277,15,5
277,290,5
278,211,5
285,297,5
285,298,5
290,15,5
290,277,5
295,227,5
297,285,5
297,298,5
298,297,5
305,131,5
4,16,6
11,302,6
13,256,6
13,303,6
16,4,6
29,138,6
52,165,6
64,150,6
74,302,6
84,282,6
90,275,6
106,226,6
125,292,6
125,306,6
126,218,6
136,189,6
138,29,6
139,156,6
142,273,6
144,217,6
144,238,6
150,64,6
156,139,6
177,205,6
200,305,6
205,177,6
217,46,6
217,144,6
218,126,6
220,57,6
226,106,6
256,13,6
256,303,6
273,142,6
273,192,6
275,90,6
282,84,6
292,125,6
302,11,6
302,74,6
303,13,6
303,256,6
305,200,6
306,125,6
1,15,7
8,123,7
11,102,7
13,217,7
13,256,7
15,1,7
37,107,7
38,300,7
55,133,7
62,265,7
73,277,7
81,105,7
95,246,7
105,81,7
107,37,7
123,8,7
123,262,7
133,55,7
134,205,7
155,92,7
181,284,7
199,255,7
205,134,7
208,257,7
217,13,7
217,46,7
246,95,7
255,199,7
256,13,7
256,303,7
257,208,7
265,62,7
273,142,7
273,192,7
277,73,7
277,290,7
284,181,7
300,38,7
5,169,8
11,302,8
13,303,8
20,166,8
21,78,8
26,202,8
28,245,8
29,280,8
52,106,8
78,21,8
81,178,8
95,127,8
99,253,8
101,102,8
102,101,8
106,52,8
123,279,8
124,207,8
125,292,8
125,306,8
127,95,8
135,138,8
138,135,8
142,192,8
142,273,8
166,20,8
169,5,8
192,142,8
202,26,8
207,124,8
217,233,8
233,217,8
245,28,8
253,99,8
273,142,8
279,123,8
280,29,8
292,306,8
302,11,8
303,13,8
306,292,8
10,299,9
11,101,9
11,102,9
17,38,9
38,17,9
38,300,9
52,165,9
56,116,9
62,97,9
64,14,9
76,206,9
81,105,9
95,246,9
97,62,9
101,11,9
101,200,9
102,11,9
116,56,9
123,8,9
123,262,9
134,283,9
163,272,9
178,186,9
186,178,9
200,101,9
206,76,9
215,307,9
217,256,9
225,249,9
233,256,9
239,286,9
249,225,9
256,217,9
256,233,9
272,163,9
283,134,9
286,239,9
299,10,9
307,215,9
36,185,10
41,254,10
42,293,10
64,150,10
95,127,10
101,102,10
102,101,10
102,200,10
107,292,10
112,134,10
112,283,10
123,8,10
123,262,10
133,149,10
134,112,10
141,197,10
142,192,10
149,133,10
165,226,10
176,204,10
185,36,10
188,261,10
192,273,10
197,141,10
200,102,10
204,176,10
205,177,10
209,304,10
217,233,10
220,244,10
226,165,10
233,217,10
240,27,10
244,220,10
254,41,10
261,188,10
273,192,10
282,183,10
283,112,10
292,107,10
293,42,10
302,74,10
304,209,10
10,33,11
12,17,11
15,290,11
17,12,11
18,251,11
33,10,11
40,75,11
46,256,11
47,51,11
51,47,11
75,40,11
79,129,11
93,174,11
102,11,11
102,200,11
112,134,11
123,8,11
129,79,11
142,273,11
154,222,11
174,93,11
187,65,11
217,46,11
222,154,11
231,234,11
234,231,11
241,280,11
249,271,11
251,18,11
256,46,11
269,66,11
271,249,11
273,142,11
280,241,11
290,15,11
292,306,11
1,290,12
3,47,12
11,200,12
13,173,12
17,300,12
19,217,12
22,53,12
47,3,12
53,22,12
68,180,12
82,251,12
102,101,12
124,182,12
131,276,12
155,277,12
169,227,12
170,243,12
172,198,12
180,68,12
182,124,12
198,172,12
200,11,12
217,19,12
217,256,12
227,169,12
243,170,12
249,225,12
249,271,12
251,82,12
256,217,12
274,289,12
276,131,12
277,155,12
289,274,12
290,1,12
292,107,12
293,306,12
300,17,12
306,293,12
17,12,13
19,46,13
46,19,13
46,256,13
52,106,13
54,179,13
65,275,13
112,205,13
126,147,13
147,126,13
157,159,13
159,157,13
169,295,13
179,54,13
195,300,13
205,112,13
217,233,13
227,295,13
239,260,13
251,18,13
251,82,13
254,274,13
256,46,13
262,279,13
274,254,13
275,65,13
279,262,13
295,169,13
295,227,13
300,195,13
10,299,14
18,82,14
19,217,14
19,233,14
20,54,14
46,303,14
47,51,14
48,164,14
54,20,14
82,18,14
82,251,14
87,163,14
88,309,14
89,152,14
92,216,14
104,132,14
106,226,14
119,142,14
132,104,14
137,287,14
142,119,14
152,89,14
163,87,14
164,48,14
169,227,14
169,295,14
217,19,14
217,233,14
225,271,14
226,106,14
227,169,14
227,295,14
233,19,14
233,217,14
261,268,14
268,261,14
269,237,14
271,225,14
282,84,14
287,137,14
295,169,14
295,227,14
303,46,14
309,88,14
10,33,15
10,104,15
17,300,15
19,217,15
19,256,15
29,241,15
33,299,15
82,18,15
100,294,15
104,10,15
148,293,15
149,193,15
167,253,15
168,143,15
169,227,15
177,182,15
182,177,15
190,271,15
192,225,15
193,149,15
196,258,15
217,19,15
225,190,15
225,192,15
227,169,15
241,29,15
241,280,15
253,167,15
256,19,15
256,303,15
258,196,15
270,272,15
271,190,15
272,270,15
277,290,15
290,277,15
293,148,15
294,100,15
299,33,15
300,17,15
303,256,15
13,46,16
22,206,16
28,135,16
46,13,16
51,91,16
67,96,16
67,122,16
96,67,16
96,122,16
106,52,16
122,67,16
122,96,16
135,28,16
158,250,16
177,205,16
185,266,16
188,268,16
190,225,16
205,177,16
206,22,16
217,256,16
225,190,16
225,271,16
235,307,16
250,158,16
256,217,16
266,185,16
268,188,16
268,261,16
271,225,16
277,155,16
277,290,16
307,235,16
8,33,17
13,303,17
17,12,17
19,233,17
21,226,17
22,53,17
24,176,17
33,8,17
51,47,17
59,184,17
60,220,17
68,218,17
78,150,17
122,67,17
122,96,17
150,78,17
176,24,17
184,59,17
190,192,17
192,190,17
192,225,17
206,76,17
218,68,17
220,60,17
225,192,17
226,21,17
233,19,17
254,289,17
268,188,17
277,155,17
289,254,17
303,13,17
306,125,17
39,167,18
46,217,18
46,303,18
59,291,18
67,96,18
71,186,18
96,67,18
96,122,18
102,200,18
107,306,18
117,281,18
134,296,18
150,64,18
158,241,18
167,39,18
186,71,18
191,228,18
200,102,18
217,46,18
228,191,18
241,158,18
281,117,18
296,134,18
303,46,18
306,107,18
306,125,18
10,132,19
12,300,19
14,121,19
26,62,19
42,148,19
48,97,19
62,26,19
64,14,19
66,140,19
96,67,19
97,48,19
102,101,19
121,14,19
132,10,19
135,138,19
140,66,19
145,174,19
148,42,19
150,78,19
167,230,19
174,145,19
190,225,19
205,292,19
225,190,19
225,192,19
230,167,19
256,303,19
275,90,19
292,205,19
300,12,19
303,256,19
306,107,19
306,125,19
13,173,20
14,64,20
19,303,20
33,104,20
49,240,20
53,76,20
76,53,20
79,103,20
80,146,20
81,178,20
103,79,20
104,33,20
107,283,20
107,306,20
118,143,20
143,118,20
146,80,20
147,218,20
178,81,20
184,291,20
190,192,20
190,225,20
192,190,20
192,249,20
200,305,20
217,256,20
218,147,20
225,190,20
240,49,20
249,192,20
256,217,20
275,65,20
283,107,20
291,184,20
303,19,20
306,107,20
8,14,21
13,46,21
13,173,21
14,8,21
16,189,21
21,52,21
21,150,21
27,224,21
28,309,21
31,252,21
39,253,21
43,261,21
46,13,21
52,21,21
64,78,21
68,180,21
78,64,21
91,171,21
100,183,21
107,283,21
112,134,21
134,112,21
144,151,21
147,248,21
150,21,21
151,144,21
151,238,21
167,39,21
167,230,21
169,295,21
171,91,21
183,100,21
189,16,21
190,249,21
224,27,21
238,151,21
248,147,21
249,190,21
249,192,21
252,31,21
253,39,21
261,43,21
285,297,21
292,306,21
295,169,21
297,285,21
306,292,21
309,28,21
7,120,22
21,52,22
21,150,22
21,226,22
22,76,22
39,167,22
39,230,22
49,251,22
53,22,22
53,76,22
76,22,22
76,53,22
97,164,22
101,302,22
107,125,22
107,283,22
120,7,22
125,107,22
125,283,22
144,238,22
150,226,22
157,278,22
164,97,22
167,39,22
167,230,22
192,271,22
226,150,22
230,39,22
230,167,22
238,144,22
249,190,22
251,49,22
271,192,22
278,157,22
283,125,22
302,101,22
21,52,23
22,53,23
22,76,23
30,83,23
49,240,23
49,251,23
53,22,23
53,76,23
65,229,23
76,22,23
76,53,23
83,30,23
107,125,23
107,283,23
122,276,23
125,107,23
142,225,23
180,218,23
188,215,23
191,288,23
205,210,23
210,205,23
215,188,23
218,180,23
225,142,23
229,65,23
238,151,23
264,308,23
276,122,23
283,107,23
283,293,23
288,191,23
293,283,23
308,264,23
5,197,24
17,168,24
17,300,24
29,280,24
49,240,24
60,244,24
66,198,24
68,146,24
75,222,24
90,250,24
102,305,24
107,125,24
107,283,24
133,55,24
140,198,24
142,254,24
146,68,24
168,17,24
190,192,24
190,249,24
190,271,24
192,190,24
192,249,24
192,271,24
196,242,24
197,5,24
198,66,24
198,140,24
222,75,24
230,39,24
233,303,24
241,275,24
242,196,24
244,60,24
249,192,24
249,271,24
250,90,24
254,142,24
271,190,24
271,192,24
271,249,24
275,241,24
280,29,24
283,107,24
283,293,24
300,17,24
303,233,24
305,102,24
16,4,25
17,168,25
22,206,25
56,110,25
66,140,25
66,172,25
66,198,25
96,122,25
100,294,25
107,293,25
110,56,25
122,96,25
122,276,25
140,66,25
142,119,25
142,254,25
144,151,25
146,80,25
151,144,25
172,66,25
172,198,25
173,232,25
190,249,25
190,271,25
198,66,25
198,172,25
206,22,25
210,292,25
210,306,25
212,286,25
225,254,25
230,253,25
232,173,25
249,190,25
253,230,25
254,225,25
271,190,25
271,192,25
276,131,25
286,212,25
292,210,25
292,306,25
293,107,25
293,283,25
306,210,25
306,292,25
19,256,26
22,53,26
22,206,26
30,63,26
33,132,26
39,253,26
53,22,26
63,30,26
66,140,26
66,172,26
75,40,26
92,213,26
94,266,26
107,125,26
120,231,26
122,96,26
128,194,26
132,33,26
172,66,26
172,198,26
190,249,26
190,271,26
194,128,26
213,92,26
229,275,26
231,120,26
241,250,26
250,241,26
253,39,26
253,230,26
254,142,26
254,225,26
256,19,26
266,94,26
271,190,26
271,192,26
275,229,26
19,151,27
64,121,27
66,140,27
69,139,27
71,184,27
74,101,27
74,302,27
97,48,27
101,74,27
103,129,27
121,64,27
122,276,27
129,103,27
139,69,27
142,119,27
151,19,27
184,71,27
190,249,27
210,293,27
224,227,27
227,224,27
232,23,27
249,271,27
250,275,27
253,39,27
256,217,27
260,301,27
271,249,27
275,250,27
276,122,27
293,210,27
293,306,27
301,260,27
302,74,27
306,293,27
10,104,28
13,153,28
23,173,28
23,232,28
25,243,28
28,138,28
28,223,28
44,50,28
50,44,28
90,215,28
96,276,28
104,10,28
108,269,28
119,225,28
122,96,28
122,276,28
138,28,28
140,172,28
151,233,28
153,13,28
172,140,28
173,23,28
174,245,28
190,271,28
210,283,28
210,293,28
212,239,28
215,90,28
223,28,28
225,119,28
233,151,28
239,212,28
241,275,28
243,25,28
245,174,28
249,190,28
249,271,28
250,241,28
250,275,28
269,108,28
271,190,28
271,249,28
275,241,28
275,250,28
276,96,28
276,122,28
283,210,28
293,210,28
293,306,28
3,278,29
4,57,29
9,285,29
23,46,29
23,232,29
28,138,29
37,211,29
39,230,29
39,253,29
42,85,29
46,23,29
47,177,29
57,4,29
62,265,29
75,222,29
85,42,29
87,164,29
90,241,29
90,250,29
96,122,29
112,296,29
122,96,29
122,276,29
131,167,29
134,296,29
152,193,29
164,87,29
167,131,29
177,47,29
189,136,29
193,152,29
210,283,29
211,37,29
230,39,29
233,303,29
241,90,29
241,275,29
250,90,29
275,241,29
278,3,29
283,306,29
285,9,29
296,112,29
296,134,29
306,283,29
7,192,30
14,106,30
36,101,30
46,173,30
66,172,30
81,105,30
101,36,30
106,14,30
122,96,30
172,66,30
173,46,30
182,292,30
192,7,30
256,303,30
263,279,30
271,190,30
279,263,30
283,210,30
292,182,30
296,112,30
303,256,30
2,37,31
2,211,31
19,144,31
23,46,31
23,232,31
26,163,31
37,2,31
39,230,31
46,23,31
46,232,31
90,215,31
122,276,31
144,19,31
163,26,31
175,203,31
203,175,31
211,2,31
228,288,31
232,46,31
271,249,31
278,157,31
288,228,31
11,305,32
21,150,32
28,223,32
37,211,32
40,154,32
52,78,32
67,253,32
68,80,32
68,146,32
78,52,32
80,68,32
107,306,32
141,295,32
146,68,32
150,21,32
154,40,32
161,226,32
182,205,32
195,199,32
199,195,32
200,276,32
205,182,32
211,37,32
215,250,32
226,161,32
250,215,32
253,67,32
266,270,32
270,266,32
276,200,32
295,141,32
296,134,32
305,11,32
306,107,32
15,155,33
45,309,33
56,160,33
57,189,33
89,105,33
90,188,33
103,234,33
105,89,33
123,299,33
140,198,33
142,289,33
155,15,33
160,56,33
166,227,33
167,265,33
173,232,33
188,90,33
189,57,33
198,140,33
211,2,33
227,166,33
232,173,33
234,103,33
239,271,33
265,167,33
271,239,33
271,249,33
289,142,33
299,123,33
309,45,33
309,88,33
36,185,34
40,75,34
45,88,34
75,40,34
88,45,34
90,250,34
102,276,34
103,129,34
106,150,34
150,106,34
151,256,34
161,258,34
175,178,34
178,175,34
185,36,34
188,250,34
220,221,34
221,220,34
250,90,34
250,188,34
256,151,34
258,161,34
271,239,34
276,102,34
1,249,35
1,286,35
29,158,35
31,238,35
39,96,35
74,101,35
88,223,35
90,188,35
91,180,35
96,39,35
97,167,35
101,74,35
105,152,35
143,308,35
152,105,35
158,29,35
167,97,35
168,264,35
175,203,35
180,91,35
188,90,35
213,248,35
223,88,35
238,31,35
248,213,35
249,1,35
249,286,35
261,268,35
264,168,35
268,261,35
286,1,35
286,249,35
296,112,35
302,305,35
303,233,35
305,302,35
308,143,35
30,83,36
33,104,36
34,84,36
38,235,36
53,110,36
68,80,36
68,146,36
79,129,36
80,146,36
84,34,36
97,265,36
104,33,36
110,53,36
112,134,36
112,296,36
120,162,36
129,79,36
134,112,36
141,197,36
142,254,36
142,289,36
146,80,36
152,193,36
153,233,36
162,120,36
177,207,36
182,292,36
197,141,36
205,292,36
207,177,36
225,239,36
233,153,36
235,38,36
239,225,36
239,271,36
254,142,36
254,289,36
265,97,36
286,1,36
289,254,36
292,205,36
8,121,37
19,151,37
21,52,37
33,299,37
52,21,37
52,78,37
66,140,37
67,96,37
67,253,37
81,152,37
81,193,37
87,202,37
90,250,37
96,67,37
96,253,37
105,89,37
112,134,37
121,8,37
129,234,37
140,66,37
151,19,37
152,81,37
152,193,37
159,197,37
161,226,37
193,81,37
193,152,37
197,159,37
202,87,37
225,271,37
229,241,37
233,303,37
234,129,37
239,225,37
239,271,37
241,229,37
250,90,37
253,96,37
256,217,37
271,225,37
271,239,37
289,142,37
292,182,37
299,33,37
8,64,38
8,121,38
17,300,38
51,206,38
64,8,38
64,121,38
67,96,38
67,253,38
81,152,38
86,137,38
90,188,38
96,39,38
96,67,38
102,122,38
121,64,38
122,102,38
123,279,38
137,86,38
142,254,38
142,289,38
152,81,38
153,13,38
163,265,38
175,178,38
206,51,38
225,239,38
225,271,38
239,225,38
239,271,38
253,67,38
254,142,38
265,163,38
271,225,38
271,239,38
279,123,38
16,220,39
19,256,39
39,67,39
67,39,39
67,96,39
68,180,39
90,250,39
96,253,39
97,167,39
106,14,39
106,150,39
142,254,39
151,256,39
175,203,39
180,68,39
182,205,39
183,294,39
205,182,39
205,292,39
207,296,39
220,16,39
228,236,39
236,228,39
247,276,39
253,96,39
256,19,39
256,151,39
269,237,39
275,280,39
276,247,39
280,275,39
292,205,39
294,183,39
296,207,39
303,304,39
304,303,39
7,212,40
13,23,40
23,13,40
33,104,40
48,167,40
52,21,40
58,252,40
67,253,40
68,218,40
96,67,40
96,253,40
97,48,40
103,234,40
104,132,40
105,178,40
121,8,40
124,292,40
132,104,40
140,172,40
142,289,40
167,48,40
172,140,40
178,105,40
180,218,40
187,246,40
201,274,40
202,265,40
205,182,40
205,292,40
212,7,40
218,68,40
218,180,40
228,288,40
234,103,40
246,187,40
247,270,40
247,276,40
252,58,40
253,67,40
253,96,40
254,289,40
265,202,40
270,247,40
270,276,40
271,225,40
274,201,40
276,270,40
289,254,40
292,124,40
292,205,40
10,132,41
33,132,41
39,253,41
43,174,41
64,106,41
68,180,41
69,156,41
85,148,41
97,167,41
102,247,41
106,64,41
112,299,41
131,230,41
132,10,41
132,33,41
132,104,41
135,223,41
139,156,41
148,85,41
156,69,41
156,139,41
167,97,41
174,43,41
180,68,41
188,229,41
223,135,41
228,236,41
229,188,41
230,131,41
232,46,41
247,102,41
253,39,41
292,124,41
299,112,41
6,60,42
11,36,42
13,153,42
36,11,42
40,70,42
60,6,42
66,117,42
70,40,42
78,161,42
89,178,42
102,276,42
107,125,42
109,141,42
117,66,42
124,205,42
141,109,42
156,69,42
158,275,42
161,78,42
168,300,42
178,89,42
205,124,42
205,182,42
247,276,42
256,217,42
275,158,42
276,102,42
276,247,42
300,168,42
11,185,43
14,132,43
24,248,43
49,166,43
55,152,43
90,229,43
114,282,43
132,10,43
132,14,43
134,207,43
148,262,43
152,55,43
166,49,43
177,296,43
180,218,43
185,11,43
188,275,43
204,290,43
207,134,43
229,90,43
247,270,43
248,24,43
250,215,43
256,151,43
256,217,43
262,148,43
266,272,43
270,247,43
271,286,43
272,266,43
275,188,43
276,102,43
282,114,43
286,271,43
290,204,43
296,177,43
1,271,44
23,232,44
36,185,44
45,309,44
47,182,44
68,147,44
68,218,44
70,75,44
75,70,44
106,150,44
107,219,44
113,249,44
132,10,44
147,68,44
171,180,44
180,171,44
180,218,44
182,47,44
185,36,44
208,221,44
218,68,44
218,180,44
219,107,44
221,208,44
232,23,44
234,129,44
249,113,44
256,151,44
256,217,44
271,1,44
275,158,44
309,45,44
10,104,45
19,217,45
19,256,45
48,163,45
49,227,45
53,76,45
68,147,45
104,10,45
107,125,45
108,198,45
132,14,45
163,48,45
166,227,45
178,105,45
179,240,45
180,171,45
198,108,45
217,19,45
217,256,45
227,49,45
227,166,45
240,179,45
256,19,45
256,217,45
262,279,45
279,262,45
8,52,46
10,14,46
10,132,46
13,23,46
14,10,46
14,132,46
19,217,46
23,13,46
52,8,46
64,121,46
68,218,46
79,234,46
108,269,46
121,64,46
132,10,46
132,14,46
146,292,46
147,218,46
178,89,46
178,105,46
185,11,46
217,19,46
218,68,46
218,147,46
234,79,46
256,151,46
269,108,46
283,293,46
292,146,46
293,283,46
10,104,47
12,195,47
23,153,47
35,100,47
46,153,47
49,166,47
49,227,47
68,147,47
73,204,47
74,302,47
96,122,47
100,35,47
122,96,47
147,68,47
153,23,47
153,46,47
163,26,47
166,49,47
166,227,47
195,12,47
196,258,47
204,73,47
214,307,47
215,246,47
215,250,47
227,49,47
227,166,47
239,286,47
246,215,47
253,67,47
258,196,47
286,239,47
302,74,47
307,214,47
2,219,48
5,16,48
10,14,48
14,10,48
16,5,48
96,102,48
96,122,48
102,96,48
123,262,48
132,33,48
158,188,48
158,275,48
177,182,48
182,177,48
188,158,48
219,2,48
237,281,48
238,304,48
246,187,48
246,250,48
250,246,48
262,123,48
262,279,48
281,237,48
283,210,48
304,238,48
304,303,48
5,57,49
5,189,49
6,244,49
11,36,49
14,132,49
16,189,49
23,13,49
28,309,49
36,11,49
48,97,49
48,266,49
57,5,49
57,189,49
58,209,49
67,200,49
67,253,49
74,101,49
78,196,49
78,258,49
97,48,49
102,122,49
122,102,49
132,14,49
132,33,49
142,254,49
161,258,49
180,206,49
188,275,49
189,5,49
189,16,49
189,57,49
192,254,49
196,78,49
200,67,49
206,180,49
209,58,49
215,246,49
234,103,49
244,6,49
246,187,49
246,215,49
254,142,49
254,192,49
258,78,49
258,161,49
266,48,49
275,188,49
304,238,49
309,28,49
4,6,50
5,16,50
5,57,50
6,4,50
6,60,50
12,95,50
16,5,50
16,57,50
24,277,50
48,97,50
57,5,50
57,16,50
78,161,50
78,196,50
78,258,50
84,133,50
90,188,50
92,216,50
95,12,50
95,195,50
123,279,50
124,182,50
126,213,50
133,84,50
138,309,50
147,171,50
153,303,50
157,159,50
157,278,50
159,157,50
161,78,50
171,147,50
171,218,50
178,89,50
180,91,50
182,124,50
187,215,50
187,246,50
188,90,50
188,275,50
195,95,50
196,258,50
207,296,50
213,126,50
215,187,50
215,246,50
218,171,50
225,249,50
234,79,50
246,187,50
246,215,50
249,225,50
254,142,50
258,78,50
258,196,50
277,24,50
279,123,50
296,207,50
303,153,50
309,138,50
4,244,51
6,244,51
7,162,51
8,64,51
12,195,51
28,138,51
28,309,51
33,121,51
46,217,51
57,189,51
64,8,51
78,161,51
78,196,51
78,258,51
87,259,51
96,276,51
99,173,51
121,33,51
138,28,51
138,309,51
140,242,51
143,156,51
147,218,51
156,143,51
157,159,51
161,258,51
162,7,51
171,147,51
173,99,51
182,177,51
187,215,51
188,90,51
195,12,51
196,78,51
196,258,51
215,187,51
217,46,51
218,147,51
242,140,51
244,4,51
244,6,51
258,78,51
258,161,51
258,196,51
259,87,51
275,158,51
276,96,51
309,28,51
309,138,51
5,16,52
6,60,52
6,244,52
10,104,52
14,10,52
14,104,52
16,5,52
33,150,52
62,230,52
64,121,52
66,233,52
76,110,52
78,196,52
87,202,52
87,259,52
104,14,52
107,219,52
110,76,52
121,64,52
125,306,52
150,33,52
159,197,52
161,196,52
196,78,52
196,161,52
202,87,52
215,246,52
217,19,52
217,46,52
219,107,52
227,224,52
229,275,52
230,62,52
233,66,52
275,229,52
306,125,52
309,28,52
6,60,53
10,14,53
12,95,53
14,10,53
14,104,53
23,303,53
48,265,53
52,121,53
76,53,53
78,161,53
95,12,53
100,114,53
108,198,53
114,100,53
121,52,53
122,253,53
142,289,53
153,238,53
153,303,53
158,229,53
161,78,53
178,105,53
215,187,53
215,246,53
217,19,53
229,158,53
238,153,53
238,303,53
253,122,53
265,48,53
278,3,53
289,142,53
303,23,53
303,153,53
303,238,53
5,57,54
6,244,54
9,77,54
9,222,54
19,46,54
31,209,54
33,121,54
33,150,54
46,19,54
57,5,54
57,189,54
60,244,54
64,8,54
70,154,54
77,9,54
78,196,54
85,42,54
89,105,54
102,253,54
105,89,54
105,178,54
119,286,54
121,33,54
144,151,54
148,263,54
151,144,54
151,256,54
154,70,54
157,197,54
161,196,54
166,295,54
187,246,54
188,275,54
196,78,54
196,161,54
197,157,54
209,31,54
215,187,54
215,246,54
222,9,54
224,295,54
226,258,54
229,241,54
244,60,54
246,187,54
246,215,54
248,290,54
253,102,54
258,226,54
263,148,54
275,188,54
286,119,54
290,248,54
295,166,54
295,224,54
303,23,54
6,60,55
6,244,55
9,77,55
9,222,55
15,24,55
24,15,55
33,121,55
33,150,55
57,5,55
60,6,55
60,244,55
65,187,55
78,161,55
78,196,55
95,195,55
144,256,55
151,144,55
156,288,55
161,78,55
162,120,55
163,266,55
166,224,55
166,227,55
180,206,55
187,65,55
195,95,55
196,78,55
224,166,55
224,295,55
227,166,55
244,6,55
244,60,55
256,144,55
266,163,55
279,299,55
288,156,55
299,279,55
9,77,56
43,267,56
55,193,56
67,96,56
67,102,56
78,161,56
78,196,56
89,178,56
96,67,56
96,276,56
102,67,56
108,117,56
108,198,56
112,123,56
117,108,56
123,112,56
151,256,56
153,238,56
161,196,56
171,292,56
178,89,56
178,105,56
187,215,56
188,261,56
193,55,56
196,161,56
197,293,56
215,187,56
225,239,56
238,153,56
239,225,56
241,275,56
244,6,56
244,60,56
256,151,56
261,188,56
267,43,56
275,241,56
292,171,56
293,197,56
6,60,57
8,14,57
11,247,57
11,270,57
12,38,57
14,8,57
17,32,57
32,17,57
38,12,57
60,6,57
60,244,57
62,167,57
66,303,57
69,287,57
76,110,57
78,258,57
79,185,57
79,234,57
94,247,57
117,198,57
145,298,57
146,80,57
151,304,57
162,212,57
167,62,57
182,296,57
185,79,57
196,78,57
198,117,57
212,162,57
227,295,57
241,229,57
241,275,57
247,11,57
247,94,57
253,122,57
256,144,57
258,78,57
258,226,57
270,11,57
287,69,57
295,227,57
296,182,57
298,145,57
303,66,57
304,151,57
11,247,58
34,133,58
52,64,58
58,252,58
64,52,58
102,276,58
124,177,58
133,34,58
144,151,58
144,256,58
145,245,58
145,298,58
151,144,58
151,304,58
157,159,58
159,157,58
162,120,58
167,253,58
168,195,58
177,124,58
185,234,58
195,168,58
198,108,58
224,227,58
227,224,58
234,185,58
245,145,58
247,11,58
247,94,58
253,167,58
258,78,58
276,102,58
5,189,59
17,191,59
21,121,59
33,106,59
37,220,59
94,270,59
101,185,59
106,33,59
112,279,59
119,190,59
119,286,59
120,212,59
121,21,59
158,280,59
167,62,59
185,101,59
189,5,59
190,119,59
190,286,59
191,17,59
198,269,59
212,120,59
220,37,59
225,271,59
239,271,59
241,261,59
247,270,59
261,241,59
269,198,59
270,94,59
270,247,59
271,225,59
271,239,59
279,112,59
280,158,59
286,190,59
11,94,60
11,247,60
27,251,60
34,84,60
46,232,60
51,76,60
62,253,60
64,150,60
76,51,60
79,185,60
79,234,60
80,278,60
84,34,60
89,175,60
94,11,60
94,247,60
95,300,60
103,129,60
122,167,60
129,103,60
150,64,60
153,303,60
161,258,60
167,122,60
175,89,60
185,79,60
185,101,60
209,238,60
232,46,60
234,79,60
238,209,60
247,11,60
247,94,60
251,27,60
253,62,60
258,161,60
271,225,60
271,239,60
278,80,60
300,95,60
303,153,60
24,92,61
36,247,61
43,174,61
48,164,61
58,61,61
59,111,61
62,122,61
62,167,61
79,185,61
84,133,61
92,24,61
95,199,61
95,300,61
108,269,61
111,59,61
112,299,61
119,190,61
120,162,61
122,62,61
122,167,61
123,279,61
133,84,61
144,151,61
144,256,61
144,304,61
151,144,61
151,304,61
156,236,61
159,197,61
161,226,61
161,258,61
164,48,61
167,62,61
167,122,61
167,253,61
185,79,61
190,119,61
196,226,61
196,258,61
197,159,61
199,95,61
209,217,61
217,209,61
224,295,61
226,161,61
226,196,61
226,258,61
229,275,61
236,156,61
247,36,61
253,167,61
258,196,61
258,226,61
269,108,61
271,225,61
275,229,61
279,123,61
295,224,61
299,112,61
304,144,61
304,151,61
8,150,62
16,189,62
19,232,62
26,230,62
46,19,62
62,122,62
67,167,62
78,161,62
78,226,62
84,34,62
90,246,62
103,231,62
120,212,62
122,62,62
122,253,62
128,250,62
150,8,62
157,197,62
159,157,62
159,197,62
161,78,62
161,226,62
161,258,62
166,224,62
166,295,62
167,67,62
167,253,62
189,16,62
197,157,62
197,159,62
217,238,62
224,166,62
226,78,62
226,161,62
226,258,62
230,26,62
231,103,62
232,19,62
238,217,62
246,90,62
247,11,62
250,128,62
253,122,62
253,167,62
258,161,62
258,196,62
258,226,62
269,198,62
276,96,62
295,166,62
5,16,63
8,14,63
8,150,63
16,5,63
16,189,63
31,217,63
31,238,63
46,232,63
47,177,63
49,295,63
58,252,63
62,253,63
78,161,63
78,258,63
80,146,63
113,301,63
120,162,63
120,212,63
136,257,63
140,172,63
161,78,63
161,226,63
162,212,63
166,224,63
177,47,63
198,281,63
209,31,63
209,217,63
212,162,63
217,31,63
217,209,63
217,238,63
226,161,63
226,258,63
232,46,63
238,31,63
238,217,63
253,62,63
257,136,63
258,78,63
258,226,63
281,198,63
295,49,63
301,113,63
304,144,63
304,151,63
3,157,64
11,94,64
14,150,64
16,5,64
31,217,64
31,238,64
31,304,64
32,235,64
33,64,64
48,87,64
53,56,64
56,53,64
62,122,64
62,163,64
64,33,64
87,48,64
94,11,64
102,266,64
108,117,64
117,108,64
122,62,64
122,163,64
124,171,64
125,219,64
141,169,64
144,238,64
150,14,64
156,288,64
157,3,64
159,293,64
163,62,64
163,122,64
163,253,64
167,67,64
169,141,64
171,124,64
212,120,64
217,31,64
217,304,64
219,125,64
235,32,64
238,31,64
238,144,64
253,163,64
266,102,64
293,159,64
304,31,64
304,151,64
304,217,64
9,222,65
11,247,65
11,270,65
31,151,65
31,256,65
48,164,65
62,122,65
62,163,65
67,253,65
69,297,65
91,124,65
95,195,65
122,62,65
122,163,65
122,253,65
124,91,65
127,199,65
150,8,65
150,14,65
151,31,65
151,217,65
151,304,65
159,197,65
163,62,65
163,122,65
168,264,65
195,95,65
199,127,65
217,151,65
219,107,65
219,306,65
226,161,65
247,270,65
253,67,65
253,122,65
256,31,65
270,11,65
270,247,65
297,69,65
304,151,65
306,219,65
16,227,66
31,304,66
35,114,66
38,235,66
62,122,66
62,163,66
69,287,66
69,297,66
80,278,66
103,162,66
110,180,66
114,35,66
120,192,66
122,62,66
122,163,66
125,306,66
150,8,66
150,14,66
151,217,66
159,293,66
162,103,66
163,62,66
163,122,66
173,232,66
180,110,66
186,201,66
192,120,66
197,293,66
198,237,66
199,300,66
201,186,66
219,125,66
219,306,66
227,16,66
232,173,66
235,38,66
237,198,66
249,301,66
270,11,66
270,247,66
293,197,66
300,199,66
301,249,66
304,31,66
306,125,66
306,219,66
2,25,67
4,221,67
25,2,67
31,256,67
31,304,67
33,121,67
36,79,67
41,152,67
43,255,67
51,132,67
62,122,67
62,253,67
76,132,67
78,196,67
79,36,67
90,261,67
107,125,67
107,219,67
107,306,67
115,181,67
121,33,67
122,62,67
122,163,67
125,107,67
125,219,67
129,234,67
132,51,67
132,76,67
152,41,67
155,249,67
181,115,67
196,78,67
205,278,67
219,107,67
219,125,67
221,4,67
228,288,67
234,129,67
237,281,67
241,268,67
249,155,67
249,301,67
253,62,67
255,43,67
261,90,67
268,241,67
270,11,67
278,205,67
281,237,67
287,297,67
288,228,67
297,287,67
306,107,67
7,113,68
8,14,68
14,8,68
14,150,68
16,166,68
16,227,68
33,64,68
33,121,68
42,279,68
46,238,68
64,121,68
87,97,68
90,246,68
96,200,68
97,87,68
107,219,68
113,7,68
113,249,68
120,231,68
121,64,68
125,306,68
166,16,68
200,96,68
219,107,68
224,295,68
231,120,68
238,46,68
238,144,68
249,113,68
263,296,68
278,80,68
279,42,68
279,262,68
293,159,68
293,197,68
295,224,68
296,263,68
297,69,68
297,287,68
306,125,68
2,243,69
6,18,69
16,166,69
18,6,69
33,64,69
33,121,69
34,183,69
37,72,69
42,262,69
64,33,69
64,121,69
72,37,69
80,205,69
80,278,69
89,105,69
93,309,69
102,163,69
105,89,69
107,125,69
121,33,69
121,64,69
125,107,69
134,283,69
163,102,69
183,34,69
198,281,69
205,80,69
219,306,69
243,2,69
249,155,69
261,268,69
262,42,69
262,279,69
268,261,69
281,198,69
283,134,69
306,219,69
309,93,69
1,225,70
22,290,70
33,64,70
51,165,70
64,33,70
80,205,70
108,237,70
113,7,70
119,239,70
125,219,70
153,173,70
154,222,70
161,258,70
165,51,70
173,153,70
188,241,70
205,278,70
217,256,70
217,304,70
219,125,70
219,306,70
222,154,70
225,1,70
232,19,70
237,108,70
239,119,70
241,188,70
241,268,70
256,217,70
256,304,70
258,161,70
268,241,70
278,205,70
288,156,70
290,22,70
295,49,70
295,224,70
304,217,70
304,256,70
2,25,71
48,97,71
58,61,71
58,233,71
59,81,71
60,221,71
64,121,71
81,59,71
97,48,71
97,87,71
112,123,71
113,155,71
122,167,71
123,112,71
129,162,71
147,292,71
155,113,71
162,129,71
167,122,71
187,250,71
221,60,71
233,58,71
246,261,71
250,187,71
261,246,71
263,299,71
292,147,71
293,159,71
299,263,71
304,217,71
2,243,72
9,70,72
12,95,72
13,173,72
16,227,72
36,101,72
45,138,72
58,61,72
61,233,72
67,167,72
70,9,72
90,187,72
94,129,72
95,12,72
100,183,72
101,36,72
124,218,72
129,94,72
138,45,72
160,290,72
167,67,72
173,13,72
183,100,72
187,90,72
217,256,72
217,304,72
218,124,72
219,125,72
233,61,72
241,188,72
246,268,72
256,217,72
256,304,72
261,268,72
268,246,72
268,261,72
290,160,72
304,256,72
25,243,73
43,135,73
68,206,73
90,250,73
107,306,73
113,260,73
124,147,73
127,235,73
135,43,73
147,124,73
147,218,73
156,228,73
161,226,73
167,122,73
172,242,73
202,259,73
206,68,73
218,147,73
228,156,73
235,127,73
242,172,73
243,25,73
250,90,73
259,202,73
260,113,73
304,217,73
304,256,73
306,107,73
2,25,74
2,243,74
16,166,74
16,227,74
25,2,74
25,243,74
68,160,74
68,206,74
124,218,74
155,249,74
160,68,74
160,290,74
162,234,74
187,246,74
218,124,74
218,147,74
226,258,74
229,280,74
234,162,74
236,288,74
243,2,74
243,25,74
246,187,74
258,226,74
280,229,74
288,236,74
304,217,74
2,25,75
2,243,75
21,161,75
25,2,75
25,243,75
26,87,75
31,217,75
32,127,75
37,220,75
47,182,75
51,76,75
68,160,75
76,51,75
76,132,75
87,26,75
102,122,75
112,279,75
122,102,75
124,146,75
127,32,75
127,235,75
146,124,75
155,301,75
160,68,75
161,21,75
161,258,75
163,266,75
166,227,75
182,47,75
195,267,75
204,271,75
210,293,75
217,31,75
227,166,75
228,288,75
237,281,75
238,46,75
243,2,75
243,25,75
249,301,75
258,161,75
266,163,75
267,195,75
271,204,75
279,112,75
281,237,75
288,228,75
288,236,75
293,210,75
301,155,75
301,249,75
302,305,75
2,25,76
2,243,76
14,52,76
14,150,76
21,258,76
25,2,76
29,45,76
29,138,76
31,304,76
32,235,76
37,72,76
42,148,76
45,29,76
45,138,76
46,144,76
46,238,76
52,14,76
58,233,76
116,290,76
123,263,76
123,299,76
138,29,76
138,45,76
144,46,76
144,238,76
148,42,76
155,249,76
187,215,76
187,246,76
195,199,76
195,267,76
199,195,76
199,267,76
227,16,76
233,58,76
235,32,76
235,127,76
238,144,76
243,2,76
249,155,76
258,21,76
258,161,76
263,123,76
267,199,76
290,116,76
299,123,76
304,31,76
2,25,77
2,243,77
8,150,77
14,8,77
14,150,77
19,238,77
25,243,77
32,127,77
32,235,77
58,61,77
58,233,77
61,58,77
67,200,77
79,94,77
91,177,77
94,79,77
94,234,77
96,163,77
103,129,77
113,7,77
120,162,77
123,263,77
123,299,77
127,32,77
127,235,77
129,103,77
150,8,77
150,14,77
162,120,77
163,96,77
177,91,77
195,199,77
195,267,77
198,269,77
199,195,77
199,267,77
200,67,77
234,94,77
235,32,77
235,127,77
238,19,77
238,144,77
243,25,77
267,195,77
267,199,77
2,25,78
8,14,78
14,8,78
17,118,78
19,46,78
19,238,78
25,2,78
29,98,78
32,127,78
32,235,78
33,121,78
36,294,78
46,19,78
56,132,78
58,61,78
61,233,78
69,287,78
94,79,78
98,29,78
112,123,78
116,160,78
118,17,78
121,33,78
123,112,78
124,218,78
127,32,78
127,235,78
128,194,78
132,56,78
146,218,78
148,262,78
155,301,78
159,210,78
160,116,78
160,206,78
187,215,78
195,199,78
195,267,78
199,195,78
199,267,78
206,160,78
210,159,78
218,124,78
218,146,78
218,292,78
227,166,78
233,61,78
235,32,78
235,127,78
238,19,78
258,21,78
262,148,78
263,299,78
267,195,78
267,199,78
287,69,78
288,228,78
292,218,78
294,36,78
299,263,78
301,155,78
8,279,79
14,279,79
22,160,79
37,220,79
56,53,79
61,58,79
79,185,79
80,171,79
120,234,79
155,239,79
155,301,79
159,197,79
159,210,79
160,22,79
160,116,79
171,80,79
181,203,79
188,275,79
197,159,79
203,181,79
234,120,79
235,32,79
239,155,79
239,301,79
258,161,79
275,188,79
279,8,79
279,14,79
301,239,79
2,243,80
16,224,80
29,138,80
42,85,80
51,165,80
94,101,80
101,94,80
111,291,80
114,149,80
123,148,80
132,76,80
138,29,80
148,123,80
149,114,80
159,197,80
159,283,80
160,22,80
160,116,80
162,212,80
166,295,80
209,252,80
212,162,80
212,231,80
224,16,80
231,212,80
243,2,80
252,209,80
273,286,80
279,8,80
283,159,80
286,273,80
291,111,80
295,166,80
301,155,80
13,23,81
19,46,81
23,13,81
36,101,81
36,294,81
47,134,81
53,76,81
56,76,81
72,220,81
76,53,81
76,56,81
76,132,81
85,306,81
101,36,81
101,94,81
126,147,81
134,47,81
144,153,81
147,126,81
148,263,81
151,304,81
153,144,81
177,278,81
197,210,81
210,197,81
212,162,81
219,293,81
220,72,81
223,280,81
246,268,81
247,266,81
263,148,81
263,299,81
266,247,81
268,246,81
278,177,81
280,223,81
287,297,81
293,219,81
304,151,81
306,85,81
11,103,82
35,130,82
36,101,82
36,294,82
84,282,82
101,36,82
103,11,82
104,207,82
110,116,82
116,110,82
121,64,82
123,299,82
130,35,82
207,104,82
212,234,82
217,304,82
234,212,82
239,119,82
263,148,82
263,299,82
271,277,82
277,271,82
282,84,82
299,123,82
299,263,82
304,217,82
1,88,83
14,207,83
33,196,83
34,282,83
36,101,83
36,294,83
39,167,83
46,153,83
57,141,83
76,56,83
80,278,83
88,1,83
118,191,83
123,112,83
131,253,83
135,241,83
141,57,83
153,46,83
157,283,83
161,226,83
161,258,83
162,231,83
163,200,83
166,227,83
167,39,83
177,91,83
191,118,83
196,33,83
197,293,83
200,163,83
207,14,83
226,161,83
226,258,83
231,162,83
234,120,83
241,135,83
253,131,83
258,226,83
263,148,83
278,80,83
282,34,83
283,157,83
293,197,83
304,151,83
10,299,84
11,270,84
23,198,84
53,56,84
56,53,84
94,185,84
96,102,84
96,163,84
102,96,84
110,206,84
118,308,84
153,238,84
155,239,84
161,226,84
163,96,84
185,94,84
198,23,84
200,67,84
206,110,84
207,104,84
226,161,84
230,259,84
238,153,84
239,155,84
259,230,84
299,10,84
308,118,84
12,38,85
30,63,85
33,78,85
33,196,85
36,101,85
38,12,85
46,238,85
53,132,85
78,33,85
103,129,85
110,116,85
110,206,85
112,299,85
132,53,85
153,46,85
153,238,85
159,197,85
175,203,85
197,159,85
203,175,85
204,277,85
217,256,85
218,146,85
226,258,85
238,46,85
238,153,85
256,217,85
262,263,85
263,262,85
277,204,85
293,219,85
299,112,85
8,123,86
12,127,86
13,303,86
25,125,86
29,98,86
46,153,86
46,238,86
49,166,86
55,183,86
62,99,86
65,128,86
78,196,86
81,175,86
99,62,86
110,116,86
123,8,86
125,25,86
127,12,86
128,65,86
135,275,86
153,46,86
153,238,86
166,49,86
175,81,86
183,55,86
185,79,86
196,78,86
207,14,86
209,256,86
218,292,86
234,212,86
238,46,86
238,153,86
256,209,86
256,217,86
275,135,86
299,10,86
299,112,86
303,13,86
7,192,87
10,123,87
46,19,87
46,144,87
46,153,87
120,185,87
123,10,87
144,46,87
148,262,87
151,209,87
153,46,87
153,238,87
183,100,87
185,120,87
192,7,87
209,151,87
209,217,87
217,209,87
262,148,87
262,263,87
16,5,88
24,176,88
46,144,88
46,153,88
51,76,88
69,297,88
76,51,88
76,165,88
90,186,88
101,294,88
123,8,88
153,46,88
160,22,88
165,76,88
171,182,88
182,171,88
183,55,88
185,79,88
185,120,88
186,90,88
187,300,88
209,151,88
209,217,88
239,249,88
239,301,88
249,239,88
249,301,88
294,101,88
297,69,88
300,187,88
301,239,88
301,249,88
8,10,89
8,123,89
10,8,89
10,123,89
32,267,89
46,144,89
46,153,89
51,165,89
79,101,89
79,185,89
94,101,89
101,79,89
101,94,89
108,281,89
123,10,89
146,292,89
165,51,89
173,232,89
185,79,89
185,120,89
187,246,89
217,256,89
218,146,89
218,292,89
232,173,89
239,249,89
246,187,89
246,300,89
249,239,89
267,32,89
281,108,89
292,146,89
292,218,89
300,246,89
10,150,90
13,304,90
38,308,90
42,306,90
51,76,90
55,100,90
71,128,90
76,51,90
79,101,90
79,185,90
100,55,90
101,79,90
101,94,90
123,8,90
128,71,90
150,10,90
185,79,90
185,120,90
188,268,90
195,235,90
199,264,90
203,181,90
235,195,90
249,301,90
264,199,90
268,188,90
292,146,90
304,13,90
306,42,90
308,38,90
3,283,91
8,10,91
10,8,91
10,150,91
21,121,91
32,195,91
36,79,91
39,96,91
46,238,91
51,165,91
55,183,91
61,233,91
70,222,91
76,165,91
79,36,91
90,201,91
96,39,91
105,175,91
110,206,91
121,21,91
121,64,91
156,139,91
165,76,91
175,105,91
187,300,91
188,261,91
195,32,91
195,235,91
201,90,91
207,104,91
212,231,91
222,70,91
231,212,91
238,46,91
246,187,91
246,300,91
249,239,91
261,188,91
283,3,91
283,157,91
292,218,91
300,187,91
300,246,91
4,257,92
46,153,92
53,56,92
61,58,92
61,233,92
68,146,92
85,148,92
97,266,92
99,269,92
110,116,92
138,309,92
146,68,92
148,85,92
148,262,92
166,240,92
195,32,92
210,219,92
219,210,92
219,293,92
225,271,92
240,166,92
241,309,92
257,4,92
262,148,92
264,168,92
264,199,92
266,97,92
268,275,92
269,99,92
271,225,92
275,268,92
309,138,92
309,241,92
12,235,93
16,224,93
26,230,93
31,151,93
32,235,93
41,114,93
54,77,93
77,54,93
87,230,93
88,225,93
93,138,93
114,41,93
118,191,93
121,196,93
132,165,93
138,93,93
138,309,93
144,153,93
148,263,93
151,31,93
153,144,93
163,247,93
165,132,93
168,199,93
168,264,93
196,121,93
199,168,93
219,210,93
225,88,93
225,271,93
228,236,93
230,26,93
230,87,93
235,12,93
235,32,93
236,228,93
247,163,93
249,301,93
263,148,93
264,168,93
283,3,93
309,138,93
309,241,93
10,8,94
26,87,94
26,230,94
40,137,94
53,132,94
56,132,94
65,307,94
78,106,94
79,120,94
84,294,94
85,306,94
87,26,94
106,78,94
120,79,94
127,308,94
132,53,94
132,56,94
136,220,94
137,40,94
148,262,94
153,46,94
153,144,94
157,278,94
161,258,94
165,76,94
168,199,94
168,264,94
186,194,94
187,215,94
190,192,94
192,190,94
194,186,94
219,293,94
220,136,94
230,26,94
235,12,94
236,288,94
245,255,94
249,239,94
249,301,94
255,245,94
258,161,94
278,157,94
288,236,94
294,84,94
306,85,94
307,65,94
308,127,94
15,176,95
31,144,95
64,106,95
91,182,95
106,64,95
124,126,95
126,124,95
144,31,95
150,279,95
168,199,95
176,15,95
176,218,95
182,91,95
212,234,95
218,176,95
219,210,95
275,135,95
275,268,95
279,150,95
309,138,95
3,278,96
8,14,96
11,103,96
14,8,96
22,290,96
25,243,96
31,153,96
44,86,96
54,70,96
56,165,96
67,96,96
70,54,96
86,44,96
87,237,96
94,162,96
96,67,96
101,294,96
103,11,96
106,78,96
129,265,96
132,53,96
135,268,96
135,275,96
138,241,96
144,153,96
153,31,96
153,46,96
153,144,96
160,290,96
162,94,96
165,56,96
165,76,96
176,15,96
176,218,96
192,7,96
219,293,96
227,240,96
231,234,96
234,231,96
237,87,96
240,227,96
241,138,96
243,25,96
265,129,96
268,135,96
268,275,96
275,135,96
275,268,96
278,3,96
290,22,96
290,160,96
294,101,96
308,38,96
308,127,96
8,10,97
8,14,97
10,14,97
14,10,97
15,218,97
22,160,97
22,290,97
31,144,97
31,153,97
45,98,97
55,282,97
56,76,97
56,165,97
58,233,97
64,121,97
76,56,97
98,45,97
120,185,97
121,64,97
129,272,97
144,31,97
153,31,97
160,22,97
165,56,97
218,15,97
219,210,97
228,288,97
233,58,97
234,212,97
262,263,97
263,262,97
272,129,97
282,55,97
288,228,97
290,22,97
8,10,98
8,14,98
8,112,98
10,8,98
10,112,98
14,8,98
22,110,98
22,160,98
22,290,98
33,106,98
39,200,98
97,253,98
100,149,98
106,33,98
110,22,98
110,160,98
112,8,98
112,10,98
138,309,98
144,151,98
149,100,98
151,144,98
160,110,98
174,199,98
190,260,98
199,174,98
200,39,98
253,97,98
260,190,98
8,10,99
8,14,99
9,285,99
10,8,99
10,123,99
10,207,99
12,38,99
21,106,99
23,303,99
29,241,99
38,12,99
61,252,99
96,163,99
106,21,99
106,33,99
109,169,99
112,299,99
113,190,99
113,192,99
123,10,99
123,207,99
132,165,99
160,290,99
163,96,99
165,132,99
166,227,99
169,109,99
190,113,99
190,260,99
192,113,99
207,10,99
207,123,99
227,166,99
234,231,99
241,29,99
252,61,99
270,276,99
276,270,99
290,160,99
303,23,99
306,42,99
8,10,100
8,123,100
10,8,100
10,207,100
14,207,100
21,78,100
21,106,100
35,149,100
39,67,100
43,245,100
60,208,100
67,39,100
78,21,100
89,193,100
103,266,100
106,21,100
106,33,100
112,123,100
112,299,100
113,260,100
114,183,100
123,8,100
123,112,100
126,292,100
149,35,100
149,100,100
153,173,100
157,205,100
173,153,100
183,114,100
190,192,100
190,260,100
192,190,100
192,260,100
193,89,100
197,262,100
205,157,100
207,10,100
207,14,100
208,60,100
241,309,100
245,43,100
245,255,100
260,113,100
260,190,100
260,192,100
262,197,100
266,103,100
292,126,100
309,241,100
