12,109,1
12,319,1
24,55,1
27,339,1
31,48,1
31,202,1
33,74,1
35,256,1
37,336,1
39,277,1
40,344,1
48,31,1
48,202,1
51,191,1
52,79,1
52,146,1
55,24,1
56,189,1
61,161,1
68,217,1
71,214,1
74,33,1
75,84,1
77,190,1
79,52,1
79,146,1
84,75,1
86,261,1
87,297,1
88,302,1
89,210,1
93,282,1
95,290,1
98,125,1
100,143,1
100,221,1
104,320,1
109,12,1
109,222,1
116,243,1
118,138,1
120,215,1
125,98,1
137,226,1
138,118,1
142,275,1
143,100,1
143,221,1
144,294,1
144,311,1
145,267,1
146,52,1
146,79,1
149,291,1
161,61,1
162,179,1
162,225,1
179,162,1
179,225,1
181,304,1
186,244,1
187,257,1
189,56,1
190,77,1
191,51,1
195,227,1
196,200,1
197,273,1
200,196,1
202,31,1
202,48,1
206,220,1
210,89,1
214,71,1
215,120,1
217,68,1
219,226,1
220,206,1
221,100,1
221,143,1
222,109,1
223,313,1
225,162,1
225,179,1
226,137,1
226,219,1
227,195,1
243,116,1
244,186,1
256,35,1
257,187,1
260,306,1
261,86,1
267,145,1
273,197,1
275,142,1
277,39,1
280,326,1
282,93,1
286,335,1
290,95,1
291,149,1
294,144,1
294,311,1
297,87,1
302,88,1
304,181,1
306,260,1
311,144,1
311,294,1
313,223,1
319,12,1
320,104,1
326,280,1
335,286,1
336,37,1
339,27,1
344,40,1
5,117,2
10,305,2
11,92,2
19,124,2
20,40,2
24,163,2
37,122,2
40,20,2
43,76,2
46,193,2
55,163,2
60,75,2
68,249,2
75,60,2
75,84,2
76,43,2
78,104,2
79,203,2
86,208,2
86,261,2
92,11,2
97,310,2
104,78,2
109,319,2
117,5,2
122,37,2
124,19,2
129,307,2
144,187,2
144,311,2
162,179,2
163,24,2
163,55,2
179,162,2
187,144,2
193,46,2
202,31,2
203,79,2
204,265,2
208,86,2
217,283,2
221,100,2
222,319,2
229,263,2
232,277,2
244,287,2
249,68,2
263,229,2
265,204,2
277,232,2
283,217,2
287,244,2
305,10,2
307,129,2
310,97,2
311,144,2
319,109,2
319,222,2
13,318,3
20,344,3
24,55,3
25,118,3
29,134,3
30,233,3
31,323,3
34,194,3
35,270,3
39,232,3
55,24,3
55,163,3
68,283,3
79,146,3
82,139,3
82,300,3
85,167,3
98,157,3
98,273,3
118,25,3
127,207,3
133,212,3
134,29,3
137,219,3
139,82,3
141,334,3
144,294,3
152,195,3
157,98,3
167,85,3
174,207,3
183,338,3
194,34,3
195,152,3
202,48,3
207,127,3
207,174,3
212,133,3
219,137,3
219,226,3
228,345,3
232,39,3
232,277,3
233,30,3
244,186,3
262,274,3
270,35,3
271,327,3
273,98,3
273,197,3
274,262,3
283,68,3
283,217,3
287,307,3
294,144,3
300,82,3
307,287,3
318,13,3
319,109,3
323,31,3
327,271,3
334,141,3
338,183,3
344,20,3
345,228,3
9,100,4
16,41,4
31,202,4
35,256,4
37,149,4
39,127,4
39,232,4
41,16,4
47,243,4
55,24,4
55,163,4
59,259,4
75,60,4
78,320,4
82,139,4
82,300,4
98,197,4
100,9,4
104,320,4
122,149,4
127,39,4
127,207,4
127,232,4
129,287,4
131,249,4
149,37,4
149,122,4
158,191,4
191,158,4
197,98,4
197,273,4
202,31,4
202,48,4
207,127,4
207,174,4
211,274,4
219,137,4
221,266,4
232,39,4
232,127,4
235,271,4
243,47,4
249,131,4
259,59,4
260,335,4
266,221,4
271,235,4
274,211,4
287,129,4
305,334,4
320,78,4
320,104,4
334,305,4
335,260,4
336,340,4
340,336,4
3,60,5
4,184,5
17,299,5
27,249,5
31,48,5
31,202,5
37,336,5
39,277,5
48,31,5
55,24,5
60,3,5
74,227,5
78,104,5
86,208,5
93,146,5
96,146,5
98,125,5
98,273,5
99,297,5
104,78,5
113,223,5
129,244,5
129,307,5
141,305,5
146,93,5
146,96,5
149,291,5
176,314,5
184,4,5
202,31,5
223,113,5
227,74,5
232,39,5
239,246,5
244,129,5
244,307,5
246,239,5
249,27,5
273,98,5
273,197,5
274,262,5
277,39,5
294,311,5
297,99,5
299,17,5
305,10,5
305,141,5
305,334,5
307,129,5
307,244,5
311,294,5
314,176,5
336,37,5
2,148,6
28,271,6
42,217,6
46,241,6
49,154,6
52,166,6
77,236,6
79,93,6
83,172,6
93,79,6
98,197,6
98,273,6
112,191,6
148,2,6
150,180,6
151,163,6
154,49,6
163,151,6
166,52,6
172,83,6
180,150,6
190,196,6
190,236,6
191,112,6
196,190,6
197,98,6
197,273,6
217,42,6
234,245,6
236,77,6
236,190,6
241,46,6
243,116,6
245,234,6
271,28,6
271,235,6
273,98,6
273,197,6
294,144,6
10,334,7
27,42,7
28,235,7
28,271,7
31,48,7
42,27,7
62,317,7
66,171,7
76,121,7
81,179,7
96,222,7
98,197,7
98,273,7
108,158,7
112,158,7
121,76,7
123,232,7
129,244,7
144,311,7
158,108,7
158,112,7
171,66,7
173,296,7
177,326,7
179,81,7
186,306,7
186,307,7
197,98,7
197,273,7
217,283,7
222,96,7
232,123,7
235,28,7
236,77,7
244,129,7
249,131,7
253,306,7
271,28,7
273,98,7
273,197,7
274,211,7
294,311,7
296,173,7
306,186,7
306,253,7
307,186,7
311,144,7
311,294,7
317,62,7
319,12,7
326,177,7
334,10,7
5,51,8
6,233,8
9,266,8
18,67,8
27,249,8
28,235,8
29,324,8
34,47,8
39,232,8
47,34,8
51,5,8
55,163,8
67,18,8
74,33,8
79,282,8
144,294,8
149,122,8
158,108,8
158,112,8
161,263,8
163,55,8
186,306,8
196,200,8
231,288,8
232,39,8
232,123,8
233,6,8
244,307,8
249,27,8
263,161,8
266,9,8
266,221,8
282,79,8
288,231,8
294,144,8
306,186,8
307,244,8
319,109,8
324,29,8
22,241,9
73,194,9
78,320,9
93,146,9
100,266,9
129,307,9
130,206,9
134,324,9
144,311,9
146,93,9
185,224,9
186,253,9
194,73,9
206,130,9
224,185,9
232,39,9
232,123,9
241,22,9
244,129,9
246,341,9
253,186,9
266,100,9
294,311,9
307,129,9
311,144,9
311,294,9
320,78,9
324,134,9
341,246,9
9,221,10
15,179,10
39,123,10
39,277,10
42,249,10
50,159,10
54,215,10
74,152,10
84,154,10
86,261,10
115,126,10
123,39,10
123,277,10
126,115,10
129,244,10
137,278,10
144,294,10
144,311,10
150,305,10
152,74,10
154,84,10
157,197,10
159,50,10
163,151,10
179,15,10
186,306,10
197,157,10
215,54,10
221,9,10
221,143,10
225,308,10
232,337,10
249,42,10
277,123,10
278,137,10
294,144,10
297,87,10
305,150,10
308,225,10
311,144,10
324,29,10
337,232,10
9,143,11
9,221,11
16,68,11
24,314,11
30,158,11
39,232,11
39,337,11
61,193,11
68,16,11
76,272,11
123,207,11
143,9,11
143,221,11
144,294,11
147,285,11
158,30,11
193,61,11
207,123,11
221,9,11
221,143,11
232,39,11
232,277,11
232,337,11
241,46,11
244,307,11
272,76,11
277,232,11
285,147,11
307,244,11
314,24,11
337,39,11
337,232,11
338,344,11
344,338,11
6,226,12
9,143,12
9,221,12
35,57,12
39,123,12
39,337,12
42,283,12
57,35,12
75,84,12
75,154,12
77,190,12
78,104,12
84,75,12
84,154,12
121,234,12
123,39,12
123,277,12
125,273,12
125,295,12
128,176,12
135,210,12
143,9,12
143,221,12
154,75,12
154,84,12
166,282,12
176,128,12
179,225,12
186,244,12
190,77,12
207,277,12
210,135,12
221,9,12
221,143,12
225,179,12
226,6,12
234,121,12
234,245,12
235,327,12
236,312,12
237,333,12
241,22,12
241,46,12
244,186,12
244,307,12
249,27,12
273,125,12
277,123,12
277,207,12
282,166,12
283,42,12
295,125,12
312,236,12
314,322,12
322,314,12
327,235,12
333,237,12
337,39,12
6,233,13
13,102,13
41,217,13
43,234,13
48,308,13
55,151,13
75,84,13
77,312,13
84,75,13
92,336,13
102,13,13
111,178,13
120,319,13
125,273,13
129,286,13
135,332,13
139,342,13
151,55,13
151,163,13
162,308,13
172,196,13
178,111,13
196,172,13
209,341,13
217,41,13
234,43,13
241,22,13
241,46,13
244,186,13
277,123,13
286,129,13
308,48,13
308,162,13
312,77,13
312,236,13
314,24,13
319,120,13
328,331,13
331,328,13
332,135,13
336,92,13
341,209,13
341,246,13
342,139,13
9,143,14
18,330,14
25,138,14
48,162,14
49,312,14
50,268,14
92,311,14
101,221,14
135,216,14
135,332,14
138,25,14
143,9,14
146,282,14
151,55,14
162,48,14
162,308,14
216,135,14
216,332,14
221,101,14
231,279,14
241,22,14
268,50,14
279,231,14
282,146,14
311,92,14
312,49,14
330,18,14
332,216,14
1,271,15
9,100,15
22,83,15
25,118,15
25,138,15
27,283,15
31,323,15
44,177,15
51,191,15
59,203,15
63,278,15
77,190,15
83,22,15
100,9,15
101,143,15
101,221,15
107,263,15
108,112,15
112,108,15
143,101,15
162,48,15
177,44,15
190,312,15
191,51,15
201,229,15
201,324,15
203,59,15
211,250,15
224,287,15
229,201,15
235,28,15
241,46,15
250,211,15
263,107,15
271,1,15
277,207,15
278,63,15
283,27,15
287,224,15
298,309,15
309,298,15
312,190,15
324,201,15
332,135,15
336,37,15
337,232,15
21,178,16
52,259,16
156,329,16
178,21,16
197,285,16
200,236,16
201,229,16
201,324,16
202,272,16
231,288,16
236,200,16
259,52,16
272,202,16
277,123,16
285,197,16
329,156,16
3,154,17
16,131,17
19,247,17
27,249,17
27,283,17
30,112,17
30,191,17
36,284,17
39,232,17
40,88,17
42,131,17
48,76,17
48,162,17
49,84,17
76,48,17
84,49,17
88,40,17
89,257,17
101,143,17
112,30,17
112,191,17
118,138,17
123,232,17
123,277,17
131,16,17
131,42,17
138,118,17
144,340,17
154,3,17
186,307,17
191,30,17
191,112,17
201,229,17
208,261,17
209,246,17
226,233,17
232,39,17
232,123,17
233,226,17
246,209,17
247,19,17
257,89,17
260,306,17
261,208,17
284,36,17
306,260,17
307,186,17
332,216,17
340,144,17
16,42,18
16,131,18
24,322,18
37,149,18
39,337,18
42,16,18
42,131,18
47,194,18
64,330,18
74,33,18
77,236,18
88,302,18
98,295,18
99,345,18
101,266,18
102,202,18
108,191,18
120,215,18
122,336,18
123,232,18
123,277,18
125,321,18
126,267,18
129,186,18
131,16,18
131,42,18
140,154,18
147,269,18
149,37,18
154,140,18
165,227,18
186,129,18
190,77,18
191,108,18
191,112,18
194,47,18
202,102,18
215,120,18
225,308,18
227,165,18
232,277,18
234,121,18
236,77,18
236,312,18
244,253,18
253,244,18
266,101,18
267,126,18
269,147,18
277,232,18
295,98,18
308,225,18
312,236,18
321,125,18
322,24,18
330,64,18
336,122,18
337,39,18
345,99,18
9,101,19
9,266,19
16,42,19
16,131,19
19,124,19
27,42,19
34,116,19
37,132,19
38,65,19
42,16,19
42,27,19
43,121,19
48,76,19
54,120,19
54,215,19
65,38,19
76,162,19
77,312,19
86,298,19
99,297,19
101,9,19
101,266,19
110,114,19
114,110,19
116,34,19
120,54,19
120,215,19
121,43,19
121,234,19
123,232,19
131,16,19
132,37,19
132,149,19
135,210,19
149,132,19
159,333,19
160,218,19
162,76,19
191,30,19
215,54,19
215,120,19
218,160,19
223,343,19
232,123,19
236,77,19
236,200,19
241,296,19
260,307,19
266,9,19
266,101,19
296,241,19
297,99,19
298,86,19
298,309,19
307,260,19
312,77,19
326,280,19
333,159,19
343,223,19
9,101,20
10,73,20
18,67,20
22,241,20
24,176,20
24,322,20
26,181,20
27,249,20
37,149,20
37,201,20
37,340,20
44,280,20
54,120,20
55,163,20
68,175,20
72,302,20
73,10,20
76,48,20
77,190,20
77,312,20
93,259,20
98,157,20
101,9,20
102,272,20
108,112,20
112,108,20
120,54,20
120,222,20
149,37,20
149,132,20
149,336,20
157,98,20
163,55,20
175,68,20
176,24,20
181,26,20
190,312,20
201,37,20
201,340,20
202,272,20
213,325,20
221,266,20
222,120,20
236,312,20
241,22,20
241,296,20
242,329,20
259,93,20
266,221,20
272,102,20
272,202,20
275,310,20
277,207,20
280,44,20
298,86,20
302,72,20
310,275,20
312,190,20
312,236,20
325,213,20
329,242,20
336,149,20
340,37,20
340,201,20
5,30,21
23,198,21
30,5,21
37,336,21
37,340,21
38,198,21
39,123,21
40,72,21
48,179,21
49,236,21
52,59,21
54,222,21
59,52,21
72,40,21
72,302,21
92,11,21
121,43,21
123,39,21
136,247,21
141,334,21
144,201,21
149,132,21
179,48,21
198,23,21
198,38,21
200,312,21
201,144,21
222,54,21
222,120,21
229,336,21
236,49,21
241,22,21
241,296,21
247,136,21
261,309,21
280,326,21
285,299,21
288,331,21
291,324,21
297,345,21
299,285,21
309,261,21
312,200,21
324,291,21
331,288,21
334,141,21
336,37,21
336,122,21
336,229,21
340,37,21
345,297,21
6,117,22
7,22,22
8,14,22
14,8,22
22,7,22
29,134,22
37,229,22
37,336,22
49,200,22
49,236,22
49,312,22
52,293,22
57,271,22
72,40,22
75,140,22
83,296,22
86,261,22
86,309,22
102,13,22
117,6,22
121,234,22
127,179,22
134,29,22
140,75,22
142,310,22
143,266,22
144,340,22
179,127,22
200,49,22
200,236,22
201,340,22
207,232,22
207,277,22
211,274,22
222,54,22
229,37,22
229,336,22
231,279,22
232,207,22
236,200,22
238,325,22
259,282,22
261,86,22
261,309,22
266,143,22
271,57,22
282,259,22
293,52,22
296,83,22
309,86,22
309,261,22
310,142,22
312,49,22
325,238,22
336,37,22
336,229,22
340,144,22
340,201,22
5,112,23
19,247,23
27,217,23
37,144,23
37,340,23
41,219,23
43,234,23
47,265,23
49,200,23
49,312,23
52,59,23
52,293,23
59,293,23
86,261,23
86,309,23
92,132,23
105,173,23
112,5,23
116,265,23
122,149,23
123,337,23
129,286,23
132,92,23
144,37,23
144,201,23
144,340,23
149,122,23
167,257,23
170,281,23
173,105,23
192,227,23
200,49,23
200,312,23
201,144,23
204,273,23
206,279,23
207,232,23
213,238,23
213,325,23
217,27,23
219,41,23
224,185,23
227,192,23
234,43,23
238,213,23
247,19,23
257,167,23
261,86,23
261,298,23
265,47,23
265,116,23
273,204,23
279,206,23
281,170,23
293,59,23
298,261,23
309,86,23
312,200,23
319,109,23
325,213,23
337,123,23
340,37,23
340,144,23
5,233,24
21,248,24
22,241,24
34,265,24
37,201,24
37,229,24
42,217,24
46,173,24
47,194,24
49,200,24
61,278,24
79,109,24
84,236,24
86,261,24
96,109,24
96,319,24
100,191,24
101,143,24
101,266,24
109,79,24
109,96,24
109,319,24
112,108,24
122,144,24
122,149,24
131,249,24
143,101,24
144,122,24
144,149,24
144,340,24
147,197,24
149,144,24
173,46,24
173,105,24
191,100,24
197,147,24
200,49,24
201,37,24
217,42,24
229,37,24
233,5,24
236,84,24
241,22,24
246,341,24
248,21,24
249,131,24
261,86,24
265,34,24
265,116,24
266,101,24
266,221,24
267,145,24
278,61,24
293,52,24
310,275,24
311,340,24
319,96,24
319,109,24
340,311,24
8,289,25
16,27,25
16,217,25
23,65,25
27,16,25
27,217,25
37,144,25
37,149,25
37,201,25
37,229,25
47,265,25
49,75,25
49,200,25
57,35,25
65,23,25
75,49,25
75,200,25
76,162,25
79,319,25
85,135,25
92,311,25
101,143,25
101,221,25
122,144,25
122,149,25
122,340,25
123,39,25
135,85,25
143,221,25
144,37,25
144,122,25
144,149,25
144,340,25
149,37,25
149,122,25
149,144,25
149,229,25
149,340,25
161,336,25
167,216,25
176,128,25
192,321,25
200,75,25
216,167,25
217,16,25
217,27,25
217,42,25
221,101,25
221,143,25
229,149,25
229,340,25
247,136,25
258,293,25
265,34,25
265,47,25
279,231,25
285,295,25
289,8,25
293,59,25
293,258,25
295,285,25
310,142,25
311,92,25
319,79,25
319,109,25
321,192,25
336,161,25
340,122,25
340,144,25
340,149,25
340,229,25
16,27,26
16,217,26
19,136,26
27,16,26
37,201,26
38,65,26
49,236,26
57,271,26
65,38,26
97,243,26
101,266,26
109,215,26
117,137,26
121,162,26
122,144,26
122,149,26
122,311,26
136,19,26
136,247,26
137,117,26
142,275,26
142,310,26
144,122,26
144,149,26
144,340,26
149,122,26
149,144,26
162,121,26
186,260,26
200,49,26
200,236,26
215,109,26
217,16,26
217,42,26
222,120,26
236,49,26
236,200,26
239,284,26
241,296,26
243,97,26
244,345,26
253,345,26
260,186,26
265,34,26
265,47,26
266,101,26
275,142,26
275,310,26
284,239,26
296,241,26
310,275,26
311,122,26
319,79,26
340,144,26
340,229,26
344,20,26
345,244,26
345,253,26
9,266,27
16,27,27
22,296,27
34,194,27
34,265,27
39,207,27
39,232,27
47,194,27
48,308,27
50,333,27
57,35,27
65,23,27
65,38,27
72,338,27
78,97,27
80,160,27
85,210,27
97,78,27
97,243,27
101,9,27
122,144,27
122,149,27
122,311,27
132,144,27
136,19,27
138,271,27
144,122,27
144,132,27
144,149,27
144,311,27
149,122,27
149,144,27
160,80,27
187,294,27
194,34,27
194,47,27
194,265,27
199,280,27
207,39,27
207,232,27
210,85,27
232,39,27
232,207,27
241,22,27
241,296,27
260,335,27
261,309,27
265,34,27
265,194,27
266,9,27
271,138,27
280,199,27
293,59,27
294,187,27
296,22,27
296,241,27
308,48,27
309,261,27
310,142,27
311,144,27
333,50,27
338,72,27
345,244,27
345,253,27
27,42,28
34,47,28
42,27,28
47,34,28
47,194,28
47,265,28
85,135,28
92,11,28
98,299,28
122,144,28
125,295,28
132,149,28
132,311,28
136,247,28
144,122,28
144,149,28
144,311,28
146,319,28
149,132,28
149,144,28
149,311,28
157,299,28
161,229,28
161,336,28
177,254,28
194,47,28
194,265,28
209,341,28
221,266,28
229,161,28
229,324,28
254,177,28
265,47,28
265,194,28
266,221,28
286,287,28
287,286,28
295,125,28
296,22,28
296,241,28
299,98,28
299,157,28
311,132,28
311,144,28
311,149,28
319,146,28
324,229,28
324,340,28
340,324,28
341,209,28
345,244,28
22,241,29
22,296,29
24,192,29
39,207,29
47,194,29
49,200,29
49,236,29
87,313,29
95,139,29
129,287,29
132,144,29
132,311,29
136,19,29
139,95,29
144,132,29
144,311,29
147,285,29
147,299,29
189,344,29
192,24,29
194,47,29
200,49,29
200,236,29
206,220,29
207,39,29
229,336,29
236,49,29
236,200,29
241,22,29
241,296,29
249,269,29
269,249,29
285,147,29
286,129,29
286,287,29
287,129,29
287,286,29
296,22,29
296,241,29
299,147,29
308,225,29
311,132,29
311,144,29
313,87,29
336,229,29
344,189,29
18,64,30
34,194,30
38,198,30
42,217,30
49,200,30
57,138,30
64,18,30
65,23,30
70,99,30
74,165,30
76,202,30
76,272,30
84,312,30
92,132,30
99,70,30
132,92,30
132,144,30
138,57,30
144,132,30
144,311,30
147,285,30
149,161,30
151,227,30
159,237,30
161,149,30
161,324,30
165,74,30
194,34,30
200,49,30
202,76,30
202,272,30
206,279,30
227,151,30
237,159,30
243,275,30
253,306,30
266,9,30
272,76,30
272,202,30
275,243,30
279,206,30
287,129,30
287,286,30
306,253,30
312,84,30
324,161,30
324,340,30
1,268,31
30,233,31
32,268,31
40,88,31
67,315,31
71,82,31
78,275,31
82,71,31
84,200,31
88,40,31
89,135,31
97,275,31
98,157,31
114,132,31
129,286,31
129,287,31
132,114,31
135,89,31
138,118,31
147,197,31
147,299,31
149,311,31
157,98,31
200,84,31
206,220,31
206,279,31
229,324,31
233,30,31
268,1,31
268,32,31
270,303,31
272,76,31
275,78,31
275,97,31
286,129,31
286,287,31
287,129,31
287,286,31
293,258,31
303,270,31
311,149,31
312,77,31
315,67,31
324,161,31
324,229,31
329,156,31
1,32,32
1,268,32
6,30,32
22,241,32
25,57,32
25,138,32
27,217,32
30,6,32
30,117,32
31,76,32
32,1,32
49,236,32
52,282,32
57,25,32
63,339,32
66,221,32
76,31,32
117,30,32
129,286,32
130,231,32
138,25,32
149,161,32
149,201,32
149,311,32
161,149,32
161,311,32
162,272,32
194,47,32
201,149,32
217,27,32
221,66,32
231,130,32
236,49,32
241,22,32
268,1,32
272,162,32
282,52,32
286,129,32
308,48,32
311,161,32
324,340,32
339,63,32
9,195,33
9,266,33
10,150,33
18,67,33
30,6,33
32,268,33
42,68,33
42,175,33
49,200,33
57,118,33
67,18,33
68,42,33
68,217,33
84,312,33
105,196,33
109,319,33
114,144,33
117,233,33
118,57,33
123,207,33
127,277,33
144,114,33
149,201,33
150,10,33
161,324,33
175,42,33
195,9,33
196,105,33
200,49,33
203,258,33
206,220,33
207,123,33
208,309,33
217,68,33
233,5,33
233,117,33
255,262,33
258,203,33
262,255,33
268,32,33
275,78,33
277,127,33
282,259,33
309,208,33
312,84,33
319,109,33
324,161,33
9,195,34
25,57,34
25,118,34
25,138,34
27,131,34
42,68,34
51,112,34
52,93,34
57,25,34
57,118,34
60,154,34
67,315,34
68,42,34
73,334,34
78,97,34
78,275,34
93,52,34
97,78,34
112,51,34
113,313,34
118,25,34
118,57,34
131,27,34
149,161,34
154,60,34
161,149,34
161,311,34
161,324,34
162,202,34
164,315,34
188,337,34
201,37,34
202,162,34
224,286,34
285,295,34
286,224,34
295,285,34
313,113,34
315,164,34
334,73,34
337,188,34
6,117,35
13,31,35
25,57,35
25,118,35
31,13,35
37,311,35
39,188,35
39,337,35
49,236,35
56,238,35
57,25,35
57,118,35
67,18,35
97,275,35
117,6,35
118,25,35
118,57,35
124,269,35
125,285,35
131,249,35
134,229,35
136,247,35
137,226,35
149,311,35
149,324,35
161,311,35
161,324,35
188,39,35
188,337,35
194,265,35
207,337,35
210,294,35
226,137,35
228,307,35
229,134,35
238,56,35
243,310,35
244,306,35
249,131,35
269,124,35
275,97,35
285,125,35
288,328,35
294,210,35
306,244,35
306,345,35
307,228,35
310,243,35
311,37,35
311,149,35
311,161,35
311,324,35
316,343,35
324,149,35
324,161,35
324,311,35
328,288,35
337,39,35
337,188,35
337,207,35
343,316,35
345,306,35
37,201,36
57,138,36
68,249,36
92,114,36
109,215,36
114,92,36
117,233,36
133,210,36
138,57,36
144,161,36
144,340,36
146,166,36
149,311,36
158,191,36
161,144,36
161,324,36
166,146,36
184,200,36
185,222,36
188,207,36
191,158,36
192,321,36
200,184,36
207,188,36
207,337,36
210,133,36
222,185,36
231,331,36
244,345,36
249,68,36
261,86,36
275,78,36
285,295,36
290,342,36
296,83,36
306,244,36
311,149,36
311,324,36
324,161,36
324,311,36
331,231,36
340,144,36
342,290,36
345,244,36
25,57,37
25,118,37
39,188,37
40,238,37
42,175,37
57,25,37
57,118,37
105,172,37
118,25,37
118,57,37
125,295,37
144,161,37
144,340,37
161,144,37
161,311,37
161,340,37
162,121,37
162,202,37
172,105,37
188,39,37
194,47,37
207,123,37
232,277,37
238,40,37
238,56,37
249,131,37
255,300,37
258,293,37
277,232,37
295,125,37
295,285,37
298,309,37
300,255,37
309,298,37
311,161,37
311,324,37
340,161,37
24,321,38
26,108,38
31,76,38
37,336,38
40,56,38
40,238,38
40,344,38
56,40,38
108,26,38
117,6,38
127,232,38
149,161,38
149,324,38
158,266,38
161,149,38
161,311,38
161,324,38
162,121,38
163,314,38
174,337,38
182,332,38
194,265,38
197,299,38
207,337,38
232,127,38
233,5,38
238,40,38
266,158,38
280,44,38
299,197,38
311,161,38
314,163,38
321,24,38
324,149,38
324,161,38
332,182,38
336,37,38
337,174,38
337,207,38
344,40,38
15,180,39
24,192,39
48,179,39
52,259,39
97,243,39
121,202,39
122,324,39
136,19,39
136,247,39
138,271,39
149,161,39
149,311,39
161,149,39
161,311,39
161,324,39
162,202,39
166,246,39
179,48,39
180,15,39
192,24,39
202,121,39
202,162,39
232,277,39
243,97,39
243,310,39
246,166,39
259,52,39
306,345,39
311,149,39
311,161,39
324,122,39
324,161,39
337,174,39
340,144,39
345,306,39
1,28,40
27,42,40
28,1,40
40,238,40
40,344,40
42,27,40
42,249,40
56,344,40
98,147,40
108,181,40
112,117,40
117,112,40
121,162,40
121,202,40
128,322,40
144,311,40
147,98,40
149,161,40
161,149,40
161,187,40
162,121,40
166,146,40
166,246,40
174,188,40
174,337,40
181,108,40
187,161,40
188,174,40
202,121,40
231,130,40
249,42,40
259,282,40
261,309,40
309,261,40
311,144,40
322,128,40
344,56,40
12,109,41
34,265,41
37,340,41
40,238,41
40,344,41
43,121,41
43,202,41
50,159,41
63,137,41
64,67,41
67,64,41
77,84,41
84,77,41
97,275,41
109,12,41
121,43,41
121,202,41
122,161,41
130,206,41
130,231,41
137,63,41
146,246,41
149,187,41
159,50,41
161,122,41
162,323,41
166,146,41
166,246,41
174,188,41
187,149,41
188,39,41
188,174,41
202,43,41
202,121,41
206,130,41
211,318,41
246,146,41
246,166,41
249,68,41
255,274,41
259,52,41
265,34,41
274,255,41
275,97,41
318,211,41
323,162,41
340,37,41
344,40,41
5,112,42
11,122,42
26,181,42
27,249,42
37,336,42
37,340,42
40,238,42
68,175,42
72,110,42
84,312,42
87,297,42
93,222,42
93,282,42
96,146,42
96,246,42
107,119,42
108,26,42
110,72,42
112,5,42
119,107,42
122,11,42
122,161,42
146,96,42
146,246,42
159,237,42
169,184,42
175,68,42
181,26,42
184,169,42
185,224,42
201,336,42
208,298,42
222,93,42
224,185,42
232,127,42
246,96,42
246,146,42
249,27,42
249,42,42
259,282,42
261,298,42
262,300,42
282,93,42
282,259,42
297,87,42
298,208,42
298,261,42
300,262,42
311,324,42
324,311,42
336,201,42
19,247,43
27,42,43
28,235,43
37,201,43
37,336,43
37,340,43
39,337,43
40,344,43
42,27,43
50,333,43
54,244,43
75,90,43
77,312,43
84,77,43
90,75,43
93,222,43
93,259,43
93,282,43
96,146,43
96,166,43
98,273,43
122,11,43
133,135,43
135,133,43
136,19,43
136,247,43
144,324,43
146,96,43
146,166,43
146,246,43
151,176,43
161,324,43
166,96,43
166,146,43
171,195,43
176,151,43
195,171,43
201,37,43
201,336,43
222,259,43
222,282,43
232,277,43
244,54,43
247,19,43
247,136,43
259,93,43
259,222,43
259,282,43
273,98,43
282,93,43
282,222,43
282,259,43
298,208,43
312,77,43
324,144,43
324,161,43
336,37,43
336,201,43
337,39,43
344,56,43
18,315,44
29,107,44
37,336,44
37,340,44
39,174,44
39,188,44
43,121,44
43,202,44
50,159,44
77,84,44
84,312,44
93,222,44
97,243,44
98,157,44
107,29,44
121,43,44
129,186,44
139,214,44
140,200,44
142,243,44
144,161,44
146,166,44
159,50,44
161,144,44
161,324,44
166,96,44
166,146,44
174,39,44
174,188,44
186,129,44
188,39,44
188,174,44
191,226,44
200,140,44
202,43,44
214,139,44
222,93,44
222,259,44
225,305,44
226,191,44
232,127,44
243,97,44
243,142,44
259,222,44
261,309,44
275,78,44
305,225,44
312,84,44
315,18,44
336,37,44
344,40,44
344,56,44
24,116,45
34,47,45
39,174,45
40,238,45
43,272,45
47,34,45
59,203,45
104,194,45
116,24,45
144,311,45
144,324,45
149,324,45
161,144,45
161,187,45
174,39,45
175,269,45
186,287,45
187,161,45
189,238,45
194,104,45
203,59,45
238,189,45
243,97,45
253,297,45
261,298,45
261,309,45
269,175,45
272,43,45
287,186,45
297,253,45
298,261,45
298,309,45
309,298,45
311,144,45
324,144,45
324,149,45
1,333,46
31,102,46
33,152,46
37,229,46
72,252,46
88,338,46
96,246,46
97,275,46
102,31,46
125,273,46
144,187,46
151,322,46
152,33,46
171,221,46
175,68,46
175,269,46
187,144,46
187,161,46
193,301,46
197,221,46
221,171,46
221,197,46
229,37,46
246,96,46
252,72,46
261,298,46
261,309,46
273,125,46
275,97,46
298,261,46
298,309,46
301,193,46
309,261,46
309,298,46
311,324,46
322,151,46
324,311,46
333,1,46
338,88,46
14,329,47
27,249,47
48,81,47
51,108,47
53,105,47
56,189,47
81,48,47
81,179,47
88,251,47
88,338,47
91,292,47
96,146,47
96,319,47
97,243,47
105,53,47
108,51,47
121,323,47
130,206,47
144,324,47
145,205,47
146,96,47
151,176,47
171,197,47
175,68,47
176,322,47
179,81,47
187,201,47
189,56,47
189,238,47
193,229,47
197,171,47
201,187,47
205,145,47
229,134,47
229,193,47
238,40,47
238,189,47
241,296,47
246,319,47
249,27,47
249,269,47
251,88,47
251,338,47
269,249,47
292,91,47
296,241,47
319,96,47
319,246,47
322,176,47
323,121,47
324,144,47
329,14,47
338,251,47
2,313,48
16,143,48
27,42,48
27,249,48
34,265,48
39,337,48
40,56,48
40,189,48
40,238,48
42,249,48
48,179,48
56,40,48
56,238,48
59,185,48
88,251,48
97,275,48
98,141,48
106,257,48
114,291,48
122,132,48
131,299,48
132,122,48
136,175,48
141,98,48
143,16,48
144,340,48
175,136,48
179,48,48
185,59,48
189,40,48
193,201,48
201,193,48
238,40,48
238,56,48
243,275,48
249,27,48
249,42,48
249,269,48
251,88,48
257,106,48
275,243,48
287,345,48
291,114,48
299,131,48
313,2,48
315,164,48
319,96,48
340,144,48
345,287,48
5,51,49
5,117,49
10,334,49
19,269,49
21,57,49
40,56,49
40,189,49
51,5,49
56,40,49
56,189,49
56,238,49
57,21,49
68,269,49
90,236,49
107,263,49
115,267,49
117,5,49
134,193,49
149,311,49
174,188,49
176,151,49
189,56,49
189,238,49
193,134,49
201,187,49
236,90,49
238,189,49
244,306,49
267,115,49
269,19,49
269,68,49
269,249,49
306,244,49
311,149,49
334,10,49
6,61,50
10,150,50
10,334,50
22,83,50
26,51,50
26,108,50
27,269,50
40,344,50
41,137,50
43,121,50
48,81,50
51,26,50
51,108,50
56,189,50
61,6,50
68,175,50
81,48,50
83,22,50
90,154,50
90,236,50
98,157,50
100,158,50
108,26,50
108,51,50
114,340,50
121,43,50
129,345,50
130,231,50
134,229,50
137,41,50
146,166,50
147,171,50
154,90,50
154,236,50
158,100,50
159,237,50
171,147,50
173,216,50
175,68,50
187,229,50
189,56,50
216,173,50
220,305,50
229,134,50
229,187,50
236,154,50
269,27,50
269,249,50
287,186,50
291,324,50
291,340,50
305,220,50
319,246,50
324,291,50
324,336,50
324,340,50
336,324,50
336,340,50
340,114,50
340,291,50
340,324,50
340,336,50
344,40,50
345,129,50
10,150,51
10,334,51
19,136,51
21,178,51
26,51,51
26,108,51
51,26,51
51,108,51
84,190,51
87,253,51
89,133,51
97,243,51
107,29,51
108,26,51
108,51,51
112,233,51
114,291,51
114,340,51
122,149,51
129,287,51
133,89,51
134,187,51
134,201,51
134,229,51
136,19,51
149,122,51
164,267,51
171,197,51
187,134,51
187,229,51
187,336,51
190,84,51
193,301,51
201,134,51
201,229,51
229,134,51
229,187,51
229,201,51
233,112,51
236,90,51
243,97,51
253,87,51
261,298,51
267,164,51
269,27,51
287,129,51
291,114,51
291,311,51
291,340,51
298,261,51
311,291,51
311,324,51
324,311,51
336,187,51
340,114,51
340,291,51
22,7,52
28,333,52
31,43,52
31,202,52
42,269,52
43,31,52
43,121,52
45,332,52
71,318,52
93,258,52
96,238,52
96,319,52
101,191,52
107,263,52
108,117,52
114,291,52
114,340,52
117,108,52
134,193,52
136,249,52
150,334,52
161,201,52
161,229,52
172,190,52
173,182,52
182,173,52
190,172,52
191,101,52
193,134,52
201,161,52
201,229,52
202,31,52
218,266,52
220,225,52
220,305,52
225,220,52
229,161,52
229,201,52
238,96,52
243,275,52
249,136,52
258,93,52
266,218,52
269,42,52
291,114,52
291,311,52
291,340,52
303,304,52
304,303,52
311,291,52
318,71,52
319,96,52
332,45,52
333,28,52
334,150,52
340,114,52
340,291,52
15,337,53
16,339,53
31,43,53
43,31,53
55,152,53
72,92,53
78,97,53
79,215,53
92,72,53
97,78,53
97,243,53
98,125,53
117,5,53
117,108,53
125,98,53
130,331,53
136,19,53
149,311,53
152,55,53
187,201,53
187,229,53
189,238,53
201,187,53
201,229,53
203,293,53
215,79,53
229,161,53
229,187,53
229,201,53
238,189,53
243,97,53
287,345,53
291,311,53
291,340,53
293,203,53
311,149,53
311,291,53
311,340,53
324,336,53
331,130,53
336,324,53
337,15,53
339,16,53
340,311,53
345,287,53
24,321,54
29,37,54
37,29,54
46,241,54
62,292,54
72,252,54
82,342,54
94,198,54
97,78,54
109,259,54
114,311,54
117,5,54
121,323,54
125,157,54
129,186,54
129,287,54
134,201,54
136,249,54
147,197,54
148,313,54
149,324,54
149,340,54
154,60,54
157,125,54
159,50,54
161,187,54
186,129,54
186,287,54
187,161,54
187,229,54
197,147,54
198,94,54
201,134,54
214,342,54
224,282,54
227,322,54
228,345,54
229,187,54
230,267,54
238,319,54
241,46,54
259,109,54
267,230,54
282,224,54
287,129,54
287,186,54
291,311,54
292,62,54
311,114,54
311,291,54
313,148,54
319,238,54
322,227,54
324,149,54
340,149,54
342,82,54
342,214,54
345,228,54
4,233,55
5,108,55
5,117,55
11,144,55
27,42,55
30,112,55
42,27,55
42,269,55
57,178,55
64,240,55
72,92,55
81,179,55
92,252,55
96,238,55
96,319,55
108,5,55
108,26,55
112,30,55
125,98,55
129,186,55
129,287,55
144,11,55
161,229,55
164,230,55
178,57,55
179,81,55
186,129,55
193,301,55
208,317,55
223,316,55
225,279,55
229,161,55
229,187,55
230,164,55
230,267,55
233,4,55
238,96,55
240,64,55
243,275,55
252,92,55
259,52,55
259,109,55
272,323,55
279,225,55
287,129,55
291,340,55
311,114,55
316,223,55
317,208,55
319,96,55
323,272,55
340,291,55
342,82,55
5,108,56
5,117,56
18,168,56
20,38,56
27,136,56
38,20,56
53,332,56
60,90,56
66,101,56
68,249,56
78,320,56
90,60,56
92,72,56
95,313,56
101,66,56
101,191,56
108,5,56
108,117,56
117,108,56
128,176,56
136,27,56
159,237,56
164,267,56
168,18,56
176,128,56
176,151,56
225,305,56
230,164,56
249,68,56
259,52,56
259,109,56
267,164,56
291,311,56
305,225,56
311,291,56
313,95,56
323,121,56
332,53,56
342,214,56
21,57,57
26,51,57
28,235,57
34,194,57
37,69,57
40,56,57
47,205,57
51,26,57
56,40,57
57,21,57
69,37,57
72,252,57
78,97,57
118,25,57
131,269,57
134,301,57
149,291,57
149,311,57
154,200,57
159,50,57
159,237,57
164,230,57
176,128,57
186,287,57
194,34,57
199,329,57
200,154,57
201,229,57
205,47,57
211,255,57
228,260,57
228,345,57
229,201,57
240,330,57
243,320,57
251,302,57
252,72,57
255,211,57
260,228,57
269,131,57
287,186,57
291,149,57
301,134,57
302,251,57
305,220,57
305,225,57
311,149,57
311,336,57
320,243,57
329,199,57
330,240,57
334,10,57
336,311,57
342,82,57
7,83,58
34,104,58
34,194,58
36,276,58
43,202,58
83,7,58
104,34,58
114,336,58
117,5,58
117,108,58
128,151,58
128,176,58
142,310,58
147,171,58
147,197,58
148,253,58
149,291,58
151,128,58
159,50,58
171,147,58
187,193,58
193,187,58
201,324,58
202,43,58
206,231,58
220,225,58
225,220,58
231,206,58
253,148,58
260,345,58
276,36,58
291,340,58
310,142,58
311,114,58
311,336,58
323,162,58
324,201,58
336,114,58
336,311,58
345,260,58
5,108,59
15,180,59
19,68,59
19,136,59
21,178,59
28,333,59
31,272,59
34,104,59
59,293,59
60,154,59
68,19,59
77,184,59
78,126,59
97,126,59
99,297,59
104,194,59
108,5,59
114,291,59
114,336,59
116,192,59
126,78,59
126,97,59
136,19,59
147,171,59
147,197,59
149,340,59
151,176,59
154,60,59
154,200,59
170,239,59
171,197,59
176,151,59
178,21,59
184,77,59
192,116,59
194,104,59
197,171,59
207,123,59
220,279,59
225,305,59
228,260,59
229,324,59
239,170,59
260,228,59
267,115,59
272,31,59
279,220,59
291,114,59
291,336,59
293,59,59
297,99,59
324,229,59
336,114,59
336,291,59
340,149,59
9,74,60
28,235,60
34,126,60
34,194,60
48,188,60
49,84,60
56,344,60
60,200,60
67,330,60
74,9,60
78,97,60
78,126,60
84,49,60
92,252,60
96,238,60
97,78,60
102,290,60
121,272,60
126,34,60
126,78,60
147,171,60
147,197,60
149,291,60
158,191,60
164,267,60
171,147,60
187,241,60
188,48,60
191,158,60
194,34,60
197,147,60
200,60,60
235,333,60
241,187,60
252,92,60
267,164,60
272,121,60
287,129,60
290,102,60
291,149,60
291,336,60
303,270,60
330,67,60
333,235,60
344,56,60
12,325,61
28,333,61
40,189,61
49,77,61
63,226,61
72,114,61
72,252,61
77,49,61
78,97,61
78,126,61
86,91,61
91,86,61
97,243,61
114,72,61
123,174,61
129,286,61
147,171,61
149,336,61
151,227,61
174,123,61
177,257,61
189,40,61
195,197,61
197,195,61
200,154,61
220,225,61
225,220,61
225,305,61
226,63,61
227,151,61
227,322,61
230,267,61
243,97,61
252,72,61
257,177,61
260,345,61
267,230,61
275,320,61
282,335,61
286,129,61
291,149,61
291,336,61
298,309,61
320,275,61
325,12,61
333,28,61
335,282,61
336,149,61
336,291,61
5,117,62
6,30,62
19,68,62
27,269,62
30,6,62
52,319,62
56,79,62
60,154,62
72,92,62
72,252,62
79,56,62
92,72,62
100,112,62
112,100,62
117,5,62
147,197,62
149,291,62
149,336,62
151,176,62
151,227,62
152,33,62
154,60,62
154,200,62
171,197,62
175,198,62
176,128,62
176,151,62
197,147,62
197,171,62
198,175,62
220,279,62
227,151,62
260,228,62
269,27,62
286,287,62
287,286,62
291,149,62
291,336,62
319,52,62
324,201,62
330,240,62
336,149,62
336,291,62
11,161,63
33,55,63
33,152,63
55,33,63
63,101,63
89,135,63
99,306,63
101,63,63
112,158,63
114,149,63
114,336,63
133,135,63
135,89,63
135,133,63
149,114,63
149,291,63
149,336,63
154,60,63
154,200,63
158,112,63
161,11,63
176,128,63
184,169,63
186,224,63
194,243,63
197,195,63
206,225,63
216,294,63
224,186,63
225,206,63
243,194,63
253,313,63
255,274,63
291,149,63
294,216,63
306,99,63
313,253,63
333,235,63
336,114,63
336,149,63
5,112,64
15,337,64
22,83,64
30,278,64
31,43,64
33,55,64
43,31,64
47,145,64
73,265,64
75,236,64
83,22,64
89,133,64
94,250,64
97,194,64
100,158,64
112,5,64
112,100,64
112,158,64
114,149,64
128,151,64
128,176,64
133,89,64
136,249,64
142,320,64
145,47,64
149,114,64
149,336,64
151,128,64
151,176,64
154,60,64
154,200,64
158,100,64
158,112,64
171,195,64
171,197,64
176,151,64
194,97,64
195,171,64
195,197,64
197,171,64
197,195,64
202,234,64
206,305,64
234,202,64
236,75,64
249,136,64
250,94,64
251,338,64
253,148,64
265,73,64
268,327,64
278,30,64
305,206,64
320,142,64
320,275,64
327,268,64
330,67,64
4,278,65
9,266,65
12,238,65
25,178,65
27,249,65
29,107,65
30,6,65
52,246,65
71,211,65
72,336,65
100,226,65
107,29,65
123,207,65
128,151,65
136,269,65
142,275,65
142,320,65
149,291,65
151,128,65
158,100,65
158,112,65
158,226,65
171,195,65
172,312,65
178,25,65
187,301,65
192,321,65
193,241,65
193,301,65
195,171,65
201,291,65
201,324,65
211,71,65
226,100,65
226,158,65
238,12,65
241,193,65
241,301,65
246,52,65
249,27,65
249,269,65
264,330,65
266,9,65
269,136,65
269,249,65
275,142,65
278,4,65
291,201,65
291,324,65
301,187,65
301,193,65
301,241,65
312,172,65
313,95,65
320,142,65
321,192,65
324,291,65
330,264,65
333,28,65
333,235,65
336,72,65
6,61,66
8,210,66
11,114,66
11,229,66
14,199,66
19,247,66
23,213,66
27,269,66
29,69,66
59,203,66
69,29,66
95,253,66
95,313,66
100,112,66
100,158,66
112,100,66
114,11,66
142,275,66
158,100,66
158,226,66
161,229,66
192,116,66
199,14,66
201,229,66
201,291,66
203,59,66
210,8,66
213,23,66
224,244,66
229,11,66
229,161,66
229,201,66
244,224,66
247,19,66
249,27,66
253,95,66
269,27,66
275,320,66
286,129,66
291,201,66
320,275,66
9,74,67
11,161,67
11,201,67
53,105,67
59,293,67
68,136,67
97,142,67
100,112,67
100,158,67
136,68,67
142,97,67
147,299,67
158,100,67
161,11,67
161,229,67
164,168,67
167,182,67
168,164,67
182,167,67
182,294,67
193,241,67
193,301,67
194,310,67
197,147,67
201,11,67
225,305,67
229,161,67
239,341,67
241,193,67
241,301,67
245,277,67
253,313,67
277,245,67
291,336,67
294,182,67
299,147,67
301,193,67
301,241,67
305,225,67
310,194,67
313,253,67
336,291,67
341,239,67
1,327,68
6,108,68
21,25,68
25,21,68
27,249,68
27,269,68
52,319,68
55,152,68
59,203,68
59,293,68
63,100,68
76,102,68
85,301,68
100,63,68
100,112,68
102,76,68
108,6,68
112,158,68
121,162,68
124,249,68
152,55,68
158,112,68
162,121,68
182,167,68
194,275,68
194,310,68
194,320,68
217,219,68
219,217,68
224,186,68
249,124,68
275,194,68
275,320,68
301,85,68
301,193,68
310,320,68
320,194,68
320,275,68
320,310,68
327,1,68
11,161,69
19,27,69
27,19,69
27,249,69
39,267,69
44,177,69
48,127,69
56,238,69
57,178,69
59,203,69
59,293,69
72,149,69
77,84,69
82,318,69
84,77,69
97,275,69
97,310,69
100,63,69
121,323,69
127,48,69
148,313,69
149,72,69
151,176,69
161,11,69
166,209,69
168,18,69
172,296,69
173,216,69
173,294,69
177,44,69
178,57,69
194,310,69
195,197,69
197,195,69
203,293,69
209,166,69
216,173,69
229,324,69
238,56,69
240,264,69
240,330,69
244,54,69
249,27,69
264,240,69
264,330,69
267,39,69
275,97,69
275,310,69
293,203,69
294,173,69
296,172,69
310,97,69
310,194,69
310,275,69
313,148,69
318,82,69
323,121,69
324,229,69
330,240,69
330,264,69
2,113,70
24,295,70
32,35,70
33,152,70
35,32,70
52,246,70
63,112,70
95,148,70
95,313,70
97,275,70
97,310,70
112,63,70
113,2,70
132,340,70
148,95,70
148,313,70
151,128,70
152,33,70
171,197,70
176,227,70
193,241,70
197,171,70
199,289,70
208,261,70
209,341,70
211,255,70
227,176,70
240,264,70
240,330,70
241,193,70
246,319,70
249,269,70
255,211,70
261,208,70
264,240,70
264,330,70
269,249,70
275,97,70
283,299,70
289,199,70
295,24,70
299,283,70
309,317,70
310,97,70
310,194,70
313,95,70
313,148,70
317,309,70
319,246,70
324,336,70
330,240,70
330,264,70
336,324,70
340,132,70
341,209,70
24,116,71
27,124,71
48,179,71
54,224,71
59,203,71
95,148,71
96,325,71
97,275,71
98,273,71
116,24,71
124,27,71
125,273,71
148,95,71
160,248,71
172,190,71
179,48,71
203,59,71
203,293,71
224,54,71
224,186,71
248,160,71
260,286,71
266,218,71
273,98,71
273,125,71
275,320,71
286,260,71
320,275,71
325,96,71
330,240,71
19,136,72
46,193,72
48,127,72
49,84,72
50,237,72
54,244,72
55,74,72
70,306,72
74,55,72
76,290,72
78,145,72
84,49,72
89,135,72
97,310,72
102,290,72
107,263,72
112,158,72
135,89,72
136,19,72
145,78,72
167,216,72
192,321,72
193,46,72
203,59,72
216,167,72
229,291,72
237,50,72
273,98,72
290,76,72
290,102,72
291,229,72
305,206,72
306,70,72
310,97,72
5,51,73
11,201,73
19,249,73
48,179,73
51,5,73
60,236,73
66,191,73
78,205,73
79,344,73
84,77,73
85,161,73
91,239,73
97,142,73
97,310,73
98,125,73
125,98,73
142,310,73
147,283,73
161,85,73
161,301,73
174,267,73
181,304,73
186,244,73
187,193,73
191,66,73
193,187,73
203,293,73
205,78,73
224,244,73
225,231,73
231,225,73
236,60,73
239,91,73
240,264,73
244,186,73
244,224,73
249,19,73
264,240,73
267,174,73
283,147,73
301,161,73
304,181,73
310,142,73
344,79,73
1,235,74
39,230,74
40,344,74
44,257,74
54,224,74
63,158,74
75,196,74
85,301,74
90,154,74
90,200,74
97,142,74
97,310,74
98,273,74
100,112,74
100,226,74
107,311,74
112,100,74
128,322,74
131,141,74
141,131,74
142,97,74
149,291,74
154,90,74
158,63,74
161,336,74
165,285,74
168,164,74
196,75,74
200,90,74
203,59,74
224,54,74
224,244,74
226,100,74
230,39,74
235,1,74
257,44,74
285,165,74
291,149,74
291,324,74
297,313,74
301,85,74
310,97,74
311,107,74
313,297,74
322,128,74
324,291,74
324,336,74
336,161,74
336,324,74
344,40,74
8,122,75
32,327,75
59,293,75
70,313,75
78,145,75
85,241,75
85,301,75
90,154,75
90,200,75
97,126,75
106,177,75
122,8,75
126,97,75
161,324,75
161,336,75
166,170,75
170,166,75
177,106,75
186,287,75
193,46,75
215,262,75
228,345,75
240,330,75
241,85,75
241,301,75
262,215,75
287,186,75
291,149,75
291,324,75
293,59,75
301,241,75
313,70,75
324,161,75
324,291,75
327,32,75
336,161,75
345,228,75
7,37,76
7,61,76
17,279,76
32,35,76
34,73,76
34,265,76
37,7,76
46,187,76
53,332,76
54,244,76
61,7,76
63,112,76
63,158,76
65,328,76
70,297,76
72,252,76
73,34,76
73,265,76
74,221,76
112,63,76
114,201,76
130,250,76
148,313,76
149,72,76
162,179,76
179,162,76
187,46,76
201,114,76
221,74,76
225,305,76
227,322,76
244,54,76
250,130,76
255,290,76
265,34,76
265,73,76
279,17,76
290,255,76
291,229,76
291,324,76
297,70,76
305,225,76
313,148,76
322,227,76
328,65,76
329,156,76
9,152,77
13,94,77
20,79,77
22,37,77
24,151,77
37,22,77
49,77,77
59,203,77
71,255,77
77,49,77
77,84,77
78,205,77
79,20,77
94,13,77
95,313,77
100,339,77
112,158,77
114,340,77
143,217,77
151,24,77
151,321,77
152,9,77
158,112,77
166,341,77
167,294,77
170,239,77
176,321,77
206,231,77
217,143,77
224,287,77
231,206,77
233,278,77
239,170,77
255,71,77
258,259,77
259,258,77
278,233,77
287,224,77
294,167,77
301,85,77
313,95,77
321,151,77
321,176,77
339,100,77
340,114,77
341,166,77
341,209,77
6,30,78
11,161,78
11,336,78
14,289,78
28,268,78
34,73,78
41,263,78
43,272,78
50,140,78
53,173,78
67,115,78
73,34,78
77,49,78
77,200,78
78,145,78
94,130,78
94,250,78
96,246,78
115,67,78
130,94,78
130,250,78
135,326,78
137,263,78
140,50,78
151,176,78
151,321,78
157,279,78
158,226,78
161,11,78
161,336,78
166,170,78
166,239,78
170,166,78
170,239,78
171,195,78
173,53,78
174,230,78
176,151,78
176,321,78
179,81,78
186,224,78
195,171,78
200,77,78
224,186,78
226,158,78
230,174,78
230,267,78
239,166,78
239,170,78
246,96,78
250,94,78
250,130,78
263,41,78
263,137,78
267,230,78
268,28,78
272,43,78
279,157,78
289,14,78
321,151,78
321,176,78
326,135,78
336,11,78
336,161,78
11,161,79
13,130,79
31,102,79
33,165,79
49,200,79
51,63,79
54,120,79
63,51,79
66,74,79
74,66,79
77,49,79
77,200,79
90,184,79
94,13,79
94,130,79
101,339,79
102,31,79
114,336,79
120,54,79
130,13,79
130,94,79
130,250,79
161,11,79
165,33,79
166,170,79
166,239,79
166,341,79
170,166,79
184,90,79
197,221,79
200,49,79
200,77,79
209,319,79
221,197,79
230,174,79
230,267,79
239,166,79
259,109,79
306,313,79
313,306,79
319,209,79
336,114,79
339,101,79
341,166,79
4,7,80
6,117,80
7,4,80
11,324,80
13,94,80
38,183,80
41,217,80
46,83,80
50,237,80
51,112,80
59,109,80
63,112,80
66,221,80
68,247,80
74,197,80
74,221,80
77,236,80
83,46,80
94,13,80
109,59,80
112,51,80
112,63,80
114,201,80
114,336,80
116,192,80
117,6,80
131,299,80
142,310,80
146,209,80
161,324,80
164,267,80
166,170,80
166,239,80
183,38,80
185,282,80
192,116,80
193,296,80
197,74,80
197,221,80
200,236,80
209,146,80
217,41,80
217,143,80
221,66,80
221,74,80
221,197,80
230,174,80
236,77,80
236,200,80
247,68,80
267,164,80
282,185,80
296,193,80
299,131,80
310,142,80
324,11,80
324,161,80
336,340,80
340,336,80
2,316,81
19,175,81
19,249,81
23,288,81
25,118,81
34,265,81
40,189,81
41,137,81
41,217,81
49,236,81
66,74,81
69,107,81
73,265,81
74,66,81
89,216,81
94,250,81
107,69,81
112,158,81
114,340,81
131,141,81
133,326,81
137,41,81
137,217,81
150,220,81
158,112,81
158,226,81
161,291,81
174,267,81
175,19,81
175,249,81
200,49,81
200,236,81
203,293,81
216,89,81
217,41,81
217,137,81
217,143,81
220,150,81
230,267,81
236,49,81
236,200,81
249,175,81
250,94,81
259,258,81
265,34,81
265,73,81
267,174,81
267,230,81
288,23,81
291,161,81
293,203,81
310,320,81
316,2,81
320,310,81
326,133,81
340,114,81
8,132,82
10,337,82
12,246,82
13,250,82
19,175,82
21,160,82
31,342,82
80,248,82
86,317,82
93,146,82
94,130,82
112,226,82
116,151,82
123,127,82
126,194,82
127,123,82
129,258,82
130,94,82
132,8,82
146,93,82
151,116,82
160,21,82
161,229,82
162,308,82
166,341,82
175,19,82
186,244,82
187,296,82
194,126,82
209,319,82
211,318,82
217,41,82
217,137,82
226,112,82
229,161,82
236,49,82
236,200,82
244,186,82
246,12,82
248,80,82
250,13,82
258,129,82
258,259,82
267,174,82
269,283,82
275,310,82
283,269,82
287,345,82
296,187,82
308,162,82
310,142,82
310,275,82
317,86,82
318,211,82
337,10,82
342,31,82
345,287,82
10,15,83
10,337,83
15,10,83
15,337,83
29,134,83
31,102,83
31,342,83
39,164,83
49,200,83
55,285,83
63,191,83
64,330,83
69,29,83
69,134,83
100,101,83
101,100,83
114,336,83
125,273,83
134,29,83
134,69,83
147,269,83
161,324,83
164,39,83
166,239,83
186,224,83
191,63,83
198,251,83
200,49,83
226,158,83
251,198,83
255,274,83
269,147,83
269,283,83
273,125,83
282,335,83
285,55,83
306,99,83
330,64,83
336,114,83
337,15,83
6,30,84
9,66,84
10,15,84
10,337,84
12,52,84
15,10,84
15,337,84
30,117,84
34,205,84
41,143,84
52,12,84
65,213,84
66,9,84
95,297,84
104,265,84
114,201,84
114,336,84
117,30,84
134,29,84
140,237,84
143,41,84
147,283,84
174,230,84
176,227,84
185,335,84
205,34,84
213,65,84
223,343,84
224,244,84
227,176,84
230,174,84
232,277,84
237,140,84
244,224,84
258,129,84
258,293,84
265,104,84
277,232,84
282,185,84
283,147,84
283,269,84
293,258,84
297,95,84
324,11,84
335,185,84
337,10,84
337,15,84
343,223,84
10,15,85
15,10,85
15,337,85
30,6,85
30,117,85
49,236,85
55,152,85
56,189,85
75,312,85
83,301,85
116,321,85
129,259,85
144,210,85
152,55,85
159,327,85
189,56,85
201,336,85
203,259,85
203,293,85
204,295,85
210,144,85
210,216,85
216,210,85
230,267,85
236,49,85
247,249,85
249,247,85
259,129,85
259,203,85
259,293,85
267,230,85
293,203,85
293,259,85
295,204,85
301,83,85
312,75,85
321,116,85
327,159,85
336,201,85
5,26,86
5,226,86
12,325,86
17,305,86
26,5,86
26,226,86
31,102,86
32,333,86
49,200,86
54,244,86
73,104,86
73,265,86
77,200,86
85,241,86
97,142,86
104,73,86
104,265,86
107,217,86
113,148,86
129,258,86
129,259,86
134,69,86
142,97,86
142,320,86
146,170,86
148,113,86
170,146,86
173,294,86
200,77,86
217,107,86
226,5,86
226,26,86
241,85,86
244,54,86
258,129,86
259,129,86
259,293,86
265,73,86
265,104,86
282,335,86
294,173,86
305,17,86
310,320,86
320,142,86
320,310,86
325,12,86
333,32,86
335,282,86
336,114,86
5,26,87
5,226,87
6,26,87
12,52,87
23,213,87
26,5,87
26,6,87
49,77,87
49,200,87
77,49,87
101,339,87
132,340,87
134,29,87
142,97,87
142,320,87
161,229,87
174,267,87
185,282,87
200,49,87
213,23,87
216,89,87
217,263,87
226,5,87
263,217,87
267,174,87
267,230,87
282,185,87
293,203,87
297,70,87
297,95,87
320,142,87
340,132,87
5,26,88
5,226,88
11,291,88
26,5,88
26,226,88
33,176,88
38,302,88
49,77,88
49,200,88
63,74,88
69,107,88
74,63,88
77,200,88
86,208,88
107,69,88
116,151,88
116,321,88
129,258,88
153,300,88
165,285,88
174,230,88
176,33,88
200,77,88
208,86,88
210,144,88
224,186,88
226,26,88
230,174,88
232,245,88
233,303,88
245,232,88
254,257,88
257,254,88
285,165,88
291,11,88
300,153,88
302,38,88
303,233,88
4,22,89
5,6,89
5,226,89
6,5,89
6,226,89
11,336,89
16,143,89
22,4,89
27,247,89
41,137,89
47,164,89
74,191,89
97,275,89
107,217,89
137,41,89
143,16,89
164,47,89
191,74,89
210,216,89
211,342,89
216,210,89
217,107,89
226,5,89
226,6,89
226,26,89
247,27,89
260,287,89
273,279,89
275,97,89
279,273,89
286,335,89
287,260,89
335,286,89
336,11,89
342,211,89
5,26,90
6,26,90
14,199,90
26,5,90
26,6,90
31,342,90
35,333,90
52,325,90
85,324,90
107,69,90
114,201,90
132,8,90
132,340,90
144,216,90
168,18,90
170,209,90
199,14,90
201,114,90
204,265,90
209,170,90
209,239,90
210,144,90
210,216,90
216,144,90
216,210,90
230,267,90
239,209,90
259,222,90
265,204,90
291,336,90
303,270,90
313,253,90
324,85,90
325,52,90
333,35,90
336,291,90
342,31,90
342,211,90
345,228,90
5,6,91
5,26,91
6,5,91
6,26,91
25,256,91
26,5,91
26,6,91
30,278,91
48,188,91
51,226,91
74,63,91
117,278,91
129,293,91
132,298,91
139,253,91
144,210,91
144,216,91
146,239,91
152,197,91
170,239,91
190,296,91
197,152,91
209,170,91
210,144,91
213,65,91
216,144,91
226,51,91
239,146,91
239,170,91
251,338,91
253,139,91
253,313,91
254,326,91
256,25,91
258,293,91
260,286,91
278,30,91
278,117,91
281,284,91
284,281,91
286,260,91
293,129,91
293,258,91
296,190,91
298,132,91
298,340,91
326,254,91
340,298,91
342,31,91
342,211,91
29,217,92
31,290,92
31,342,92
60,200,92
68,249,92
76,234,92
83,241,92
96,319,92
100,158,92
126,275,92
129,203,92
134,217,92
158,100,92
162,179,92
179,162,92
183,288,92
185,335,92
194,275,92
198,338,92
200,60,92
203,129,92
203,258,92
209,239,92
217,29,92
217,134,92
234,76,92
239,146,92
239,209,92
241,83,92
249,68,92
258,203,92
258,293,92
275,126,92
275,194,92
278,30,92
288,183,92
290,31,92
298,132,92
298,340,92
319,96,92
335,185,92
336,11,92
338,198,92
342,31,92
5,6,93
5,26,93
6,5,93
6,26,93
6,226,93
12,238,93
23,288,93
26,5,93
26,6,93
39,267,93
49,77,93
59,93,93
66,197,93
77,49,93
90,169,93
93,59,93
97,243,93
123,174,93
126,310,93
146,170,93
146,209,93
147,339,93
162,308,93
167,187,93
169,90,93
170,146,93
174,123,93
187,167,93
197,66,93
209,146,93
209,239,93
226,6,93
226,51,93
238,12,93
243,97,93
265,73,93
267,39,93
288,23,93
298,132,93
301,324,93
310,126,93
324,301,93
339,147,93
5,30,94
5,278,94
6,26,94
6,51,94
26,5,94
26,6,94
26,51,94
29,69,94
30,5,94
30,278,94
37,61,94
37,134,94
38,198,94
46,311,94
51,6,94
51,26,94
53,332,94
61,37,94
61,134,94
66,152,94
69,29,94
73,204,94
98,141,94
102,342,94
126,194,94
134,37,94
134,61,94
134,217,94
141,98,94
146,170,94
146,209,94
152,66,94
152,197,94
179,308,94
194,126,94
194,275,94
197,152,94
198,38,94
204,73,94
206,305,94
209,146,94
209,239,94
212,309,94
265,295,94
278,5,94
278,30,94
295,265,94
305,206,94
308,179,94
309,212,94
311,46,94
326,133,94
336,291,94
342,102,94
5,26,95
16,41,95
19,251,95
26,5,95
31,318,95
41,16,95
89,210,95
97,104,95
100,339,95
104,97,95
107,137,95
134,37,95
134,61,95
137,107,95
182,294,95
192,243,95
209,146,95
209,239,95
210,89,95
210,216,95
215,306,95
216,210,95
243,192,95
243,275,95
251,19,95
258,203,95
275,243,95
282,335,95
283,299,95
294,182,95
299,283,95
306,215,95
318,31,95
335,282,95
339,100,95
5,278,96
6,26,96
6,51,96
8,298,96
8,340,96
25,57,96
26,6,96
26,101,96
30,117,96
38,338,96
49,312,96
51,6,96
57,25,96
61,217,96
70,307,96
72,149,96
73,265,96
83,85,96
85,83,96
90,270,96
101,26,96
105,332,96
117,30,96
129,258,96
130,250,96
134,217,96
146,170,96
189,344,96
191,195,96
192,320,96
195,191,96
198,338,96
203,129,96
203,258,96
217,61,96
217,134,96
239,341,96
250,130,96
255,318,96
258,129,96
258,203,96
259,293,96
265,73,96
270,90,96
278,5,96
290,318,96
293,259,96
298,8,96
307,70,96
312,49,96
318,255,96
318,290,96
320,192,96
332,105,96
336,11,96
338,38,96
338,198,96
340,8,96
341,239,96
344,189,96
6,26,97
10,164,97
11,291,97
16,263,97
26,6,97
26,101,97
36,91,97
66,221,97
91,36,97
94,249,97
111,314,97
116,176,97
142,192,97
142,320,97
146,209,97
162,179,97
164,10,97
170,209,97
176,116,97
179,162,97
190,172,97
192,142,97
192,320,97
194,243,97
201,252,97
209,146,97
209,170,97
209,239,97
220,308,97
221,66,97
239,209,97
243,194,97
249,94,97
252,201,97
258,129,97
258,203,97
263,16,97
291,11,97
308,220,97
314,111,97
320,142,97
320,192,97
324,336,97
335,185,97
336,324,97
338,38,97
338,198,97
1,57,98
6,51,98
9,221,98
10,47,98
16,137,98
26,6,98
41,137,98
47,10,98
51,101,98
54,120,98
57,1,98
75,236,98
83,241,98
101,51,98
107,263,98
137,16,98
137,41,98
137,107,98
137,263,98
146,170,98
146,239,98
154,184,98
170,146,98
170,239,98
184,154,98
204,265,98
204,295,98
209,341,98
221,9,98
228,260,98
236,75,98
239,146,98
239,170,98
243,275,98
260,228,98
263,107,98
263,137,98
265,204,98
265,295,98
274,300,98
295,204,98
295,265,98
300,274,98
301,311,98
311,301,98
320,142,98
341,209,98
8,201,99
18,267,99
19,198,99
19,251,99
22,61,99
23,79,99
28,235,99
61,22,99
63,221,99
79,23,99
85,241,99
93,170,99
99,215,99
103,280,99
104,204,99
104,295,99
106,199,99
135,340,99
137,41,99
139,313,99
146,319,99
170,93,99
186,293,99
198,19,99
198,338,99
199,106,99
201,8,99
201,114,99
204,104,99
204,295,99
206,231,99
215,99,99
221,63,99
228,345,99
232,277,99
235,28,99
241,85,99
243,194,99
260,286,99
265,73,99
267,18,99
274,318,99
280,103,99
293,186,99
295,104,99
295,204,99
298,132,99
313,139,99
318,274,99
319,146,99
340,135,99
5,51,100
5,101,100
7,49,100
9,63,100
31,290,100
37,108,100
45,254,100
49,7,100
49,77,100
51,5,100
51,101,100
61,217,100
63,9,100
81,230,100
88,161,100
101,5,100
101,51,100
104,204,100
106,326,100
108,37,100
109,222,100
112,191,100
137,16,100
161,88,100
191,112,100
198,251,100
198,338,100
201,8,100
201,114,100
204,104,100
206,225,100
206,231,100
217,61,100
222,109,100
225,206,100
230,81,100
251,198,100
254,45,100
260,345,100
286,345,100
290,31,100
291,324,100
291,336,100
297,307,100
307,297,100
324,291,100
324,336,100
326,106,100
336,291,100
336,324,100
345,260,100
345,286,100
