1,84,1
6,31,1
6,108,1
10,15,1
15,10,1
20,129,1
24,127,1
26,112,1
31,6,1
58,89,1
60,107,1
84,1,1
89,58,1
107,60,1
108,6,1
112,26,1
127,24,1
129,20,1
6,114,2
26,46,2
26,112,2
43,103,2
46,26,2
46,112,2
50,68,2
57,74,2
68,50,2
74,57,2
93,95,2
95,93,2
96,106,2
103,43,2
106,96,2
108,114,2
112,46,2
114,6,2
114,108,2
125,126,2
126,125,2
6,108,3
26,46,3
26,112,3
36,45,3
45,36,3
46,26,3
73,77,3
77,73,3
108,6,3
112,26,3
26,46,4
40,103,4
89,127,4
103,40,4
127,89,4
2,80,5
6,114,5
17,107,5
45,60,5
51,119,5
56,92,5
59,62,5
60,45,5
62,59,5
80,2,5
92,56,5
104,110,5
107,17,5
110,104,5
114,6,5
119,51,5
6,108,6
6,114,6
45,36,6
103,43,6
108,114,6
114,108,6
27,99,7
36,60,7
45,60,7
60,36,7
60,45,7
85,89,7
89,85,7
99,27,7
114,6,7
1,99,8
21,118,8
64,101,8
72,79,8
79,72,8
99,1,8
101,64,8
114,108,8
118,21,8
5,34,9
5,106,9
15,86,9
28,102,9
34,5,9
66,97,9
86,15,9
97,66,9
102,28,9
106,5,9
3,38,10
5,34,10
20,58,10
38,3,10
58,20,10
103,40,10
46,112,11
112,46,11
114,6,11
88,115,12
89,127,12
115,88,12
4,48,14
48,4,14
79,136,14
136,79,14
59,103,15
70,116,15
85,127,15
103,59,15
116,70,15
127,85,15
1,84,16
18,129,16
49,89,16
89,49,16
114,108,16
129,18,16
24,49,17
24,89,17
49,24,17
49,89,17
64,131,17
87,95,17
89,24,17
89,49,17
95,87,17
106,96,17
131,64,17
14,96,18
24,49,18
49,24,18
95,93,18
96,14,18
44,95,19
64,101,19
88,90,19
90,88,19
95,44,19
114,6,19
6,108,20
6,114,20
32,118,20
50,119,20
76,91,20
91,76,20
95,93,20
108,6,20
118,32,20
119,50,20
6,108,21
95,44,21
95,93,21
6,114,22
46,26,22
95,44,22
6,108,23
6,114,23
18,28,23
28,18,23
6,108,24
6,114,24
45,54,24
47,72,24
54,45,24
72,47,24
49,85,25
73,96,25
85,49,25
96,73,25
3,30,26
12,40,26
26,112,26
29,44,26
29,93,26
30,3,26
40,12,26
44,29,26
44,93,26
46,112,26
93,29,26
93,44,26
112,26,26
112,46,26
26,46,27
41,82,27
46,26,27
82,41,27
99,27,27
108,114,27
114,108,27
1,27,28
27,1,28
85,127,28
1,84,29
20,85,29
71,135,29
85,20,29
85,49,29
135,71,29
49,127,30
127,49,30
1,99,31
46,112,31
62,74,31
74,62,31
88,115,31
95,87,31
99,1,31
19,101,32
101,19,32
54,60,33
60,54,33
72,79,33
72,136,33
79,72,33
101,64,33
136,72,33
1,27,34
8,88,34
72,79,34
74,132,34
88,8,34
101,19,34
101,64,34
132,74,34
19,64,35
19,101,35
64,19,35
88,115,35
90,115,35
101,19,35
115,90,35
58,80,36
72,136,36
74,62,36
79,136,36
80,58,36
136,79,36
13,113,37
29,44,37
44,29,37
62,132,37
113,13,37
132,62,37
136,72,37
8,115,38
27,99,38
62,74,38
62,132,38
87,93,38
93,87,38
99,27,38
115,8,38
136,79,38
6,31,39
8,88,39
8,115,39
62,74,39
88,8,39
41,122,40
62,132,40
74,132,40
115,90,40
122,41,40
132,74,40
45,48,41
48,45,41
62,74,41
62,132,41
64,101,41
74,62,41
74,132,41
101,64,41
109,110,41
110,109,41
132,62,41
132,74,41
136,72,41
13,53,42
44,87,42
53,13,42
87,44,42
39,68,43
68,39,43
87,93,43
8,88,44
8,115,44
37,47,44
47,37,44
85,20,44
87,44,44
115,8,44
8,88,45
15,10,45
35,78,45
78,35,45
11,42,46
36,71,46
37,76,46
42,11,46
62,74,46
71,36,46
74,62,46
76,37,46
80,85,46
85,80,46
26,112,47
80,58,47
85,129,47
112,26,47
129,85,47
34,106,48
66,89,48
88,90,48
89,66,48
90,88,48
106,34,48
2,18,49
18,2,49
44,29,49
2,129,50
18,129,50
29,87,50
47,76,50
76,47,50
87,29,50
94,123,50
123,94,50
129,2,50
129,18,50
8,115,51
29,44,51
129,2,51
22,52,52
39,50,52
39,68,52
50,39,52
52,22,52
59,132,52
84,99,52
99,84,52
132,59,52
27,54,53
33,57,53
54,27,53
57,33,53
120,125,53
125,120,53
136,79,53
3,38,54
39,50,54
67,122,54
69,70,54
70,69,54
122,67,54
129,18,54
41,82,55
48,60,55
60,48,55
50,68,56
68,50,56
93,95,56
95,93,56
129,2,56
2,18,58
12,43,58
18,2,58
32,130,58
37,79,58
39,68,58
43,12,58
68,39,58
79,37,58
130,32,58
3,138,59
39,50,59
39,68,59
50,39,59
50,68,59
68,50,59
138,3,59
18,85,60
29,93,60
68,39,60
85,18,60
93,29,60
2,85,61
47,91,61
68,50,61
76,91,61
85,2,61
85,18,61
87,93,61
91,47,61
91,76,61
93,87,61
2,18,62
9,17,62
17,9,62
18,2,62
18,85,62
33,135,62
68,39,62
91,47,62
135,33,62
2,129,63
18,2,63
18,85,63
18,129,63
39,50,63
50,39,63
90,115,63
115,90,63
129,18,63
18,85,64
32,111,64
39,68,64
54,60,64
55,63,64
60,54,64
63,55,64
111,32,64
123,134,64
134,123,64
50,68,65
68,50,65
80,85,65
85,80,65
88,125,65
125,88,65
2,18,67
18,2,67
80,58,67
39,50,68
50,39,68
50,68,68
3,38,69
29,95,69
95,29,69
17,136,70
136,17,70
20,80,71
49,100,71
55,73,71
73,55,71
80,20,71
100,49,71
125,120,72
2,28,73
17,37,73
18,28,73
28,2,73
28,18,73
37,17,73
68,119,73
119,68,73
2,18,74
3,30,74
18,2,74
27,48,74
48,27,74
82,107,74
107,82,74
50,51,75
51,50,75
67,73,75
73,67,75
103,132,75
132,103,75
21,130,76
130,21,76
41,136,77
60,71,77
71,60,77
88,120,77
120,88,77
136,41,77
47,76,78
76,47,78
11,104,80
13,21,80
21,13,80
88,125,80
104,11,80
125,88,80
9,45,81
45,9,81
111,130,81
130,111,81
21,111,82
28,129,82
29,87,82
45,107,82
72,91,82
87,29,82
91,72,82
107,45,82
111,21,82
129,28,82
1,54,83
45,9,83
54,1,83
88,120,83
90,125,83
125,90,83
120,125,84
125,120,84
25,50,85
48,99,85
50,25,85
85,131,85
88,125,85
99,48,85
125,88,85
125,90,85
125,120,85
131,85,85
27,99,86
45,107,86
48,27,86
62,135,86
80,58,86
99,27,86
135,62,86
17,79,87
79,17,87
90,120,87
111,130,87
120,90,87
125,88,87
30,139,88
120,125,88
125,120,88
139,30,88
27,48,89
29,93,89
93,29,89
125,88,89
41,82,90
59,62,90
62,59,90
82,41,90
32,140,91
58,127,91
88,90,91
90,88,91
90,125,91
112,46,91
125,90,91
127,58,91
140,32,91
26,46,92
26,112,92
46,26,92
46,112,92
58,80,92
58,127,92
84,108,92
88,125,92
97,117,92
108,84,92
112,26,92
112,46,92
117,97,92
125,88,92
25,68,93
26,46,93
26,112,93
38,54,93
46,26,93
46,112,93
54,38,93
58,80,93
58,127,93
68,25,93
80,127,93
88,90,93
88,125,93
90,88,93
112,26,93
112,46,93
127,80,93
25,50,94
41,107,94
54,138,94
88,90,94
88,125,94
90,125,94
107,41,94
112,26,94
125,90,94
138,54,94
17,37,95
25,68,95
41,82,95
1,84,96
82,107,96
84,1,96
88,90,96
90,88,96
90,125,96
107,82,96
28,131,97
88,125,97
125,88,97
131,28,97
88,120,98
120,88,98
24,46,99
46,24,99
47,79,99
48,99,99
79,47,99
99,48,99
5,106,100
6,81,100
58,85,100
81,6,100
83,124,100
84,108,100
85,58,100
88,125,100
106,5,100
124,83,100
