1,207,1
5,209,1
29,191,1
32,195,1
33,260,1
46,217,1
47,102,1
52,198,1
54,89,1
59,61,1
61,59,1
71,123,1
73,113,1
75,233,1
89,54,1
97,204,1
102,47,1
103,246,1
111,144,1
113,73,1
114,208,1
116,249,1
123,71,1
142,259,1
144,111,1
151,261,1
152,161,1
161,152,1
169,254,1
191,29,1
195,32,1
196,268,1
198,52,1
202,232,1
204,97,1
207,1,1
208,114,1
209,5,1
217,46,1
218,254,1
232,202,1
233,75,1
246,103,1
249,116,1
254,169,1
254,218,1
259,142,1
260,33,1
261,151,1
268,196,1
15,77,2
16,258,2
24,113,2
38,190,2
43,79,2
48,51,2
51,48,2
77,15,2
79,43,2
80,186,2
90,123,2
95,161,2
113,24,2
123,90,2
137,185,2
139,223,2
141,150,2
150,141,2
161,95,2
163,175,2
164,177,2
169,218,2
169,254,2
175,163,2
177,164,2
185,137,2
186,80,2
187,259,2
190,38,2
218,169,2
223,139,2
254,169,2
258,16,2
259,187,2
5,199,3
11,64,3
18,160,3
21,62,3
25,159,3
52,119,3
57,174,3
62,21,3
64,11,3
74,202,3
101,203,3
109,190,3
113,73,3
119,52,3
130,136,3
135,188,3
136,130,3
142,187,3
142,259,3
159,25,3
160,18,3
174,57,3
187,142,3
187,259,3
188,135,3
190,109,3
199,5,3
202,74,3
203,101,3
259,142,3
259,187,3
10,52,4
20,81,4
32,159,4
38,109,4
44,127,4
47,139,4
52,10,4
52,119,4
73,200,4
74,232,4
81,20,4
92,247,4
101,202,4
109,38,4
123,231,4
127,44,4
139,47,4
139,223,4
142,187,4
154,165,4
159,32,4
165,154,4
187,142,4
193,196,4
196,193,4
200,73,4
202,101,4
231,123,4
232,74,4
247,92,4
261,265,4
265,261,4
9,48,5
21,100,5
23,87,5
38,190,5
48,9,5
83,159,5
87,23,5
91,193,5
100,21,5
109,190,5
113,24,5
123,71,5
123,231,5
156,197,5
159,83,5
169,218,5
190,38,5
190,109,5
193,91,5
193,196,5
193,268,5
197,156,5
220,258,5
237,251,5
251,237,5
258,220,5
268,193,5
21,58,6
21,100,6
58,21,6
116,200,6
133,162,6
143,170,6
146,196,6
162,133,6
163,182,6
164,250,6
170,143,6
182,163,6
190,38,6
193,196,6
196,146,6
196,193,6
200,116,6
202,203,6
203,202,6
207,264,6
250,164,6
264,207,6
14,228,7
21,58,7
21,100,7
109,222,7
124,155,7
150,215,7
155,124,7
215,150,7
222,109,7
228,14,7
258,16,7
21,58,8
32,195,8
38,222,8
61,140,8
73,113,8
76,143,8
76,149,8
78,124,8
85,208,8
89,167,8
95,100,8
95,161,8
100,95,8
113,73,8
116,249,8
124,78,8
126,200,8
140,61,8
143,76,8
143,149,8
146,193,8
149,76,8
149,143,8
159,195,8
164,177,8
164,250,8
167,89,8
193,146,8
193,196,8
195,159,8
196,268,8
200,126,8
208,85,8
222,38,8
268,196,8
10,93,9
23,252,9
31,35,9
32,83,9
32,195,9
35,31,9
49,187,9
61,59,9
83,32,9
88,248,9
93,10,9
100,152,9
102,177,9
149,76,9
152,100,9
156,181,9
156,197,9
172,254,9
177,102,9
181,156,9
181,197,9
187,49,9
188,215,9
193,268,9
195,32,9
197,181,9
215,188,9
222,109,9
248,88,9
252,23,9
254,172,9
268,193,9
268,196,9
6,176,10
23,86,10
23,252,10
30,96,10
32,83,10
69,160,10
74,202,10
74,203,10
82,185,10
83,195,10
86,23,10
92,225,10
95,100,10
95,161,10
96,30,10
100,95,10
100,161,10
156,181,10
156,197,10
160,69,10
161,100,10
176,6,10
180,183,10
181,156,10
183,180,10
185,82,10
193,256,10
193,268,10
195,83,10
197,156,10
202,74,10
203,74,10
225,92,10
256,193,10
258,220,10
268,193,10
19,211,11
23,86,11
51,60,11
60,51,11
74,202,11
93,119,11
95,100,11
100,95,11
113,24,11
113,73,11
119,93,11
125,158,11
145,182,11
158,125,11
182,145,11
193,256,11
211,19,11
268,196,11
22,102,12
34,72,12
38,240,12
45,122,12
52,121,12
71,90,12
72,34,12
76,170,12
82,228,12
83,212,12
90,71,12
102,22,12
102,177,12
121,52,12
122,45,12
147,189,12
170,76,12
181,197,12
189,147,12
197,181,12
212,83,12
228,82,12
240,38,12
256,268,12
268,256,12
12,39,13
22,47,13
22,102,13
24,199,13
24,209,13
32,195,13
38,190,13
39,12,13
47,22,13
55,191,13
56,221,13
95,152,13
102,22,13
104,138,13
138,104,13
141,215,13
146,196,13
152,95,13
191,55,13
195,32,13
196,146,13
199,24,13
204,214,13
209,24,13
214,204,13
215,141,13
221,56,13
1,16,14
16,1,14
19,238,14
26,39,14
28,155,14
39,26,14
52,93,14
85,176,14
93,52,14
95,100,14
95,152,14
102,177,14
155,28,14
176,85,14
176,208,14
196,256,14
196,268,14
199,209,14
208,176,14
209,199,14
238,19,14
256,196,14
256,268,14
268,196,14
268,256,14
6,114,15
39,12,15
43,68,15
46,170,15
66,207,15
68,43,15
87,266,15
92,205,15
114,6,15
128,253,15
140,249,15
146,268,15
160,18,15
170,46,15
190,240,15
205,92,15
207,66,15
215,188,15
240,190,15
249,140,15
253,128,15
266,87,15
268,146,15
6,176,16
6,208,16
7,262,16
11,83,16
24,199,16
24,209,16
30,117,16
71,84,16
83,11,16
84,71,16
96,127,16
107,110,16
110,107,16
117,30,16
127,96,16
169,254,16
176,6,16
196,256,16
199,24,16
199,209,16
208,6,16
209,24,16
209,199,16
215,141,16
254,169,16
256,196,16
262,7,16
3,242,17
6,176,17
11,159,17
23,181,17
31,120,17
47,139,17
52,250,17
58,62,17
62,58,17
76,217,17
106,224,17
120,31,17
126,249,17
139,47,17
159,11,17
176,208,17
181,23,17
181,197,17
203,262,17
208,176,17
209,24,17
209,199,17
215,188,17
217,76,17
224,106,17
242,3,17
249,126,17
250,52,17
262,203,17
10,121,18
14,82,18
16,264,18
24,199,18
24,209,18
43,79,18
51,96,18
52,93,18
82,14,18
96,51,18
121,10,18
136,184,18
149,143,18
176,6,18
176,208,18
181,23,18
184,136,18
190,38,18
195,235,18
199,24,18
199,209,18
209,24,18
209,199,18
215,141,18
215,188,18
216,220,18
220,216,18
235,195,18
254,172,18
264,16,18
11,83,19
24,199,19
24,209,19
25,55,19
52,250,19
55,25,19
58,95,19
74,232,19
93,250,19
95,58,19
96,127,19
98,255,19
108,150,19
131,199,19
150,108,19
163,175,19
166,234,19
199,24,19
199,131,19
209,24,19
234,166,19
250,93,19
255,98,19
74,202,20
86,252,20
87,181,20
92,247,20
114,208,20
146,193,20
169,172,20
172,169,20
178,228,20
181,87,20
193,146,20
208,114,20
220,258,20
228,178,20
252,86,20
6,85,21
6,176,21
16,207,21
24,199,21
24,209,21
32,212,21
42,254,21
52,93,21
57,197,21
73,116,21
85,6,21
93,52,21
96,51,21
116,73,21
137,178,21
137,228,21
139,177,21
146,219,21
176,6,21
177,139,21
178,137,21
178,228,21
181,23,21
181,87,21
191,29,21
193,219,21
197,57,21
199,24,21
202,232,21
206,243,21
207,16,21
212,32,21
219,146,21
219,193,21
228,137,21
228,178,21
232,202,21
243,206,21
254,42,21
4,12,22
12,4,22
16,264,22
51,60,22
52,198,22
52,250,22
54,171,22
72,158,22
124,155,22
136,130,22
137,178,22
137,228,22
139,47,22
139,223,22
155,124,22
158,72,22
169,229,22
171,54,22
173,230,22
178,137,22
183,201,22
199,131,22
201,183,22
202,74,22
205,225,22
225,205,22
228,137,22
229,169,22
230,173,22
250,52,22
16,207,23
16,264,23
18,231,23
21,95,23
47,223,23
62,152,23
85,176,23
95,21,23
106,142,23
116,249,23
128,244,23
136,222,23
137,178,23
139,47,23
139,223,23
142,106,23
146,193,23
146,219,23
152,62,23
176,85,23
193,146,23
219,146,23
222,136,23
223,47,23
223,139,23
231,18,23
244,128,23
249,116,23
249,126,23
262,7,23
18,160,24
30,60,24
31,154,24
39,245,24
47,139,24
47,223,24
60,30,24
93,198,24
96,127,24
123,184,24
131,209,24
136,130,24
137,228,24
139,47,24
146,193,24
146,219,24
154,31,24
159,227,24
178,228,24
184,123,24
198,93,24
209,131,24
220,216,24
223,47,24
227,159,24
228,178,24
245,39,24
249,116,24
16,207,25
18,231,25
38,122,25
44,96,25
44,127,25
52,198,25
73,249,25
91,196,25
95,58,25
96,44,25
96,127,25
99,119,25
119,99,25
122,38,25
127,44,25
127,96,25
146,193,25
146,219,25
156,209,25
162,205,25
193,219,25
196,91,25
198,52,25
198,93,25
202,232,25
205,162,25
209,156,25
219,193,25
220,258,25
249,73,25
1,264,26
18,160,26
52,250,26
54,125,26
72,34,26
90,123,26
110,202,26
110,232,26
123,90,26
125,54,26
202,74,26
202,110,26
202,232,26
209,131,26
209,156,26
232,110,26
232,202,26
239,251,26
251,239,26
264,1,26
18,231,27
24,199,27
26,64,27
54,171,27
64,26,27
95,21,27
110,202,27
110,232,27
125,167,27
167,125,27
199,24,27
202,74,27
202,110,27
202,232,27
232,110,27
232,202,27
249,116,27
18,160,28
41,204,28
87,197,28
122,190,28
128,265,28
131,156,28
138,200,28
156,131,28
156,209,28
190,122,28
196,256,28
197,87,28
200,138,28
202,74,28
204,41,28
219,146,28
232,110,28
265,128,28
17,78,29
21,62,29
21,95,29
25,191,29
30,51,29
37,165,29
42,69,29
47,139,29
51,30,29
53,109,29
62,21,29
69,42,29
78,17,29
79,219,29
109,53,29
131,209,29
137,178,29
156,131,29
156,209,29
165,37,29
178,137,29
191,25,29
204,214,29
209,131,29
209,156,29
219,79,29
219,146,29
219,268,29
240,253,29
253,240,29
268,219,29
16,66,30
16,207,30
21,62,30
30,60,30
49,259,30
51,60,30
60,51,30
66,16,30
73,116,30
73,249,30
79,91,30
87,252,30
91,79,30
116,73,30
116,249,30
209,131,30
249,73,30
249,116,30
252,87,30
259,49,30
10,93,31
16,66,31
21,95,31
33,161,31
54,192,31
60,30,31
62,95,31
79,219,31
93,10,31
95,62,31
161,33,31
192,54,31
206,236,31
219,79,31
236,206,31
10,198,32
21,152,32
26,182,32
63,141,32
76,161,32
79,146,32
91,219,32
125,171,32
125,192,32
141,63,32
143,170,32
144,194,32
146,79,32
146,196,32
152,21,32
161,76,32
170,143,32
171,125,32
171,192,32
182,26,32
186,202,32
192,125,32
192,171,32
194,144,32
196,146,32
196,256,32
198,10,32
202,186,32
219,91,32
21,62,33
21,95,33
29,259,33
32,83,33
40,68,33
61,140,33
62,21,33
62,95,33
68,40,33
73,116,33
79,219,33
83,32,33
93,121,33
95,21,33
95,62,33
113,249,33
116,73,33
121,93,33
125,167,33
140,61,33
146,256,33
196,146,33
199,209,33
209,199,33
219,79,33
249,113,33
256,146,33
259,29,33
13,96,34
35,37,34
37,35,34
60,51,34
62,152,34
74,186,34
79,196,34
79,219,34
83,195,34
93,221,34
96,13,34
102,22,34
141,215,34
152,62,34
186,74,34
195,83,34
196,79,34
209,131,34
215,141,34
221,93,34
11,32,35
21,62,35
21,95,35
32,11,35
62,21,35
62,95,35
74,202,35
79,196,35
79,219,35
95,21,35
95,62,35
98,237,35
130,222,35
131,156,35
131,209,35
139,223,35
156,131,35
172,218,35
175,182,35
182,175,35
186,202,35
202,74,35
202,186,35
218,172,35
222,130,35
223,139,35
237,98,35
244,265,35
259,49,35
265,244,35
2,89,36
12,26,36
12,64,36
13,127,36
18,90,36
22,213,36
26,12,36
44,51,36
51,44,36
60,30,36
62,152,36
64,12,36
89,2,36
90,18,36
90,123,36
93,198,36
98,132,36
98,237,36
116,126,36
126,116,36
127,13,36
131,156,36
132,98,36
142,224,36
148,155,36
155,148,36
198,93,36
199,24,36
213,22,36
224,142,36
250,164,36
4,39,37
12,26,37
16,101,37
18,123,37
23,87,37
39,4,37
43,91,37
53,253,37
59,117,37
60,127,37
65,241,37
77,155,37
87,23,37
87,252,37
90,18,37
90,123,37
91,43,37
98,132,37
98,237,37
101,16,37
106,224,37
110,267,37
117,59,37
123,18,37
123,90,37
125,192,37
127,60,37
142,106,37
155,77,37
167,192,37
192,125,37
192,167,37
224,106,37
241,65,37
253,53,37
267,110,37
18,90,38
18,123,38
58,100,38
60,30,38
74,186,38
77,148,38
77,155,38
87,23,38
90,18,38
90,123,38
100,58,38
106,142,38
119,177,38
123,18,38
123,90,38
125,171,38
125,192,38
126,249,38
127,13,38
132,237,38
148,77,38
148,155,38
155,148,38
167,171,38
171,125,38
171,167,38
177,119,38
186,74,38
192,125,38
237,132,38
249,126,38
13,30,39
15,148,39
18,90,39
18,123,39
30,13,39
30,127,39
43,79,39
49,194,39
50,252,39
53,244,39
53,253,39
74,202,39
79,43,39
89,125,39
90,18,39
102,223,39
123,18,39
125,89,39
126,116,39
127,30,39
148,15,39
155,77,39
168,216,39
186,202,39
194,49,39
202,74,39
202,186,39
216,168,39
223,102,39
237,98,39
244,53,39
252,50,39
10,121,40
18,84,40
18,123,40
30,13,40
44,60,40
50,87,40
53,244,40
53,253,40
60,44,40
74,186,40
84,18,40
87,50,40
116,249,40
121,10,40
125,167,40
147,266,40
167,125,40
186,74,40
195,212,40
196,219,40
212,195,40
219,196,40
249,116,40
266,147,40
22,52,41
23,86,41
47,102,41
51,60,41
52,22,41
60,51,41
74,232,41
86,23,41
95,21,41
98,132,41
102,47,41
102,139,41
132,98,41
139,102,41
167,171,41
168,220,41
173,234,41
174,243,41
194,144,41
198,221,41
202,232,41
216,220,41
218,254,41
220,168,41
220,216,41
221,198,41
232,74,41
232,202,41
234,173,41
243,174,41
254,218,41
5,140,42
18,90,42
18,123,42
47,139,42
66,264,42
74,202,42
102,47,42
102,177,42
122,38,42
139,47,42
140,5,42
167,125,42
167,171,42
168,216,42
168,220,42
177,102,42
195,83,42
202,74,42
205,225,42
216,168,42
216,220,42
220,168,42
220,216,42
264,66,42
12,175,43
24,38,43
38,24,43
47,223,43
54,153,43
80,107,43
83,212,43
107,80,43
113,209,43
125,171,43
135,141,43
141,135,43
141,215,43
142,224,43
153,54,43
171,125,43
171,167,43
175,12,43
193,267,43
194,49,43
209,113,43
212,83,43
223,47,43
224,142,43
244,253,43
253,244,43
267,193,43
4,12,44
5,61,44
12,4,44
28,124,44
36,137,44
36,178,44
55,144,44
61,5,44
65,79,44
65,241,44
79,65,44
83,195,44
83,212,44
84,123,44
119,164,44
123,84,44
124,28,44
137,36,44
144,55,44
151,166,44
164,119,44
166,151,44
171,125,44
178,36,44
195,212,44
200,236,44
212,195,44
236,200,44
4,175,45
10,263,45
23,87,45
53,184,45
59,208,45
60,112,45
66,101,45
66,264,45
87,23,45
101,66,45
112,60,45
134,227,45
137,178,45
148,155,45
155,148,45
168,216,45
168,220,45
175,4,45
175,182,45
178,137,45
184,53,45
208,59,45
216,168,45
216,220,45
220,168,45
220,216,45
227,134,45
263,10,45
3,239,46
7,80,46
12,175,46
13,44,46
18,84,46
18,90,46
18,123,46
26,39,46
39,26,46
44,13,46
65,79,46
77,148,46
80,7,46
84,18,46
84,90,46
84,123,46
86,87,46
87,86,46
90,84,46
96,127,46
105,252,46
123,18,46
123,84,46
127,96,46
148,77,46
148,155,46
160,166,46
164,250,46
166,160,46
175,12,46
181,252,46
220,168,46
239,3,46
252,105,46
252,181,46
3,251,47
18,84,47
33,100,47
36,185,47
68,233,47
77,155,47
84,18,47
87,23,47
100,33,47
104,200,47
105,181,47
115,218,47
148,77,47
148,155,47
155,77,47
155,148,47
181,105,47
181,252,47
182,145,47
185,36,47
200,104,47
208,114,47
211,236,47
212,83,47
218,115,47
233,68,47
236,211,47
239,251,47
251,3,47
251,239,47
256,268,47
268,256,47
7,107,48
43,268,48
66,101,48
66,264,48
77,148,48
77,155,48
90,123,48
101,16,48
101,66,48
107,7,48
123,90,48
129,214,48
133,205,48
148,77,48
148,155,48
155,77,48
155,148,48
178,185,48
185,178,48
200,211,48
205,133,48
211,200,48
211,236,48
214,129,48
268,43,48
4,12,49
7,80,49
12,4,49
24,131,49
38,122,49
40,233,49
46,143,49
65,241,49
68,40,49
68,233,49
77,148,49
79,241,49
89,171,49
101,16,49
114,176,49
131,24,49
143,46,49
148,77,49
170,217,49
171,89,49
176,114,49
181,105,49
211,200,49
217,170,49
233,40,49
233,68,49
241,79,49
2,72,50
3,239,50
14,138,50
24,199,50
29,34,50
34,29,50
40,68,50
40,233,50
47,100,50
66,101,50
66,264,50
68,40,50
68,233,50
72,2,50
84,123,50
100,47,50
101,66,50
117,176,50
123,84,50
123,90,50
138,14,50
158,171,50
171,158,50
176,117,50
178,236,50
181,252,50
233,40,50
233,68,50
236,178,50
239,3,50
10,121,51
10,263,51
14,36,51
30,112,51
33,47,51
33,100,51
36,14,51
36,138,51
47,33,51
47,100,51
100,33,51
100,47,51
102,223,51
112,30,51
123,84,51
138,36,51
176,114,51
176,208,51
208,176,51
223,102,51
233,40,51
2,158,52
5,140,52
21,58,52
21,95,52
24,38,52
24,199,52
33,47,52
38,24,52
39,227,52
47,33,52
50,86,52
56,257,52
57,156,52
58,21,52
76,217,52
83,144,52
86,50,52
111,187,52
121,263,52
144,83,52
156,57,52
158,2,52
162,242,52
176,114,52
178,185,52
178,236,52
181,105,52
185,236,52
187,111,52
200,104,52
200,211,52
217,76,52
227,39,52
227,134,52
236,185,52
242,162,52
257,56,52
263,121,52
4,175,53
10,121,53
10,263,53
38,122,53
40,68,53
40,233,53
68,40,53
68,233,53
102,177,53
104,211,53
117,208,53
121,10,53
175,4,53
178,185,53
181,252,53
185,178,53
185,236,53
200,104,53
200,211,53
208,117,53
211,104,53
211,200,53
218,229,53
227,39,53
229,218,53
233,68,53
263,10,53
10,121,54
10,263,54
21,58,54
24,38,54
30,96,54
32,120,54
36,14,54
38,24,54
38,199,54
40,68,54
44,60,54
60,44,54
62,95,54
66,101,54
68,40,54
91,268,54
95,62,54
96,30,54
120,32,54
121,263,54
125,158,54
158,125,54
178,236,54
185,178,54
185,236,54
199,38,54
211,104,54
211,200,54
227,134,54
236,178,54
236,185,54
240,244,54
244,240,54
263,121,54
268,91,54
4,12,55
15,77,55
19,206,55
36,138,55
51,210,55
72,167,55
77,15,55
84,90,55
90,84,55
97,188,55
104,200,55
110,263,55
146,267,55
151,160,55
160,151,55
167,72,55
188,97,55
200,104,55
200,211,55
206,19,55
210,51,55
227,159,55
229,169,55
229,218,55
263,10,55
263,110,55
267,146,55
268,43,55
10,121,56
24,199,56
43,233,56
43,268,56
50,87,56
87,50,56
104,211,56
121,10,56
134,159,56
159,134,56
178,185,56
185,178,56
199,24,56
211,104,56
233,43,56
233,268,56
267,193,56
268,233,56
11,55,57
21,62,57
26,134,57
50,86,57
50,87,57
55,11,57
62,21,57
68,268,57
79,201,57
132,255,57
133,225,57
134,26,57
134,159,57
137,228,57
200,236,57
201,79,57
225,133,57
228,137,57
236,200,57
239,251,57
255,132,57
268,68,57
1,46,58
4,145,58
10,110,58
10,263,58
13,210,58
21,58,58
21,62,58
32,212,58
38,113,58
46,1,58
50,86,58
50,87,58
63,135,58
63,215,58
68,40,58
86,87,58
87,86,58
110,10,58
110,263,58
113,38,58
113,122,58
114,208,58
122,113,58
125,171,58
127,140,58
132,98,58
135,63,58
140,127,58
145,4,58
171,125,58
185,236,58
208,114,58
210,13,58
212,32,58
215,63,58
236,185,58
239,3,58
239,251,58
263,10,58
263,110,58
267,146,58
1,260,59
5,126,59
10,110,59
14,138,59
21,58,59
30,61,59
46,260,59
50,86,59
61,30,59
61,127,59
66,264,59
86,50,59
104,200,59
110,10,59
123,181,59
126,5,59
127,61,59
138,14,59
159,227,59
181,123,59
185,178,59
200,104,59
200,236,59
236,200,59
239,3,59
256,267,59
260,1,59
260,46,59
267,193,59
267,256,59
1,46,60
1,260,60
2,171,60
30,127,60
32,55,60
33,62,60
33,152,60
46,1,60
46,260,60
53,166,60
55,32,60
61,30,60
61,127,60
62,33,60
62,152,60
113,209,60
127,30,60
127,61,60
132,255,60
135,215,60
152,33,60
152,62,60
166,53,60
171,2,60
171,125,60
200,104,60
215,135,60
260,1,60
260,46,60
267,193,60
267,256,60
30,61,61
32,212,61
33,62,61
42,172,61
61,30,61
61,127,61
62,33,61
64,75,61
75,64,61
84,231,61
98,255,61
99,250,61
101,16,61
132,98,61
146,207,61
164,119,61
171,2,61
172,42,61
173,261,61
200,236,61
207,146,61
227,39,61
231,84,61
250,99,61
255,98,61
260,1,61
260,46,61
261,173,61
268,43,61
14,104,62
17,206,62
21,95,62
33,152,62
47,100,62
49,70,62
55,11,62
58,100,62
65,267,62
70,49,62
82,137,62
95,21,62
96,112,62
100,58,62
104,14,62
112,96,62
130,131,62
131,130,62
137,82,62
152,33,62
190,199,62
199,190,62
206,17,62
267,65,62
10,121,63
18,222,63
50,87,63
87,50,63
100,47,63
104,138,63
104,185,63
127,140,63
135,141,63
136,199,63
138,104,63
141,135,63
141,215,63
185,104,63
193,256,63
198,93,63
199,136,63
199,190,63
215,141,63
222,18,63
256,193,63
33,62,64
36,178,64
47,58,64
50,86,64
58,47,64
61,30,64
73,117,64
86,87,64
87,86,64
117,73,64
134,26,64
134,227,64
135,215,64
141,135,64
141,215,64
178,36,64
199,136,64
199,190,64
207,263,64
215,135,64
215,141,64
227,134,64
263,207,64
27,31,65
31,27,65
47,100,65
57,197,65
73,114,65
73,117,65
114,73,65
134,26,65
136,190,65
138,185,65
139,177,65
146,193,65
150,205,65
177,139,65
185,138,65
190,136,65
190,199,65
193,146,65
195,235,65
197,57,65
203,264,65
205,150,65
215,135,65
227,39,65
264,203,65
268,233,65
8,194,66
12,175,66
17,262,66
24,130,66
26,227,66
30,44,66
33,95,66
44,30,66
55,212,66
65,193,66
76,161,66
95,33,66
104,14,66
114,117,66
117,114,66
130,24,66
134,227,66
135,188,66
175,12,66
188,135,66
190,136,66
190,199,66
193,65,66
194,8,66
212,55,66
227,26,66
227,134,66
262,17,66
1,46,67
11,235,67
14,236,67
17,206,67
17,262,67
32,55,67
42,189,67
46,1,67
55,32,67
63,141,67
117,73,67
135,215,67
141,63,67
146,207,67
188,97,67
188,135,67
189,42,67
190,136,67
198,221,67
207,146,67
227,39,67
235,11,67
236,14,67
14,104,68
14,236,68
26,134,68
52,177,68
67,234,68
70,144,68
104,236,68
134,26,68
135,188,68
142,106,68
144,70,68
177,52,68
198,93,68
234,67,68
235,195,68
236,104,68
264,66,68
264,203,68
4,175,69
13,226,69
14,104,69
17,19,69
19,17,69
40,43,69
43,40,69
66,203,69
66,264,69
68,75,69
75,68,69
79,268,69
90,222,69
104,14,69
130,199,69
153,205,69
175,4,69
175,12,69
199,130,69
203,66,69
205,153,69
222,90,69
226,13,69
232,263,69
250,257,69
257,250,69
263,232,69
264,66,69
268,79,69
14,236,70
38,156,70
97,135,70
104,236,70
116,174,70
135,97,70
156,38,70
174,116,70
175,4,70
193,267,70
203,264,70
236,14,70
236,104,70
264,203,70
267,193,70
66,203,71
66,264,71
70,49,71
90,231,71
117,114,71
125,167,71
143,258,71
146,263,71
148,248,71
149,161,71
161,149,71
166,184,71
167,125,71
184,166,71
193,233,71
203,66,71
203,264,71
217,223,71
223,217,71
231,90,71
233,193,71
236,14,71
248,148,71
258,143,71
263,146,71
263,232,71
264,66,71
264,203,71
10,65,72
12,219,72
14,104,72
32,195,72
44,61,72
61,44,72
65,10,72
66,203,72
99,257,72
104,14,72
141,188,72
182,196,72
188,141,72
195,32,72
196,182,72
203,66,72
219,12,72
257,99,72
2,34,73
29,171,73
32,55,73
32,195,73
34,2,73
47,52,73
52,47,73
56,250,73
73,114,73
103,107,73
107,103,73
114,73,73
126,136,73
133,150,73
136,126,73
150,133,73
151,173,73
171,29,73
173,151,73
188,215,73
205,225,73
215,188,73
225,205,73
250,56,73
1,170,74
15,28,74
15,124,74
28,15,74
28,124,74
62,100,74
71,151,74
72,192,74
73,117,74
100,62,74
102,139,74
115,254,74
117,73,74
124,15,74
124,28,74
139,102,74
151,71,74
170,1,74
188,141,74
192,72,74
198,221,74
206,262,74
254,115,74
262,206,74
5,44,75
15,28,75
28,15,75
28,124,75
44,5,75
52,100,75
59,117,75
65,207,75
73,114,75
100,52,75
100,62,75
117,59,75
141,215,75
151,173,75
188,215,75
207,65,75
215,141,75
215,188,75
241,267,75
267,241,75
3,133,76
4,245,76
32,55,76
33,152,76
39,134,76
52,62,76
52,100,76
61,140,76
62,52,76
82,104,76
90,222,76
91,182,76
94,234,76
100,52,76
104,82,76
133,3,76
134,39,76
140,61,76
141,188,76
151,71,76
151,173,76
165,212,76
168,216,76
182,91,76
182,196,76
188,141,76
188,215,76
202,232,76
212,165,76
216,168,76
232,202,76
234,94,76
245,4,76
26,39,77
28,15,77
39,26,77
41,214,77
47,100,77
52,62,77
61,127,77
61,140,77
66,264,77
67,230,77
100,47,77
127,61,77
127,140,77
140,127,77
145,245,77
153,54,77
161,76,77
185,200,77
200,185,77
214,41,77
230,67,77
233,256,77
245,145,77
256,233,77
264,66,77
21,161,78
28,148,78
28,248,78
40,79,78
45,140,78
54,225,78
66,203,78
66,264,78
79,40,78
82,236,78
91,196,78
124,248,78
140,45,78
148,28,78
148,248,78
161,21,78
193,256,78
196,91,78
198,93,78
203,264,78
225,54,78
225,205,78
233,193,78
233,256,78
236,82,78
248,28,78
248,124,78
248,148,78
256,193,78
256,233,78
263,146,78
264,203,78
1,143,79
2,158,79
18,131,79
28,148,79
28,248,79
32,83,79
38,57,79
39,134,79
42,255,79
52,95,79
57,38,79
61,127,79
79,268,79
83,32,79
95,52,79
104,14,79
127,61,79
131,18,79
143,1,79
143,258,79
148,28,79
158,2,79
193,233,79
193,256,79
225,54,79
225,205,79
233,193,79
233,256,79
248,28,79
248,124,79
255,42,79
256,193,79
256,233,79
28,124,80
28,148,80
33,95,80
44,30,80
45,61,80
47,58,80
52,62,80
54,205,80
61,45,80
61,127,80
61,140,80
71,173,80
77,155,80
78,88,80
79,40,80
88,78,80
95,33,80
105,163,80
120,159,80
124,28,80
140,61,80
148,248,80
155,77,80
159,120,80
161,76,80
163,105,80
173,71,80
205,54,80
205,225,80
231,252,80
248,148,80
252,231,80
256,193,80
265,128,80
28,124,81
32,144,81
45,127,81
52,223,81
61,45,81
61,127,81
61,140,81
62,223,81
83,144,81
83,195,81
91,182,81
95,152,81
127,45,81
127,61,81
137,262,81
144,32,81
144,83,81
152,95,81
175,251,81
182,91,81
195,83,81
205,54,81
214,218,81
218,214,81
223,52,81
223,62,81
245,4,81
251,175,81
262,137,81
10,193,82
14,178,82
32,83,82
34,171,82
45,61,82
45,127,82
53,253,82
55,144,82
61,45,82
80,238,82
82,137,82
83,32,82
95,33,82
104,185,82
114,138,82
124,148,82
127,45,82
137,82,82
137,262,82
138,114,82
144,55,82
148,124,82
171,34,82
176,6,82
178,14,82
185,104,82
186,246,82
193,10,82
223,52,82
238,80,82
246,186,82
253,53,82
15,248,83
32,144,83
41,229,83
44,127,83
45,61,83
45,127,83
55,195,83
57,86,83
65,263,83
86,57,83
120,134,83
127,44,83
127,45,83
134,120,83
144,32,83
144,195,83
177,217,83
195,55,83
195,144,83
217,177,83
223,62,83
229,41,83
248,15,83
263,65,83
23,50,84
35,75,84
37,183,84
39,159,84
45,61,84
50,23,84
50,87,84
55,83,84
55,144,84
75,35,84
83,55,84
83,144,84
83,195,84
87,50,84
97,188,84
113,156,84
144,32,84
144,55,84
144,83,84
144,195,84
147,189,84
156,113,84
159,39,84
161,21,84
183,37,84
188,97,84
189,147,84
193,267,84
195,83,84
195,144,84
206,238,84
214,229,84
229,214,84
238,206,84
267,193,84
1,260,85
6,85,85
14,36,85
14,178,85
19,82,85
36,14,85
36,178,85
38,86,85
41,214,85
41,229,85
45,127,85
50,23,85
61,112,85
62,217,85
62,223,85
66,101,85
68,79,85
71,151,85
71,173,85
79,68,85
82,19,85
83,144,85
83,195,85
85,6,85
86,38,85
101,66,85
101,168,85
104,236,85
112,61,85
120,227,85
127,140,85
140,127,85
144,83,85
151,71,85
168,101,85
171,224,85
178,36,85
195,83,85
214,41,85
214,218,85
214,229,85
217,62,85
222,252,85
224,171,85
227,120,85
229,41,85
229,214,85
236,104,85
252,222,85
260,1,85
263,146,85
8,118,86
14,36,86
14,178,86
36,14,86
36,178,86
40,233,86
41,214,86
55,83,86
66,168,86
83,55,86
83,144,86
104,185,86
104,236,86
108,225,86
109,240,86
118,8,86
144,195,86
161,149,86
168,66,86
168,101,86
178,14,86
178,36,86
195,144,86
205,225,86
206,262,86
214,41,86
225,108,86
225,205,86
233,40,86
240,109,86
242,251,86
251,242,86
254,255,86
255,254,86
262,206,86
14,36,87
36,14,87
45,61,87
47,139,87
61,45,87
61,127,87
95,149,87
104,185,87
127,61,87
139,47,87
149,95,87
157,160,87
160,157,87
168,66,87
217,223,87
222,231,87
223,217,87
231,222,87
235,11,87
250,257,87
251,175,87
251,242,87
257,250,87
2,34,88
4,175,88
34,2,88
36,137,88
58,139,88
59,211,88
61,45,88
62,217,88
137,36,88
139,58,88
144,235,88
164,250,88
164,257,88
175,4,88
180,221,88
208,211,88
211,59,88
211,208,88
217,62,88
217,223,88
219,245,88
221,180,88
235,144,88
245,219,88
250,164,88
250,257,88
257,164,88
257,250,88
5,30,89
5,44,89
10,65,89
12,26,89
26,12,89
30,5,89
30,44,89
44,5,89
44,30,89
44,127,89
65,10,89
120,134,89
120,227,89
123,222,89
123,231,89
127,44,89
139,47,89
151,253,89
154,212,89
164,250,89
164,257,89
175,251,89
211,59,89
212,154,89
222,123,89
230,261,89
231,123,89
250,164,89
251,175,89
253,151,89
257,164,89
261,230,89
11,165,90
36,178,90
42,132,90
44,5,90
44,127,90
52,217,90
55,235,90
59,208,90
73,138,90
82,104,90
92,153,90
101,203,90
104,82,90
113,174,90
115,255,90
132,42,90
134,227,90
138,73,90
153,92,90
164,250,90
165,11,90
174,113,90
198,221,90
203,101,90
208,59,90
208,211,90
211,208,90
217,52,90
217,223,90
221,198,90
227,134,90
235,55,90
242,162,90
255,115,90
5,127,91
11,144,91
16,264,91
28,77,91
41,218,91
44,30,91
44,127,91
52,223,91
76,170,91
77,28,91
123,222,91
123,231,91
127,5,91
127,44,91
132,254,91
138,176,91
144,11,91
170,76,91
176,138,91
182,196,91
196,182,91
208,59,91
215,229,91
217,52,91
218,41,91
223,52,91
229,215,91
254,132,91
264,16,91
7,17,92
17,7,92
21,76,92
39,227,92
43,241,92
53,71,92
71,53,92
73,176,92
76,21,92
76,170,92
83,195,92
85,176,92
93,207,92
116,211,92
119,257,92
123,222,92
123,252,92
131,166,92
135,141,92
141,135,92
143,260,92
166,131,92
176,73,92
176,85,92
195,83,92
207,93,92
211,116,92
214,229,92
222,252,92
227,39,92
229,214,92
241,43,92
252,123,92
252,222,92
257,119,92
260,143,92
5,44,93
5,127,93
30,45,93
32,195,93
34,171,93
38,197,93
39,159,93
43,256,93
44,5,93
45,30,93
73,85,93
73,176,93
85,73,93
88,228,93
115,215,93
127,5,93
131,18,93
139,223,93
171,34,93
176,73,93
195,32,93
195,83,93
196,219,93
197,38,93
215,115,93
219,196,93
223,139,93
228,88,93
252,123,93
256,43,93
4,26,94
5,44,94
5,127,94
15,77,94
26,4,94
28,155,94
35,64,94
36,200,94
38,86,94
43,241,94
43,256,94
44,127,94
64,35,94
73,85,94
73,176,94
77,15,94
77,28,94
77,155,94
86,197,94
127,44,94
133,237,94
155,28,94
155,77,94
184,199,94
197,86,94
199,184,94
200,36,94
215,255,94
237,133,94
255,215,94
10,193,95
52,217,95
58,62,95
62,58,95
77,15,95
86,38,95
86,197,95
90,181,95
104,185,95
109,136,95
116,117,95
117,116,95
136,109,95
155,28,95
159,227,95
181,90,95
193,10,95
195,32,95
205,54,95
215,115,95
227,159,95
5,44,96
12,39,96
14,200,96
15,28,96
15,77,96
18,166,96
25,49,96
26,12,96
28,15,96
28,77,96
28,155,96
29,191,96
36,14,96
36,200,96
39,12,96
39,159,96
39,227,96
43,241,96
43,256,96
44,5,96
49,25,96
52,223,96
54,225,96
66,101,96
75,201,96
77,28,96
77,155,96
82,262,96
101,66,96
120,144,96
144,120,96
155,77,96
156,174,96
159,39,96
159,227,96
166,18,96
174,156,96
178,206,96
185,236,96
191,29,96
200,14,96
200,36,96
201,75,96
205,225,96
206,178,96
215,254,96
223,52,96
225,54,96
225,205,96
227,39,96
227,159,96
236,185,96
254,215,96
262,82,96
4,12,97
12,4,97
12,26,97
14,36,97
21,161,97
26,227,97
28,77,97
30,60,97
36,14,97
43,241,97
45,127,97
54,205,97
60,30,97
62,217,97
77,28,97
97,141,97
98,132,97
100,139,97
122,130,97
127,45,97
130,122,97
132,98,97
139,100,97
141,97,97
161,21,97
181,231,97
205,54,97
217,62,97
217,223,97
223,217,97
227,26,97
227,39,97
231,181,97
241,256,97
256,241,97
4,26,98
12,4,98
12,26,98
21,76,98
21,161,98
26,4,98
26,12,98
26,227,98
28,155,98
52,217,98
76,21,98
99,164,98
104,236,98
121,221,98
155,28,98
164,99,98
205,225,98
217,52,98
217,223,98
221,121,98
227,26,98
236,104,98
4,12,99
4,26,99
12,4,99
12,26,99
21,76,99
26,4,99
26,12,99
28,77,99
28,155,99
35,75,99
55,212,99
62,102,99
74,91,99
75,35,99
91,74,99
97,214,99
99,250,99
102,62,99
106,259,99
113,190,99
121,207,99
121,221,99
123,222,99
124,228,99
131,166,99
141,135,99
166,131,99
181,90,99
190,113,99
205,54,99
207,121,99
207,221,99
212,55,99
214,97,99
217,52,99
221,207,99
222,123,99
228,124,99
236,185,99
250,99,99
259,106,99
4,12,100
4,26,100
12,4,100
12,26,100
12,251,100
26,4,100
26,12,100
28,77,100
43,256,100
60,96,100
96,60,100
112,179,100
141,214,100
144,11,100
172,189,100
179,112,100
189,172,100
214,141,100
215,115,100
241,43,100
241,256,100
251,12,100
256,43,100
256,241,100
