2,103,1
6,319,1
7,83,1
16,202,1
18,192,1
24,337,1
28,31,1
31,28,1
31,272,1
36,181,1
44,146,1
45,214,1
48,110,1
48,116,1
48,289,1
49,132,1
74,171,1
76,310,1
78,280,1
83,7,1
84,238,1
92,324,1
103,2,1
110,48,1
110,289,1
116,48,1
120,221,1
132,49,1
135,136,1
136,135,1
140,259,1
146,44,1
162,318,1
165,228,1
171,74,1
175,185,1
175,309,1
178,325,1
181,36,1
185,175,1
189,214,1
189,313,1
191,304,1
192,18,1
197,294,1
202,16,1
204,216,1
205,245,1
206,294,1
214,45,1
214,189,1
216,204,1
221,120,1
223,236,1
228,165,1
231,328,1
236,223,1
237,297,1
238,84,1
245,205,1
245,333,1
259,140,1
269,285,1
272,31,1
279,332,1
280,78,1
282,301,1
285,269,1
289,48,1
289,110,1
294,197,1
294,206,1
297,237,1
301,282,1
304,191,1
309,175,1
310,76,1
313,189,1
318,162,1
319,6,1
324,92,1
325,178,1
328,231,1
332,279,1
333,245,1
337,24,1
5,255,2
10,179,2
13,124,2
13,189,2
29,230,2
43,91,2
43,336,2
45,313,2
47,335,2
48,110,2
48,289,2
51,121,2
59,335,2
67,135,2
91,43,2
91,336,2
110,48,2
119,145,2
121,51,2
124,13,2
124,189,2
135,67,2
135,136,2
142,272,2
145,119,2
162,209,2
162,290,2
175,185,2
176,240,2
179,10,2
181,284,2
183,208,2
189,13,2
189,124,2
189,214,2
189,313,2
197,308,2
208,183,2
209,162,2
214,45,2
214,189,2
214,313,2
230,29,2
240,176,2
255,5,2
267,277,2
272,142,2
277,267,2
284,181,2
286,340,2
289,48,2
290,162,2
296,298,2
298,296,2
300,334,2
308,197,2
313,45,2
313,189,2
313,214,2
334,300,2
335,47,2
335,59,2
336,43,2
336,91,2
340,286,2
31,28,3
32,203,3
43,91,3
43,336,3
48,110,3
89,267,3
91,43,3
91,336,3
93,101,3
100,250,3
101,93,3
135,67,3
140,270,3
166,327,3
189,13,3
194,204,3
203,32,3
203,318,3
204,194,3
209,290,3
221,224,3
224,221,3
229,275,3
242,263,3
243,289,3
250,100,3
263,242,3
267,89,3
270,140,3
271,322,3
275,229,3
289,243,3
290,209,3
313,45,3
313,214,3
318,203,3
322,271,3
327,166,3
336,43,3
336,91,3
5,339,4
13,214,4
25,111,4
25,160,4
32,318,4
43,91,4
43,336,4
45,189,4
45,214,4
45,313,4
50,82,4
50,163,4
82,50,4
82,163,4
91,43,4
91,336,4
95,170,4
104,155,4
104,199,4
106,176,4
109,213,4
111,25,4
120,224,4
124,165,4
135,136,4
148,307,4
155,104,4
155,249,4
160,25,4
163,50,4
163,82,4
165,124,4
170,95,4
176,106,4
178,305,4
180,288,4
189,45,4
189,214,4
189,313,4
199,104,4
213,109,4
214,13,4
214,45,4
214,189,4
221,120,4
221,224,4
224,120,4
224,221,4
226,274,4
241,298,4
249,155,4
267,277,4
274,226,4
288,180,4
290,162,4
290,209,4
298,241,4
305,178,4
307,148,4
313,45,4
313,189,4
318,32,4
336,43,4
336,91,4
339,5,4
3,268,5
5,235,5
5,339,5
32,203,5
32,318,5
45,189,5
45,313,5
67,136,5
74,133,5
105,315,5
110,289,5
122,196,5
124,228,5
126,161,5
128,331,5
133,74,5
133,320,5
135,67,5
135,136,5
136,67,5
136,135,5
161,126,5
178,325,5
180,261,5
189,45,5
189,313,5
196,122,5
203,32,5
209,318,5
228,124,5
235,5,5
235,339,5
261,180,5
268,3,5
289,110,5
289,243,5
290,162,5
313,45,5
313,189,5
315,105,5
318,209,5
320,133,5
331,128,5
336,43,5
339,235,5
7,54,6
13,189,6
13,214,6
23,217,6
37,42,6
42,37,6
43,91,6
43,336,6
54,7,6
67,135,6
67,136,6
74,136,6
91,43,6
91,336,6
108,131,6
131,108,6
135,67,6
135,136,6
136,67,6
136,74,6
136,135,6
145,171,6
155,199,6
155,249,6
171,145,6
189,13,6
189,214,6
199,155,6
206,308,6
214,13,6
214,189,6
217,23,6
275,337,6
280,301,6
298,296,6
301,280,6
308,206,6
318,32,6
318,209,6
336,91,6
337,275,6
1,130,7
5,235,7
28,142,7
40,312,7
41,230,7
43,68,7
43,91,7
45,175,7
57,70,7
62,329,7
64,306,7
65,141,7
68,43,7
70,57,7
71,140,7
74,320,7
77,304,7
91,43,7
91,336,7
108,284,7
110,243,7
115,121,7
121,115,7
127,257,7
130,1,7
136,74,7
140,71,7
141,65,7
142,28,7
153,265,7
162,209,7
162,266,7
163,50,7
165,228,7
170,309,7
175,45,7
209,162,7
214,13,7
228,165,7
230,41,7
235,5,7
235,339,7
243,110,7
257,127,7
265,153,7
266,162,7
281,301,7
284,108,7
301,281,7
304,77,7
306,64,7
308,197,7
309,170,7
312,40,7
314,323,7
320,74,7
323,314,7
329,62,7
4,49,8
5,339,8
13,189,8
18,55,8
21,82,8
29,240,8
39,84,8
43,68,8
43,91,8
48,289,8
49,4,8
55,18,8
62,137,8
67,320,8
68,91,8
71,270,8
74,136,8
82,21,8
84,39,8
86,146,8
91,43,8
91,68,8
124,214,8
136,67,8
136,74,8
136,320,8
137,62,8
140,150,8
142,272,8
146,86,8
150,140,8
162,209,8
162,266,8
168,174,8
174,168,8
187,304,8
189,13,8
197,264,8
199,249,8
214,124,8
240,29,8
249,199,8
255,273,8
264,197,8
269,276,8
270,71,8
273,255,8
276,269,8
289,48,8
298,241,8
304,187,8
312,338,8
320,67,8
320,136,8
338,312,8
339,5,8
2,201,9
13,214,9
24,298,9
44,233,9
56,164,9
60,156,9
62,329,9
67,145,9
67,320,9
77,187,9
77,304,9
86,211,9
89,277,9
105,226,9
131,284,9
136,74,9
138,307,9
145,67,9
156,60,9
162,209,9
164,56,9
184,332,9
187,77,9
187,304,9
201,2,9
209,318,9
211,86,9
214,13,9
214,124,9
222,292,9
226,105,9
233,44,9
259,270,9
270,259,9
277,89,9
284,131,9
292,222,9
298,24,9
298,241,9
304,77,9
304,187,9
307,138,9
320,67,9
332,184,9
13,124,10
25,150,10
40,216,10
46,310,10
67,145,10
70,253,10
71,206,10
73,83,10
77,187,10
82,163,10
83,73,10
86,146,10
86,211,10
90,207,10
101,309,10
124,13,10
150,25,10
152,169,10
155,283,10
160,195,10
163,82,10
169,152,10
187,77,10
195,160,10
206,71,10
207,90,10
216,40,10
249,155,10
253,70,10
277,267,10
283,155,10
284,108,10
290,318,10
309,101,10
310,46,10
318,290,10
16,128,11
24,241,11
24,298,11
26,52,11
49,132,11
52,26,11
65,186,11
69,92,11
86,146,11
86,211,11
91,336,11
92,69,11
97,113,11
102,244,11
109,265,11
113,97,11
121,51,11
128,16,11
136,320,11
142,28,11
146,211,11
150,259,11
169,303,11
186,65,11
211,146,11
216,312,11
241,24,11
244,102,11
247,296,11
249,283,11
259,150,11
259,270,11
265,109,11
283,249,11
287,299,11
296,247,11
298,24,11
299,287,11
303,169,11
312,216,11
320,136,11
339,235,11
7,258,12
13,45,12
13,124,12
25,140,12
25,259,12
35,289,12
40,312,12
45,13,12
53,189,12
57,253,12
68,336,12
91,43,12
121,115,12
128,331,12
129,320,12
140,25,12
140,259,12
150,270,12
187,335,12
189,53,12
211,86,12
226,274,12
253,57,12
258,7,12
259,25,12
259,140,12
265,153,12
270,150,12
284,131,12
289,35,12
307,148,12
312,40,12
320,129,12
320,136,12
335,187,12
336,68,12
339,5,12
339,235,12
25,206,13
26,50,13
26,52,13
27,172,13
32,209,13
39,123,13
42,143,13
50,26,13
50,52,13
52,50,13
68,91,13
74,326,13
76,167,13
77,335,13
91,68,13
123,39,13
130,211,13
143,42,13
167,76,13
172,27,13
206,25,13
209,32,13
211,130,13
230,240,13
240,230,13
284,108,13
320,129,13
320,136,13
326,74,13
335,77,13
335,187,13
4,132,14
25,140,14
25,206,14
26,50,14
35,273,14
50,26,14
55,192,14
57,70,14
70,57,14
70,253,14
71,140,14
83,258,14
86,130,14
92,324,14
103,146,14
113,293,14
130,86,14
132,4,14
132,49,14
134,144,14
140,25,14
140,71,14
144,134,14
146,103,14
150,259,14
192,55,14
253,70,14
258,83,14
259,150,14
265,109,14
265,153,14
273,35,14
276,285,14
285,276,14
293,113,14
312,216,14
320,129,14
320,136,14
335,77,14
335,187,14
17,292,15
18,192,15
18,322,15
21,227,15
28,272,15
29,176,15
35,255,15
47,96,15
55,18,15
57,253,15
69,324,15
70,57,15
70,253,15
71,206,15
92,69,15
92,324,15
94,284,15
96,47,15
97,303,15
107,285,15
107,295,15
108,131,15
127,194,15
131,108,15
132,4,15
140,206,15
147,330,15
150,270,15
176,29,15
192,18,15
194,127,15
206,71,15
206,140,15
215,327,15
224,327,15
227,21,15
253,57,15
253,70,15
255,35,15
272,28,15
284,94,15
285,107,15
285,276,15
292,17,15
295,107,15
303,97,15
304,335,15
312,40,15
312,216,15
320,129,15
322,18,15
324,69,15
324,92,15
327,215,15
327,224,15
330,147,15
335,77,15
335,304,15
1,123,16
18,192,16
28,142,16
34,299,16
71,140,16
75,279,16
77,187,16
116,252,16
123,1,16
135,145,16
138,148,16
140,71,16
145,135,16
148,138,16
162,167,16
162,266,16
167,162,16
176,106,16
178,305,16
187,77,16
203,318,16
214,228,16
228,214,16
252,116,16
265,109,16
279,75,16
299,34,16
318,203,16
324,69,16
324,92,16
3,314,17
32,41,17
41,32,17
41,318,17
45,124,17
84,123,17
89,267,17
123,84,17
124,45,17
136,326,17
140,206,17
141,332,17
146,201,17
158,160,17
160,158,17
161,333,17
162,167,17
162,266,17
191,321,17
201,146,17
217,238,17
238,217,17
265,153,17
267,89,17
299,287,17
314,3,17
318,41,17
320,136,17
321,191,17
324,69,17
326,136,17
332,141,17
333,161,17
13,53,18
22,26,18
25,197,18
26,22,18
41,32,18
43,136,18
50,52,18
53,13,18
94,158,18
114,121,18
121,114,18
123,39,18
123,84,18
124,228,18
125,266,18
136,43,18
146,103,18
158,94,18
165,275,18
184,225,18
193,212,18
197,25,18
212,193,18
225,184,18
228,124,18
266,125,18
275,165,18
299,34,18
2,127,19
9,66,19
15,104,19
22,50,19
25,206,19
28,272,19
31,142,19
33,338,19
35,273,19
38,316,19
42,78,19
50,22,19
66,9,19
68,302,19
74,91,19
78,42,19
91,74,19
91,302,19
94,160,19
95,309,19
99,209,19
104,15,19
105,315,19
125,162,19
125,266,19
127,2,19
138,307,19
140,71,19
142,31,19
146,201,19
158,284,19
160,94,19
162,125,19
165,214,19
165,275,19
173,254,19
187,321,19
206,25,19
209,99,19
214,165,19
214,275,19
219,223,19
223,219,19
244,286,19
254,173,19
275,214,19
284,158,19
286,244,19
302,68,19
302,91,19
307,138,19
309,95,19
316,38,19
321,187,19
338,33,19
71,206,20
72,317,20
74,320,20
120,308,20
125,161,20
132,49,20
138,148,20
138,307,20
146,103,20
146,201,20
152,303,20
161,125,20
190,193,20
193,190,20
206,71,20
226,306,20
245,205,20
269,295,20
275,165,20
295,269,20
299,287,20
303,152,20
306,226,20
308,120,20
312,40,20
317,72,20
320,74,20
22,26,21
49,126,21
49,132,21
50,52,21
69,92,21
92,69,21
94,284,21
100,180,21
107,248,21
126,49,21
130,232,21
144,189,21
145,326,21
151,157,21
157,151,21
161,266,21
162,167,21
169,210,21
180,100,21
187,77,21
189,144,21
210,169,21
232,130,21
248,107,21
266,161,21
275,214,21
284,94,21
306,315,21
312,216,21
315,306,21
321,191,21
326,145,21
10,115,22
14,81,22
19,183,22
32,76,22
41,76,22
44,146,22
56,95,22
76,32,22
76,41,22
81,14,22
95,56,22
95,170,22
95,309,22
97,113,22
104,295,22
113,97,22
115,10,22
117,144,22
117,189,22
124,45,22
124,228,22
144,117,22
145,135,22
146,44,22
147,260,22
148,307,22
170,95,22
170,309,22
183,19,22
189,117,22
197,206,22
206,197,22
217,218,22
217,238,22
218,217,22
228,313,22
260,147,22
275,165,22
275,214,22
295,104,22
307,148,22
309,170,22
312,40,22
313,228,22
20,247,23
21,82,23
21,227,23
25,197,23
32,41,23
32,76,23
41,32,23
49,126,23
49,132,23
71,120,23
71,270,23
76,32,23
82,21,23
91,320,23
92,324,23
120,71,23
120,270,23
124,45,23
130,146,23
135,326,23
146,130,23
161,125,23
161,266,23
197,25,23
247,20,23
270,71,23
270,120,23
273,289,23
284,158,23
287,300,23
289,273,23
294,308,23
300,287,23
306,226,23
308,294,23
309,95,23
315,105,23
320,91,23
324,92,23
326,135,23
327,166,23
15,159,24
15,295,24
32,41,24
44,103,24
44,146,24
45,228,24
49,126,24
61,145,24
63,311,24
70,158,24
86,232,24
103,44,24
104,15,24
104,295,24
119,129,24
123,1,24
124,228,24
124,275,24
126,132,24
129,119,24
130,86,24
130,146,24
132,126,24
135,145,24
136,326,24
145,61,24
145,135,24
146,44,24
146,130,24
155,208,24
158,70,24
159,15,24
201,257,24
203,324,24
208,155,24
228,45,24
228,124,24
229,249,24
232,86,24
249,229,24
257,201,24
270,71,24
275,124,24
284,94,24
287,299,24
295,15,24
295,104,24
311,63,24
314,323,24
324,203,24
326,136,24
15,104,25
21,178,25
29,240,25
36,131,25
40,216,25
40,312,25
44,103,25
75,208,25
80,260,25
86,130,25
100,245,25
104,15,25
104,159,25
104,295,25
130,86,25
131,36,25
159,104,25
161,333,25
167,290,25
178,21,25
182,246,25
199,283,25
208,75,25
208,155,25
216,40,25
216,312,25
237,317,25
240,29,25
245,100,25
246,182,25
260,80,25
270,120,25
273,35,25
281,291,25
283,199,25
290,167,25
291,281,25
312,216,25
317,237,25
8,54,26
15,295,26
22,319,26
25,140,26
28,142,26
36,108,26
40,216,26
40,312,26
44,146,26
45,313,26
54,8,26
61,135,26
69,324,26
72,133,26
74,91,26
76,318,26
91,74,26
92,69,26
92,203,26
92,324,26
95,170,26
100,180,26
100,245,26
108,36,26
122,199,26
123,328,26
133,72,26
135,61,26
135,171,26
140,25,26
142,28,26
146,44,26
165,214,26
170,95,26
171,135,26
175,185,26
175,234,26
178,227,26
193,212,26
197,206,26
199,122,26
203,92,26
203,324,26
208,75,26
214,165,26
214,275,26
216,40,26
224,221,26
227,178,26
228,45,26
234,175,26
245,205,26
253,57,26
275,214,26
295,15,26
295,104,26
299,34,26
300,334,26
312,40,26
313,45,26
314,3,26
318,76,26
319,22,26
324,69,26
324,92,26
324,203,26
328,123,26
21,227,27
25,197,27
40,198,27
40,312,27
44,86,27
44,146,27
45,228,27
65,88,27
66,168,27
68,149,27
69,203,27
71,150,27
86,44,27
88,65,27
100,180,27
100,245,27
128,16,27
135,61,27
135,171,27
149,68,27
150,71,27
168,66,27
175,185,27
175,234,27
185,234,27
197,25,27
198,40,27
201,233,27
203,69,27
204,312,27
208,155,27
214,165,27
227,21,27
228,313,27
233,201,27
234,185,27
245,100,27
245,205,27
254,336,27
269,276,27
273,289,27
275,313,27
276,269,27
295,15,27
312,204,27
313,228,27
313,275,27
314,323,27
324,92,27
336,254,27
22,26,28
24,173,28
25,140,28
25,197,28
35,289,28
39,328,28
44,86,28
49,161,28
61,145,28
66,9,28
66,168,28
69,92,28
84,218,28
92,69,28
92,324,28
96,191,28
108,131,28
109,153,28
113,293,28
130,211,28
131,108,28
140,197,28
145,61,28
150,259,28
153,109,28
155,183,28
161,49,28
173,24,28
178,305,28
183,155,28
191,96,28
197,140,28
217,23,28
218,84,28
228,45,28
234,175,28
245,100,28
273,35,28
273,289,28
289,35,28
289,273,28
302,320,28
312,40,28
312,204,28
320,302,28
328,39,28
12,56,29
36,131,29
40,204,29
40,312,29
45,144,29
45,228,29
56,12,29
56,95,29
66,9,29
66,168,29
93,164,29
95,56,29
97,293,29
102,297,29
107,276,29
108,36,29
108,131,29
125,266,29
126,296,29
130,232,29
131,36,29
131,108,29
144,45,29
161,333,29
164,93,29
175,185,29
185,175,29
197,206,29
204,40,29
232,130,29
245,205,29
248,276,29
266,125,29
275,124,29
276,107,29
276,248,29
287,300,29
289,35,29
289,273,29
293,97,29
295,104,29
296,126,29
297,102,29
300,287,29
312,40,29
12,95,30
22,319,30
25,140,30
36,108,30
40,204,30
45,144,30
49,333,30
61,135,30
61,145,30
75,155,30
75,183,30
95,12,30
108,36,30
124,228,30
124,275,30
135,61,30
140,25,30
151,166,30
155,75,30
155,183,30
155,208,30
166,151,30
170,309,30
177,340,30
183,75,30
183,155,30
197,308,30
206,308,30
228,124,30
245,100,30
245,205,30
266,290,30
276,107,30
289,35,30
290,266,30
308,197,30
308,206,30
309,170,30
333,49,30
333,161,30
340,177,30
1,328,31
9,168,31
10,11,31
11,10,31
15,283,31
23,84,31
26,319,31
31,192,31
36,131,31
40,312,31
61,135,31
61,145,31
75,155,31
75,183,31
75,208,31
81,128,31
84,23,31
100,180,31
100,245,31
107,248,31
108,131,31
124,228,31
124,275,31
128,81,31
131,36,31
131,108,31
135,145,31
145,135,31
150,71,31
155,75,31
155,208,31
168,9,31
183,75,31
183,208,31
192,31,31
208,75,31
208,155,31
208,183,31
245,100,31
248,107,31
266,125,31
274,307,31
283,15,31
289,273,31
307,274,31
308,197,31
319,26,31
328,1,31
13,101,32
15,249,32
30,178,32
30,227,32
31,271,32
42,339,32
49,126,32
83,73,32
100,180,32
100,245,32
101,13,32
124,228,32
124,275,32
126,49,32
134,207,32
135,136,32
135,145,32
136,135,32
136,145,32
145,136,32
178,30,32
180,245,32
189,228,32
191,321,32
201,257,32
207,134,32
208,75,32
227,30,32
228,189,32
233,257,32
245,180,32
248,276,32
249,15,32
257,233,32
271,31,32
276,248,32
289,35,32
319,22,32
339,42,32
30,178,33
48,116,33
69,324,33
70,94,33
75,155,33
94,70,33
98,267,33
100,180,33
101,309,33
116,48,33
124,189,33
133,326,33
135,136,33
136,135,33
136,145,33
150,206,33
155,75,33
180,100,33
181,253,33
189,124,33
189,228,33
195,270,33
206,150,33
214,337,33
235,288,33
253,181,33
257,201,33
257,233,33
267,98,33
270,195,33
287,334,33
288,235,33
289,273,33
309,101,33
309,170,33
324,69,33
326,133,33
334,287,33
337,214,33
15,283,34
23,218,34
25,206,34
46,288,34
84,123,34
89,98,34
98,89,34
100,245,34
108,177,34
123,84,34
131,177,34
135,145,34
136,135,34
145,135,34
159,166,34
166,159,34
177,108,34
177,131,34
178,227,34
182,292,34
206,25,34
218,23,34
224,294,34
227,178,34
245,100,34
248,107,34
275,313,34
288,46,34
292,182,34
294,224,34
309,101,34
5,143,35
22,26,35
26,22,35
30,227,35
35,273,35
44,232,35
77,96,35
83,258,35
88,141,35
90,170,35
96,77,35
100,180,35
120,259,35
123,218,35
133,136,35
135,136,35
136,133,35
136,135,35
141,88,35
143,5,35
158,270,35
166,151,35
166,159,35
170,90,35
178,30,35
178,227,35
192,271,35
203,324,35
218,123,35
227,30,35
227,178,35
232,44,35
244,329,35
259,120,35
270,158,35
271,192,35
273,35,35
292,17,35
292,182,35
324,203,35
329,244,35
330,334,35
334,330,35
6,163,36
13,309,36
25,71,36
25,140,36
26,141,36
27,60,36
44,86,36
49,125,36
60,27,36
71,25,36
71,140,36
73,258,36
75,183,36
75,208,36
83,73,36
83,258,36
107,276,36
123,84,36
123,217,36
125,49,36
132,333,36
133,326,36
140,71,36
141,26,36
141,88,36
144,313,36
163,6,36
183,75,36
183,208,36
208,183,36
217,123,36
248,269,36
258,73,36
258,83,36
260,147,36
269,248,36
276,107,36
280,291,36
291,280,36
305,325,36
309,13,36
313,144,36
325,305,36
333,132,36
1,231,37
12,164,37
30,178,37
48,252,37
73,83,37
83,73,37
84,218,37
94,195,37
105,274,37
107,269,37
107,276,37
131,36,37
133,135,37
133,326,37
135,133,37
140,25,37
146,263,37
164,12,37
169,303,37
178,30,37
195,94,37
218,23,37
218,84,37
231,1,37
252,48,37
263,146,37
269,107,37
274,105,37
274,307,37
292,17,37
303,169,37
329,340,37
340,329,37
11,262,38
23,84,38
23,217,38
26,22,38
30,227,38
32,76,38
43,74,38
44,232,38
64,226,38
73,265,38
74,43,38
76,32,38
76,318,38
84,23,38
84,218,38
107,269,38
112,268,38
120,270,38
133,136,38
133,326,38
135,326,38
136,133,38
180,245,38
193,286,38
217,23,38
217,123,38
226,64,38
227,30,38
229,256,38
245,180,38
256,229,38
262,11,38
265,73,38
268,112,38
269,248,38
270,120,38
286,193,38
326,135,38
18,219,39
20,99,39
22,319,39
23,84,39
23,217,39
32,318,39
44,86,39
47,321,39
58,222,39
76,32,39
76,318,39
84,23,39
84,218,39
99,20,39
99,209,39
100,245,39
130,211,39
133,135,39
135,133,39
135,326,39
144,45,39
158,294,39
173,336,39
180,205,39
198,312,39
205,180,39
217,23,39
219,18,39
222,58,39
225,279,39
245,100,39
269,107,39
269,248,39
279,225,39
292,182,39
294,158,39
312,198,39
318,32,39
318,76,39
321,47,39
336,173,39
22,26,40
23,84,40
28,314,40
30,178,40
32,76,40
44,146,40
44,232,40
46,235,40
61,171,40
76,32,40
83,258,40
84,23,40
98,267,40
125,333,40
133,326,40
146,44,40
164,93,40
171,61,40
173,254,40
190,212,40
192,219,40
196,220,40
212,190,40
219,192,40
220,196,40
223,271,40
235,46,40
249,285,40
254,173,40
271,223,40
285,249,40
299,334,40
300,334,40
313,275,40
314,28,40
326,133,40
333,125,40
333,132,40
334,299,40
334,300,40
7,83,41
21,50,41
23,218,41
25,206,41
27,156,41
29,69,41
37,278,41
44,86,41
50,21,41
56,260,41
69,29,41
70,284,41
76,209,41
77,238,41
83,7,41
83,258,41
84,218,41
97,303,41
105,307,41
118,119,41
119,118,41
131,177,41
143,288,41
156,27,41
206,150,41
209,76,41
218,23,41
218,84,41
238,77,41
259,270,41
260,56,41
269,107,41
269,248,41
270,259,41
278,37,41
284,70,41
288,143,41
303,97,41
307,105,41
333,125,41
2,103,42
2,130,42
25,140,42
43,107,42
45,313,42
53,189,42
56,207,42
64,292,42
70,94,42
70,284,42
71,150,42
84,263,42
86,232,42
94,70,42
98,200,42
103,2,42
107,43,42
107,248,42
107,269,42
107,276,42
130,2,42
133,135,42
135,133,42
144,313,42
150,71,42
155,229,42
161,205,42
173,336,42
189,53,42
200,98,42
205,161,42
205,180,42
207,56,42
218,23,42
229,155,42
232,86,42
248,107,42
248,269,42
248,276,42
263,84,42
269,107,42
269,248,42
276,248,42
282,291,42
287,330,42
291,282,42
292,64,42
293,113,42
313,45,42
313,144,42
321,191,42
330,287,42
4,126,43
21,319,43
30,227,43
33,216,43
43,276,43
83,7,43
86,146,43
86,232,43
104,283,43
126,4,43
128,139,43
139,128,43
141,332,43
146,86,43
146,232,43
205,161,43
216,33,43
219,223,43
223,219,43
228,275,43
232,146,43
248,269,43
275,228,43
276,43,43
276,107,43
283,104,43
307,148,43
313,45,43
319,21,43
12,93,44
14,202,44
21,50,44
42,143,44
44,232,44
53,101,44
61,136,44
61,171,44
71,259,44
74,107,44
76,318,44
77,187,44
77,238,44
81,139,44
86,146,44
86,232,44
93,12,44
94,195,44
94,284,44
98,112,44
101,53,44
105,315,44
107,74,44
108,329,44
112,98,44
112,268,44
136,61,44
136,171,44
139,81,44
143,42,44
146,86,44
146,232,44
152,169,44
154,277,44
169,152,44
171,136,44
202,14,44
208,75,44
208,183,44
218,263,44
229,249,44
232,44,44
232,86,44
232,146,44
248,276,44
249,229,44
259,71,44
259,270,44
263,218,44
269,276,44
276,248,44
276,269,44
277,154,44
284,94,44
306,338,44
329,108,44
338,306,44
4,247,45
11,115,45
13,90,45
23,217,45
29,240,45
49,162,45
71,270,45
87,329,45
90,13,45
94,195,45
94,284,45
96,304,45
100,180,45
105,148,45
105,307,45
112,98,45
112,268,45
115,11,45
124,337,45
125,290,45
148,105,45
158,195,45
162,49,45
163,309,45
164,227,45
171,61,45
180,100,45
195,158,45
208,75,45
218,242,45
218,263,45
224,327,45
227,164,45
232,86,45
232,146,45
235,266,45
242,218,45
247,4,45
249,285,45
263,84,45
263,218,45
266,235,45
270,71,45
276,43,45
276,248,45
290,125,45
299,34,45
299,334,45
304,96,45
307,105,45
307,315,45
309,163,45
315,307,45
327,224,45
329,87,45
334,299,45
337,124,45
13,170,46
30,178,46
39,146,46
61,136,46
66,135,46
69,324,46
90,170,46
97,152,46
100,245,46
123,238,46
135,66,46
136,61,46
143,288,46
146,39,46
148,307,46
151,159,46
152,97,46
152,303,46
159,151,46
160,224,46
163,6,46
163,309,46
170,13,46
170,90,46
179,322,46
180,250,46
197,206,46
206,197,46
218,242,46
224,160,46
232,44,46
238,123,46
249,229,46
249,285,46
250,180,46
261,282,46
261,291,46
263,84,46
282,261,46
282,291,46
291,261,46
291,282,46
299,34,46
303,152,46
307,148,46
307,315,46
322,179,46
324,69,46
13,90,47
13,170,47
14,16,47
16,14,47
22,65,47
29,69,47
32,255,47
34,334,47
55,262,47
61,171,47
65,22,47
69,29,47
75,183,47
75,208,47
79,108,47
90,13,47
90,170,47
94,195,47
94,284,47
105,148,47
105,315,47
108,79,47
120,259,47
124,275,47
126,247,47
135,133,47
139,128,47
148,105,47
148,315,47
163,6,47
170,13,47
170,90,47
180,245,47
183,75,47
183,208,47
187,238,47
195,94,47
200,267,47
208,183,47
209,99,47
229,256,47
238,187,47
244,340,47
245,180,47
247,126,47
249,229,47
249,285,47
255,32,47
259,120,47
262,55,47
264,308,47
267,200,47
275,124,47
287,299,47
299,287,47
299,334,47
308,264,47
315,105,47
315,148,47
315,307,47
334,34,47
334,299,47
340,244,47
4,126,48
10,121,48
13,90,48
13,170,48
18,179,48
20,298,48
21,319,48
29,240,48
34,299,48
34,334,48
40,138,48
41,318,48
61,136,48
71,259,48
75,183,48
75,208,48
78,301,48
90,13,48
90,170,48
112,200,48
121,10,48
123,187,48
123,238,48
126,4,48
136,171,48
138,40,48
139,81,48
143,42,48
150,206,48
154,204,48
170,13,48
170,90,48
171,136,48
173,254,48
179,18,48
179,322,48
180,250,48
183,75,48
187,123,48
195,158,48
200,112,48
204,154,48
206,150,48
208,75,48
229,249,48
238,123,48
241,296,48
245,100,48
249,229,48
254,336,48
259,71,48
288,339,48
296,241,48
298,20,48
299,34,48
299,287,48
299,334,48
301,78,48
315,105,48
318,41,48
334,34,48
334,299,48
336,254,48
337,214,48
339,288,48
13,90,49
15,276,49
18,322,49
22,26,49
43,74,49
43,276,49
49,125,49
74,43,49
86,146,49
90,13,49
90,170,49
100,180,49
100,250,49
102,293,49
105,148,49
105,315,49
107,302,49
123,187,49
123,238,49
125,49,49
136,61,49
146,86,49
148,105,49
179,18,49
180,100,49
180,250,49
187,238,49
200,267,49
219,192,49
229,256,49
238,187,49
250,100,49
250,180,49
254,173,49
274,338,49
276,15,49
276,43,49
287,334,49
291,261,49
293,102,49
299,287,49
302,107,49
315,307,49
322,18,49
334,34,49
334,287,49
338,274,49
338,306,49
6,309,50
16,202,50
20,209,50
26,332,50
34,287,50
34,334,50
66,67,50
67,66,50
69,203,50
73,149,50
75,183,50
75,229,50
105,148,50
125,162,50
126,247,50
148,307,50
149,73,50
162,125,50
169,210,50
183,208,50
202,16,50
203,69,50
208,183,50
209,20,50
217,218,50
218,217,50
229,75,50
229,256,50
254,336,50
287,34,50
287,334,50
307,148,50
307,315,50
309,6,50
332,26,50
334,34,50
334,287,50
338,274,50
10,31,51
10,121,51
15,43,51
16,14,51
21,50,51
21,319,51
31,10,51
34,287,51
34,334,51
39,232,51
41,255,51
43,15,51
61,171,51
71,270,51
73,320,51
75,208,51
105,307,51
105,315,51
125,290,51
148,105,51
148,307,51
171,61,51
179,322,51
180,333,51
195,284,51
206,197,51
208,75,51
208,183,51
217,23,51
220,283,51
232,39,51
238,123,51
252,273,51
255,41,51
259,120,51
273,252,51
274,306,51
281,282,51
282,281,51
283,220,51
284,195,51
287,34,51
306,274,51
307,105,51
307,148,51
307,315,51
315,105,51
315,307,51
320,73,51
322,179,51
329,340,51
332,141,51
333,180,51
334,34,51
340,329,51
26,22,52
31,121,52
34,287,52
65,141,52
74,276,52
105,148,52
105,307,52
112,98,52
118,248,52
121,31,52
122,196,52
124,337,52
129,302,52
141,65,52
141,332,52
145,302,52
148,105,52
148,315,52
150,197,52
150,206,52
196,122,52
197,150,52
206,150,52
215,294,52
218,242,52
232,44,52
248,118,52
276,74,52
294,215,52
302,129,52
302,145,52
307,105,52
315,148,52
322,18,52
322,179,52
337,124,52
25,206,53
27,103,53
30,164,53
43,276,53
65,332,53
81,128,53
84,238,53
95,170,53
103,27,53
105,148,53
116,243,53
121,10,53
128,81,53
133,326,53
141,65,53
141,332,53
148,105,53
164,30,53
170,95,53
206,25,53
206,150,53
209,241,53
221,327,53
227,305,53
231,232,53
232,231,53
238,84,53
241,209,53
243,116,53
276,43,53
299,334,53
305,227,53
322,18,53
327,221,53
332,65,53
332,141,53
334,299,53
340,244,53
10,31,54
10,121,54
24,214,54
27,130,54
28,142,54
28,314,54
31,10,54
39,146,54
50,82,54
67,135,54
68,258,54
71,120,54
82,50,54
86,263,54
91,107,54
100,245,54
104,166,54
105,307,54
107,91,54
120,71,54
122,220,54
130,27,54
135,67,54
146,39,54
148,307,54
150,197,54
166,104,54
167,255,54
189,117,54
206,25,54
214,24,54
214,337,54
217,218,54
218,217,54
219,271,54
220,122,54
227,300,54
232,44,54
241,298,54
255,167,54
258,68,54
263,86,54
271,219,54
275,228,54
298,241,54
300,227,54
307,148,54
322,179,54
332,65,54
337,214,54
2,103,55
15,276,55
31,179,55
34,330,55
35,252,55
43,15,55
52,82,55
66,135,55
67,66,55
67,135,55
75,183,55
82,52,55
103,2,55
105,148,55
105,307,55
135,66,55
135,67,55
148,105,55
148,307,55
169,303,55
179,31,55
183,75,55
186,234,55
214,24,55
214,337,55
217,242,55
234,186,55
241,209,55
242,217,55
252,35,55
276,15,55
300,305,55
303,169,55
305,300,55
307,105,55
307,148,55
330,34,55
340,329,55
3,323,56
10,114,56
12,164,56
27,103,56
32,69,56
36,181,56
56,170,56
66,67,56
67,66,56
67,135,56
69,32,56
84,123,56
87,177,56
98,268,56
100,161,56
103,27,56
107,320,56
109,254,56
109,336,56
110,116,56
114,10,56
116,110,56
123,84,56
123,218,56
161,100,56
164,12,56
170,56,56
177,87,56
181,36,56
197,206,56
206,197,56
215,221,56
218,123,56
219,192,56
221,215,56
253,316,56
254,109,56
264,294,56
268,98,56
276,269,56
287,334,56
294,264,56
307,105,56
316,253,56
320,107,56
322,18,56
323,3,56
334,287,56
336,109,56
2,27,57
2,103,57
5,42,57
11,55,57
18,223,57
18,322,57
27,2,57
42,5,57
55,11,57
59,251,57
61,133,57
67,66,57
84,238,57
86,146,57
86,263,57
103,2,57
103,130,57
107,91,57
107,320,57
109,153,57
109,254,57
123,84,57
130,103,57
133,61,57
136,171,57
146,86,57
171,136,57
177,131,57
223,18,57
248,276,57
251,59,57
276,248,57
276,269,57
287,330,57
330,287,57
330,334,57
334,330,57
1,96,58
18,31,58
18,322,58
31,18,58
31,322,58
76,203,58
86,146,58
91,320,58
96,1,58
107,91,58
109,153,58
109,254,58
150,206,58
181,253,58
183,208,58
203,76,58
206,150,58
206,197,58
220,283,58
253,181,58
276,248,58
320,91,58
322,31,58
330,287,58
18,31,59
24,254,59
31,18,59
31,322,59
34,287,59
74,145,59
91,107,59
109,153,59
125,318,59
145,74,59
179,262,59
181,316,59
214,254,59
221,327,59
253,316,59
254,24,59
254,214,59
262,179,59
287,34,59
306,338,59
316,181,59
316,253,59
318,125,59
338,306,59
5,78,60
12,93,60
32,203,60
46,310,60
53,134,60
57,181,60
64,226,60
77,304,60
78,5,60
91,320,60
103,2,60
109,214,60
125,290,60
134,53,60
161,245,60
177,87,60
181,57,60
181,316,60
198,204,60
203,32,60
204,198,60
214,109,60
214,254,60
215,327,60
223,322,60
245,161,60
254,24,60
254,214,60
304,77,60
316,181,60
322,223,60
327,215,60
6,163,61
13,185,61
18,121,61
48,273,61
51,210,61
64,292,61
73,173,61
91,107,61
102,297,61
109,153,61
109,214,61
109,254,61
118,276,61
121,18,61
124,228,61
141,234,61
151,166,61
152,293,61
166,151,61
173,73,61
181,57,61
181,316,61
185,13,61
204,312,61
205,266,61
210,51,61
214,109,61
228,124,61
232,231,61
234,141,61
248,118,61
254,24,61
254,109,61
266,205,61
273,48,61
276,118,61
287,299,61
293,152,61
299,287,61
312,204,61
330,334,61
2,130,62
4,132,62
17,58,62
18,31,62
18,121,62
21,52,62
31,18,62
50,52,62
52,21,62
52,50,62
54,63,62
58,17,62
63,54,62
92,134,62
97,303,62
102,113,62
102,297,62
103,130,62
113,102,62
118,248,62
119,269,62
128,308,62
130,2,62
130,103,62
132,4,62
134,92,62
147,170,62
170,147,62
181,57,62
181,316,62
183,229,62
229,183,62
269,119,62
303,97,62
307,315,62
308,128,62
315,307,62
12,30,63
30,12,63
39,96,63
41,252,63
42,78,63
52,21,63
53,324,63
57,316,63
70,195,63
78,42,63
86,263,63
96,39,63
105,338,63
113,297,63
122,159,63
128,81,63
128,308,63
134,53,63
134,92,63
141,175,63
159,122,63
165,213,63
175,141,63
181,57,63
181,316,63
182,246,63
195,70,63
208,256,63
213,165,63
217,218,63
218,217,63
252,41,63
255,296,63
256,208,63
276,15,63
296,255,63
297,113,63
314,323,63
316,57,63
316,181,63
323,314,63
324,53,63
338,105,63
2,103,64
12,164,64
25,270,64
34,299,64
53,92,64
53,324,64
54,328,64
69,252,64
75,229,64
85,239,64
92,53,64
92,134,64
92,324,64
98,112,64
103,2,64
103,130,64
115,321,64
128,81,64
147,207,64
156,328,64
167,296,64
183,75,64
183,229,64
201,233,64
207,147,64
229,75,64
229,183,64
232,44,64
233,201,64
239,85,64
248,276,64
252,69,64
270,25,64
274,338,64
276,248,64
296,167,64
299,34,64
306,307,64
307,306,64
321,115,64
324,92,64
328,54,64
328,156,64
338,274,64
12,30,65
12,164,65
15,302,65
20,99,65
40,281,65
47,210,65
70,284,65
73,320,65
79,137,65
99,20,65
103,2,65
117,147,65
128,308,65
137,79,65
147,117,65
147,207,65
181,253,65
199,220,65
210,47,65
220,199,65
253,181,65
276,15,65
276,248,65
281,40,65
284,70,65
302,15,65
320,73,65
324,53,65
12,30,66
13,90,66
15,276,66
17,292,66
43,302,66
57,181,66
66,135,66
70,195,66
70,284,66
81,308,66
90,13,66
97,293,66
104,119,66
117,207,66
118,119,66
119,104,66
119,118,66
121,179,66
128,81,66
135,66,66
149,247,66
155,249,66
179,121,66
181,57,66
181,253,66
207,117,66
207,147,66
229,75,66
247,149,66
249,155,66
276,15,66
292,17,66
293,97,66
302,43,66
307,315,66
308,81,66
324,92,66
6,141,67
12,164,67
13,101,67
17,58,67
19,141,67
20,255,67
27,130,67
43,107,67
43,302,67
44,231,67
48,230,67
49,180,67
54,156,67
54,328,67
57,253,67
57,316,67
73,173,67
73,320,67
75,183,67
75,229,67
81,128,67
87,340,67
90,101,67
98,267,67
101,13,67
101,90,67
107,43,67
123,238,67
124,337,67
125,318,67
130,27,67
141,6,67
141,19,67
141,175,67
144,275,67
156,54,67
156,328,67
173,320,67
180,49,67
183,75,67
217,263,67
228,337,67
230,48,67
231,44,67
231,232,67
232,231,67
238,123,67
253,57,67
253,316,67
255,20,67
263,217,67
267,98,67
275,144,67
316,57,67
316,253,67
320,173,67
328,54,67
328,156,67
337,124,67
337,228,67
340,87,67
13,90,68
20,296,68
38,284,68
44,232,68
48,273,68
54,156,68
68,74,68
68,258,68
74,68,68
74,258,68
75,183,68
75,229,68
76,99,68
90,13,68
90,101,68
99,76,68
124,228,68
124,337,68
141,6,68
146,231,68
146,232,68
156,54,68
158,327,68
183,229,68
228,124,68
228,337,68
229,183,68
230,273,68
231,44,68
231,146,68
231,232,68
232,44,68
232,146,68
232,231,68
258,74,68
273,230,68
282,338,68
284,38,68
293,303,68
296,20,68
303,293,68
327,158,68
337,124,68
337,228,68
338,282,68
11,115,69
15,295,69
19,175,69
20,255,69
27,103,69
36,177,69
65,186,69
68,74,69
74,68,69
74,258,69
91,145,69
98,268,69
103,27,69
115,11,69
117,324,69
119,104,69
124,228,69
124,337,69
128,308,69
145,91,69
165,214,69
175,19,69
177,36,69
186,65,69
213,254,69
214,165,69
217,238,69
227,287,69
228,124,69
228,337,69
229,75,69
229,183,69
238,217,69
247,126,69
250,333,69
254,213,69
273,48,69
287,227,69
294,331,69
295,15,69
308,128,69
324,117,69
331,294,69
333,250,69
337,124,69
337,228,69
338,274,69
13,101,70
13,185,70
26,332,70
27,130,70
39,84,70
65,234,70
78,5,70
84,39,70
98,267,70
98,268,70
101,13,70
101,90,70
104,269,70
123,217,70
124,228,70
126,132,70
131,329,70
132,126,70
146,231,70
149,336,70
150,197,70
165,254,70
193,329,70
197,150,70
217,123,70
228,124,70
228,337,70
231,146,70
234,65,70
251,317,70
254,165,70
254,213,70
262,272,70
269,104,70
272,262,70
296,167,70
317,251,70
329,131,70
329,193,70
332,26,70
336,149,70
2,54,71
11,47,71
13,101,71
13,185,71
24,209,71
47,11,71
54,2,71
65,332,71
70,195,71
96,146,71
96,231,71
97,102,71
98,267,71
101,13,71
101,90,71
102,97,71
146,96,71
187,321,71
208,229,71
209,24,71
214,254,71
229,208,71
231,96,71
232,44,71
254,165,71
254,214,71
274,282,71
274,338,71
282,274,71
282,338,71
321,187,71
329,131,71
329,193,71
332,65,71
338,282,71
13,101,72
17,222,72
18,223,72
26,65,72
26,234,72
26,332,72
27,103,72
36,181,72
60,328,72
61,212,72
65,26,72
65,234,72
75,183,72
83,311,72
96,232,72
98,268,72
101,13,72
101,90,72
104,151,72
124,337,72
131,193,72
131,329,72
149,247,72
151,104,72
158,215,72
181,36,72
183,75,72
193,131,72
212,61,72
215,158,72
219,322,72
220,283,72
221,294,72
221,331,72
222,17,72
223,18,72
232,96,72
233,257,72
234,26,72
234,65,72
234,332,72
238,263,72
247,149,72
263,238,72
273,230,72
294,221,72
294,331,72
311,83,72
322,219,72
328,60,72
329,131,72
331,221,72
331,294,72
332,26,72
332,234,72
337,124,72
338,274,72
338,282,72
20,76,73
20,255,73
26,65,73
26,234,73
43,285,73
45,144,73
65,26,73
70,284,73
73,173,73
76,20,73
82,325,73
131,193,73
144,45,73
146,231,73
150,327,73
162,180,73
165,213,73
165,214,73
165,254,73
173,73,73
180,162,73
197,270,73
213,165,73
213,214,73
214,165,73
214,213,73
214,254,73
231,146,73
234,26,73
254,165,73
254,214,73
270,197,73
273,48,73
273,230,73
284,70,73
285,43,73
289,339,73
325,82,73
327,150,73
338,274,73
339,289,73
31,121,74
43,302,74
68,91,74
76,241,74
91,68,74
92,95,74
95,92,74
105,306,74
121,31,74
121,179,74
128,81,74
165,214,74
165,254,74
180,49,74
183,229,74
192,322,74
210,321,74
213,254,74
214,165,74
214,213,74
214,254,74
229,183,74
234,332,74
241,76,74
241,255,74
246,301,74
254,165,74
254,213,74
254,214,74
255,241,74
267,268,74
268,267,74
273,48,74
274,306,74
274,338,74
301,246,74
306,105,74
306,274,74
321,210,74
322,192,74
11,321,75
17,58,75
21,50,75
43,285,75
43,302,75
44,96,75
50,21,75
52,300,75
80,106,75
90,185,75
96,44,75
98,112,75
101,13,75
106,80,75
150,197,75
153,214,75
165,214,75
165,254,75
177,181,75
181,177,75
183,75,75
183,229,75
185,90,75
189,207,75
197,150,75
197,270,75
207,189,75
214,153,75
214,165,75
214,254,75
226,292,75
234,26,75
234,332,75
254,165,75
254,214,75
255,20,75
271,314,75
282,306,75
292,226,75
300,52,75
306,282,75
314,271,75
321,11,75
322,219,75
26,332,76
47,321,76
57,253,76
61,72,76
72,61,76
96,232,76
104,166,76
119,269,76
119,295,76
121,31,76
121,179,76
124,228,76
124,337,76
125,167,76
130,257,76
139,202,76
153,254,76
154,312,76
165,214,76
165,254,76
166,104,76
167,125,76
183,75,76
183,229,76
197,150,76
202,139,76
214,165,76
214,254,76
221,264,76
228,124,76
229,208,76
253,57,76
254,153,76
254,165,76
254,214,76
255,241,76
257,130,76
263,86,76
264,221,76
269,119,76
269,295,76
273,230,76
295,119,76
295,269,76
306,105,76
312,154,76
321,47,76
322,192,76
332,26,76
332,234,76
12,299,77
26,234,77
26,332,77
36,253,77
86,238,77
96,146,77
106,203,77
109,298,77
124,228,77
125,290,77
141,175,77
146,96,77
150,327,77
175,141,77
180,162,77
197,327,77
203,106,77
230,289,77
234,26,77
234,332,77
238,86,77
253,36,77
255,20,77
262,271,77
271,262,77
289,230,77
295,15,77
296,318,77
298,109,77
299,12,77
318,296,77
321,11,77
327,197,77
332,26,77
332,234,77
32,99,78
75,256,78
87,244,78
94,195,78
96,232,78
97,152,78
99,32,78
104,151,78
104,166,78
121,31,78
128,308,78
131,137,78
135,168,78
137,131,78
150,197,78
150,327,78
151,166,78
152,97,78
165,214,78
166,151,78
167,318,78
168,135,78
195,94,78
197,150,78
197,327,78
214,165,78
216,291,78
229,183,78
229,256,78
233,201,78
244,87,78
256,75,78
256,229,78
291,216,78
303,169,78
318,167,78
327,150,78
327,197,78
2,156,79
13,90,79
27,54,79
27,130,79
54,27,79
69,230,79
75,229,79
75,256,79
77,335,79
90,13,79
95,147,79
119,269,79
125,318,79
128,264,79
130,27,79
133,135,79
135,133,79
147,95,79
150,197,79
153,214,79
153,254,79
156,2,79
166,104,79
186,229,79
197,150,79
212,286,79
214,153,79
219,223,79
219,322,79
223,219,79
229,75,79
229,186,79
229,256,79
230,69,79
254,153,79
256,75,79
256,229,79
264,128,79
269,119,79
286,212,79
318,125,79
318,296,79
321,210,79
322,219,79
335,77,79
7,265,80
15,119,80
18,121,80
25,224,80
27,54,80
27,130,80
33,198,80
49,162,80
59,191,80
69,252,80
75,229,80
75,256,80
100,132,80
119,15,80
119,269,80
121,18,80
125,296,80
125,318,80
132,100,80
145,248,80
162,49,80
165,213,80
183,186,80
186,183,80
191,59,80
198,33,80
213,165,80
219,223,80
224,25,80
229,75,80
229,256,80
238,263,80
248,145,80
256,75,80
256,229,80
263,238,80
265,7,80
271,272,80
272,271,80
296,125,80
296,318,80
318,125,80
318,296,80
321,11,80
321,210,80
27,54,81
27,130,81
49,180,81
65,183,81
72,326,81
75,229,81
75,256,81
88,184,81
97,102,81
124,337,81
134,324,81
142,323,81
146,231,81
150,327,81
163,175,81
175,163,81
178,325,81
180,49,81
183,65,81
183,186,81
184,88,81
197,327,81
219,322,81
220,199,81
229,75,81
256,75,81
271,314,81
272,314,81
273,289,81
289,273,81
306,338,81
312,204,81
314,272,81
318,125,81
323,142,81
324,134,81
325,178,81
326,72,81
327,150,81
327,197,81
338,306,81
12,164,82
17,64,82
20,167,82
25,197,82
26,234,82
53,134,82
59,317,82
64,17,82
73,336,82
75,229,82
86,123,82
104,122,82
122,104,82
123,86,82
130,257,82
134,53,82
134,147,82
140,206,82
147,134,82
150,270,82
158,224,82
167,20,82
173,254,82
183,65,82
197,25,82
206,140,82
224,158,82
229,256,82
230,252,82
234,26,82
252,230,82
254,173,82
256,229,82
270,150,82
317,59,82
317,251,82
321,11,82
321,210,82
336,73,82
5,235,83
11,210,83
15,295,83
27,54,83
43,276,83
44,201,83
70,94,83
70,195,83
70,284,83
71,111,83
86,238,83
94,70,83
94,195,83
104,151,83
111,71,83
122,151,83
131,193,83
134,53,83
151,104,83
151,122,83
161,250,83
175,141,83
176,240,83
186,313,83
195,70,83
195,94,83
197,270,83
197,327,83
201,44,83
210,11,83
221,327,83
235,5,83
238,86,83
240,176,83
250,161,83
270,197,83
270,327,83
276,43,83
313,186,83
317,59,83
317,251,83
327,221,83
327,270,83
30,93,84
35,41,84
36,316,84
36,340,84
40,138,84
41,35,84
69,230,84
70,94,84
93,30,84
94,70,84
96,146,84
97,152,84
102,152,84
104,122,84
117,189,84
121,31,84
122,104,84
122,151,84
124,165,84
146,96,84
150,197,84
150,327,84
152,102,84
165,124,84
189,117,84
197,25,84
197,150,84
197,327,84
201,233,84
202,225,84
221,270,84
225,202,84
228,249,84
230,69,84
249,228,84
270,221,84
314,271,84
316,36,84
316,340,84
327,150,84
327,197,84
340,36,84
340,316,84
7,247,85
21,22,85
22,21,85
26,332,85
50,325,85
64,226,85
95,117,85
97,102,85
102,97,85
102,152,85
104,166,85
117,95,85
117,189,85
134,147,85
136,326,85
150,197,85
153,214,85
154,277,85
197,150,85
197,327,85
210,321,85
218,321,85
221,327,85
226,64,85
247,7,85
255,241,85
264,294,85
270,327,85
294,264,85
321,218,85
325,50,85
326,136,85
327,221,85
327,270,85
332,26,85
340,36,85
4,333,86
26,175,86
26,332,86
41,69,86
59,251,86
64,17,86
68,145,86
69,41,86
69,230,86
75,313,86
84,231,86
86,123,86
105,281,86
129,160,86
145,68,86
160,129,86
175,26,86
175,332,86
181,253,86
187,303,86
197,150,86
210,11,86
226,292,86
229,75,86
229,313,86
231,84,86
241,76,86
241,255,86
251,59,86
253,181,86
264,331,86
281,105,86
303,187,86
313,75,86
313,229,86
331,264,86
332,175,86
333,4,86
340,316,86
2,60,87
2,156,87
6,186,87
16,308,87
53,147,87
55,114,87
59,317,87
60,2,87
69,41,87
72,237,87
114,55,87
126,209,87
127,194,87
136,168,87
146,231,87
147,53,87
168,136,87
168,326,87
186,6,87
197,327,87
201,257,87
209,126,87
223,272,87
231,146,87
237,72,87
241,76,87
241,255,87
257,201,87
261,280,87
264,294,87
272,223,87
280,261,87
308,16,87
313,75,87
317,59,87
326,168,87
327,197,87
327,221,87
25,150,88
56,334,88
59,251,88
91,320,88
98,268,88
124,337,88
150,25,88
151,215,88
154,204,88
157,158,88
158,157,88
186,313,88
204,154,88
204,312,88
215,151,88
230,273,88
232,233,88
233,232,88
237,326,88
241,76,88
241,255,88
249,285,88
268,98,88
272,314,88
273,230,88
281,307,88
282,338,88
285,249,88
287,299,88
290,296,88
296,290,88
299,287,88
300,305,88
307,281,88
313,186,88
314,272,88
320,91,88
326,237,88
334,56,88
338,282,88
4,8,89
8,4,89
9,211,89
21,325,89
22,52,89
29,99,89
38,244,89
49,245,89
52,22,89
54,130,89
65,234,89
86,238,89
91,107,89
99,29,89
105,282,89
107,91,89
130,54,89
141,332,89
171,248,89
175,141,89
175,332,89
179,219,89
211,9,89
219,179,89
234,65,89
237,72,89
244,38,89
245,49,89
248,171,89
253,340,89
269,295,89
272,223,89
277,312,89
282,105,89
282,338,89
295,269,89
302,320,89
312,277,89
320,302,89
325,21,89
326,168,89
332,141,89
332,175,89
340,253,89
340,316,89
6,19,90
19,6,90
59,317,90
75,186,90
75,313,90
79,108,90
86,123,90
91,302,90
91,320,90
105,281,90
107,302,90
125,290,90
141,175,90
141,332,90
175,141,90
186,75,90
269,119,90
269,295,90
272,314,90
281,105,90
290,125,90
302,91,90
302,107,90
302,320,90
313,75,90
319,325,90
320,91,90
320,302,90
325,319,90
332,141,90
15,269,91
18,219,91
36,316,91
60,156,91
74,320,91
75,186,91
91,302,91
119,295,91
124,249,91
125,318,91
130,257,91
133,136,91
136,133,91
156,60,91
159,196,91
196,159,91
204,154,91
210,218,91
218,210,91
219,18,91
229,208,91
249,124,91
251,317,91
257,130,91
269,15,91
272,223,91
290,318,91
295,119,91
302,91,91
302,107,91
316,36,91
317,251,91
318,290,91
320,74,91
338,306,91
9,63,92
27,130,92
29,252,92
58,182,92
63,9,92
69,252,92
71,259,92
74,91,92
77,304,92
80,203,92
82,300,92
91,74,92
95,147,92
109,153,92
119,269,92
119,295,92
125,290,92
125,318,92
130,27,92
147,95,92
153,109,92
167,290,92
180,245,92
182,58,92
193,297,92
203,80,92
237,326,92
245,180,92
252,29,92
252,69,92
259,71,92
269,119,92
290,125,92
290,167,92
290,318,92
297,193,92
300,82,92
300,305,92
304,335,92
316,340,92
317,59,92
318,125,92
318,290,92
326,237,92
335,304,92
340,253,92
340,316,92
7,265,93
17,58,93
19,175,93
29,99,93
29,252,93
30,101,93
48,289,93
58,17,93
59,251,93
59,317,93
62,113,93
81,206,93
82,305,93
93,101,93
98,112,93
99,252,93
101,30,93
101,93,93
109,144,93
109,153,93
113,62,93
116,243,93
120,327,93
125,290,93
125,318,93
130,257,93
131,297,93
144,109,93
175,19,93
179,322,93
185,189,93
189,185,93
193,131,93
206,81,93
214,254,93
223,271,93
251,59,93
252,29,93
252,99,93
254,214,93
271,223,93
274,292,93
289,48,93
290,125,93
290,167,93
290,318,93
292,274,93
297,131,93
300,82,93
305,82,93
316,36,93
316,340,93
318,125,93
318,290,93
322,179,93
325,21,93
327,120,93
7,83,94
7,265,94
21,319,94
21,325,94
30,93,94
30,101,94
31,114,94
38,94,94
48,273,94
51,303,94
53,203,94
58,182,94
59,251,94
59,304,94
80,106,94
83,7,94
83,265,94
92,334,94
93,30,94
94,38,94
97,169,94
98,268,94
101,30,94
106,80,94
114,31,94
120,221,94
120,327,94
125,290,94
125,318,94
128,308,94
133,135,94
144,153,94
153,144,94
165,254,94
169,97,94
189,117,94
201,232,94
203,53,94
208,283,94
218,321,94
221,120,94
221,327,94
232,201,94
254,165,94
265,83,94
273,48,94
283,208,94
289,339,94
290,125,94
290,318,94
303,51,94
304,59,94
304,317,94
308,128,94
316,36,94
317,304,94
318,125,94
318,290,94
319,21,94
319,325,94
325,319,94
326,168,94
326,237,94
327,221,94
334,92,94
340,253,94
7,83,95
7,265,95
17,64,95
30,93,95
35,266,95
58,17,95
59,251,95
74,302,95
75,256,95
78,143,95
83,7,95
83,265,95
91,302,95
93,101,95
95,324,95
97,191,95
101,93,95
107,213,95
125,290,95
135,136,95
136,135,95
143,78,95
144,214,95
147,324,95
148,315,95
151,122,95
169,191,95
175,332,95
189,185,95
191,97,95
191,169,95
212,326,95
213,107,95
214,144,95
223,314,95
256,75,95
265,7,95
265,83,95
266,35,95
290,125,95
302,74,95
302,91,95
302,320,95
308,331,95
314,223,95
315,148,95
316,340,95
320,302,95
324,95,95
324,147,95
325,21,95
325,319,95
326,212,95
331,308,95
332,175,95
340,316,95
2,257,96
9,211,96
21,26,96
21,325,96
24,76,96
26,21,96
30,101,96
36,340,96
43,155,96
59,335,96
74,91,96
74,302,96
75,186,96
76,24,96
76,275,96
80,203,96
91,74,96
91,302,96
101,30,96
106,203,96
120,197,96
120,327,96
125,318,96
131,193,96
135,133,96
135,136,96
144,165,96
155,43,96
165,144,96
167,318,96
178,319,96
186,313,96
197,120,96
202,139,96
203,80,96
203,106,96
210,11,96
244,87,96
252,69,96
252,99,96
257,2,96
275,76,96
290,318,96
302,74,96
302,91,96
304,335,96
313,186,96
316,36,96
316,340,96
318,125,96
318,167,96
318,290,96
319,178,96
325,21,96
327,120,96
335,59,96
335,304,96
340,36,96
340,316,96
19,332,97
21,26,97
24,275,97
66,74,97
74,66,97
74,91,97
75,313,97
76,24,97
76,275,97
80,106,97
91,74,97
91,302,97
97,169,97
106,80,97
120,221,97
125,167,97
125,290,97
125,318,97
133,136,97
135,133,97
135,136,97
136,133,97
136,135,97
149,209,97
166,196,97
167,125,97
167,290,97
167,296,97
169,97,97
175,19,97
175,332,97
179,272,97
196,166,97
203,53,97
204,312,97
209,149,97
221,120,97
252,69,97
253,316,97
271,272,97
272,179,97
272,271,97
275,24,97
275,76,97
290,125,97
290,167,97
290,296,97
296,167,97
296,290,97
304,317,97
304,335,97
312,204,97
312,277,97
313,75,97
316,253,97
316,340,97
318,125,97
332,19,97
332,175,97
335,59,97
335,304,97
340,36,97
340,316,97
15,171,98
19,175,98
24,241,98
24,275,98
36,253,98
36,316,98
48,289,98
50,178,98
59,77,98
59,335,98
66,302,98
72,61,98
77,59,98
112,200,98
120,327,98
125,290,98
136,133,98
136,135,98
167,255,98
167,296,98
169,191,98
171,15,98
175,19,98
178,50,98
200,112,98
213,276,98
241,24,98
251,335,98
253,36,98
255,167,98
275,24,98
276,213,98
289,48,98
289,339,98
290,125,98
290,296,98
296,167,98
296,290,98
302,66,98
302,91,98
302,320,98
316,36,98
316,340,98
319,325,98
325,319,98
335,59,98
335,251,98
2,130,99
3,236,99
20,290,99
24,241,99
24,275,99
30,93,99
36,340,99
45,185,99
48,339,99
59,251,99
66,320,99
68,135,99
74,336,99
75,186,99
82,300,99
83,333,99
93,30,99
96,257,99
98,112,99
98,267,99
98,268,99
104,196,99
106,203,99
109,337,99
112,98,99
112,267,99
125,296,99
130,2,99
133,135,99
133,136,99
135,68,99
135,133,99
136,133,99
137,329,99
139,225,99
165,214,99
167,255,99
185,45,99
186,75,99
196,104,99
203,106,99
213,107,99
213,276,99
214,165,99
221,327,99
225,139,99
236,3,99
241,275,99
251,59,99
256,313,99
257,96,99
265,333,99
267,98,99
267,112,99
267,268,99
268,267,99
275,241,99
289,48,99
289,339,99
290,20,99
290,125,99
290,296,99
296,125,99
296,290,99
302,66,99
302,91,99
313,256,99
316,36,99
316,340,99
320,66,99
327,221,99
329,137,99
333,83,99
333,265,99
336,74,99
337,109,99
339,48,99
339,289,99
340,36,99
340,316,99
12,299,100
15,248,100
20,167,100
20,296,100
29,32,100
32,29,100
45,117,100
49,162,100
56,287,100
66,91,100
66,320,100
69,99,100
69,252,100
74,302,100
74,336,100
76,298,100
77,251,100
91,66,100
94,284,100
98,267,100
98,268,100
99,69,100
99,252,100
117,45,100
125,180,100
133,135,100
134,324,100
144,214,100
157,331,100
165,254,100
167,20,100
167,296,100
168,237,100
180,125,100
182,246,100
183,229,100
214,144,100
229,183,100
237,168,100
246,182,100
248,15,100
251,77,100
252,99,100
267,98,100
267,268,100
268,98,100
268,267,100
272,179,100
284,94,100
287,56,100
296,20,100
296,167,100
298,76,100
299,12,100
302,74,100
302,320,100
320,302,100
324,134,100
331,157,100
333,83,100
333,265,100
