14,21,1
15,16,1
16,15,1
18,142,1
21,14,1
28,38,1
38,28,1
43,56,1
45,128,1
48,95,1
54,75,1
56,43,1
75,54,1
90,94,1
94,90,1
95,48,1
100,116,1
101,106,1
106,101,1
109,124,1
116,100,1
124,109,1
128,45,1
142,18,1
104,142,2
142,104,2
6,59,3
15,64,3
55,115,3
59,6,3
64,15,3
115,55,3
127,146,3
146,127,3
19,119,4
20,24,4
24,20,4
48,112,4
49,86,4
80,138,4
86,49,4
101,121,4
112,48,4
119,19,4
121,101,4
138,80,4
12,121,5
29,77,5
61,122,5
77,29,5
95,112,5
112,95,5
121,12,5
122,61,5
18,104,6
31,52,6
39,107,6
48,95,6
48,112,6
52,31,6
95,48,6
104,18,6
107,39,6
112,48,6
28,78,7
62,72,7
72,62,7
78,28,7
101,106,7
1,118,8
7,111,8
16,118,8
104,142,8
111,7,8
118,1,8
118,16,8
69,73,9
73,69,9
1,64,10
50,146,10
64,1,10
83,145,10
145,83,10
146,50,10
4,96,11
96,4,11
5,22,12
22,5,12
16,64,13
34,124,13
64,16,13
80,135,13
124,34,13
135,80,13
1,16,14
15,67,14
16,1,14
18,105,14
35,138,14
67,15,14
105,18,14
138,35,14
30,87,15
59,137,15
87,30,15
132,144,15
137,59,15
144,132,15
20,58,16
29,123,16
58,20,16
123,29,16
1,64,17
16,64,17
20,24,17
21,107,17
27,53,17
28,38,17
53,27,17
64,1,17
64,16,17
107,21,17
19,83,18
24,58,18
25,72,18
36,147,18
58,24,18
64,1,18
69,118,18
72,25,18
79,104,18
83,19,18
104,79,18
118,69,18
147,36,18
33,137,20
35,80,20
80,35,20
137,33,20
19,145,21
35,138,21
86,96,21
96,86,21
145,19,21
2,87,22
14,89,22
19,83,22
77,123,22
87,2,22
89,14,22
123,77,22
141,147,22
147,141,22
33,59,23
45,96,23
59,33,23
83,102,23
96,45,23
96,86,23
102,83,23
104,142,23
146,127,23
35,80,24
96,45,24
83,19,25
48,95,27
60,138,27
67,121,27
83,119,27
119,83,27
121,67,27
138,60,27
89,107,29
107,89,29
113,136,29
136,113,29
1,67,30
28,78,30
67,1,30
57,90,31
57,94,31
61,130,31
80,103,31
90,57,31
94,57,31
103,80,31
130,61,31
6,30,32
30,6,32
64,88,32
88,64,32
90,112,32
112,90,32
51,123,34
123,51,34
14,132,35
18,120,35
21,89,35
38,78,35
78,38,35
89,21,35
90,94,35
94,90,35
104,105,35
105,104,35
120,18,35
132,14,35
1,121,36
116,137,36
121,1,36
137,116,36
24,60,37
35,103,37
46,144,37
60,24,37
64,16,37
103,35,37
144,46,37
94,57,38
104,142,38
4,84,39
29,51,39
51,29,39
84,4,39
89,107,39
6,116,40
35,135,40
51,86,40
86,51,40
92,145,40
97,138,40
116,6,40
135,35,40
138,97,40
145,92,40
15,64,41
18,104,41
29,134,41
41,49,41
49,41,41
51,29,41
51,86,41
64,15,41
104,18,41
134,29,41
21,107,42
29,51,42
29,134,42
51,29,42
51,86,42
104,105,42
107,21,42
147,36,42
29,51,43
51,29,43
51,134,43
104,142,43
134,51,43
51,29,44
83,92,44
83,145,44
92,83,44
92,145,44
103,138,44
138,103,44
145,83,44
145,92,44
12,67,45
29,134,45
33,99,45
59,116,45
67,12,45
86,128,45
86,134,45
99,33,45
105,142,45
116,59,45
128,86,45
134,29,45
134,86,45
142,105,45
29,51,46
29,86,46
29,134,46
51,134,46
86,29,46
86,128,46
91,105,46
105,91,46
105,142,46
134,29,46
134,51,46
14,89,47
29,86,47
29,134,47
56,141,47
86,29,47
89,14,47
90,112,47
134,29,47
141,56,47
142,104,47
19,145,48
33,59,48
59,33,48
59,116,48
67,121,48
105,91,48
116,137,48
121,67,48
123,77,48
145,19,48
15,63,49
29,51,49
29,134,49
33,116,49
51,29,49
59,33,49
63,15,49
103,135,49
116,33,49
135,103,49
31,126,50
33,59,50
33,137,50
39,53,50
53,39,50
59,137,50
69,88,50
88,69,50
126,31,50
137,33,50
137,59,50
2,108,51
14,21,51
21,14,51
33,116,51
79,143,51
108,2,51
116,137,51
121,1,51
137,116,51
143,79,51
23,141,52
29,86,52
51,134,52
116,33,52
116,137,52
134,51,52
141,23,52
29,128,53
31,42,53
41,111,53
42,31,53
86,128,53
111,41,53
128,29,53
128,86,53
29,86,54
36,136,54
36,147,54
41,49,54
64,16,54
86,29,54
92,102,54
102,92,54
136,36,54
3,50,55
29,128,55
36,136,55
36,147,55
50,3,55
77,86,55
81,110,55
86,77,55
110,81,55
128,29,55
135,138,55
136,147,55
138,135,55
147,136,55
21,133,56
36,136,56
66,145,56
133,21,56
136,36,56
136,147,56
145,66,56
27,107,57
29,134,57
41,111,57
91,120,57
107,27,57
120,91,57
134,29,57
1,67,58
1,121,58
2,146,58
27,133,58
28,79,58
29,128,58
29,134,58
30,100,58
47,65,58
65,47,58
67,1,58
79,28,58
86,123,58
100,30,58
123,86,58
133,27,58
146,2,58
38,137,59
59,116,59
116,59,59
137,38,59
2,108,60
2,146,60
4,29,60
29,4,60
1,67,61
28,143,61
29,134,61
49,111,61
83,118,61
111,49,61
118,83,61
135,103,61
143,28,61
2,108,62
2,146,62
28,79,62
66,83,62
83,66,62
108,146,62
116,33,62
146,108,62
14,89,63
49,139,63
79,143,63
111,41,63
116,59,63
135,138,63
139,49,63
143,79,63
18,120,64
64,69,64
69,64,64
102,145,64
120,18,64
136,36,64
145,102,64
36,147,65
71,84,65
81,126,65
84,71,65
126,81,65
146,2,65
146,108,65
147,36,65
15,64,66
64,15,66
90,93,66
93,90,66
6,33,67
21,39,67
28,143,67
33,6,67
39,21,67
66,118,67
79,28,67
79,143,67
102,92,67
103,138,67
118,66,67
138,103,67
138,135,67
143,28,67
143,79,67
15,69,68
69,15,68
38,120,69
41,49,69
49,41,69
66,83,69
86,128,69
99,137,69
120,38,69
128,86,69
137,99,69
143,28,69
2,108,70
16,69,70
69,16,70
108,2,70
122,130,70
130,122,70
18,38,71
38,18,71
87,146,71
146,87,71
19,83,72
39,132,72
83,19,72
92,118,72
118,92,72
130,61,72
132,39,72
58,68,73
60,97,73
68,58,73
71,123,73
97,60,73
123,71,73
2,87,74
13,70,74
15,64,74
16,67,74
19,145,74
67,16,74
70,13,74
87,2,74
90,112,74
143,79,74
145,19,74
38,120,75
53,107,75
107,53,75
14,133,77
17,59,77
18,120,77
21,53,77
26,119,77
53,21,77
59,17,77
119,26,77
120,18,77
133,14,77
5,76,78
76,5,78
108,146,78
133,27,78
146,108,78
12,58,79
14,27,79
14,133,79
27,14,79
27,133,79
43,122,79
49,111,79
58,12,79
111,49,79
120,38,79
122,43,79
133,14,79
133,27,79
5,22,80
6,116,80
16,64,80
21,107,80
39,89,80
64,16,80
67,121,80
89,39,80
107,21,80
116,6,80
121,67,80
5,76,81
14,27,81
21,53,81
21,107,81
27,14,81
29,86,81
75,132,81
77,134,81
86,29,81
132,75,81
134,77,81
1,12,82
12,1,82
5,22,83
5,76,83
53,107,83
86,134,83
107,53,83
111,7,83
134,86,83
136,147,84
147,136,84
5,22,85
8,44,85
19,83,85
44,8,85
7,139,86
63,69,86
69,63,86
139,7,86
59,99,87
99,59,87
5,76,88
22,76,88
76,22,88
100,108,88
107,21,88
108,100,88
141,56,88
77,86,89
86,77,89
59,137,90
99,137,90
137,59,90
137,99,90
16,67,91
43,130,91
67,16,91
79,99,91
99,79,91
99,137,91
130,43,91
17,120,92
83,119,92
99,79,92
99,137,92
119,83,92
120,17,92
4,134,93
35,103,93
91,104,93
99,79,93
103,35,93
104,91,93
134,4,93
143,28,93
16,64,94
16,67,94
28,38,94
38,28,94
44,149,94
99,137,94
111,49,94
149,44,94
38,143,95
58,68,95
79,137,95
137,79,95
137,99,95
143,38,95
28,143,96
83,102,96
90,94,96
94,90,96
102,83,96
102,145,96
137,79,96
137,99,96
143,28,96
145,102,96
10,101,97
16,64,97
16,67,97
79,99,97
83,145,97
99,79,97
99,137,97
101,10,97
102,83,97
102,145,97
145,83,97
145,102,97
4,29,98
16,64,98
29,4,98
43,122,98
43,130,98
79,137,98
90,112,98
99,79,98
104,142,98
122,130,98
130,122,98
137,79,98
29,134,99
64,67,99
67,64,99
134,29,99
4,134,100
29,4,100
29,134,100
68,129,100
73,88,100
88,73,100
91,142,100
129,68,100
130,43,100
134,4,100
134,29,100
142,91,100
142,104,100
