29,66,1
35,88,1
39,74,1
41,123,1
43,49,1
43,161,1
44,120,1
45,149,1
49,43,1
53,123,1
57,68,1
58,98,1
66,29,1
68,57,1
74,39,1
85,96,1
88,35,1
96,85,1
97,167,1
98,58,1
104,156,1
120,44,1
123,41,1
123,53,1
147,155,1
149,45,1
155,147,1
156,104,1
161,43,1
167,97,1
7,145,2
9,201,2
11,101,2
20,167,2
43,49,2
51,135,2
54,55,2
55,54,2
56,154,2
101,11,2
123,41,2
123,53,2
135,51,2
145,7,2
154,56,2
167,20,2
167,97,2
170,196,2
196,170,2
201,9,2
6,43,3
18,71,3
20,97,3
43,6,3
49,161,3
50,178,3
71,18,3
84,102,3
97,20,3
102,84,3
109,114,3
114,109,3
118,184,3
153,157,3
157,153,3
161,49,3
175,191,3
178,50,3
184,118,3
191,175,3
4,13,4
13,4,4
20,167,4
24,150,4
91,143,4
97,167,4
98,196,4
111,136,4
136,111,4
143,91,4
150,24,4
167,20,4
167,97,4
196,98,4
196,170,4
27,109,5
44,103,5
67,180,5
73,130,5
103,44,5
108,109,5
109,27,5
109,108,5
130,73,5
180,67,5
189,194,5
194,189,5
4,43,6
6,49,6
6,161,6
27,108,6
27,114,6
43,4,6
49,6,6
49,161,6
68,79,6
79,68,6
98,170,6
101,154,6
105,181,6
108,27,6
108,114,6
109,114,6
114,27,6
114,108,6
114,109,6
154,101,6
161,6,6
161,49,6
170,98,6
170,196,6
181,105,6
5,16,7
6,49,7
6,161,7
16,5,7
27,108,7
49,6,7
49,161,7
68,57,7
82,100,7
98,58,7
100,82,7
108,27,7
123,41,7
123,53,7
161,6,7
161,49,7
4,13,8
6,49,8
38,60,8
49,6,8
49,161,8
60,38,8
96,125,8
125,96,8
139,201,8
201,139,8
16,66,9
46,150,9
66,16,9
67,90,9
90,67,9
133,171,9
150,46,9
171,133,9
30,156,10
36,104,10
51,58,10
58,51,10
78,170,10
93,169,10
104,36,10
107,122,10
119,128,10
122,107,10
128,119,10
156,30,10
169,93,10
170,78,10
2,84,11
12,74,11
44,162,11
58,98,11
74,12,11
84,2,11
93,184,11
116,182,11
142,169,11
162,44,11
169,142,11
182,116,11
184,93,11
49,6,12
58,51,12
78,136,12
83,89,12
89,83,12
136,78,12
173,200,12
200,173,12
6,161,13
15,137,13
28,192,13
39,130,13
49,161,13
52,141,13
78,170,13
130,39,13
136,170,13
137,15,13
141,52,13
161,6,13
161,49,13
170,136,13
192,28,13
6,49,14
20,97,14
21,190,14
49,6,14
78,136,14
78,170,14
97,20,14
98,135,14
107,197,14
135,98,14
136,78,14
170,78,14
190,21,14
197,107,14
3,107,15
7,15,15
15,7,15
38,48,15
48,38,15
49,81,15
78,136,15
78,170,15
81,49,15
107,3,15
108,109,15
109,108,15
118,123,15
123,118,15
2,102,16
13,165,16
78,196,16
90,180,16
102,2,16
136,111,16
149,193,16
165,13,16
170,196,16
180,90,16
193,149,16
196,78,16
196,170,16
3,197,17
4,105,17
30,34,17
33,37,17
34,30,17
37,33,17
40,177,17
59,110,17
66,156,17
78,170,17
78,196,17
103,162,17
105,4,17
110,59,17
156,66,17
162,103,17
170,78,17
170,196,17
177,40,17
196,78,17
196,170,17
197,3,17
4,181,18
12,67,18
14,81,18
27,109,18
38,83,18
44,103,18
49,161,18
56,169,18
67,12,18
74,130,18
76,127,18
78,170,18
81,14,18
83,38,18
103,44,18
104,187,18
109,27,18
127,76,18
130,74,18
169,56,18
170,78,18
170,196,18
181,4,18
187,104,18
5,132,19
45,79,19
56,142,19
65,164,19
75,167,19
79,45,19
132,5,19
142,56,19
164,65,19
167,75,19
41,53,20
53,41,20
56,169,20
63,111,20
103,162,20
105,181,20
111,63,20
181,105,20
12,130,21
35,154,21
49,81,21
78,196,21
81,49,21
109,108,21
130,12,21
154,35,21
196,78,21
2,84,22
3,107,22
5,66,22
66,5,22
81,14,22
137,150,22
150,137,22
29,30,23
30,29,23
39,74,23
45,57,23
49,6,23
57,45,23
74,39,23
83,141,23
87,105,23
93,123,23
105,87,23
117,129,23
123,93,23
129,117,23
141,83,23
142,169,23
169,142,23
5,132,24
6,14,24
14,6,24
56,184,24
57,68,24
72,148,24
108,147,24
147,108,24
148,72,24
149,177,24
177,149,24
184,56,24
12,180,25
31,186,25
66,132,25
132,66,25
180,12,25
186,31,25
6,49,26
12,90,26
25,116,26
27,114,26
39,180,26
76,151,26
77,197,26
84,185,26
90,12,26
114,27,26
116,25,26
123,118,26
132,5,26
151,76,26
180,39,26
185,84,26
197,77,26
10,65,27
10,164,27
14,161,27
38,89,27
65,10,27
89,38,27
90,180,27
123,93,27
136,170,27
150,46,27
161,14,27
164,10,27
170,136,27
177,193,27
180,90,27
193,177,27
10,65,28
10,164,28
30,115,28
45,79,28
48,83,28
49,161,28
65,164,28
83,48,28
115,30,28
122,194,28
161,49,28
164,65,28
194,122,28
5,16,29
10,65,29
10,121,29
16,5,29
65,10,29
65,121,29
66,156,29
86,190,29
90,12,29
90,180,29
93,118,29
93,123,29
103,44,29
104,36,29
118,93,29
121,10,29
121,65,29
159,174,29
174,159,29
190,86,29
10,65,30
12,39,30
37,50,30
39,12,30
50,37,30
65,10,30
65,121,30
86,99,30
93,118,30
99,86,30
107,197,30
130,180,30
180,130,30
197,107,30
12,90,31
32,176,31
33,50,31
36,186,31
37,33,31
37,50,31
50,33,31
50,37,31
56,101,31
76,127,31
84,2,31
90,12,31
90,130,31
90,180,31
101,56,31
103,162,31
105,181,31
118,123,31
123,118,31
130,90,31
130,180,31
176,32,31
180,90,31
180,130,31
186,36,31
5,77,32
6,81,32
31,36,32
31,186,32
33,37,32
36,31,32
36,186,32
37,33,32
77,5,32
81,6,32
90,12,32
186,31,32
186,36,32
43,148,33
49,81,33
76,151,33
81,49,33
122,189,33
127,151,33
148,43,33
151,127,33
189,122,33
12,180,34
14,148,34
18,144,34
19,85,34
58,98,34
81,6,34
81,49,34
83,141,34
85,19,34
90,180,34
93,123,34
98,58,34
107,3,34
123,93,34
144,18,34
148,14,34
152,182,34
177,149,34
180,12,34
180,90,34
182,152,34
12,90,35
12,180,35
14,161,35
16,156,35
18,71,35
18,144,35
33,50,35
37,50,35
50,33,35
50,37,35
71,144,35
81,6,35
90,12,35
102,119,35
107,197,35
119,102,35
123,118,35
144,71,35
151,76,35
151,127,35
156,16,35
156,66,35
161,14,35
180,12,35
6,49,36
14,148,36
49,6,36
52,77,36
68,79,36
76,127,36
77,52,36
79,68,36
83,48,36
123,93,36
127,76,36
144,18,36
144,71,36
150,137,36
156,16,36
156,66,36
6,34,37
33,37,37
33,50,37
34,6,37
37,33,37
40,91,37
49,81,37
50,33,37
74,130,37
76,151,37
81,49,37
91,40,37
130,74,37
148,72,37
151,76,37
167,172,37
168,193,37
172,167,37
193,168,37
16,66,38
16,156,38
18,71,38
29,36,38
33,37,38
33,50,38
36,29,38
66,16,38
66,156,38
71,18,38
76,127,38
91,177,38
129,199,38
150,46,38
156,16,38
156,66,38
177,91,38
186,31,38
199,129,38
18,144,39
71,144,39
91,40,39
93,101,39
101,93,39
144,18,39
144,71,39
148,14,39
12,90,40
18,71,40
24,62,40
33,37,40
50,178,40
53,183,40
58,135,40
61,96,40
62,24,40
71,18,40
75,97,40
88,146,40
91,177,40
96,61,40
97,75,40
103,44,40
135,58,40
146,88,40
156,16,40
171,200,40
183,53,40
189,194,40
194,189,40
200,171,40
12,130,41
20,75,41
20,97,41
33,50,41
48,141,41
50,33,41
56,184,41
75,20,41
75,97,41
97,20,41
97,75,41
105,165,41
130,12,41
141,48,41
165,105,41
1,115,42
2,185,42
11,35,42
20,75,42
20,97,42
35,11,42
46,137,42
75,20,42
75,97,42
90,130,42
91,40,42
91,177,42
97,20,42
97,75,42
104,138,42
115,1,42
130,90,42
137,46,42
138,104,42
185,2,42
16,66,43
16,156,43
25,53,43
41,173,43
53,25,43
61,125,43
66,16,43
97,20,43
104,186,43
105,181,43
125,61,43
130,12,43
173,41,43
186,104,43
2,84,44
5,132,44
33,37,44
57,79,44
66,156,44
79,57,44
91,40,44
105,165,44
116,182,44
130,90,44
156,66,44
182,116,44
16,66,45
66,16,45
66,156,45
77,156,45
91,177,45
102,185,45
156,77,45
185,102,45
1,34,46
5,52,46
6,138,46
25,124,46
34,1,46
52,5,46
91,40,46
93,184,46
124,25,46
130,12,46
138,6,46
184,93,46
67,90,47
77,132,47
77,156,47
80,146,47
90,67,47
91,177,47
132,77,47
135,196,47
146,80,47
196,135,47
31,104,48
76,151,48
77,132,48
77,156,48
104,31,48
132,156,48
156,132,48
1,115,49
45,193,49
53,183,49
91,149,49
99,192,49
149,91,49
156,77,49
156,132,49
192,99,49
193,45,49
66,132,50
73,122,50
75,167,50
78,136,50
112,187,50
122,73,50
132,66,50
136,78,50
160,179,50
167,75,50
179,160,50
187,112,50
5,85,51
85,5,51
156,77,51
184,56,51
12,39,52
16,29,52
26,195,52
29,16,52
82,87,52
87,82,52
195,26,52
22,175,53
115,138,53
138,115,53
159,199,53
175,22,53
199,159,53
18,70,54
70,18,54
74,90,54
90,74,54
115,1,54
115,138,54
23,113,55
63,170,55
65,199,55
77,83,55
77,156,55
83,77,55
83,156,55
113,23,55
156,83,55
170,63,55
188,200,55
199,65,55
200,188,55
16,36,56
21,128,56
36,16,56
66,156,56
77,83,56
79,193,56
83,77,56
86,190,56
108,155,56
115,1,56
122,194,56
128,21,56
155,108,56
156,66,56
193,79,56
194,122,56
11,136,57
16,29,57
33,50,57
83,156,57
136,11,57
156,83,57
1,6,58
6,1,58
67,180,58
92,145,58
135,58,58
145,92,58
180,67,58
187,201,58
191,198,58
198,191,58
199,159,58
201,187,58
8,151,59
14,161,59
66,83,59
66,156,59
81,186,59
83,66,59
93,101,59
122,73,59
151,8,59
156,66,59
186,81,59
6,115,60
12,130,60
66,83,60
66,156,60
81,49,60
115,6,60
129,117,60
6,1,61
6,115,61
22,82,61
73,194,61
82,22,61
194,73,61
4,13,62
6,1,62
12,67,62
13,4,62
42,123,62
67,12,62
123,42,62
11,78,63
14,186,63
18,92,63
22,175,63
24,150,63
36,104,63
78,11,63
82,175,63
92,18,63
104,36,63
105,181,63
115,138,63
143,177,63
150,24,63
175,82,63
177,143,63
186,14,63
10,174,64
22,82,64
45,79,64
79,45,64
82,22,64
82,113,64
82,175,64
99,190,64
113,82,64
113,175,64
174,10,64
175,113,64
190,99,64
6,115,65
18,70,65
67,130,65
81,115,65
115,6,65
115,81,65
130,67,65
133,145,65
145,133,65
199,65,65
21,162,66
38,60,66
54,95,66
62,150,66
73,122,66
73,194,66
78,136,66
79,193,66
95,54,66
122,194,66
136,78,66
150,62,66
162,21,66
194,122,66
6,29,67
18,145,67
29,6,67
73,122,67
73,194,67
78,11,67
78,136,67
82,22,67
82,175,67
122,73,67
122,194,67
145,18,67
175,82,67
194,73,67
194,122,67
6,115,68
67,12,68
91,177,68
115,6,68
175,113,68
177,91,68
192,28,68
6,29,69
6,115,69
18,92,69
66,132,69
78,11,69
107,141,69
118,173,69
141,107,69
145,133,69
150,24,69
152,184,69
173,118,69
184,152,69
194,73,69
4,181,70
6,29,70
56,124,70
90,130,70
94,160,70
115,81,70
124,56,70
124,184,70
130,90,70
160,94,70
181,4,70
184,124,70
10,108,71
19,125,71
22,87,71
82,113,71
87,22,71
108,10,71
113,82,71
119,158,71
125,19,71
158,119,71
34,138,72
91,131,72
91,177,72
131,91,72
138,34,72
167,190,72
190,167,72
6,115,73
33,37,73
53,182,73
70,92,73
70,133,73
81,112,73
92,70,73
107,156,73
108,174,73
112,81,73
115,6,73
131,177,73
133,70,73
148,161,73
156,107,73
161,148,73
174,108,73
177,131,73
181,105,73
182,53,73
29,81,74
35,136,74
74,180,74
81,29,74
81,112,74
83,132,74
89,153,74
132,83,74
136,35,74
153,89,74
180,74,74
184,152,74
16,30,75
21,86,75
27,155,75
30,16,75
42,129,75
86,21,75
86,128,75
99,192,75
128,86,75
129,42,75
155,27,75
177,143,75
192,99,75
5,19,76
19,5,76
22,181,76
40,45,76
45,40,76
70,71,76
70,133,76
71,70,76
71,133,76
91,131,76
92,145,76
98,135,76
131,91,76
133,71,76
135,98,76
145,92,76
181,22,76
10,174,77
16,34,77
29,112,77
34,16,77
70,71,77
71,70,77
95,139,77
112,29,77
112,81,77
139,95,77
174,10,77
112,29,78
115,138,78
133,145,78
138,115,78
145,133,78
12,130,79
71,133,79
130,12,79
133,71,79
1,186,80
65,169,80
86,21,80
92,18,80
136,196,80
141,197,80
169,65,80
186,1,80
196,136,80
197,141,80
4,163,81
48,77,81
58,68,81
68,58,81
77,48,81
163,4,81
4,181,82
13,163,82
52,85,82
85,52,82
143,149,82
149,143,82
159,169,82
163,13,82
169,159,82
181,4,82
1,6,83
1,186,83
2,119,83
5,125,83
6,1,83
6,186,83
16,138,83
17,89,83
29,49,83
49,29,83
81,104,83
89,17,83
104,81,83
112,115,83
115,112,83
119,2,83
123,129,83
125,5,83
126,147,83
129,123,83
138,16,83
147,126,83
186,6,83
1,29,84
1,186,84
16,34,84
29,1,84
29,49,84
29,115,84
42,123,84
42,129,84
115,29,84
115,112,84
123,42,84
123,129,84
124,56,84
129,42,84
129,123,84
131,177,84
149,177,84
177,131,84
177,149,84
186,1,84
186,6,84
1,29,85
1,49,85
1,115,85
16,138,85
29,1,85
29,112,85
31,95,85
49,1,85
64,72,85
71,70,85
72,64,85
95,31,85
112,29,85
112,115,85
115,1,85
115,112,85
124,184,85
129,42,85
134,189,85
134,197,85
184,124,85
189,134,85
197,134,85
197,141,85
1,49,86
28,75,86
29,49,86
29,112,86
29,115,86
29,186,86
49,29,86
49,112,86
75,28,86
112,29,86
112,49,86
115,29,86
121,136,86
134,189,86
136,121,86
144,145,86
145,144,86
149,143,86
186,29,86
1,112,87
1,115,87
29,112,87
29,115,87
30,125,87
42,123,87
112,1,87
112,29,87
112,115,87
115,1,87
115,29,87
115,112,87
115,186,87
123,42,87
124,56,87
125,30,87
144,200,87
159,199,87
169,65,87
186,115,87
199,159,87
200,144,87
5,19,88
13,87,88
22,163,88
29,49,88
29,115,88
39,67,88
49,29,88
56,152,88
65,159,88
65,199,88
67,39,88
87,13,88
105,165,88
115,1,88
115,29,88
124,152,88
124,184,88
134,197,88
141,189,88
152,56,88
152,124,88
159,65,88
159,199,88
163,22,88
189,141,88
197,134,88
199,65,88
199,159,88
1,29,89
1,36,89
1,49,89
1,115,89
13,22,89
22,13,89
28,99,89
29,1,89
29,49,89
36,1,89
47,73,89
49,1,89
49,29,89
49,115,89
65,169,89
66,107,89
73,47,89
99,28,89
107,66,89
112,186,89
115,1,89
115,49,89
134,189,89
134,197,89
186,112,89
189,134,89
189,141,89
189,197,89
197,189,89
16,34,90
16,138,90
22,163,90
28,75,90
28,99,90
30,61,90
36,115,90
40,68,90
56,184,90
61,30,90
67,194,90
68,40,90
115,36,90
115,49,90
184,56,90
194,67,90
1,36,91
9,95,91
19,48,91
36,1,91
48,19,91
67,39,91
67,194,91
95,9,91
116,146,91
146,116,91
200,171,91
29,36,92
36,29,92
39,194,92
67,39,92
67,194,92
95,31,92
100,158,92
158,100,92
194,39,92
194,67,92
1,29,93
6,179,93
29,1,93
56,124,93
74,130,93
95,9,93
124,56,93
124,184,93
130,74,93
152,184,93
179,6,93
184,124,93
184,152,93
1,115,94
29,36,94
90,122,94
115,1,94
122,90,94
124,56,94
146,80,94
194,39,94
194,67,94
4,87,95
14,148,95
16,34,95
19,5,95
87,4,95
122,130,95
130,122,95
148,14,95
194,39,95
3,17,96
16,138,96
17,3,96
34,138,96
75,99,96
91,164,96
99,75,96
124,152,96
130,74,96
130,122,96
138,34,96
152,124,96
152,184,96
164,91,96
1,112,97
76,127,97
112,1,97
115,49,97
152,124,97
154,196,97
194,67,97
196,154,97
25,146,98
31,83,98
36,112,98
37,50,98
49,186,98
50,37,98
74,90,98
83,31,98
90,74,98
112,36,98
115,186,98
122,180,98
124,56,98
146,25,98
174,108,98
180,122,98
186,49,98
186,115,98
194,39,98
36,29,99
48,96,99
96,48,99
104,187,99
112,1,99
174,10,99
187,104,99
1,115,100
25,116,100
28,75,100
54,55,100
75,28,100
90,130,100
115,1,100
116,25,100
130,90,100
194,67,100
