5,25,1
6,189,1
7,204,1
9,14,1
9,92,1
11,31,1
12,44,1
14,9,1
14,92,1
18,307,1
24,220,1
24,234,1
25,5,1
26,62,1
28,142,1
30,131,1
31,11,1
38,80,1
38,99,1
44,12,1
54,238,1
58,105,1
58,143,1
58,308,1
59,151,1
60,83,1
61,79,1
62,26,1
68,116,1
79,61,1
80,38,1
83,60,1
92,9,1
92,14,1
94,209,1
95,235,1
98,139,1
99,38,1
101,109,1
101,167,1
103,225,1
105,58,1
105,143,1
105,168,1
108,129,1
109,101,1
109,167,1
116,68,1
118,148,1
122,209,1
124,292,1
127,218,1
129,108,1
131,30,1
139,98,1
142,28,1
143,58,1
143,105,1
143,168,1
143,308,1
148,118,1
151,59,1
157,244,1
167,101,1
167,109,1
168,105,1
168,143,1
168,308,1
177,186,1
179,224,1
186,177,1
187,258,1
189,6,1
190,318,1
196,254,1
204,7,1
205,236,1
209,94,1
209,122,1
214,262,1
218,127,1
220,24,1
220,234,1
224,179,1
225,103,1
225,299,1
230,297,1
234,24,1
234,220,1
235,95,1
236,205,1
238,54,1
244,157,1
247,315,1
249,260,1
254,196,1
256,274,1
258,187,1
260,249,1
262,214,1
274,256,1
285,311,1
292,124,1
297,230,1
299,225,1
307,18,1
308,58,1
308,143,1
308,168,1
311,285,1
315,247,1
318,190,1
2,98,2
3,207,2
6,36,2
9,14,2
9,92,2
14,9,2
21,171,2
27,233,2
35,123,2
36,6,2
47,199,2
48,211,2
55,67,2
66,107,2
67,55,2
71,244,2
82,309,2
92,9,2
98,2,2
101,294,2
102,239,2
103,299,2
107,66,2
123,35,2
143,168,2
143,308,2
144,157,2
145,237,2
157,144,2
167,101,2
167,109,2
168,105,2
168,143,2
171,21,2
183,311,2
185,251,2
199,47,2
207,3,2
209,94,2
209,122,2
211,48,2
213,279,2
233,27,2
234,24,2
237,145,2
239,102,2
244,71,2
251,185,2
279,213,2
294,101,2
297,313,2
299,103,2
299,225,2
308,143,2
309,82,2
311,183,2
313,297,2
7,43,3
7,204,3
13,188,3
24,317,3
43,7,3
56,178,3
58,105,3
58,160,3
59,141,3
59,151,3
67,202,3
86,255,3
94,122,3
94,209,3
95,238,3
96,295,3
100,269,3
103,225,3
105,58,3
105,160,3
105,168,3
105,308,3
122,94,3
122,209,3
127,283,3
137,217,3
140,259,3
141,59,3
149,285,3
160,58,3
160,105,3
168,105,3
168,308,3
178,56,3
188,13,3
202,67,3
209,94,3
209,122,3
217,137,3
225,103,3
229,295,3
230,313,3
234,317,3
236,288,3
238,95,3
242,245,3
245,242,3
255,86,3
259,140,3
269,100,3
283,127,3
285,149,3
285,311,3
288,236,3
295,96,3
295,229,3
297,230,3
297,313,3
308,105,3
308,143,3
308,168,3
311,285,3
313,230,3
313,297,3
317,24,3
317,234,3
7,43,4
21,154,4
23,194,4
24,234,4
24,317,4
26,275,4
58,105,4
58,160,4
83,192,4
93,183,4
94,122,4
94,209,4
96,229,4
96,295,4
101,167,4
103,299,4
105,58,4
105,143,4
105,160,4
108,206,4
122,94,4
122,209,4
126,205,4
136,151,4
143,105,4
143,160,4
144,280,4
151,136,4
151,312,4
154,21,4
160,58,4
160,105,4
160,143,4
167,101,4
183,93,4
192,83,4
194,23,4
205,126,4
206,108,4
209,94,4
209,122,4
229,96,4
234,24,4
234,317,4
275,26,4
280,144,4
295,96,4
299,103,4
312,151,4
317,24,4
317,234,4
9,260,5
16,233,5
21,171,5
23,64,5
23,156,5
23,274,5
24,234,5
34,310,5
37,205,5
39,84,5
43,182,5
48,169,5
48,211,5
52,62,5
62,52,5
64,23,5
64,156,5
84,39,5
92,260,5
94,122,5
101,294,5
103,225,5
103,299,5
105,143,5
111,227,5
112,177,5
122,94,5
136,312,5
143,105,5
151,136,5
151,312,5
156,23,5
156,64,5
156,274,5
169,48,5
174,298,5
177,112,5
182,43,5
203,221,5
205,37,5
205,126,5
214,290,5
216,284,5
221,203,5
227,111,5
229,303,5
233,16,5
234,24,5
260,9,5
260,92,5
274,23,5
274,156,5
274,256,5
284,216,5
290,214,5
298,174,5
303,229,5
310,34,5
312,136,5
312,151,5
9,92,6
9,260,6
12,212,6
14,92,6
18,66,6
21,154,6
23,64,6
23,156,6
28,77,6
46,201,6
48,169,6
48,211,6
55,96,6
64,23,6
64,156,6
66,18,6
77,28,6
84,117,6
85,296,6
87,315,6
92,9,6
92,14,6
92,260,6
96,55,6
101,109,6
101,294,6
102,172,6
103,225,6
103,299,6
104,229,6
108,163,6
109,101,6
109,294,6
117,84,6
119,306,6
149,311,6
156,23,6
156,64,6
163,108,6
165,304,6
172,102,6
172,239,6
197,283,6
201,46,6
205,37,6
205,126,6
212,12,6
214,262,6
225,299,6
229,104,6
239,172,6
257,261,6
260,9,6
260,92,6
261,257,6
283,197,6
285,149,6
294,109,6
296,85,6
299,225,6
304,165,6
306,119,6
311,149,6
315,87,6
9,14,7
9,92,7
12,44,7
14,9,7
23,64,7
48,169,7
56,242,7
60,192,7
64,23,7
92,9,7
92,260,7
101,109,7
101,167,7
108,206,7
109,101,7
111,309,7
127,197,7
127,283,7
135,140,7
136,151,7
140,135,7
149,285,7
149,311,7
151,136,7
157,244,7
163,206,7
184,301,7
192,60,7
197,127,7
197,283,7
205,37,7
205,126,7
206,163,7
242,56,7
244,157,7
272,286,7
283,127,7
283,197,7
285,311,7
286,272,7
299,103,7
299,225,7
301,184,7
309,111,7
311,285,7
315,247,7
4,155,8
9,14,8
9,92,8
32,282,8
36,189,8
43,199,8
81,118,8
87,247,8
92,9,8
101,109,8
108,163,8
108,206,8
111,227,8
118,81,8
136,312,8
144,192,8
155,4,8
160,58,8
163,108,8
172,102,8
179,229,8
189,36,8
191,223,8
192,144,8
199,43,8
200,266,8
206,108,8
223,191,8
229,179,8
247,87,8
266,200,8
273,287,8
282,32,8
283,312,8
287,273,8
312,136,8
312,283,8
9,14,9
12,212,9
21,171,9
23,156,9
29,116,9
39,40,9
40,39,9
44,212,9
55,303,9
58,143,9
69,245,9
83,225,9
96,295,9
108,129,9
108,206,9
116,29,9
136,197,9
143,58,9
151,283,9
151,312,9
156,23,9
163,206,9
172,239,9
197,136,9
206,163,9
212,44,9
213,302,9
225,83,9
225,299,9
227,309,9
245,69,9
247,315,9
283,151,9
283,312,9
302,213,9
303,55,9
309,227,9
312,151,9
312,283,9
6,189,10
12,44,10
15,191,10
40,314,10
43,182,10
43,199,10
44,12,10
64,256,10
90,232,10
108,163,10
110,266,10
135,259,10
136,312,10
143,105,10
160,271,10
163,108,10
182,199,10
189,6,10
189,36,10
191,15,10
197,283,10
197,312,10
199,182,10
206,250,10
232,90,10
247,87,10
250,206,10
256,64,10
259,135,10
266,110,10
271,160,10
283,197,10
311,149,10
312,136,10
312,197,10
314,40,10
8,216,11
20,190,11
21,154,11
23,111,11
31,261,11
43,182,11
55,96,11
55,295,11
76,101,11
85,116,11
87,315,11
96,55,11
101,76,11
111,23,11
113,187,11
116,85,11
129,206,11
136,197,11
141,205,11
143,167,11
151,197,11
151,283,11
167,143,11
182,43,11
182,199,11
183,285,11
187,113,11
187,258,11
190,20,11
197,136,11
197,151,11
205,141,11
206,129,11
216,8,11
222,247,11
247,222,11
261,31,11
283,151,11
285,183,11
295,55,11
315,87,11
11,261,12
20,28,12
23,309,12
28,20,12
55,96,12
59,205,12
83,299,12
96,295,12
108,129,12
108,250,12
113,258,12
126,141,12
129,108,12
132,180,12
136,312,12
141,126,12
141,236,12
151,197,12
152,312,12
156,309,12
165,202,12
180,132,12
182,43,12
187,113,12
197,136,12
197,151,12
202,165,12
205,59,12
224,293,12
225,83,12
225,299,12
236,141,12
247,315,12
250,108,12
258,113,12
261,11,12
293,224,12
295,96,12
299,83,12
299,225,12
309,23,12
309,156,12
312,136,12
312,152,12
315,247,12
6,36,13
9,260,13
16,90,13
21,171,13
30,168,13
31,228,13
36,6,13
66,307,13
83,225,13
83,299,13
87,222,13
87,247,13
87,315,13
90,16,13
90,232,13
92,260,13
96,55,13
103,225,13
104,224,13
108,129,13
108,250,13
113,187,13
134,309,13
135,140,13
136,152,13
136,197,13
145,203,13
151,283,13
151,312,13
152,136,13
168,30,13
168,308,13
182,204,13
197,136,13
197,312,13
198,284,13
203,145,13
204,182,13
216,253,13
222,87,13
222,247,13
224,104,13
224,293,13
225,83,13
225,103,13
228,31,13
246,286,13
247,87,13
247,222,13
247,315,13
253,216,13
260,9,13
260,92,13
284,198,13
286,246,13
299,83,13
307,66,13
309,134,13
312,151,13
312,197,13
315,87,13
315,247,13
17,41,14
20,318,14
21,45,14
21,154,14
39,117,14
41,17,14
45,21,14
46,263,14
83,103,14
87,247,14
90,233,14
99,278,14
103,83,14
104,229,14
104,293,14
108,129,14
117,39,14
133,300,14
141,126,14
141,236,14
151,283,14
154,158,14
158,154,14
173,268,14
190,318,14
197,136,14
219,280,14
229,104,14
233,90,14
247,87,14
260,9,14
260,92,14
263,46,14
268,173,14
278,99,14
280,219,14
282,311,14
285,311,14
286,272,14
293,104,14
295,303,14
300,133,14
303,295,14
311,282,14
311,285,14
318,20,14
318,190,14
33,299,15
39,40,15
40,39,15
40,215,15
45,154,15
46,47,15
46,263,15
47,46,15
47,263,15
76,143,15
87,222,15
87,247,15
92,249,15
92,260,15
93,97,15
97,93,15
104,229,15
105,167,15
126,236,15
129,250,15
141,126,15
143,76,15
154,45,15
155,188,15
159,176,15
167,105,15
174,310,15
176,159,15
186,299,15
188,155,15
215,40,15
222,87,15
232,233,15
233,232,15
236,126,15
249,92,15
249,260,15
250,129,15
260,249,15
263,47,15
283,312,15
293,224,15
299,33,15
299,186,15
310,174,15
312,283,15
9,14,16
39,215,16
40,39,16
45,158,16
48,281,16
80,278,16
83,299,16
90,16,16
96,304,16
125,139,16
126,141,16
139,125,16
142,318,16
158,45,16
175,196,16
192,60,16
196,175,16
215,39,16
260,92,16
260,249,16
278,80,16
281,48,16
299,33,16
299,83,16
304,96,16
318,142,16
11,257,17
19,27,17
27,19,17
46,47,17
46,263,17
47,46,17
47,263,17
57,148,17
60,83,17
83,60,17
101,143,17
104,293,17
111,227,17
112,269,17
113,234,17
137,275,17
143,101,17
145,240,17
148,57,17
162,270,17
179,295,17
192,144,17
196,254,17
203,240,17
227,111,17
234,113,17
240,145,17
240,203,17
241,267,17
257,11,17
257,261,17
261,257,17
263,46,17
263,47,17
267,241,17
269,112,17
270,162,17
275,137,17
293,104,17
295,179,17
311,282,17
311,285,17
313,230,17
318,20,17
3,89,18
9,92,18
20,142,18
29,85,18
33,83,18
33,299,18
37,288,18
41,268,18
45,154,18
55,304,18
83,33,18
85,29,18
89,3,18
90,233,18
92,9,18
96,55,18
96,304,18
105,168,18
111,309,18
126,236,18
141,236,18
142,20,18
154,171,18
168,105,18
171,154,18
172,240,18
177,186,18
186,177,18
187,258,18
233,90,18
236,141,18
240,172,18
240,203,18
258,187,18
268,41,18
288,37,18
299,33,18
304,55,18
304,96,18
309,111,18
4,188,19
9,249,19
11,288,19
20,77,19
22,296,19
33,83,19
34,219,19
39,40,19
39,215,19
40,215,19
49,79,19
54,235,19
55,96,19
55,304,19
77,20,19
79,49,19
79,61,19
90,16,19
90,233,19
92,249,19
96,55,19
96,304,19
105,308,19
126,141,19
127,312,19
141,126,19
143,271,19
151,228,19
168,308,19
188,4,19
202,67,19
215,40,19
219,34,19
228,151,19
235,54,19
249,9,19
249,92,19
263,46,19
271,143,19
288,11,19
296,22,19
304,55,19
304,96,19
308,105,19
308,168,19
312,127,19
2,139,20
16,233,20
17,232,20
49,61,20
49,79,20
50,273,20
58,167,20
61,49,20
61,79,20
63,183,20
71,87,20
76,271,20
79,49,20
79,61,20
87,71,20
90,16,20
90,233,20
103,299,20
108,250,20
116,260,20
129,108,20
129,250,20
130,183,20
139,2,20
143,76,20
155,272,20
158,316,20
163,181,20
167,58,20
181,163,20
183,63,20
183,130,20
188,155,20
188,272,20
229,293,20
232,17,20
233,16,20
233,90,20
234,220,20
250,108,20
250,129,20
260,116,20
271,76,20
272,155,20
272,188,20
273,50,20
282,285,20
285,282,20
292,306,20
293,229,20
299,103,20
306,292,20
316,158,20
9,260,21
19,259,21
20,142,21
32,251,21
55,96,21
63,130,21
76,143,21
76,271,21
96,55,21
96,179,21
99,38,21
108,129,21
113,317,21
129,108,21
130,63,21
130,183,21
134,274,21
135,204,21
154,45,21
155,188,21
155,272,21
160,300,21
165,304,21
172,102,21
174,277,21
179,96,21
188,4,21
188,155,21
203,221,21
204,135,21
219,310,21
226,280,21
251,32,21
259,19,21
260,9,21
260,116,21
272,155,21
274,134,21
277,174,21
280,226,21
288,37,21
300,160,21
304,165,21
308,105,21
310,219,21
317,113,21
16,17,22
16,232,22
17,16,22
17,232,22
19,27,22
19,259,22
20,77,22
31,287,22
32,185,22
32,251,22
58,76,22
60,103,22
69,178,22
73,316,22
76,58,22
87,315,22
89,239,22
103,60,22
116,249,22
126,236,22
141,236,22
145,203,22
148,223,22
150,267,22
155,188,22
155,272,22
170,298,22
178,69,22
185,32,22
185,251,22
187,317,22
188,272,22
203,145,22
223,148,22
232,16,22
232,17,22
236,126,22
236,141,22
239,89,22
249,116,22
251,185,22
260,9,22
267,150,22
272,188,22
277,279,22
279,277,22
287,31,22
288,11,22
298,170,22
315,87,22
316,73,22
317,187,22
4,155,23
9,116,23
9,249,23
24,220,23
47,201,23
56,161,23
76,143,23
87,71,23
116,9,23
126,141,23
126,236,23
133,141,23
141,126,23
141,133,23
155,4,23
155,188,23
161,56,23
174,279,23
179,295,23
188,155,23
188,272,23
201,47,23
220,24,23
220,234,23
221,240,23
232,233,23
233,232,23
236,126,23
240,221,23
249,9,23
251,32,23
255,318,23
261,288,23
277,174,23
279,174,23
285,311,23
288,261,23
318,255,23
4,272,24
8,253,24
16,233,24
17,233,24
20,318,24
55,179,24
63,311,24
76,109,24
96,55,24
96,179,24
105,168,24
105,308,24
109,76,24
126,141,24
126,236,24
139,162,24
141,126,24
141,133,24
155,272,24
156,256,24
162,139,24
168,105,24
174,310,24
179,55,24
179,96,24
188,155,24
188,272,24
232,17,24
232,233,24
233,16,24
233,17,24
233,232,24
253,8,24
256,156,24
272,4,24
272,155,24
272,188,24
310,174,24
311,63,24
311,285,24
318,20,24
17,232,25
23,194,25
29,218,25
43,199,25
66,191,25
88,110,25
110,88,25
121,246,25
126,133,25
126,141,25
126,236,25
133,126,25
133,141,25
141,126,25
141,133,25
155,188,25
166,244,25
188,155,25
191,66,25
191,307,25
199,43,25
218,29,25
220,24,25
232,17,25
244,166,25
246,121,25
272,4,25
288,37,25
307,191,25
9,92,26
23,134,26
23,194,26
55,303,26
60,83,26
60,103,26
63,285,26
66,307,26
76,58,26
83,60,26
91,208,26
92,9,26
101,294,26
113,187,26
116,260,26
126,141,26
126,236,26
134,23,26
134,194,26
141,126,26
187,113,26
194,134,26
203,221,26
208,91,26
221,203,26
256,64,26
260,116,26
277,279,26
279,277,26
285,63,26
294,101,26
303,55,26
307,66,26
307,191,26
310,219,26
6,8,27
8,6,27
8,253,27
29,127,27
29,218,27
46,201,27
54,241,27
55,295,27
59,300,27
66,191,27
83,103,27
93,149,27
103,83,27
113,317,27
115,308,27
127,29,27
127,218,27
138,189,27
143,271,27
149,93,27
187,317,27
188,246,27
189,138,27
191,66,27
197,205,27
201,46,27
205,197,27
218,127,27
233,90,27
241,54,27
246,188,27
254,306,27
266,200,27
271,143,27
285,311,27
295,55,27
300,59,27
306,254,27
308,115,27
317,113,27
317,187,27
8,6,28
29,312,28
39,84,28
45,171,28
55,303,28
60,299,28
66,307,28
67,295,28
84,39,28
91,247,28
101,109,28
109,101,28
121,188,28
126,133,28
126,141,28
133,126,28
133,141,28
141,133,28
154,171,28
171,45,28
171,154,28
188,121,28
188,246,28
201,47,28
202,304,28
244,315,28
247,91,28
293,303,28
295,67,28
299,60,28
303,293,28
304,202,28
306,292,28
307,66,28
312,29,28
315,244,28
8,253,29
27,259,29
32,153,29
45,154,29
58,143,29
66,191,29
66,307,29
76,143,29
77,318,29
112,186,29
112,192,29
119,309,29
127,312,29
141,126,29
141,133,29
143,58,29
143,76,29
146,273,29
153,32,29
154,45,29
166,315,29
186,112,29
186,192,29
188,121,29
191,307,29
192,112,29
192,186,29
244,166,29
259,27,29
273,146,29
307,191,29
309,119,29
312,127,29
315,166,29
318,77,29
5,273,30
11,126,30
13,121,30
13,246,30
16,232,30
45,276,30
58,76,30
58,143,30
76,58,30
76,143,30
89,102,30
91,208,30
102,89,30
121,13,30
121,246,30
126,11,30
126,141,30
136,228,30
141,126,30
143,58,30
143,76,30
152,197,30
166,244,30
166,315,30
188,246,30
197,152,30
218,312,30
228,136,30
232,16,30
246,13,30
246,121,30
246,188,30
273,5,30
276,45,30
303,55,30
303,293,30
312,218,30
6,253,31
13,188,31
13,246,31
15,66,31
34,157,31
57,61,31
58,76,31
58,143,31
61,57,31
63,311,31
66,15,31
66,307,31
76,58,31
76,271,31
123,164,31
126,11,31
130,216,31
133,160,31
143,58,31
157,34,31
160,133,31
164,123,31
166,244,31
166,315,31
188,13,31
188,246,31
192,112,31
192,186,31
216,130,31
246,13,31
246,188,31
253,6,31
258,317,31
271,76,31
280,310,31
307,66,31
310,280,31
311,63,31
317,258,31
13,121,32
13,246,32
26,137,32
28,265,32
38,82,32
45,171,32
55,96,32
55,179,32
57,79,32
66,191,32
66,307,32
76,143,32
79,57,32
82,38,32
85,116,32
96,55,32
101,271,32
116,85,32
121,13,32
121,188,32
121,246,32
127,218,32
137,26,32
143,76,32
166,244,32
171,45,32
179,55,32
188,121,32
188,246,32
191,66,32
202,295,32
202,304,32
204,182,32
218,127,32
246,13,32
246,121,32
246,188,32
254,292,32
255,86,32
265,28,32
271,101,32
292,254,32
295,202,32
310,219,32
312,29,32
11,288,33
14,92,33
17,268,33
20,77,33
33,60,33
55,96,33
55,303,33
60,33,33
66,191,33
77,20,33
77,318,33
92,14,33
96,179,33
101,109,33
101,271,33
102,240,33
103,132,33
109,143,33
109,271,33
121,188,33
128,227,33
132,103,33
140,204,33
141,236,33
143,109,33
143,271,33
147,169,33
168,205,33
169,147,33
177,299,33
179,96,33
188,121,33
191,307,33
192,112,33
192,186,33
204,140,33
204,182,33
205,168,33
225,299,33
227,128,33
234,317,33
236,141,33
240,102,33
268,17,33
271,109,33
271,143,33
288,11,33
299,177,33
299,225,33
303,55,33
307,191,33
317,234,33
317,258,33
11,126,34
11,288,34
38,134,34
41,193,34
56,242,34
77,142,34
101,109,34
101,271,34
107,191,34
109,101,34
117,318,34
134,38,34
140,182,34
142,77,34
143,58,34
165,295,34
168,308,34
177,225,34
182,140,34
182,204,34
191,107,34
191,307,34
192,112,34
192,186,34
193,41,34
225,177,34
225,299,34
271,101,34
295,165,34
308,168,34
311,285,34
317,234,34
318,117,34
6,311,35
13,155,35
36,253,35
45,154,35
56,161,35
58,101,35
58,143,35
58,271,35
83,248,35
89,305,35
96,293,35
97,149,35
101,58,35
101,271,35
126,133,35
133,126,35
133,160,35
142,318,35
149,97,35
152,257,35
155,13,35
165,202,35
175,254,35
177,299,35
182,140,35
182,204,35
183,285,35
202,165,35
248,83,35
251,185,35
253,36,35
254,175,35
257,152,35
270,289,35
271,58,35
271,101,35
277,290,35
285,183,35
289,270,35
290,277,35
293,96,35
299,177,35
305,89,35
311,6,35
318,142,35
5,50,36
8,284,36
10,193,36
13,188,36
22,260,36
50,5,36
53,162,36
55,96,36
55,293,36
58,101,36
58,143,36
77,20,36
96,55,36
101,58,36
101,109,36
162,53,36
182,140,36
182,204,36
188,13,36
188,121,36
192,112,36
193,10,36
193,41,36
202,304,36
203,145,36
209,274,36
219,226,36
226,219,36
252,287,36
256,309,36
260,22,36
274,209,36
284,8,36
287,252,36
293,55,36
295,304,36
304,295,36
309,256,36
310,280,36
9,122,37
36,189,37
38,82,37
58,101,37
59,197,37
59,300,37
80,99,37
81,307,37
94,297,37
96,293,37
99,80,37
101,58,37
111,317,37
115,175,37
121,246,37
122,9,37
134,194,37
136,152,37
140,259,37
152,136,37
175,115,37
189,36,37
197,59,37
221,240,37
240,221,37
246,121,37
259,140,37
292,306,37
293,96,37
297,94,37
299,225,37
307,81,37
317,111,37
10,194,38
27,140,38
50,146,38
61,223,38
73,158,38
76,101,38
96,303,38
101,76,38
101,271,38
104,120,38
117,142,38
120,104,38
126,160,38
133,126,38
140,27,38
140,259,38
142,117,38
142,318,38
146,50,38
158,73,38
160,126,38
191,107,38
192,269,38
194,10,38
203,221,38
205,308,38
215,314,38
221,203,38
223,61,38
245,263,38
256,64,38
263,245,38
269,192,38
277,302,38
293,55,38
302,277,38
303,96,38
304,202,38
304,295,38
308,205,38
314,215,38
5,146,39
12,212,39
20,142,39
26,239,39
32,184,39
36,253,39
49,231,39
54,267,39
58,109,39
58,167,39
59,205,39
59,300,39
101,58,39
101,76,39
104,293,39
109,58,39
109,167,39
111,227,39
111,317,39
129,163,39
140,27,39
142,20,39
142,318,39
146,5,39
146,50,39
163,129,39
167,109,39
184,32,39
191,66,39
191,107,39
193,268,39
205,59,39
212,12,39
219,280,39
226,280,39
227,111,39
227,317,39
231,49,39
239,26,39
267,54,39
268,173,39
268,193,39
280,219,39
280,226,39
293,104,39
302,213,39
317,227,39
10,134,40
18,107,40
22,85,40
36,189,40
46,154,40
58,109,40
59,236,40
73,276,40
76,271,40
85,22,40
94,122,40
94,230,40
107,18,40
107,191,40
109,58,40
112,269,40
122,94,40
122,230,40
126,133,40
126,160,40
134,10,40
146,273,40
154,46,40
195,245,40
195,263,40
203,145,40
219,226,40
219,310,40
226,219,40
226,280,40
230,94,40
230,122,40
236,59,40
245,195,40
245,263,40
256,309,40
263,195,40
263,245,40
269,112,40
271,76,40
273,146,40
276,73,40
285,311,40
288,37,40
299,177,40
299,225,40
310,219,40
311,285,40
13,155,41
17,233,41
24,227,41
55,104,41
58,101,41
58,109,41
58,271,41
73,171,41
76,101,41
76,271,41
87,181,41
101,58,41
101,76,41
104,55,41
104,293,41
117,318,41
126,133,41
136,257,41
143,168,41
143,300,41
155,188,41
165,179,41
167,271,41
168,143,41
171,73,41
179,165,41
181,87,41
188,155,41
192,225,41
196,306,41
219,226,41
225,192,41
225,299,41
226,219,41
226,310,41
227,24,41
233,17,41
253,285,41
257,136,41
263,195,41
271,58,41
271,76,41
271,167,41
280,310,41
285,253,41
299,177,41
299,225,41
300,143,41
306,196,41
306,292,41
310,226,41
310,280,41
317,111,41
318,117,41
1,138,42
9,94,42
18,191,42
24,220,42
26,89,42
42,44,42
44,42,42
45,276,42
58,101,42
58,271,42
73,276,42
76,101,42
89,26,42
94,9,42
96,179,42
101,58,42
101,76,42
101,271,42
106,298,42
107,18,42
107,191,42
133,141,42
135,140,42
138,1,42
140,135,42
141,133,42
149,264,42
155,13,42
173,193,42
173,268,42
177,225,42
177,299,42
179,96,42
179,165,42
191,18,42
191,107,42
192,269,42
193,173,42
193,268,42
195,245,42
196,292,42
196,306,42
203,221,42
205,308,42
219,310,42
225,177,42
225,299,42
245,195,42
264,149,42
268,173,42
268,193,42
269,192,42
271,58,42
271,101,42
276,45,42
276,73,42
292,196,42
292,306,42
298,106,42
299,177,42
299,225,42
302,277,42
306,196,42
306,292,42
310,219,42
310,280,42
13,288,43
18,107,43
19,135,43
20,318,43
26,239,43
27,259,43
41,194,43
45,73,43
45,276,43
46,201,43
53,304,43
64,292,43
73,45,43
83,103,43
85,260,43
92,116,43
96,165,43
96,179,43
103,83,43
104,55,43
104,293,43
107,18,43
116,92,43
135,19,43
135,140,43
145,221,43
149,97,43
165,96,43
165,179,43
165,303,43
174,279,43
177,225,43
179,96,43
179,165,43
192,225,43
192,269,43
194,41,43
197,257,43
201,46,43
202,295,43
207,237,43
221,145,43
225,177,43
225,192,43
225,269,43
233,90,43
237,207,43
257,197,43
259,27,43
260,85,43
268,173,43
269,225,43
271,167,43
276,45,43
279,174,43
288,13,43
292,64,43
295,202,43
303,165,43
304,53,43
306,196,43
310,219,43
318,20,43
4,188,44
9,122,44
13,155,44
13,288,44
66,107,44
86,109,44
96,303,44
107,66,44
109,86,44
113,258,44
122,9,44
123,148,44
131,254,44
143,168,44
148,123,44
158,276,44
179,96,44
179,303,44
188,4,44
196,309,44
220,227,44
225,177,44
227,220,44
254,131,44
258,113,44
269,192,44
276,158,44
302,213,44
303,96,44
303,165,44
303,179,44
309,196,44
317,234,44
8,216,45
13,155,45
13,288,45
18,191,45
35,164,45
36,285,45
45,154,45
54,195,45
58,76,45
58,167,45
76,58,45
76,101,45
92,14,45
96,165,45
101,76,45
101,271,45
104,55,45
104,293,45
111,220,45
111,227,45
133,160,45
139,190,45
143,271,45
154,45,45
155,288,45
160,133,45
164,35,45
165,96,45
165,303,45
167,58,45
190,139,45
191,18,45
192,225,45
192,269,45
195,54,45
205,300,45
213,277,45
216,8,45
220,24,45
220,111,45
225,192,45
227,111,45
271,101,45
271,143,45
277,213,45
285,36,45
285,253,45
288,155,45
300,205,45
303,165,45
303,179,45
306,309,45
309,306,45
22,116,46
58,271,46
59,257,46
63,282,46
64,306,46
76,109,46
89,239,46
104,55,46
109,76,46
116,22,46
120,293,46
139,255,46
143,168,46
146,5,46
154,276,46
172,305,46
213,302,46
215,40,46
217,250,46
219,226,46
219,310,46
225,269,46
226,219,46
239,89,46
250,217,46
255,139,46
257,59,46
269,225,46
271,58,46
271,101,46
276,154,46
282,63,46
285,36,46
293,120,46
303,165,46
305,172,46
306,64,46
309,196,46
10,38,47
26,102,47
38,10,47
54,263,47
58,101,47
58,143,47
58,271,47
59,236,47
59,257,47
77,117,47
78,284,47
96,304,47
101,58,47
101,167,47
101,271,47
102,26,47
113,187,47
117,77,47
122,297,47
143,58,47
143,168,47
145,240,47
149,264,47
154,45,47
167,101,47
177,269,47
187,113,47
192,225,47
195,263,47
201,47,47
213,277,47
219,226,47
220,317,47
225,192,47
225,269,47
227,317,47
240,145,47
244,247,47
247,244,47
263,54,47
263,195,47
269,177,47
269,225,47
271,58,47
271,101,47
276,158,47
282,311,47
284,78,47
288,13,47
288,155,47
297,122,47
304,96,47
311,282,47
317,220,47
317,227,47
9,230,48
13,155,48
20,77,48
40,84,48
54,195,48
54,263,48
55,293,48
58,101,48
58,143,48
58,271,48
59,236,48
76,101,48
76,109,48
76,167,48
77,20,48
84,40,48
101,58,48
101,76,48
101,167,48
143,58,48
143,271,48
155,13,48
163,217,48
167,76,48
167,101,48
168,271,48
195,54,48
217,163,48
220,227,48
227,220,48
230,9,48
263,54,48
267,150,48
271,58,48
271,143,48
271,168,48
287,31,48
293,55,48
293,120,48
3,180,49
10,82,49
14,22,49
22,14,49
22,92,49
31,252,49
36,253,49
54,195,49
54,199,49
54,263,49
58,101,49
62,137,49
75,156,49
82,10,49
87,222,49
92,22,49
96,165,49
101,58,49
101,143,49
111,113,49
111,234,49
113,111,49
113,234,49
137,62,49
139,190,49
143,101,49
156,75,49
165,96,49
165,303,49
167,76,49
180,3,49
193,232,49
194,268,49
195,199,49
196,306,49
199,54,49
199,195,49
232,193,49
234,111,49
234,113,49
252,31,49
253,36,49
268,194,49
269,299,49
288,37,49
299,269,49
304,53,49
306,196,49
26,239,50
31,287,50
36,285,50
54,199,50
54,263,50
63,93,50
63,97,50
67,96,50
67,165,50
67,179,50
76,143,50
87,181,50
92,116,50
93,63,50
96,67,50
96,165,50
97,63,50
98,162,50
111,113,50
111,234,50
113,111,50
116,92,50
126,160,50
132,144,50
135,204,50
140,204,50
143,76,50
143,167,50
144,132,50
152,257,50
153,278,50
160,126,50
162,98,50
165,67,50
165,96,50
165,179,50
167,143,50
179,67,50
179,165,50
183,253,50
195,263,50
199,54,50
199,195,50
204,135,50
204,140,50
220,317,50
234,111,50
239,26,50
239,89,50
253,183,50
257,152,50
263,195,50
269,177,50
278,153,50
293,55,50
317,220,50
6,183,51
8,284,51
22,14,51
26,102,51
38,134,51
54,199,51
64,131,51
67,96,51
76,167,51
77,117,51
89,275,51
96,67,51
96,165,51
96,179,51
101,58,51
101,168,51
103,248,51
107,191,51
111,113,51
129,217,51
131,64,51
134,38,51
135,140,51
135,204,51
140,135,51
140,204,51
143,271,51
155,288,51
165,96,51
166,315,51
167,76,51
167,143,51
167,271,51
168,101,51
177,299,51
179,96,51
183,6,51
183,311,51
191,107,51
197,283,51
199,54,51
204,135,51
204,140,51
217,129,51
244,166,51
248,103,51
269,299,51
271,143,51
271,167,51
275,89,51
283,197,51
284,8,51
288,155,51
298,170,51
299,177,51
299,269,51
311,183,51
22,116,52
58,143,52
60,177,52
60,269,52
67,179,52
76,143,52
96,67,52
101,58,52
101,168,52
106,170,52
111,234,52
116,22,52
143,58,52
143,76,52
152,283,52
166,244,52
166,315,52
167,168,52
167,271,52
168,167,52
170,106,52
177,60,52
177,299,52
178,242,52
179,67,52
183,282,52
183,311,52
195,199,52
195,263,52
199,195,52
199,263,52
201,46,52
204,135,52
204,140,52
220,234,52
234,220,52
242,178,52
253,311,52
263,199,52
269,60,52
282,183,52
283,152,52
299,177,52
311,253,52
6,36,53
12,106,53
20,318,53
36,6,53
43,7,53
55,104,53
55,293,53
58,76,53
58,143,53
67,96,53
67,179,53
72,154,53
73,276,53
76,58,53
76,143,53
77,318,53
87,222,53
96,179,53
104,293,53
106,12,53
106,298,53
110,200,53
111,113,53
111,220,53
111,234,53
118,123,53
123,118,53
126,205,53
143,58,53
143,76,53
152,257,53
152,283,53
154,72,53
165,303,53
166,244,53
167,168,53
167,271,53
170,298,53
179,96,53
182,230,53
183,282,53
195,199,53
195,263,53
199,195,53
199,263,53
200,110,53
201,47,53
205,126,53
215,314,53
220,111,53
220,234,53
230,182,53
234,111,53
234,220,53
245,263,53
263,195,53
263,199,53
263,245,53
276,73,53
276,158,53
293,104,53
298,106,53
298,170,53
300,308,53
308,300,53
318,77,53
1,231,54
9,297,54
14,116,54
15,191,54
24,227,54
26,239,54
54,195,54
54,199,54
60,177,54
67,96,54
67,179,54
67,304,54
76,101,54
76,143,54
96,67,54
96,304,54
101,76,54
111,113,54
111,220,54
113,220,54
116,14,54
117,318,54
126,160,54
126,205,54
138,231,54
165,304,54
167,168,54
177,60,54
179,67,54
184,251,54
188,287,54
191,15,54
195,54,54
195,199,54
195,263,54
199,54,54
199,195,54
201,46,54
220,111,54
220,113,54
220,234,54
227,24,54
231,1,54
231,138,54
233,17,54
239,26,54
251,184,54
263,195,54
287,188,54
293,120,54
297,9,54
304,67,54
304,96,54
304,165,54
318,117,54
4,121,55
4,272,55
15,107,55
20,77,55
30,260,55
34,166,55
45,72,55
51,191,55
54,195,55
54,199,55
54,263,55
55,104,55
60,225,55
60,299,55
64,254,55
67,96,55
72,45,55
77,20,55
82,134,55
83,114,55
93,183,55
96,67,55
96,179,55
104,55,55
106,12,55
107,15,55
113,234,55
114,83,55
121,4,55
121,272,55
126,133,55
133,126,55
134,82,55
148,223,55
152,257,55
157,243,55
166,34,55
167,271,55
179,96,55
183,93,55
183,282,55
187,234,55
191,51,55
195,54,55
199,54,55
200,262,55
220,113,55
220,234,55
223,148,55
225,60,55
234,113,55
234,187,55
234,220,55
243,157,55
254,64,55
260,30,55
262,200,55
263,54,55
272,121,55
282,311,55
299,60,55
303,304,55
304,303,55
311,282,55
6,285,56
20,318,56
46,47,56
46,201,56
47,46,56
54,195,56
54,199,56
54,263,56
55,293,56
60,177,56
60,225,56
67,304,56
76,101,56
76,143,56
77,318,56
93,311,56
96,67,56
96,165,56
96,179,56
101,143,56
106,298,56
112,192,56
129,281,56
131,254,56
143,101,56
146,50,56
165,96,56
165,179,56
168,205,56
177,225,56
177,299,56
179,165,56
187,220,56
189,231,56
192,112,56
195,263,56
199,242,56
200,110,56
200,262,56
205,168,56
219,280,56
220,187,56
220,234,56
225,177,56
225,299,56
231,189,56
234,113,56
234,220,56
242,199,56
254,131,56
263,195,56
277,302,56
280,219,56
281,129,56
285,6,56
293,55,56
298,106,56
299,177,56
299,225,56
302,277,56
304,67,56
304,303,56
311,93,56
311,282,56
318,20,56
318,77,56
1,189,57
9,209,57
12,298,57
13,246,57
15,51,57
15,107,57
23,75,57
37,155,57
51,15,57
53,162,57
67,96,57
67,179,57
67,304,57
75,23,57
79,253,57
81,118,57
82,10,57
96,67,57
96,179,57
104,293,57
111,227,57
118,81,57
126,160,57
141,270,57
143,58,57
143,76,57
155,37,57
155,288,57
162,53,57
163,250,57
168,271,57
179,67,57
179,96,57
179,165,57
179,304,57
189,1,57
209,9,57
220,187,57
224,229,57
227,111,57
229,224,57
229,286,57
234,113,57
244,247,57
246,13,57
250,163,57
253,79,57
254,64,57
263,54,57
270,141,57
271,168,57
283,197,57
286,229,57
293,104,57
298,12,57
298,106,57
299,177,57
304,67,57
304,179,57
311,93,57
318,20,57
4,121,58
45,154,58
54,199,58
54,245,58
60,177,58
67,96,58
67,179,58
72,154,58
88,119,58
94,122,58
96,67,58
96,303,58
104,120,58
107,191,58
119,88,58
120,104,58
121,4,58
122,94,58
144,248,58
154,45,58
154,72,58
167,205,58
177,60,58
179,67,58
179,165,58
183,311,58
191,107,58
199,54,58
199,263,58
205,167,58
224,286,58
245,54,58
248,144,58
263,199,58
286,224,58
286,229,58
293,55,58
303,96,58
311,183,58
54,263,59
58,105,59
60,225,59
67,304,59
77,117,59
84,215,59
94,230,59
105,58,59
117,77,59
136,152,59
152,136,59
154,45,59
215,84,59
220,234,59
225,60,59
230,94,59
234,220,59
235,241,59
241,235,59
254,296,59
263,54,59
263,199,59
286,224,59
296,254,59
298,12,59
303,304,59
304,67,59
304,303,59
13,288,60
26,102,60
26,239,60
43,313,60
51,107,60
58,76,60
58,105,60
63,258,60
76,58,60
91,247,60
107,51,60
113,220,60
133,160,60
135,140,60
136,257,60
140,135,60
154,72,60
155,37,60
160,133,60
172,240,60
189,231,60
220,113,60
240,172,60
247,91,60
254,64,60
257,136,60
258,63,60
260,296,60
263,54,60
263,199,60
288,13,60
296,260,60
304,67,60
311,93,60
313,43,60
4,288,61
13,246,61
17,171,61
26,102,61
54,199,61
54,263,61
97,183,61
98,179,61
101,109,61
109,101,61
113,234,61
152,257,61
154,45,61
154,72,61
169,294,61
171,17,61
179,98,61
183,97,61
189,1,61
199,54,61
199,263,61
220,234,61
234,113,61
234,220,61
247,244,61
257,152,61
263,54,61
263,199,61
276,73,61
288,4,61
294,169,61
6,36,62
7,199,62
15,66,62
59,300,62
66,15,62
67,165,62
81,123,62
99,264,62
123,81,62
136,152,62
136,257,62
140,204,62
152,136,62
152,283,62
160,126,62
165,67,62
167,168,62
168,167,62
168,205,62
195,245,62
199,7,62
205,168,62
234,113,62
245,195,62
246,261,62
257,136,62
261,246,62
263,54,62
264,99,62
283,152,62
300,59,62
4,272,63
7,242,63
13,288,63
65,180,63
65,237,63
110,262,63
132,248,63
144,132,63
144,248,63
145,203,63
151,252,63
166,315,63
180,65,63
180,237,63
199,263,63
203,145,63
226,310,63
230,182,63
237,65,63
237,180,63
242,7,63
248,132,63
248,144,63
252,151,63
257,300,63
262,110,63
263,199,63
272,4,63
276,158,63
288,13,63
300,257,63
310,226,63
4,288,64
7,199,64
13,37,64
16,74,64
20,142,64
30,236,64
37,13,64
37,121,64
65,180,64
67,179,64
74,16,64
76,105,64
90,232,64
105,76,64
113,220,64
113,234,64
116,68,64
121,37,64
142,20,64
145,221,64
146,5,64
179,67,64
180,65,64
199,7,64
220,113,64
220,234,64
232,90,64
234,220,64
236,30,64
242,178,64
247,91,64
263,54,64
288,4,64
33,226,65
35,185,65
40,206,65
47,316,65
64,260,65
66,307,65
89,207,65
105,58,65
109,86,65
117,190,65
146,273,65
177,192,65
185,35,65
190,117,65
192,177,65
206,40,65
207,89,65
217,281,65
226,33,65
234,113,65
234,220,65
235,238,65
238,235,65
253,282,65
257,136,65
260,64,65
272,288,65
281,217,65
282,253,65
288,272,65
307,66,65
316,47,65
2,125,66
14,68,66
32,301,66
37,188,66
38,156,66
60,177,66
68,14,66
68,116,66
77,190,66
81,118,66
87,208,66
101,143,66
117,77,66
117,190,66
121,188,66
125,2,66
143,101,66
155,246,66
156,38,66
162,165,66
165,162,66
177,60,66
180,237,66
188,37,66
188,121,66
189,231,66
190,77,66
190,117,66
203,221,66
207,305,66
208,87,66
221,203,66
226,310,66
227,317,66
246,155,66
257,300,66
280,290,66
290,280,66
301,32,66
305,207,66
317,227,66
1,49,67
4,272,67
5,50,67
7,263,67
49,1,67
50,5,67
63,97,67
67,304,67
81,123,67
82,134,67
87,222,67
94,122,67
97,63,67
101,109,67
102,239,67
109,101,67
133,270,67
143,205,67
205,143,67
207,89,67
234,113,67
239,102,67
246,261,67
263,7,67
270,133,67
272,4,67
3,114,68
8,78,68
34,315,68
41,268,68
53,98,68
73,201,68
78,8,68
81,118,68
85,236,68
96,179,68
98,53,68
102,207,68
102,239,68
114,3,68
143,167,68
145,203,68
145,221,68
167,143,68
179,96,68
199,245,68
201,73,68
203,145,68
203,221,68
207,102,68
221,145,68
221,203,68
236,85,68
245,199,68
268,41,68
272,288,68
315,34,68
37,121,69
60,192,69
67,165,69
67,304,69
81,123,69
82,156,69
85,152,69
89,305,69
94,182,69
94,230,69
101,205,69
102,207,69
102,239,69
121,37,69
121,188,69
152,85,69
156,82,69
165,67,69
182,94,69
182,230,69
190,77,69
192,60,69
192,269,69
199,263,69
205,101,69
226,33,69
230,94,69
230,182,69
246,155,69
256,292,69
263,199,69
269,192,69
292,256,69
305,89,69
50,273,70
56,199,70
65,237,70
67,165,70
79,285,70
81,118,70
81,123,70
93,185,70
102,207,70
107,191,70
111,266,70
118,123,70
123,118,70
152,257,70
185,93,70
199,56,70
220,187,70
237,65,70
257,152,70
263,7,70
266,111,70
273,50,70
285,79,70
304,303,70
9,297,71
11,155,71
20,39,71
20,117,71
26,275,71
27,140,71
39,20,71
63,214,71
65,180,71
94,182,71
117,20,71
123,81,71
130,183,71
131,196,71
132,315,71
140,27,71
155,11,71
165,162,71
171,233,71
180,65,71
182,94,71
183,130,71
196,131,71
207,239,71
214,63,71
233,171,71
235,241,71
238,241,71
239,207,71
241,238,71
245,263,71
263,245,71
275,26,71
300,59,71
315,132,71
18,51,72
20,39,72
20,117,72
51,18,72
55,120,72
60,269,72
81,118,72
81,123,72
85,236,72
89,239,72
94,230,72
97,258,72
99,184,72
109,168,72
111,227,72
118,81,72
118,123,72
120,55,72
123,118,72
130,216,72
136,152,72
145,240,72
149,185,72
152,136,72
168,109,72
177,299,72
183,216,72
184,99,72
185,149,72
192,60,72
199,263,72
201,276,72
216,130,72
216,183,72
227,111,72
227,317,72
230,94,72
239,89,72
239,207,72
240,145,72
241,235,72
258,97,72
263,199,72
269,60,72
276,201,72
2,255,73
12,170,73
56,263,73
60,299,73
81,118,73
89,207,73
94,182,73
112,225,73
117,318,73
118,81,73
118,123,73
130,183,73
152,257,73
158,201,73
158,276,73
162,202,73
165,304,73
170,12,73
183,130,73
192,269,73
194,232,73
199,56,73
199,263,73
201,158,73
202,162,73
207,89,73
210,274,73
224,288,73
225,112,73
227,111,73
232,194,73
233,259,73
255,2,73
259,233,73
263,56,73
263,199,73
269,192,73
271,308,73
272,4,73
274,210,73
276,158,73
288,224,73
299,60,73
299,177,73
304,165,73
308,271,73
318,117,73
20,318,74
39,215,74
56,199,74
60,192,74
63,258,74
82,134,74
93,149,74
93,185,74
94,230,74
117,20,74
117,318,74
122,182,74
149,93,74
182,122,74
185,93,74
192,60,74
192,269,74
199,56,74
199,263,74
201,276,74
215,39,74
258,63,74
258,97,74
276,201,74
304,303,74
315,34,74
318,20,74
318,117,74
14,50,75
24,111,75
36,214,75
50,14,75
56,263,75
59,308,75
93,264,75
94,182,75
95,150,75
100,290,75
103,132,75
111,24,75
112,299,75
132,103,75
134,156,75
135,259,75
149,264,75
150,95,75
156,134,75
166,244,75
182,94,75
192,60,75
196,254,75
197,236,75
207,239,75
214,36,75
236,197,75
241,238,75
244,166,75
254,196,75
258,63,75
259,135,75
259,233,75
263,56,75
263,199,75
264,93,75
264,149,75
286,229,75
290,100,75
292,309,75
299,112,75
299,177,75
308,59,75
309,292,75
6,138,76
15,51,76
15,191,76
17,135,76
28,215,76
36,183,76
36,214,76
40,87,76
51,15,76
60,112,76
60,177,76
60,192,76
87,40,76
110,111,76
111,110,76
112,60,76
112,177,76
112,299,76
130,216,76
134,82,76
135,17,76
135,233,76
138,6,76
147,211,76
150,267,76
161,199,76
161,263,76
162,304,76
165,202,76
177,60,76
177,112,76
177,192,76
180,239,76
183,36,76
183,214,76
184,251,76
191,15,76
192,177,76
199,161,76
199,263,76
202,165,76
211,147,76
214,183,76
215,28,76
216,130,76
224,295,76
233,135,76
233,259,76
235,238,76
238,235,76
239,180,76
263,161,76
263,199,76
264,93,76
276,158,76
276,201,76
295,224,76
299,112,76
304,162,76
26,102,77
56,199,77
59,300,77
59,308,77
60,112,77
79,138,77
82,156,77
94,122,77
102,26,77
111,24,77
112,60,77
112,177,77
122,94,77
131,254,77
134,156,77
135,259,77
138,79,77
156,82,77
156,134,77
172,305,77
177,112,77
177,192,77
178,263,77
186,269,77
190,265,77
199,56,77
207,89,77
214,36,77
214,183,77
238,241,77
254,131,77
259,135,77
263,161,77
263,178,77
265,190,77
269,186,77
305,172,77
12,298,78
13,261,78
36,183,78
63,311,78
66,223,78
82,134,78
82,156,78
83,237,78
86,168,78
109,167,78
112,60,78
114,132,78
132,114,78
134,82,78
144,192,78
156,82,78
161,178,78
163,281,78
167,109,78
168,86,78
178,161,78
178,263,78
183,36,78
183,214,78
192,144,78
207,239,78
223,66,78
237,83,78
239,207,78
259,233,78
261,13,78
281,163,78
311,63,78
20,28,79
26,275,79
28,20,79
50,116,79
53,162,79
74,171,79
81,123,79
102,207,79
113,227,79
116,50,79
123,81,79
153,173,79
162,53,79
171,74,79
173,153,79
178,161,79
183,36,79
192,269,79
207,102,79
222,250,79
225,299,79
227,113,79
250,222,79
251,278,79
259,135,79
269,192,79
278,251,79
280,302,79
299,225,79
302,280,79
4,13,80
13,4,80
14,273,80
32,70,80
48,129,80
70,32,80
71,106,80
74,16,80
81,118,80
82,134,80
94,204,80
102,239,80
106,71,80
108,147,80
111,110,80
118,81,80
129,48,80
137,208,80
144,177,80
145,203,80
147,108,80
177,144,80
182,230,80
203,145,80
204,94,80
207,239,80
208,137,80
230,182,80
238,235,80
239,102,80
239,207,80
251,184,80
251,278,80
255,289,80
263,313,80
273,14,80
281,217,80
289,255,80
313,263,80
13,261,81
16,171,81
33,248,81
45,72,81
52,314,81
59,197,81
60,177,81
60,192,81
65,145,81
72,45,81
74,171,81
76,294,81
111,24,81
116,68,81
122,209,81
145,65,81
164,185,81
171,16,81
171,74,81
177,60,81
177,192,81
185,164,81
192,60,81
192,177,81
197,59,81
199,313,81
209,122,81
228,283,81
236,85,81
239,102,81
239,180,81
239,207,81
248,33,81
251,184,81
256,309,81
269,186,81
281,163,81
283,228,81
294,76,81
309,256,81
313,43,81
313,199,81
313,263,81
314,52,81
3,132,82
10,232,82
13,4,82
18,307,82
19,193,82
43,263,82
56,161,82
56,199,82
56,313,82
60,112,82
60,177,82
60,192,82
67,96,82
85,136,82
96,67,82
98,289,82
129,217,82
131,196,82
132,3,82
132,114,82
136,85,82
144,192,82
161,56,82
161,263,82
161,313,82
171,16,82
171,74,82
172,240,82
177,60,82
177,192,82
180,207,82
184,278,82
192,60,82
192,144,82
192,177,82
193,19,82
196,131,82
199,56,82
203,221,82
207,89,82
207,180,82
207,239,82
217,129,82
223,307,82
226,310,82
232,10,82
240,172,82
263,43,82
263,161,82
278,184,82
289,98,82
307,18,82
307,223,82
308,271,82
313,56,82
313,161,82
2,162,83
4,261,83
26,180,83
34,248,83
43,161,83
43,263,83
58,168,83
63,258,83
126,300,83
132,3,83
155,246,83
161,43,83
161,263,83
162,2,83
162,53,83
167,168,83
168,58,83
168,167,83
171,16,83
171,74,83
180,26,83
182,297,83
248,34,83
251,278,83
256,292,83
261,4,83
263,43,83
263,161,83
278,251,83
279,280,83
280,279,83
292,256,83
297,182,83
300,126,83
307,18,83
313,56,83
2,98,84
16,19,84
16,171,84
19,16,84
19,171,84
19,193,84
50,218,84
61,107,84
90,194,84
98,2,84
107,61,84
111,227,84
120,286,84
171,16,84
171,19,84
180,239,84
185,282,84
194,90,84
218,50,84
227,111,84
239,180,84
272,288,84
279,302,84
282,185,84
286,120,84
288,272,84
302,279,84
304,303,84
7,245,85
22,92,85
36,63,85
39,84,85
43,56,85
43,313,85
48,163,85
56,43,85
63,36,85
76,211,85
82,156,85
84,39,85
92,22,85
96,98,85
98,96,85
115,143,85
120,229,85
120,286,85
126,160,85
126,300,85
143,115,85
161,199,85
163,48,85
164,282,85
171,16,85
174,280,85
180,26,85
185,164,85
185,282,85
197,236,85
199,161,85
211,76,85
229,120,85
236,197,85
245,7,85
278,184,85
278,251,85
279,174,85
280,174,85
282,164,85
282,185,85
289,255,85
313,43,85
14,68,86
19,74,86
31,283,86
43,161,86
43,313,86
56,313,86
63,258,86
68,14,86
74,19,86
89,275,86
120,229,86
126,160,86
126,300,86
130,214,86
154,158,86
158,154,86
160,300,86
161,43,86
164,185,86
164,282,86
185,164,86
192,144,86
192,177,86
201,233,86
214,130,86
229,286,86
233,201,86
246,261,86
261,246,86
275,89,86
282,164,86
283,31,86
286,229,86
300,160,86
313,56,86
16,193,87
39,215,87
48,106,87
56,161,87
56,263,87
81,148,87
105,115,87
106,48,87
111,24,87
113,220,87
115,105,87
129,281,87
144,177,87
144,186,87
148,81,87
161,56,87
161,263,87
161,313,87
165,304,87
168,58,87
177,144,87
185,282,87
186,144,87
186,192,87
192,186,87
193,16,87
198,219,87
215,39,87
219,198,87
220,113,87
263,56,87
263,161,87
280,302,87
281,129,87
282,185,87
300,126,87
300,160,87
302,280,87
304,165,87
313,161,87
2,53,88
4,295,88
19,171,88
43,56,88
43,313,88
46,73,88
48,71,88
53,2,88
56,43,88
56,161,88
56,263,88
58,294,88
59,260,88
71,48,88
73,46,88
79,285,88
91,281,88
95,241,88
161,56,88
163,181,88
171,19,88
180,239,88
181,163,88
193,194,88
194,193,88
241,95,88
244,315,88
260,59,88
263,56,88
281,91,88
292,309,88
294,58,88
295,4,88
307,223,88
309,292,88
313,43,88
315,244,88
6,284,89
20,39,89
36,258,89
39,20,89
43,199,89
51,191,89
53,162,89
56,313,89
63,36,89
88,124,89
111,227,89
121,37,89
124,88,89
131,254,89
150,195,89
151,287,89
181,281,89
191,51,89
195,150,89
199,43,89
248,33,89
256,309,89
258,36,89
281,181,89
284,6,89
287,151,89
309,256,89
313,56,89
9,210,90
39,215,90
43,56,90
43,199,90
43,313,90
50,68,90
56,43,90
56,161,90
56,199,90
60,225,90
63,214,90
64,254,90
68,50,90
91,181,90
105,175,90
129,217,90
131,196,90
143,175,90
168,294,90
175,105,90
175,143,90
181,91,90
181,281,90
199,56,90
210,9,90
214,63,90
225,60,90
254,64,90
256,292,90
263,313,90
292,256,90
294,168,90
313,43,90
313,263,90
13,155,91
16,194,91
18,51,91
24,227,91
43,56,91
43,263,91
43,313,91
51,18,91
53,67,91
53,162,91
56,43,91
56,161,91
56,263,91
65,172,91
67,53,91
81,307,91
84,142,91
91,281,91
102,145,91
105,143,91
105,175,91
112,225,91
113,234,91
137,275,91
141,289,91
142,84,91
143,105,91
143,175,91
145,102,91
155,13,91
172,65,91
175,105,91
175,143,91
179,303,91
194,16,91
225,112,91
227,24,91
263,43,91
263,56,91
265,318,91
275,137,91
279,280,91
280,279,91
280,302,91
281,91,91
289,141,91
303,179,91
307,81,91
313,43,91
318,265,91
20,84,92
30,218,92
36,63,92
41,134,92
43,263,92
56,199,92
63,36,92
64,260,92
65,207,92
81,191,92
81,307,92
84,20,92
134,41,92
141,255,92
161,178,92
181,222,92
188,283,92
191,81,92
207,65,92
218,30,92
222,181,92
225,60,92
229,120,92
233,259,92
255,141,92
258,311,92
259,233,92
260,64,92
263,43,92
279,302,92
283,188,92
302,279,92
311,258,92
53,67,93
65,172,93
89,208,93
91,181,93
101,169,93
144,192,93
155,246,93
164,185,93
169,101,93
172,207,93
181,91,93
185,164,93
186,248,93
192,144,93
195,267,93
207,172,93
208,89,93
246,155,93
248,186,93
248,269,93
267,195,93
269,248,93
19,194,94
21,159,94
39,265,94
40,62,94
59,308,94
62,40,94
81,191,94
85,126,94
105,143,94
109,205,94
109,270,94
121,261,94
126,85,94
128,262,94
143,105,94
159,21,94
163,281,94
182,230,94
186,192,94
192,186,94
194,19,94
198,213,94
205,109,94
213,198,94
214,258,94
255,289,94
258,214,94
261,121,94
262,128,94
265,39,94
270,109,94
281,163,94
289,255,94
302,277,94
306,309,94
308,59,94
309,306,94
10,194,95
65,239,95
74,171,95
109,205,95
109,270,95
158,259,95
165,303,95
171,74,95
186,248,95
194,10,95
205,270,95
207,239,95
239,65,95
239,207,95
248,186,95
259,158,95
270,205,95
277,279,95
279,277,95
280,174,95
303,165,95
22,256,96
26,89,96
39,318,96
43,313,96
48,106,96
81,148,96
89,26,96
109,205,96
113,220,96
115,167,96
116,273,96
132,103,96
145,180,96
167,115,96
168,211,96
180,145,96
181,222,96
205,109,96
211,168,96
256,22,96
256,292,96
263,313,96
273,116,96
294,58,96
313,263,96
318,39,96
27,90,97
39,190,97
39,265,97
45,171,97
58,168,97
63,258,97
90,27,97
91,222,97
102,180,97
111,183,97
151,312,97
168,58,97
168,211,97
171,45,97
171,74,97
174,310,97
180,102,97
183,111,97
190,39,97
190,318,97
201,276,97
202,304,97
222,91,97
222,181,97
239,65,97
258,63,97
279,302,97
298,310,97
302,279,97
304,202,97
310,174,97
310,298,97
312,151,97
318,190,97
2,98,98
13,295,98
22,292,98
36,258,98
39,318,98
43,263,98
48,243,98
63,36,98
79,214,98
79,285,98
98,2,98
109,270,98
131,254,98
148,307,98
184,99,98
210,297,98
214,79,98
222,91,98
222,181,98
243,48,98
254,131,98
258,36,98
263,43,98
263,313,98
270,109,98
290,299,98
292,22,98
292,256,98
295,13,98
297,210,98
299,290,98
307,148,98
318,39,98
318,190,98
7,56,99
11,136,99
14,127,99
15,66,99
31,228,99
36,63,99
53,162,99
56,7,99
66,15,99
68,116,99
79,214,99
116,68,99
121,37,99
127,14,99
136,11,99
185,253,99
190,265,99
205,270,99
228,31,99
249,274,99
253,185,99
263,43,99
265,190,99
270,205,99
274,249,99
295,224,99
318,39,99
13,224,100
27,232,100
39,190,100
39,318,100
41,140,100
53,67,100
53,162,100
67,162,100
90,232,100
100,299,100
102,207,100
105,300,100
109,205,100
109,270,100
121,155,100
140,41,100
155,121,100
162,67,100
174,226,100
174,310,100
185,164,100
186,192,100
190,39,100
205,109,100
207,102,100
207,172,100
222,91,100
224,13,100
224,295,100
226,174,100
232,27,100
232,90,100
256,309,100
270,109,100
299,100,100
300,105,100
309,256,100
310,174,100
310,298,100
