4,171,1
13,31,1
16,56,1
26,110,1
26,163,1
31,13,1
32,219,1
40,44,1
42,178,1
44,40,1
56,16,1
59,165,1
61,68,1
68,61,1
68,81,1
71,174,1
73,199,1
77,230,1
81,68,1
84,264,1
86,269,1
92,264,1
108,168,1
110,26,1
110,163,1
113,255,1
116,216,1
117,131,1
131,117,1
134,166,1
138,194,1
141,146,1
146,141,1
155,265,1
163,26,1
163,110,1
165,59,1
166,134,1
168,108,1
171,4,1
171,196,1
172,230,1
174,71,1
178,42,1
194,138,1
196,171,1
199,73,1
204,244,1
216,116,1
219,32,1
230,77,1
230,172,1
244,204,1
255,113,1
258,263,1
258,266,1
263,258,1
264,84,1
264,92,1
265,155,1
266,258,1
269,86,1
7,253,2
20,59,2
37,230,2
54,71,2
59,20,2
61,81,2
70,190,2
71,54,2
71,174,2
81,61,2
93,151,2
109,205,2
129,216,2
134,229,2
139,156,2
145,199,2
151,93,2
156,139,2
160,244,2
189,196,2
190,70,2
196,189,2
199,145,2
205,109,2
216,129,2
229,134,2
230,37,2
244,160,2
244,204,2
253,7,2
258,263,2
264,84,2
264,92,2
8,216,3
14,68,3
26,110,3
31,214,3
68,14,3
69,164,3
85,180,3
88,207,3
89,143,3
89,256,3
94,248,3
110,26,3
143,89,3
164,69,3
171,4,3
180,85,3
207,88,3
214,31,3
216,8,3
216,116,3
230,172,3
248,94,3
256,89,3
1,9,4
3,244,4
9,1,4
22,192,4
25,99,4
34,233,4
37,172,4
37,230,4
73,169,4
85,165,4
89,143,4
89,256,4
92,139,4
99,25,4
102,220,4
110,163,4
112,177,4
126,229,4
139,92,4
165,85,4
169,73,4
172,37,4
172,230,4
176,209,4
177,112,4
181,267,4
192,22,4
209,176,4
211,232,4
216,129,4
220,102,4
229,126,4
230,37,4
230,172,4
232,211,4
233,34,4
244,3,4
244,204,4
267,181,4
3,204,5
5,266,5
8,116,5
8,216,5
29,215,5
37,172,5
54,174,5
72,217,5
92,264,5
113,166,5
113,255,5
116,8,5
116,216,5
123,159,5
159,123,5
161,254,5
164,198,5
166,113,5
172,37,5
174,54,5
177,248,5
198,164,5
204,3,5
215,29,5
216,8,5
216,116,5
217,72,5
244,253,5
248,177,5
253,244,5
254,161,5
266,5,5
3,244,6
8,116,6
13,157,6
50,229,6
74,181,6
75,142,6
78,150,6
90,175,6
116,8,6
116,216,6
118,224,6
139,264,6
142,75,6
150,78,6
157,13,6
165,180,6
171,196,6
175,90,6
180,165,6
181,74,6
185,191,6
191,185,6
196,171,6
204,244,6
213,240,6
224,118,6
229,50,6
240,213,6
244,3,6
244,204,6
264,139,6
3,204,7
3,244,7
6,109,7
9,144,7
51,150,7
61,68,7
66,112,7
68,61,7
72,245,7
84,156,7
87,100,7
89,212,7
92,139,7
100,87,7
107,155,7
109,6,7
110,26,7
110,163,7
112,66,7
113,166,7
116,8,7
136,151,7
139,92,7
139,264,7
144,9,7
150,51,7
151,136,7
155,107,7
156,84,7
158,218,7
171,4,7
182,199,7
187,267,7
199,182,7
204,3,7
212,89,7
218,158,7
229,126,7
244,3,7
245,72,7
267,187,7
1,144,8
6,205,8
41,49,8
49,41,8
51,78,8
51,150,8
52,120,8
53,241,8
66,261,8
76,162,8
78,51,8
85,243,8
120,52,8
130,131,8
131,130,8
139,92,8
144,1,8
162,76,8
164,69,8
205,6,8
241,53,8
243,85,8
261,66,8
10,12,9
10,221,9
12,10,9
12,221,9
24,147,9
51,78,9
51,150,9
53,84,9
65,98,9
84,53,9
84,264,9
94,177,9
98,65,9
105,197,9
112,261,9
116,129,9
129,116,9
134,255,9
147,24,9
156,264,9
167,173,9
173,167,9
177,94,9
177,248,9
189,239,9
192,209,9
197,105,9
209,192,9
221,10,9
221,12,9
239,189,9
244,253,9
253,7,9
253,244,9
255,134,9
261,112,9
264,84,9
264,156,9
5,263,10
8,129,10
17,253,10
68,81,10
81,68,10
81,152,10
85,165,10
109,205,10
113,255,10
129,8,10
129,116,10
152,81,10
165,85,10
171,196,10
205,109,10
209,176,10
221,10,10
253,17,10
255,113,10
263,5,10
1,9,11
6,109,11
9,1,11
13,15,11
15,13,11
38,157,11
40,215,11
51,78,11
51,150,11
56,102,11
81,68,11
81,152,11
94,248,11
99,110,11
102,56,11
102,220,11
109,6,11
110,99,11
113,166,11
113,255,11
119,250,11
127,210,11
157,38,11
196,239,11
209,192,11
210,127,11
215,40,11
239,196,11
248,94,11
250,119,11
4,196,12
23,200,12
26,163,12
48,214,12
56,16,12
56,220,12
66,112,12
68,152,12
75,133,12
81,68,12
85,180,12
109,205,12
112,66,12
112,261,12
133,75,12
152,68,12
163,26,12
180,85,12
196,4,12
200,23,12
214,48,12
217,259,12
220,56,12
221,12,12
259,217,12
7,179,13
10,12,13
10,221,13
12,10,13
26,99,13
26,163,13
31,48,13
48,31,13
56,16,13
64,97,13
97,64,13
99,26,13
99,110,13
99,163,13
104,114,13
109,6,13
110,163,13
114,104,13
130,169,13
131,169,13
163,99,13
163,110,13
165,243,13
169,130,13
169,131,13
179,7,13
192,22,13
196,239,13
221,10,13
227,266,13
243,165,13
266,227,13
10,12,14
10,221,14
12,221,14
15,157,14
16,220,14
17,87,14
20,243,14
56,102,14
56,220,14
59,119,14
87,17,14
102,56,14
119,59,14
157,15,14
163,99,14
166,255,14
169,130,14
171,239,14
192,209,14
220,16,14
220,56,14
221,12,14
239,171,14
239,196,14
243,20,14
255,166,14
258,266,14
266,258,14
12,249,15
14,61,15
17,253,15
22,176,15
37,246,15
53,241,15
53,264,15
61,14,15
67,160,15
72,111,15
88,203,15
102,220,15
104,225,15
111,72,15
112,66,15
160,67,15
171,196,15
171,239,15
176,22,15
196,4,15
196,171,15
203,88,15
220,102,15
225,104,15
239,171,15
246,37,15
249,12,15
264,53,15
266,227,15
12,221,16
17,87,16
36,170,16
49,188,16
68,81,16
144,260,16
163,26,16
163,99,16
165,180,16
169,131,16
170,36,16
171,196,16
180,165,16
188,49,16
260,144,16
13,214,17
20,54,17
22,192,17
26,110,17
37,242,17
54,20,17
57,210,17
61,152,17
81,250,17
101,146,17
110,26,17
128,233,17
146,101,17
147,189,17
152,61,17
176,209,17
189,147,17
192,22,17
192,209,17
209,176,17
209,192,17
210,57,17
214,13,17
221,249,17
233,128,17
242,37,17
249,221,17
250,81,17
6,205,18
20,243,18
23,262,18
48,214,18
54,243,18
58,102,18
66,261,18
102,58,18
102,220,18
107,189,18
112,261,18
118,241,18
136,153,18
146,141,18
153,136,18
189,107,18
189,147,18
192,22,18
196,4,18
205,6,18
214,48,18
222,240,18
230,77,18
233,34,18
240,222,18
241,118,18
243,54,18
261,66,18
261,112,18
262,23,18
20,59,19
24,83,19
59,20,19
66,112,19
67,201,19
83,24,19
102,58,19
112,66,19
112,261,19
146,101,19
146,141,19
150,181,19
169,130,19
169,131,19
181,150,19
189,107,19
201,67,19
214,13,19
214,48,19
3,204,20
5,227,20
6,109,20
13,48,20
22,76,20
48,13,20
48,157,20
74,194,20
76,22,20
87,100,20
112,66,20
124,252,20
130,131,20
130,169,20
131,130,20
131,169,20
146,101,20
146,141,20
157,48,20
162,176,20
169,130,20
169,131,20
174,71,20
176,162,20
194,74,20
227,5,20
252,124,20
6,205,21
10,12,21
12,10,21
13,157,21
59,119,21
68,250,21
74,150,21
74,181,21
74,194,21
107,147,21
118,224,21
130,131,21
131,130,21
147,107,21
150,74,21
150,181,21
157,13,21
157,48,21
172,246,21
180,85,21
181,74,21
181,150,21
181,194,21
194,181,21
196,171,21
246,172,21
250,68,21
13,48,22
18,238,22
20,54,22
40,268,22
46,87,22
48,13,22
54,20,22
55,235,22
62,148,22
68,81,22
68,250,22
72,245,22
81,68,22
87,17,22
87,46,22
87,100,22
98,197,22
104,114,22
107,189,22
148,62,22
155,265,22
157,15,22
176,254,22
197,98,22
235,55,22
238,18,22
254,176,22
268,40,22
20,165,23
46,100,23
100,46,23
107,147,23
107,189,23
147,189,23
150,194,23
162,254,23
165,20,23
189,147,23
194,150,23
204,226,23
226,204,23
227,266,23
242,246,23
246,242,23
254,162,23
254,176,23
4,137,24
20,180,24
46,87,24
55,191,24
55,235,24
59,165,24
73,257,24
87,17,24
87,46,24
112,261,24
134,237,24
137,4,24
165,59,24
165,180,24
173,248,24
180,20,24
180,165,24
191,55,24
191,235,24
200,262,24
227,5,24
227,266,24
235,191,24
237,134,24
248,173,24
257,73,24
262,200,24
1,28,25
3,226,25
3,253,25
20,165,25
20,180,25
22,192,25
28,1,25
59,119,25
73,182,25
107,147,25
112,66,25
142,176,25
142,254,25
147,107,25
165,20,25
165,180,25
167,251,25
176,142,25
176,254,25
180,20,25
180,165,25
182,73,25
226,3,25
227,5,25
251,167,25
253,3,25
254,142,25
254,176,25
6,109,26
6,205,26
14,63,26
20,165,26
22,76,26
22,192,26
48,157,26
50,65,26
57,125,26
63,14,26
65,50,26
66,248,26
73,257,26
76,192,26
87,17,26
125,57,26
145,169,26
149,185,26
157,48,26
165,20,26
169,145,26
179,253,26
185,149,26
192,76,26
194,181,26
210,265,26
215,29,26
246,172,26
248,66,26
253,179,26
262,23,26
265,210,26
22,76,27
51,78,27
54,85,27
66,112,27
66,248,27
72,206,27
73,182,27
73,257,27
76,22,27
76,192,27
83,123,27
85,54,27
123,83,27
164,238,27
206,72,27
238,164,27
9,144,28
59,180,28
66,173,28
66,248,28
73,182,28
73,257,28
76,209,28
91,255,28
117,201,28
138,178,28
144,9,28
147,189,28
173,66,28
178,138,28
180,59,28
182,257,28
194,195,28
195,194,28
201,117,28
209,76,28
217,247,28
226,253,28
247,217,28
253,226,28
255,91,28
257,182,28
6,109,29
6,205,29
16,251,29
49,41,29
65,126,29
91,113,29
99,219,29
106,269,29
109,205,29
112,248,29
113,91,29
126,65,29
136,151,29
138,193,29
169,182,29
179,226,29
179,253,29
182,169,29
193,138,29
205,109,29
219,99,29
226,179,29
226,253,29
248,112,29
251,16,29
253,179,29
253,226,29
257,73,29
269,106,29
31,38,30
38,31,30
72,259,30
90,263,30
91,255,30
113,255,30
165,180,30
180,165,30
213,222,30
222,213,30
246,242,30
255,113,30
259,72,30
263,90,30
3,17,31
8,208,31
17,3,31
25,26,31
26,25,31
31,48,31
38,48,31
40,95,31
43,214,31
48,31,31
48,38,31
48,157,31
60,209,31
73,169,31
73,182,31
73,257,31
82,252,31
93,153,31
95,40,31
104,117,31
117,104,31
119,165,31
131,201,31
153,93,31
165,119,31
165,180,31
169,73,31
179,244,31
182,73,31
201,131,31
208,8,31
209,60,31
214,43,31
244,179,31
248,66,31
251,167,31
252,82,31
255,91,31
255,113,31
20,180,32
31,38,32
38,31,32
38,48,32
48,38,32
60,162,32
68,152,32
71,81,32
73,169,32
81,71,32
94,177,32
118,241,32
152,68,32
162,60,32
177,94,32
180,20,32
181,195,32
195,181,32
205,6,32
255,91,32
255,113,32
1,115,33
20,54,33
45,249,33
54,20,33
72,206,33
111,245,33
115,1,33
120,128,33
128,120,33
166,237,33
201,67,33
205,109,33
224,241,33
237,166,33
241,224,33
245,111,33
249,45,33
255,91,33
31,48,34
37,135,34
48,31,34
50,98,34
60,76,34
73,145,34
73,182,34
76,60,34
98,50,34
118,211,34
135,37,34
145,73,34
145,169,34
169,145,34
172,242,34
179,7,34
211,118,34
218,227,34
227,218,34
242,172,34
1,28,35
5,266,35
19,235,35
30,64,35
31,38,35
31,48,35
38,31,35
38,157,35
64,30,35
67,131,35
67,201,35
103,202,35
123,159,35
126,229,35
131,67,35
142,161,35
152,250,35
157,38,35
161,142,35
194,150,35
202,103,35
235,19,35
237,134,35
250,152,35
266,5,35
3,87,36
65,229,36
67,131,36
67,201,36
71,119,36
83,159,36
87,3,36
104,130,36
119,71,36
122,143,36
130,104,36
143,122,36
159,83,36
169,257,36
229,65,36
229,126,36
230,246,36
246,230,36
257,169,36
5,227,37
5,266,37
20,180,37
24,246,37
25,219,37
38,48,37
48,38,37
52,262,37
64,97,37
66,112,37
83,123,37
83,159,37
112,66,37
123,83,37
123,159,37
132,247,37
159,123,37
180,165,37
186,221,37
192,209,37
209,192,37
219,25,37
221,186,37
227,5,37
246,24,37
247,132,37
262,52,37
16,167,38
28,236,38
30,267,38
118,241,38
157,15,38
159,83,38
167,16,38
169,145,38
219,99,38
236,28,38
241,118,38
245,247,38
247,245,38
267,30,38
3,46,39
5,258,39
38,214,39
46,3,39
48,214,39
60,142,39
76,142,39
142,60,39
142,76,39
145,182,39
150,195,39
152,68,39
182,145,39
195,150,39
214,38,39
214,48,39
230,77,39
258,5,39
76,192,40
86,251,40
192,76,40
251,86,40
3,87,41
15,48,41
32,163,41
48,15,41
60,76,41
60,192,41
76,60,41
118,224,41
126,225,41
126,229,41
145,169,41
150,194,41
151,198,41
155,189,41
156,241,41
163,32,41
189,155,41
192,60,41
198,151,41
224,118,41
225,126,41
230,246,41
241,156,41
246,230,41
12,75,42
16,231,42
17,244,42
24,77,42
39,232,42
48,214,42
60,142,42
75,12,42
77,24,42
77,242,42
85,223,42
104,117,42
116,133,42
118,241,42
133,116,42
142,60,42
151,136,42
223,85,42
231,16,42
232,39,42
241,118,42
242,77,42
242,172,42
244,17,42
13,158,43
22,161,43
48,15,43
51,228,43
59,119,43
74,187,43
79,84,43
83,230,43
84,79,43
104,130,43
118,224,43
119,59,43
126,225,43
142,161,43
158,13,43
161,22,43
161,142,43
169,257,43
187,74,43
226,244,43
228,51,43
230,83,43
242,77,43
242,172,43
244,226,43
51,78,44
94,173,44
118,156,44
118,224,44
118,241,44
156,118,44
173,94,44
67,131,45
78,228,45
90,108,45
90,263,45
108,90,45
108,263,45
123,246,45
145,257,45
173,177,45
177,173,45
228,78,45
239,256,45
242,77,45
242,172,45
246,123,45
256,239,45
257,145,45
263,108,45
15,214,46
22,102,46
53,79,46
79,53,46
89,239,46
102,22,46
111,195,46
189,210,46
195,111,46
209,220,46
210,189,46
214,15,46
220,209,46
226,253,46
239,89,46
242,77,46
257,169,46
263,90,46
22,254,47
24,230,47
39,227,47
48,214,47
60,76,47
90,108,47
90,263,47
108,90,47
114,255,47
136,225,47
145,169,47
145,257,47
169,145,47
169,257,47
170,268,47
179,226,47
214,48,47
225,136,47
226,179,47
226,253,47
227,39,47
230,24,47
242,172,47
254,22,47
255,114,47
257,145,47
257,169,47
268,170,47
24,246,48
44,174,48
53,156,48
57,127,48
90,108,48
127,57,48
136,151,48
145,169,48
156,53,48
169,145,48
174,44,48
189,155,48
192,209,48
209,192,48
214,15,48
214,48,48
226,179,48
242,77,48
246,24,48
10,75,49
53,79,49
60,162,49
75,10,49
115,140,49
125,127,49
127,125,49
136,225,49
140,115,49
145,257,49
151,225,49
155,210,49
155,265,49
169,257,49
189,265,49
192,220,49
193,237,49
210,155,49
214,15,49
220,192,49
225,151,49
230,246,49
237,193,49
246,230,49
257,145,49
257,169,49
265,155,49
265,189,49
13,264,50
30,105,50
32,110,50
40,132,50
73,145,50
105,30,50
110,32,50
112,177,50
132,40,50
137,196,50
145,73,50
177,112,50
180,235,50
192,209,50
196,137,50
225,136,50
225,151,50
227,232,50
232,227,50
235,180,50
264,13,50
3,46,51
89,212,51
102,161,51
105,267,51
112,66,51
112,177,51
145,257,51
161,102,51
225,136,51
257,145,51
257,169,51
267,105,51
9,86,52
12,186,52
22,161,52
34,120,52
51,228,52
57,125,52
78,51,52
78,228,52
86,9,52
87,244,52
90,263,52
108,175,52
120,34,52
125,57,52
125,127,52
136,151,52
141,200,52
151,136,52
161,22,52
162,176,52
167,231,52
175,108,52
176,162,52
180,20,52
180,235,52
186,12,52
192,220,52
200,141,52
228,51,52
228,78,52
231,167,52
244,87,52
10,249,53
20,235,53
42,146,53
54,59,53
59,54,53
89,239,53
125,57,53
127,265,53
146,42,53
180,20,53
180,235,53
206,259,53
228,51,53
235,20,53
235,180,53
244,253,53
249,10,53
253,244,53
259,206,53
265,127,53
2,163,54
53,156,54
57,127,54
57,210,54
72,217,54
87,253,54
93,117,54
95,247,54
112,66,54
117,93,54
127,57,54
163,2,54
210,57,54
217,72,54
247,95,54
253,87,54
53,79,55
86,144,55
93,153,55
99,110,55
110,99,55
117,153,55
131,201,55
142,192,55
144,86,55
153,117,55
177,248,55
192,142,55
198,229,55
201,131,55
226,244,55
229,198,55
244,226,55
248,177,55
24,172,56
24,246,56
25,99,56
37,47,56
47,37,56
57,127,56
89,212,56
99,25,56
100,204,56
102,142,56
127,210,56
142,102,56
142,192,56
144,251,56
172,24,56
172,246,56
189,210,56
204,100,56
210,127,56
210,189,56
246,24,56
246,172,56
251,144,56
10,75,57
19,207,57
39,232,57
71,250,57
79,156,57
84,139,57
110,188,57
116,162,57
139,84,57
142,220,57
151,225,57
156,79,57
162,116,57
167,173,57
173,167,57
188,110,57
189,265,57
207,19,57
220,142,57
225,151,57
227,39,57
232,39,57
235,20,57
250,71,57
265,189,57
22,102,58
25,32,58
32,25,58
36,51,58
51,36,58
66,248,58
102,22,58
102,142,58
142,102,58
142,192,58
142,220,58
167,231,58
173,231,58
175,263,58
192,220,58
220,192,58
231,173,58
248,66,58
263,175,58
5,218,59
24,172,59
25,110,59
25,188,59
31,140,59
37,128,59
61,180,59
81,243,59
102,22,59
110,25,59
110,188,59
118,224,59
127,57,59
128,37,59
140,31,59
142,192,59
142,220,59
157,236,59
160,202,59
172,24,59
177,190,59
180,61,59
188,25,59
188,110,59
189,210,59
190,177,59
192,142,59
192,220,59
202,160,59
218,5,59
220,142,59
220,192,59
236,157,59
243,81,59
22,220,60
25,110,60
25,188,60
40,217,60
66,112,60
86,9,60
110,25,60
142,192,60
167,173,60
167,231,60
173,167,60
173,231,60
188,25,60
192,142,60
192,220,60
212,239,60
217,40,60
220,22,60
220,192,60
224,241,60
231,167,60
231,173,60
239,212,60
241,224,60
14,234,61
25,110,61
32,110,61
40,132,61
102,142,61
110,32,61
113,145,61
130,229,61
133,176,61
142,102,61
145,113,61
149,228,61
163,242,61
176,133,61
220,22,61
226,253,61
228,149,61
229,130,61
234,14,61
242,163,61
244,253,61
253,226,61
253,244,61
20,54,62
20,235,62
32,242,62
51,78,62
54,20,62
78,51,62
79,241,62
102,220,62
167,173,62
173,167,62
173,231,62
194,195,62
195,194,62
220,102,62
241,79,62
242,32,62
242,163,62
253,226,62
253,244,62
14,63,63
20,54,63
20,235,63
21,87,63
26,123,63
32,110,63
32,242,63
54,235,63
87,21,63
110,242,63
119,165,63
120,233,63
123,26,63
141,183,63
147,107,63
165,119,63
173,167,63
183,141,63
224,118,63
226,179,63
226,253,63
233,120,63
235,54,63
242,32,63
242,110,63
253,226,63
253,244,63
4,154,64
16,269,64
22,102,64
22,220,64
33,203,64
51,149,64
102,22,64
149,51,64
150,245,64
154,4,64
185,223,64
203,33,64
220,22,64
223,185,64
226,179,64
242,32,64
242,110,64
245,150,64
269,16,64
34,37,65
37,34,65
38,264,65
61,165,65
63,234,65
102,220,65
116,176,65
153,198,65
161,171,65
165,61,65
171,161,65
176,116,65
198,153,65
212,89,65
220,102,65
234,63,65
235,20,65
264,38,65
9,251,66
19,235,66
46,100,66
59,243,66
60,142,66
63,14,66
67,117,66
71,119,66
81,152,66
100,46,66
100,204,66
102,192,66
117,67,66
119,71,66
142,60,66
152,81,66
192,102,66
220,22,66
235,19,66
242,163,66
243,59,66
251,9,66
3,253,67
14,234,67
30,193,67
46,204,67
63,234,67
100,46,67
116,162,67
116,176,67
155,189,67
187,195,67
189,155,67
193,30,67
195,187,67
203,207,67
204,46,67
207,203,67
213,240,67
225,126,67
234,14,67
234,63,67
240,213,67
242,110,67
242,163,67
253,3,67
6,46,68
6,100,68
14,63,68
20,61,68
46,6,68
46,100,68
58,209,68
61,20,68
63,14,68
76,176,68
100,6,68
100,46,68
116,162,68
130,153,68
132,247,68
142,192,68
153,130,68
167,231,68
168,266,68
176,76,68
182,257,68
192,142,68
209,58,68
224,241,68
231,167,68
241,224,68
242,110,68
242,163,68
247,132,68
257,182,68
266,168,68
6,46,69
29,44,69
44,29,69
46,6,69
63,234,69
69,93,69
79,224,69
83,246,69
90,218,69
93,69,69
111,178,69
112,177,69
167,173,69
175,218,69
177,112,69
177,190,69
178,111,69
218,90,69
218,175,69
224,79,69
235,54,69
242,110,69
246,83,69
14,234,70
19,54,70
19,235,70
28,140,70
54,19,70
61,165,70
89,239,70
140,28,70
177,112,70
230,265,70
234,14,70
234,63,70
235,19,70
237,134,70
239,89,70
242,163,70
265,230,70
1,115,71
19,54,71
85,149,71
102,142,71
115,1,71
142,102,71
149,85,71
162,176,71
176,162,71
189,210,71
234,14,71
242,110,71
31,157,72
34,120,72
61,235,72
66,177,72
93,103,72
103,93,72
108,266,72
119,165,72
120,34,72
133,221,72
157,31,72
162,116,72
165,119,72
173,94,72
177,66,72
177,112,72
218,90,72
221,133,72
235,61,72
238,18,72
266,108,72
64,105,73
105,64,73
118,241,73
153,198,73
162,176,73
175,263,73
178,194,73
194,178,73
241,118,73
266,168,73
22,60,74
30,267,74
44,170,74
60,22,74
79,53,74
108,168,74
112,190,74
146,199,74
168,108,74
170,44,74
190,112,74
199,146,74
231,269,74
267,30,74
269,231,74
5,39,75
9,144,75
9,251,75
30,97,75
39,5,75
60,161,75
64,267,75
72,245,75
75,115,75
92,106,75
97,30,75
100,204,75
106,92,75
115,75,75
144,9,75
153,130,75
153,198,75
161,60,75
165,235,75
176,76,75
176,162,75
198,225,75
204,100,75
225,198,75
235,165,75
245,72,75
267,64,75
12,116,76
24,26,76
24,123,76
26,24,76
55,191,76
60,22,76
61,20,76
71,152,76
74,97,76
86,251,76
97,74,76
111,194,76
116,12,76
123,24,76
130,225,76
149,228,76
152,71,76
167,190,76
190,167,76
191,55,76
194,111,76
209,220,76
220,209,76
225,130,76
225,198,76
251,86,76
11,169,77
24,26,77
24,163,77
38,236,77
46,100,77
69,103,77
72,150,77
85,228,77
100,46,77
103,69,77
130,198,77
130,225,77
137,171,77
149,85,77
149,228,77
150,72,77
150,187,77
163,24,77
167,173,77
167,177,77
169,11,77
171,137,77
173,167,77
177,167,77
187,150,77
198,130,77
198,153,77
225,130,77
228,85,77
228,149,77
236,38,77
5,218,78
6,100,78
25,99,78
37,120,78
46,6,78
46,100,78
72,245,78
97,30,78
100,6,78
100,46,78
119,235,78
120,37,78
152,81,78
153,225,78
167,173,78
167,177,78
218,5,78
225,153,78
235,119,78
235,165,78
6,46,79
13,118,79
24,26,79
29,81,79
32,99,79
46,6,79
46,100,79
55,88,79
81,29,79
88,55,79
97,74,79
99,32,79
116,162,79
117,131,79
118,13,79
119,165,79
123,163,79
131,117,79
138,237,79
153,198,79
159,219,79
162,116,79
163,123,79
165,119,79
165,235,79
168,250,79
186,217,79
217,186,79
219,159,79
237,138,79
241,264,79
250,168,79
264,241,79
1,249,80
12,176,80
15,170,80
30,267,80
32,242,80
50,151,80
65,126,80
85,149,80
97,30,80
119,235,80
126,65,80
149,85,80
149,228,80
151,50,80
165,119,80
170,15,80
176,12,80
190,112,80
235,119,80
242,32,80
249,1,80
267,30,80
12,116,81
12,176,81
55,148,81
71,119,81
71,235,81
90,174,81
116,12,81
116,162,81
116,176,81
119,71,81
119,235,81
121,262,81
148,55,81
162,176,81
174,90,81
176,116,81
176,162,81
190,248,81
209,58,81
209,220,81
235,71,81
235,119,81
244,17,81
248,190,81
262,121,81
267,64,81
12,116,82
30,64,82
30,267,82
48,157,82
55,88,82
58,82,82
64,30,82
79,241,82
82,58,82
87,100,82
100,87,82
116,12,82
116,176,82
134,138,82
138,134,82
141,182,82
157,48,82
175,218,82
176,116,82
182,141,82
187,195,82
191,203,82
203,191,82
218,175,82
241,79,82
267,30,82
9,124,83
26,163,83
53,224,83
58,220,83
67,73,83
73,67,83
94,177,83
110,123,83
116,12,83
116,176,83
123,110,83
124,9,83
141,200,83
159,172,83
163,26,83
172,159,83
177,94,83
190,112,83
220,58,83
224,53,83
225,130,83
5,175,84
12,176,84
24,246,84
30,64,84
46,253,84
49,83,84
83,49,84
108,250,84
167,269,84
175,5,84
176,12,84
176,116,84
246,24,84
250,108,84
253,46,84
269,167,84
12,116,85
12,176,85
36,268,85
40,186,85
53,79,85
53,224,85
53,264,85
78,149,85
79,53,85
79,264,85
90,168,85
112,248,85
116,12,85
116,176,85
128,233,85
149,78,85
163,246,85
167,231,85
167,269,85
168,90,85
176,12,85
176,116,85
179,182,85
182,179,85
186,40,85
193,237,85
231,167,85
231,269,85
233,128,85
237,193,85
246,163,85
248,112,85
264,53,85
264,79,85
268,36,85
269,231,85
6,100,86
10,217,86
12,116,86
33,88,86
39,218,86
51,78,86
53,79,86
53,224,86
53,264,86
60,171,86
61,165,86
78,51,86
79,53,86
79,264,86
88,33,86
100,6,86
108,168,86
112,190,86
112,248,86
116,12,86
134,237,86
154,212,86
163,26,86
165,61,86
167,231,86
167,269,86
168,108,86
171,60,86
198,225,86
212,154,86
217,10,86
218,39,86
224,264,86
225,198,86
231,167,86
231,269,86
237,134,86
237,193,86
246,24,86
264,53,86
264,79,86
264,224,86
269,167,86
269,231,86
16,248,87
21,183,87
29,227,87
30,267,87
54,235,87
58,209,87
65,153,87
65,225,87
84,156,87
84,264,87
90,108,87
108,90,87
108,168,87
112,190,87
140,157,87
141,179,87
153,65,87
153,198,87
156,84,87
157,140,87
163,246,87
167,231,87
178,195,87
179,141,87
183,21,87
195,178,87
198,153,87
209,58,87
225,65,87
227,29,87
231,167,87
231,269,87
235,54,87
246,163,87
248,16,87
264,84,87
5,218,88
9,251,88
13,241,88
80,221,88
84,156,88
84,264,88
95,245,88
100,87,88
108,90,88
120,34,88
124,251,88
125,230,88
126,229,88
165,235,88
168,174,88
174,168,88
175,218,88
179,182,88
218,5,88
218,175,88
221,80,88
229,126,88
230,125,88
235,165,88
237,134,88
237,193,88
241,13,88
245,95,88
251,9,88
251,124,88
264,79,88
264,84,88
12,162,89
31,236,89
34,37,89
37,34,89
61,235,89
72,95,89
72,245,89
89,143,89
90,174,89
95,72,89
95,245,89
103,198,89
108,168,89
108,174,89
114,229,89
121,208,89
125,127,89
127,125,89
141,182,89
143,89,89
156,224,89
162,12,89
167,269,89
168,108,89
168,250,89
174,90,89
174,108,89
182,141,89
182,179,89
198,103,89
208,121,89
224,156,89
224,264,89
229,114,89
235,61,89
235,165,89
236,31,89
245,72,89
245,95,89
250,168,89
264,224,89
269,167,89
5,175,90
12,116,90
16,190,90
30,64,90
72,95,90
84,158,90
89,239,90
90,108,90
90,174,90
94,124,90
95,72,90
103,130,90
108,90,90
108,168,90
111,195,90
124,94,90
127,230,90
130,103,90
141,179,90
141,182,90
158,84,90
168,108,90
174,90,90
175,5,90
177,231,90
179,141,90
179,182,90
182,141,90
182,179,90
186,247,90
190,16,90
195,111,90
229,126,90
230,127,90
231,177,90
235,61,90
235,165,90
247,186,90
251,9,90
9,94,91
10,162,91
25,188,91
29,44,91
44,29,91
56,161,91
68,119,91
90,168,91
94,9,91
94,124,91
95,187,91
100,6,91
103,69,91
103,198,91
108,174,91
119,68,91
121,129,91
127,125,91
129,121,91
131,153,91
153,131,91
161,56,91
162,10,91
168,90,91
168,108,91
168,174,91
173,248,91
174,108,91
174,168,91
175,218,91
187,95,91
229,114,91
248,173,91
7,226,92
9,251,92
15,214,92
44,227,92
51,149,92
54,61,92
55,148,92
61,54,92
103,69,92
103,198,92
137,254,92
149,51,92
162,176,92
168,90,92
168,174,92
175,5,92
176,162,92
177,248,92
182,141,92
214,236,92
226,7,92
227,44,92
236,214,92
248,177,92
251,269,92
254,137,92
269,251,92
69,198,93
90,174,93
125,230,93
144,260,93
159,219,93
166,197,93
168,90,93
168,174,93
174,90,93
174,168,93
197,166,93
198,69,93
214,15,93
214,236,93
230,125,93
251,9,93
269,167,93
22,171,94
30,97,94
84,139,94
94,251,94
116,162,94
123,219,94
130,198,94
162,116,94
171,22,94
173,231,94
174,90,94
174,168,94
198,130,94
214,15,94
214,236,94
219,123,94
231,173,94
241,258,94
251,94,94
258,241,94
264,79,94
9,269,95
12,176,95
26,49,95
49,26,95
50,126,95
50,151,95
69,130,95
69,198,95
76,142,95
86,269,95
124,167,95
126,50,95
127,230,95
130,69,95
142,76,95
167,124,95
168,250,95
174,90,95
174,168,95
176,12,95
198,69,95
214,15,95
214,236,95
230,127,95
234,63,95
237,134,95
251,9,95
269,9,95
269,86,95
6,87,96
21,200,96
69,130,96
79,224,96
87,6,96
90,168,96
116,176,96
117,153,96
123,159,96
131,117,96
153,117,96
159,123,96
163,172,96
168,90,96
172,163,96
176,116,96
181,194,96
194,181,96
200,21,96
224,79,96
251,269,96
269,9,96
269,251,96
6,183,97
9,167,97
9,251,97
9,269,97
42,169,97
46,183,97
56,154,97
64,267,97
79,156,97
87,183,97
111,138,97
117,131,97
120,205,97
123,219,97
138,111,97
154,56,97
156,79,97
167,9,97
169,42,97
183,6,97
183,46,97
183,87,97
205,120,97
214,15,97
251,9,97
267,64,97
269,9,97
6,87,98
9,167,98
9,251,98
9,269,98
10,116,98
10,162,98
37,47,98
57,125,98
69,198,98
71,119,98
87,6,98
90,250,98
98,229,98
116,10,98
116,162,98
117,153,98
119,71,98
123,159,98
125,57,98
129,208,98
131,153,98
133,176,98
143,239,98
153,131,98
162,10,98
162,116,98
176,133,98
183,46,98
190,248,98
208,129,98
218,232,98
226,253,98
229,98,98
231,261,98
232,218,98
239,143,98
248,190,98
250,90,98
253,226,98
261,231,98
4,122,99
9,167,99
9,251,99
10,116,99
10,162,99
31,38,99
38,31,99
59,61,99
59,152,99
61,59,99
72,149,99
79,224,99
90,168,99
95,245,99
116,10,99
116,162,99
122,4,99
137,196,99
149,72,99
152,59,99
162,10,99
162,116,99
173,261,99
185,243,99
243,185,99
261,173,99
261,231,99
5,218,100
9,167,100
9,251,100
10,116,100
32,123,100
33,207,100
75,249,100
86,251,100
90,174,100
103,93,100
116,10,100
123,32,100
123,159,100
124,251,100
142,102,100
167,251,100
168,174,100
169,257,100
174,90,100
174,168,100
177,190,100
190,177,100
207,33,100
218,5,100
249,75,100
251,86,100
251,124,100
251,167,100
257,169,100
