7,23,1
11,237,1
13,134,1
15,186,1
23,7,1
30,291,1
32,115,1
41,68,1
48,282,1
59,180,1
59,252,1
62,296,1
63,121,1
68,41,1
70,146,1
100,141,1
102,287,1
103,251,1
111,114,1
112,320,1
114,111,1
115,32,1
121,63,1
134,13,1
136,220,1
141,100,1
143,283,1
146,70,1
150,307,1
161,233,1
180,59,1
180,252,1
184,208,1
186,15,1
191,219,1
202,303,1
208,184,1
216,265,1
219,191,1
220,136,1
228,300,1
233,161,1
234,259,1
237,11,1
249,316,1
251,103,1
252,59,1
252,180,1
255,281,1
259,234,1
265,216,1
273,279,1
279,273,1
281,255,1
282,48,1
283,143,1
287,102,1
291,30,1
294,299,1
296,62,1
299,294,1
300,228,1
303,202,1
307,150,1
316,249,1
320,112,1
1,34,2
7,293,2
15,76,2
16,36,2
26,46,2
30,99,2
30,291,2
34,1,2
36,16,2
46,26,2
52,289,2
63,286,2
66,317,2
73,280,2
76,15,2
82,238,2
88,275,2
91,264,2
99,30,2
99,291,2
102,172,2
102,287,2
104,155,2
108,126,2
126,108,2
139,147,2
147,139,2
154,308,2
155,104,2
161,309,2
172,102,2
181,282,2
196,239,2
206,315,2
230,243,2
238,82,2
239,196,2
243,230,2
264,91,2
271,297,2
275,88,2
280,73,2
282,181,2
283,292,2
286,63,2
289,52,2
291,99,2
292,283,2
293,7,2
297,271,2
308,154,2
309,161,2
315,206,2
317,66,2
3,90,3
9,301,3
15,302,3
26,310,3
30,99,3
34,248,3
42,115,3
57,318,3
59,180,3
63,121,3
69,168,3
76,153,3
83,212,3
90,3,3
99,30,3
100,230,3
113,235,3
115,42,3
132,216,3
153,76,3
168,69,3
180,59,3
198,300,3
212,83,3
216,132,3
221,247,3
230,100,3
230,243,3
235,113,3
244,287,3
247,221,3
248,34,3
267,294,3
287,244,3
294,267,3
300,198,3
301,9,3
302,15,3
310,26,3
318,57,3
8,69,4
10,131,4
12,251,4
32,42,4
32,115,4
42,32,4
42,115,4
62,108,4
62,296,4
69,8,4
69,168,4
74,85,4
85,74,4
108,62,4
108,126,4
112,281,4
115,32,4
115,42,4
115,165,4
126,296,4
131,10,4
134,185,4
148,183,4
150,200,4
150,307,4
152,239,4
156,273,4
158,285,4
161,233,4
162,279,4
163,244,4
165,115,4
183,148,4
185,134,4
186,243,4
200,150,4
214,237,4
237,214,4
239,152,4
243,186,4
243,230,4
244,163,4
251,12,4
255,313,4
271,286,4
273,156,4
279,162,4
281,112,4
281,320,4
285,158,4
286,271,4
296,126,4
313,255,4
320,281,4
13,272,5
16,257,5
32,42,5
32,165,5
40,258,5
42,32,5
66,202,5
69,8,5
69,168,5
73,176,5
76,186,5
92,263,5
126,108,5
127,209,5
141,230,5
153,184,5
156,284,5
163,287,5
165,32,5
176,73,5
180,252,5
182,219,5
184,153,5
186,76,5
198,228,5
202,66,5
203,238,5
209,127,5
219,182,5
225,302,5
228,198,5
230,141,5
238,203,5
245,272,5
257,16,5
258,40,5
263,92,5
272,13,5
272,245,5
281,112,5
284,156,5
287,163,5
294,299,5
302,225,5
8,168,6
11,214,6
14,80,6
15,225,6
15,302,6
20,144,6
44,123,6
55,268,6
63,271,6
69,8,6
70,178,6
75,263,6
80,14,6
91,96,6
91,264,6
96,91,6
96,264,6
112,255,6
123,44,6
143,292,6
144,20,6
146,178,6
153,186,6
156,273,6
156,284,6
163,244,6
163,287,6
168,8,6
178,70,6
178,146,6
186,153,6
200,307,6
214,11,6
225,15,6
225,302,6
226,304,6
227,249,6
249,227,6
255,112,6
258,318,6
263,75,6
263,92,6
264,96,6
268,55,6
271,63,6
273,284,6
279,284,6
284,273,6
284,279,6
292,143,6
302,15,6
302,225,6
304,226,6
307,200,6
318,258,6
33,199,7
36,257,7
42,115,7
43,113,7
67,147,7
69,168,7
86,172,7
86,244,7
86,287,7
91,96,7
91,264,7
95,197,7
96,91,7
96,264,7
98,254,7
102,173,7
105,224,7
106,157,7
109,212,7
113,43,7
115,42,7
116,296,7
118,256,7
119,138,7
120,137,7
133,174,7
137,120,7
138,119,7
138,223,7
147,67,7
156,273,7
157,106,7
168,69,7
172,86,7
173,102,7
174,133,7
186,76,7
186,153,7
188,240,7
197,95,7
199,33,7
212,109,7
215,241,7
223,138,7
224,105,7
230,100,7
231,236,7
236,231,7
239,196,7
240,188,7
241,215,7
244,86,7
244,287,7
254,98,7
256,118,7
257,36,7
263,75,7
264,91,7
264,96,7
273,156,7
287,86,7
287,244,7
296,116,7
307,150,7
307,200,7
10,185,8
19,48,8
30,97,8
47,289,8
48,19,8
62,116,8
72,275,8
76,100,8
76,186,8
97,30,8
100,76,8
110,247,8
116,62,8
129,248,8
168,8,8
184,208,8
185,10,8
186,76,8
190,236,8
228,300,8
229,314,8
230,141,8
233,309,8
236,190,8
236,231,8
237,249,8
247,110,8
248,129,8
249,237,8
273,279,8
275,72,8
279,273,8
287,86,8
289,47,8
300,228,8
307,150,8
309,233,8
314,229,8
6,79,9
33,172,9
55,142,9
76,100,9
79,6,9
86,172,9
86,287,9
99,291,9
102,163,9
102,173,9
108,203,9
108,238,9
112,313,9
113,235,9
121,271,9
127,204,9
127,209,9
142,55,9
154,253,9
163,102,9
163,173,9
172,33,9
172,86,9
173,163,9
194,311,9
197,264,9
203,108,9
204,127,9
231,298,9
236,298,9
238,108,9
240,278,9
248,34,9
253,154,9
258,40,9
264,197,9
271,121,9
275,293,9
278,240,9
281,320,9
293,275,9
298,231,9
298,236,9
302,15,9
311,194,9
313,112,9
38,239,10
56,159,10
75,92,10
79,155,10
83,170,10
92,75,10
108,126,10
108,238,10
112,255,10
121,286,10
126,203,10
126,238,10
142,268,10
147,318,10
154,308,10
155,79,10
159,56,10
170,83,10
173,102,10
190,298,10
203,126,10
203,296,10
233,161,10
236,190,10
236,298,10
238,126,10
239,38,10
264,91,10
266,289,10
266,292,10
268,142,10
271,286,10
286,121,10
286,271,10
289,52,10
289,266,10
292,266,10
296,203,10
298,190,10
298,236,10
318,147,10
11,269,11
28,247,11
35,302,11
51,254,11
56,59,11
57,200,11
59,56,11
67,318,11
82,108,11
101,260,11
108,82,11
108,238,11
116,126,11
126,116,11
126,203,11
127,204,11
139,304,11
142,55,11
147,67,11
152,196,11
155,188,11
167,220,11
173,163,11
177,296,11
188,155,11
190,236,11
196,152,11
200,57,11
203,126,11
220,167,11
236,190,11
236,298,11
238,108,11
241,274,11
247,28,11
248,129,11
254,51,11
260,101,11
269,11,11
274,241,11
289,52,11
296,177,11
302,35,11
304,139,11
318,67,11
15,35,12
17,89,12
18,265,12
35,15,12
36,87,12
38,129,12
67,147,12
67,318,12
76,141,12
82,116,12
87,36,12
89,17,12
108,82,12
108,116,12
108,238,12
116,82,12
116,108,12
129,38,12
141,76,12
168,69,12
173,102,12
177,238,12
178,70,12
227,237,12
237,227,12
238,177,12
265,18,12
287,244,12
6,104,13
8,146,13
18,132,13
43,235,13
46,91,13
59,159,13
67,147,13
91,46,13
104,6,13
108,203,13
108,238,13
116,82,13
120,165,13
129,248,13
132,18,13
141,230,13
146,8,13
147,318,13
153,184,13
159,59,13
165,120,13
177,296,13
179,240,13
179,278,13
184,153,13
190,298,13
197,95,13
203,108,13
217,261,13
220,136,13
227,249,13
235,43,13
236,190,13
236,298,13
238,108,13
238,177,13
240,179,13
240,278,13
249,227,13
261,217,13
266,289,13
266,292,13
278,179,13
278,240,13
279,284,13
289,266,13
289,292,13
292,289,13
298,190,13
298,236,13
304,226,13
318,147,13
5,73,14
6,188,14
17,274,14
20,21,14
21,20,14
25,128,14
32,102,14
32,173,14
55,268,14
69,146,14
69,168,14
73,5,14
79,188,14
82,177,14
82,203,14
102,32,14
102,173,14
106,316,14
108,177,14
108,203,14
108,238,14
115,125,14
118,207,14
121,271,14
125,115,14
125,299,14
128,25,14
136,167,14
146,69,14
167,136,14
173,32,14
173,102,14
177,82,14
177,108,14
177,203,14
179,240,14
188,6,14
188,79,14
190,231,14
203,82,14
203,108,14
203,177,14
207,118,14
231,190,14
231,298,14
238,108,14
238,296,14
240,179,14
266,289,14
268,55,14
271,121,14
274,17,14
274,241,14
289,266,14
296,238,14
298,231,14
299,125,14
316,106,14
6,104,15
31,218,15
32,102,15
53,225,15
55,142,15
60,314,15
82,108,15
82,203,15
102,32,15
102,163,15
108,82,15
129,145,15
136,220,15
145,129,15
147,67,15
147,318,15
163,102,15
174,279,15
177,296,15
179,278,15
182,191,15
190,236,15
191,182,15
198,205,15
203,82,15
205,198,15
218,31,15
225,53,15
231,190,15
231,298,15
236,190,15
240,278,15
266,292,15
278,179,15
278,240,15
279,174,15
279,284,15
292,266,15
296,177,15
296,238,15
314,60,15
6,188,16
17,215,16
17,274,16
19,302,16
33,199,16
47,273,16
54,185,16
59,56,16
59,252,16
67,318,16
69,146,16
82,238,16
82,296,16
94,300,16
102,32,16
108,203,16
108,238,16
136,167,16
136,220,16
147,67,16
153,208,16
154,221,16
154,308,16
174,284,16
185,54,16
188,6,16
196,239,16
202,303,16
203,108,16
208,153,16
215,17,16
221,154,16
221,308,16
222,272,16
234,280,16
237,249,16
238,82,16
238,108,16
239,196,16
246,249,16
249,237,16
249,246,16
252,59,16
271,63,16
271,121,16
272,222,16
273,47,16
274,17,16
279,174,16
279,284,16
280,234,16
284,174,16
284,279,16
296,82,16
296,177,16
300,94,16
302,19,16
308,221,16
318,67,16
6,79,17
6,155,17
12,308,17
17,215,17
19,210,17
19,302,17
39,211,17
46,264,17
66,303,17
79,6,17
82,177,17
102,173,17
108,203,17
108,238,17
136,167,17
155,6,17
172,199,17
177,82,17
199,172,17
202,66,17
202,303,17
203,238,17
210,19,17
210,302,17
211,39,17
231,236,17
236,231,17
237,246,17
237,249,17
238,203,17
246,237,17
246,249,17
249,237,17
249,246,17
251,308,17
252,180,17
264,46,17
287,86,17
287,244,17
302,210,17
303,66,17
303,202,17
308,12,17
308,251,17
6,79,18
6,155,18
6,188,18
12,154,18
12,308,18
19,210,18
22,115,18
32,244,18
32,287,18
47,52,18
50,282,18
52,47,18
55,268,18
59,56,18
59,252,18
65,197,18
79,155,18
100,225,18
104,155,18
108,203,18
112,313,18
115,22,18
129,131,18
131,129,18
137,165,18
154,12,18
154,308,18
155,79,18
155,104,18
155,188,18
165,137,18
170,212,18
188,155,18
197,65,18
203,108,18
210,19,18
212,170,18
214,314,18
216,226,18
225,100,18
226,216,18
241,265,18
244,32,18
249,227,18
250,297,18
252,59,18
252,180,18
265,241,18
278,179,18
282,50,18
287,32,18
297,250,18
308,12,18
308,154,18
314,214,18
6,79,19
12,154,19
40,87,19
47,273,19
55,142,19
66,202,19
67,139,19
68,88,19
79,6,19
79,155,19
85,102,19
87,40,19
88,68,19
102,85,19
104,240,19
115,125,19
120,137,19
125,115,19
125,299,19
127,151,19
135,300,19
137,120,19
139,67,19
141,225,19
144,216,19
151,127,19
154,12,19
154,308,19
155,79,19
155,188,19
169,173,19
173,169,19
200,258,19
202,66,19
210,302,19
216,144,19
225,141,19
240,104,19
240,278,19
244,287,19
252,59,19
258,200,19
278,240,19
287,244,19
300,135,19
8,178,20
19,35,20
22,299,20
35,19,20
35,48,20
48,35,20
59,56,20
87,36,20
87,40,20
102,169,20
108,238,20
108,296,20
126,319,20
138,119,20
144,226,20
169,102,20
169,173,20
178,8,20
179,240,20
179,278,20
196,152,20
213,317,20
226,144,20
238,108,20
238,296,20
240,179,20
240,278,20
278,179,20
278,240,20
287,32,20
296,108,20
296,238,20
299,22,20
299,125,20
308,221,20
317,213,20
319,126,20
6,155,21
12,308,21
19,48,21
22,115,21
28,110,21
32,86,21
32,287,21
35,19,21
35,48,21
47,52,21
48,19,21
48,35,21
83,207,21
86,32,21
87,147,21
105,251,21
110,28,21
115,22,21
147,87,21
148,217,21
153,184,21
153,208,21
155,6,21
162,276,21
169,102,21
175,206,21
179,240,21
179,278,21
184,208,21
206,175,21
207,83,21
208,184,21
214,229,21
216,226,21
217,148,21
224,309,21
226,216,21
229,214,21
240,179,21
251,105,21
252,180,21
254,298,21
271,63,21
276,162,21
278,179,21
282,181,21
298,254,21
308,12,21
309,224,21
12,105,22
22,159,22
35,15,22
35,48,22
40,147,22
42,287,22
45,124,22
47,266,22
48,53,22
53,48,22
82,126,22
85,169,22
87,40,22
87,147,22
89,274,22
92,148,22
98,265,22
104,155,22
105,12,22
105,251,22
124,45,22
126,82,22
141,230,22
147,40,22
147,87,22
148,92,22
148,217,22
155,79,22
155,104,22
159,22,22
169,85,22
169,102,22
179,240,22
208,153,22
227,237,22
237,227,22
265,98,22
266,47,22
274,89,22
287,42,22
308,221,22
6,104,23
15,19,23
19,15,23
23,146,23
48,35,23
48,53,23
49,187,23
54,71,23
55,268,23
63,246,23
66,303,23
71,54,23
71,185,23
78,182,23
92,75,23
94,135,23
104,6,23
105,12,23
110,247,23
116,62,23
135,94,23
146,23,23
148,261,23
149,256,23
157,295,23
158,273,23
179,278,23
180,183,23
182,78,23
183,180,23
185,71,23
187,49,23
246,63,23
247,110,23
249,316,23
256,149,23
261,148,23
269,314,23
273,158,23
295,157,23
303,66,23
308,154,23
314,269,23
316,249,23
11,286,24
19,35,24
24,72,24
31,46,24
33,172,24
35,19,24
38,145,24
46,31,24
55,142,24
62,82,24
67,318,24
69,178,24
70,79,24
72,24,24
73,93,24
79,70,24
82,62,24
93,73,24
107,218,24
112,255,24
116,238,24
120,165,24
125,312,24
135,300,24
139,318,24
142,268,24
145,38,24
152,239,24
165,120,24
169,85,24
169,102,24
172,33,24
178,69,24
197,95,24
207,118,24
214,269,24
214,314,24
218,107,24
227,249,24
227,316,24
236,254,24
238,116,24
239,152,24
249,227,24
249,316,24
251,103,24
254,236,24
266,292,24
268,142,24
269,214,24
281,313,24
286,11,24
308,221,24
312,125,24
313,281,24
314,214,24
316,227,24
316,249,24
318,139,24
9,156,25
19,15,25
30,126,25
32,86,25
40,67,25
60,229,25
61,301,25
67,40,25
78,307,25
94,228,25
101,267,25
105,251,25
120,137,25
126,30,25
126,319,25
138,223,25
156,9,25
161,309,25
169,173,25
208,184,25
227,249,25
228,94,25
229,60,25
240,278,25
249,227,25
249,316,25
251,105,25
267,101,25
278,240,25
281,320,25
301,61,25
307,78,25
309,161,25
313,320,25
320,313,25
41,113,26
47,52,26
59,183,26
62,116,26
67,139,26
67,318,26
101,260,26
101,267,26
113,41,26
116,62,26
134,195,26
139,67,26
139,318,26
143,289,26
147,318,26
169,85,26
169,173,26
182,219,26
183,59,26
183,180,26
195,134,26
207,83,26
236,190,26
251,103,26
257,16,26
260,267,26
267,260,26
289,143,26
309,224,26
318,67,26
318,139,26
318,147,26
15,210,27
30,319,27
40,147,27
40,318,27
53,100,27
56,183,27
59,180,27
62,238,27
64,114,27
67,40,27
67,147,27
80,160,27
82,116,27
85,102,27
85,173,27
100,53,27
101,260,27
102,85,27
114,64,27
116,82,27
116,238,27
147,40,27
147,67,27
147,318,27
150,204,27
160,80,27
173,85,27
176,259,27
180,59,27
183,56,27
204,150,27
210,15,27
236,231,27
238,62,27
238,116,27
259,176,27
260,101,27
281,313,27
313,281,27
318,40,27
318,147,27
319,30,27
17,89,28
40,67,28
40,318,28
55,289,28
62,116,28
62,238,28
64,297,28
67,40,28
67,147,28
79,155,28
85,165,28
86,199,28
87,318,28
89,17,28
102,169,28
102,173,28
106,157,28
116,62,28
116,238,28
143,292,28
147,67,28
147,318,28
152,196,28
155,79,28
157,106,28
165,85,28
169,102,28
169,173,28
173,102,28
173,169,28
190,231,28
190,236,28
193,285,28
199,86,28
231,190,28
236,190,28
236,282,28
238,62,28
238,116,28
251,105,28
258,304,28
282,236,28
285,193,28
289,55,28
292,143,28
297,64,28
304,258,28
318,40,28
318,87,28
318,147,28
11,249,29
25,192,29
40,67,29
40,87,29
40,318,29
45,63,29
55,268,29
55,283,29
63,45,29
67,40,29
67,318,29
82,238,29
85,102,29
87,40,29
102,85,29
108,116,29
116,108,29
116,296,29
192,25,29
238,82,29
246,271,29
249,11,29
255,281,29
268,55,29
271,246,29
281,255,29
281,313,29
282,181,29
283,55,29
296,116,29
318,40,29
318,67,29
5,280,30
8,201,30
15,35,30
15,210,30
22,115,30
35,15,30
40,67,30
67,40,30
78,182,30
81,286,30
105,154,30
105,251,30
116,108,30
116,238,30
121,227,30
126,238,30
137,140,30
140,137,30
154,105,30
154,251,30
159,252,30
172,199,30
179,240,30
182,78,30
182,219,30
185,239,30
190,254,30
199,172,30
200,307,30
201,8,30
227,121,30
238,116,30
238,126,30
239,185,30
240,179,30
240,278,30
251,154,30
252,159,30
254,190,30
255,313,30
268,283,30
280,5,30
281,255,30
283,268,30
286,81,30
294,312,30
307,200,30
312,294,30
313,255,30
7,201,31
11,237,31
37,164,31
40,87,31
50,153,31
59,183,31
67,87,31
71,129,31
78,219,31
87,67,31
91,264,31
92,263,31
95,269,31
98,254,31
100,141,31
100,225,31
105,154,31
110,28,31
129,71,31
137,120,31
140,310,31
141,100,31
143,166,31
145,189,31
153,50,31
154,105,31
164,37,31
166,143,31
183,59,31
189,145,31
193,220,31
201,7,31
201,8,31
216,258,31
217,261,31
219,78,31
220,193,31
225,100,31
237,11,31
238,82,31
254,98,31
255,281,31
255,313,31
258,216,31
261,217,31
263,92,31
264,91,31
269,95,31
281,313,31
289,292,31
292,289,31
310,140,31
313,281,31
12,253,32
20,144,32
21,243,32
32,299,32
49,242,32
52,166,32
81,316,32
82,126,32
87,40,32
90,130,32
102,165,32
105,251,32
111,297,32
126,82,32
130,90,32
144,20,32
165,102,32
166,52,32
201,7,32
203,235,32
221,251,32
235,203,32
242,49,32
243,21,32
251,105,32
251,221,32
253,12,32
254,190,32
255,320,32
297,111,32
299,32,32
316,81,32
320,255,32
19,35,33
31,218,33
35,19,33
48,100,33
51,241,33
55,289,33
73,280,33
94,194,33
95,197,33
98,236,33
100,48,33
100,225,33
102,85,33
103,154,33
116,108,33
116,238,33
137,140,33
140,137,33
143,292,33
154,103,33
156,284,33
166,143,33
166,292,33
194,94,33
218,31,33
236,98,33
238,116,33
240,179,33
241,51,33
251,105,33
260,267,33
280,73,33
282,302,33
284,156,33
284,279,33
289,55,33
292,143,33
292,166,33
302,282,33
5,270,34
9,284,34
17,215,34
27,90,34
27,130,34
32,287,34
46,264,34
58,100,34
58,225,34
67,318,34
71,152,34
75,263,34
77,242,34
78,182,34
90,27,34
100,58,34
100,225,34
103,251,34
106,295,34
116,108,34
130,27,34
133,271,34
152,71,34
156,9,34
182,78,34
183,252,34
221,308,34
225,58,34
225,100,34
226,258,34
238,296,34
242,77,34
251,103,34
252,183,34
258,226,34
263,75,34
263,92,34
264,46,34
270,5,34
271,133,34
284,9,34
284,279,34
287,32,34
292,143,34
292,166,34
295,106,34
296,238,34
312,125,34
9,156,35
32,86,35
53,225,35
78,219,35
86,32,35
90,130,35
103,105,35
103,154,35
105,103,35
130,90,35
139,226,35
148,159,35
154,251,35
156,284,35
159,148,35
163,244,35
166,52,35
182,219,35
198,300,35
219,182,35
225,53,35
226,139,35
226,258,35
244,163,35
251,154,35
254,298,35
263,75,35
263,92,35
284,156,35
300,198,35
22,312,36
30,296,36
43,72,36
43,235,36
52,143,36
54,185,36
55,268,36
65,95,36
71,189,36
72,43,36
95,65,36
98,231,36
124,174,36
128,305,36
139,258,36
141,230,36
143,52,36
152,189,36
174,124,36
185,54,36
189,71,36
189,152,36
231,98,36
235,43,36
258,139,36
258,226,36
263,75,36
268,55,36
296,30,36
305,128,36
312,22,36
9,284,37
10,244,37
30,119,37
32,287,37
34,1,37
58,100,37
58,225,37
71,129,37
71,152,37
100,58,37
105,154,37
108,177,37
119,30,37
130,27,37
130,90,37
152,71,37
154,103,37
154,105,37
156,9,37
156,284,37
174,284,37
177,108,37
199,287,37
212,109,37
219,78,37
219,182,37
225,58,37
244,10,37
258,139,37
262,277,37
263,92,37
277,262,37
282,181,37
284,9,37
284,156,37
284,174,37
287,199,37
9,156,38
11,214,38
11,227,38
13,74,38
38,196,38
41,72,38
49,164,38
52,166,38
58,100,38
58,225,38
59,252,38
64,114,38
71,129,38
71,152,38
72,41,38
74,13,38
75,217,38
81,269,38
86,287,38
99,256,38
106,121,38
115,159,38
121,106,38
129,189,38
130,27,38
135,198,38
154,103,38
156,9,38
156,279,38
159,115,38
159,148,38
164,49,38
181,208,38
189,129,38
196,38,38
198,135,38
208,181,38
208,282,38
214,11,38
217,75,38
218,264,38
219,78,38
227,11,38
252,59,38
256,99,38
264,218,38
269,81,38
279,156,38
282,208,38
287,32,38
287,86,38
296,238,38
2,73,39
8,155,39
11,214,39
15,35,39
24,41,39
29,151,39
30,296,39
35,15,39
41,24,39
43,72,39
43,290,39
50,236,39
55,122,39
58,100,39
58,225,39
71,129,39
72,43,39
73,2,39
83,109,39
83,207,39
100,225,39
103,233,39
109,83,39
115,148,39
115,159,39
118,212,39
119,126,39
120,140,39
122,55,39
126,119,39
126,319,39
129,71,39
135,300,39
140,120,39
140,137,39
148,115,39
151,29,39
153,282,39
155,8,39
159,115,39
168,178,39
178,168,39
188,278,39
192,196,39
196,192,39
208,181,39
212,118,39
216,226,39
225,100,39
226,216,39
227,249,39
233,103,39
236,50,39
249,227,39
278,188,39
282,153,39
290,43,39
296,30,39
300,135,39
319,126,39
11,81,40
11,214,40
30,119,40
30,126,40
33,54,40
41,113,40
43,72,40
54,33,40
59,183,40
59,252,40
73,270,40
79,70,40
81,11,40
81,214,40
109,207,40
119,30,40
120,310,40
121,295,40
124,284,40
126,30,40
126,319,40
129,152,40
130,90,40
135,198,40
140,306,40
150,171,40
152,129,40
156,284,40
162,166,40
166,162,40
171,150,40
176,280,40
183,59,40
189,145,40
207,109,40
214,81,40
270,73,40
280,176,40
284,124,40
284,156,40
287,32,40
295,121,40
306,140,40
310,120,40
2,93,41
12,221,41
15,210,41
19,210,41
30,296,41
35,19,41
49,242,41
58,100,41
72,235,41
81,269,41
83,149,41
83,207,41
93,2,41
100,58,41
103,251,41
106,295,41
121,106,41
121,295,41
124,156,41
124,284,41
149,83,41
156,124,41
207,83,41
207,109,41
210,19,41
214,11,41
220,285,41
221,12,41
231,254,41
231,298,41
235,72,41
242,49,41
251,103,41
254,231,41
284,124,41
285,220,41
295,106,41
295,121,41
296,238,41
298,231,41
15,35,42
15,210,42
35,15,42
46,218,42
56,306,42
83,149,42
91,96,42
96,91,42
106,286,42
109,212,42
123,233,42
161,224,42
163,173,42
171,209,42
173,163,42
174,271,42
176,234,42
181,302,42
183,252,42
204,307,42
207,212,42
209,171,42
210,15,42
212,109,42
212,118,42
212,207,42
214,227,42
218,46,42
224,161,42
227,214,42
233,123,42
234,176,42
234,280,42
252,183,42
253,308,42
271,174,42
280,234,42
286,106,42
286,295,42
295,286,42
302,181,42
306,56,42
307,204,42
308,253,42
12,253,43
80,211,43
82,257,43
89,274,43
103,233,43
103,251,43
140,137,43
166,52,43
211,80,43
214,11,43
217,261,43
233,103,43
238,62,43
252,59,43
252,183,43
253,12,43
255,281,43
257,82,43
260,101,43
281,255,43
40,318,44
50,254,44
56,137,44
56,306,44
100,225,44
130,27,44
137,56,44
137,140,44
193,285,44
203,290,44
212,109,44
212,207,44
221,308,44
237,249,44
240,278,44
249,237,44
254,50,44
278,240,44
285,193,44
286,106,44
286,295,44
290,203,44
308,221,44
318,40,44
26,149,45
38,189,45
42,169,45
52,292,45
55,266,45
56,140,45
62,116,45
62,238,45
69,155,45
71,145,45
73,234,45
73,270,45
81,214,45
116,62,45
124,133,45
124,271,45
133,124,45
140,56,45
140,137,45
145,71,45
149,26,45
153,181,45
154,253,45
155,69,45
166,162,45
169,42,45
181,153,45
189,38,45
212,109,45
214,81,45
217,75,45
217,261,45
234,73,45
253,154,45
266,55,45
271,124,45
286,106,45
286,295,45
292,52,45
19,153,46
23,293,46
30,119,46
45,133,46
62,116,46
75,92,46
92,75,46
105,253,46
106,295,46
119,238,46
133,45,46
137,306,46
153,19,46
227,316,46
231,254,46
231,298,46
233,123,46
234,270,46
238,119,46
249,250,46
250,249,46
253,105,46
253,154,46
254,231,46
267,294,46
270,234,46
293,23,46
294,267,46
295,106,46
295,286,46
306,137,46
316,227,46
6,155,47
14,156,47
16,87,47
30,116,47
52,166,47
54,129,47
56,137,47
61,314,47
63,246,47
84,95,47
85,173,47
87,16,47
92,217,47
95,84,47
105,154,47
105,253,47
106,286,47
116,30,47
116,62,47
124,133,47
129,54,47
133,124,47
135,228,47
137,56,47
137,140,47
153,181,47
154,105,47
155,6,47
155,69,47
156,14,47
166,52,47
173,85,47
217,92,47
217,261,47
228,135,47
231,254,47
237,250,47
246,63,47
250,237,47
250,249,47
253,12,47
253,105,47
270,73,47
286,106,47
314,61,47
318,147,47
9,174,48
11,197,48
11,316,48
19,35,48
24,203,48
35,19,48
35,181,48
52,292,48
62,296,48
73,280,48
75,263,48
92,75,48
102,173,48
106,227,48
106,295,48
113,290,48
116,30,48
116,296,48
124,271,48
137,306,48
155,6,48
166,162,48
173,102,48
174,9,48
181,35,48
181,153,48
194,311,48
197,11,48
197,316,48
203,24,48
227,106,48
227,295,48
250,237,48
250,249,48
253,12,48
263,75,48
270,280,48
280,73,48
280,270,48
290,113,48
295,106,48
295,227,48
296,62,48
296,116,48
316,11,48
316,197,48
11,81,49
15,302,49
27,157,49
30,238,49
35,19,49
45,271,49
50,231,49
52,166,49
52,292,49
81,11,49
81,214,49
85,102,49
102,85,49
102,173,49
106,227,49
106,286,49
112,281,49
137,56,49
137,306,49
152,189,49
153,208,49
154,253,49
157,27,49
159,183,49
166,52,49
166,292,49
183,159,49
189,152,49
197,295,49
203,235,49
208,153,49
227,106,49
227,286,49
231,50,49
235,203,49
238,30,49
250,237,49
253,154,49
262,288,49
271,45,49
271,124,49
281,112,49
286,227,49
287,299,49
288,262,49
292,166,49
295,197,49
295,316,49
299,287,49
302,15,49
316,295,49
318,40,49
8,104,50
31,57,50
40,67,50
45,133,50
51,236,50
57,31,50
67,40,50
73,270,50
97,191,50
104,8,50
106,227,50
116,238,50
132,144,50
133,45,50
139,226,50
144,132,50
178,180,50
180,178,50
191,97,50
217,263,50
219,307,50
221,253,50
226,139,50
227,106,50
236,51,50
238,116,50
253,12,50
253,154,50
253,221,50
254,282,50
263,217,50
270,73,50
282,254,50
295,197,50
295,316,50
307,219,50
15,181,51
15,302,51
24,41,51
39,80,51
41,24,51
70,104,51
72,43,51
78,204,51
78,209,51
80,39,51
92,263,51
104,70,51
116,119,51
119,116,51
121,227,51
129,189,51
144,20,51
166,162,51
166,292,51
181,15,51
181,302,51
189,129,51
204,78,51
209,78,51
227,121,51
227,286,51
238,30,51
263,92,51
263,217,51
286,316,51
292,52,51
292,166,51
302,181,51
316,286,51
6,7,52
7,6,52
11,197,52
15,19,52
19,15,52
22,299,52
27,106,52
41,290,52
46,91,52
47,143,52
50,236,52
54,189,52
56,306,52
64,111,52
73,280,52
78,204,52
78,209,52
91,46,52
104,168,52
105,154,52
106,27,52
111,64,52
129,54,52
129,189,52
143,47,52
144,132,52
153,282,52
154,105,52
168,104,52
171,219,52
180,183,52
183,180,52
189,54,52
189,129,52
197,11,52
204,209,52
207,256,52
208,282,52
209,204,52
219,171,52
219,307,52
231,254,52
234,280,52
236,50,52
236,51,52
253,308,52
254,231,52
256,207,52
280,73,52
280,234,52
282,153,52
282,208,52
282,302,52
286,227,52
290,41,52
299,22,52
302,282,52
306,56,52
308,253,52
316,295,52
12,308,53
18,20,53
20,18,53
23,170,53
24,290,53
30,116,53
45,271,53
50,254,53
58,225,53
70,168,53
73,234,53
104,70,53
104,168,53
116,30,53
154,253,53
162,292,53
166,162,53
166,292,53
168,70,53
168,104,53
170,23,53
171,307,53
180,252,53
225,58,53
227,316,53
234,73,53
242,77,53
252,180,53
253,154,53
253,308,53
254,50,53
271,45,53
290,24,53
290,41,53
292,162,53
292,166,53
296,62,53
307,171,53
307,219,53
308,12,53
308,253,53
313,320,53
316,227,53
320,313,53
6,69,54
6,201,54
9,297,54
11,295,54
12,154,54
13,60,54
30,238,54
38,196,54
54,129,54
60,13,54
63,250,54
69,6,54
69,201,54
70,104,54
74,222,54
74,272,54
78,307,54
97,216,54
102,85,54
102,173,54
104,70,54
104,168,54
116,296,54
129,54,54
139,304,54
142,255,54
153,208,54
154,12,54
154,253,54
154,308,54
171,219,54
174,297,54
176,280,54
196,38,54
201,6,54
201,69,54
208,153,54
216,97,54
219,171,54
222,74,54
227,295,54
227,316,54
250,63,54
253,154,54
253,308,54
255,142,54
263,92,54
272,74,54
280,176,54
285,220,54
286,316,54
295,11,54
295,227,54
295,316,54
296,116,54
297,9,54
297,174,54
304,139,54
307,78,54
308,154,54
308,253,54
316,286,54
316,295,54
9,174,55
11,227,55
11,295,55
19,153,55
24,41,55
33,244,55
41,24,55
50,51,55
50,236,55
51,50,55
70,168,55
86,169,55
104,70,55
104,168,55
105,161,55
142,313,55
152,185,55
153,19,55
154,253,55
155,179,55
160,193,55
161,105,55
168,70,55
168,104,55
169,86,55
174,9,55
179,155,55
180,183,55
185,152,55
193,160,55
197,237,55
214,269,55
227,11,55
227,295,55
227,316,55
236,50,55
237,197,55
244,33,55
246,297,55
253,154,55
253,308,55
269,214,55
292,162,55
295,11,55
295,227,55
295,316,55
297,246,55
313,142,55
316,227,55
316,295,55
12,308,56
19,208,56
19,254,56
23,203,56
26,83,56
30,108,56
43,235,56
50,51,56
52,143,56
53,315,56
54,189,56
79,183,56
81,95,56
83,26,56
95,81,56
108,30,56
115,217,56
116,238,56
122,268,56
143,52,56
183,79,56
189,54,56
203,23,56
208,19,56
208,254,56
217,115,56
219,307,56
235,43,56
238,116,56
254,19,56
254,208,56
254,282,56
255,313,56
268,122,56
282,254,56
282,302,56
292,166,56
295,11,56
295,316,56
299,287,56
307,219,56
308,12,56
313,255,56
315,53,56
19,282,57
23,170,57
30,238,57
35,181,57
51,254,57
75,217,57
125,261,57
142,255,57
146,178,57
154,247,57
168,70,57
171,307,57
174,297,57
178,146,57
181,35,57
187,320,57
208,265,57
214,314,57
217,75,57
231,298,57
238,30,57
238,116,57
247,154,57
254,51,57
255,142,57
261,125,57
265,208,57
282,19,57
296,62,57
297,174,57
307,171,57
307,219,57
314,214,57
320,187,57
19,265,58
32,172,58
41,235,58
43,203,58
51,208,58
54,185,58
75,115,58
115,75,58
172,32,58
185,54,58
203,43,58
208,51,58
208,265,58
235,41,58
254,265,58
265,19,58
265,208,58
265,254,58
286,295,58
295,286,58
295,316,58
307,171,58
6,7,59
19,282,59
22,312,59
27,121,59
29,127,59
40,147,59
51,50,59
54,152,59
81,229,59
102,85,59
121,27,59
127,29,59
147,40,59
152,54,59
153,184,59
184,153,59
201,275,59
208,254,59
226,304,59
229,81,59
246,250,59
250,246,59
253,221,59
254,208,59
275,201,59
286,316,59
295,286,59
304,226,59
306,137,59
316,286,59
5,93,60
12,247,60
19,254,60
30,177,60
35,282,60
45,63,60
58,315,60
63,45,60
63,124,60
70,104,60
73,280,60
88,270,60
93,5,60
104,70,60
111,297,60
115,125,60
119,319,60
124,63,60
125,115,60
170,293,60
175,233,60
177,30,60
197,249,60
198,228,60
228,198,60
233,175,60
237,249,60
247,12,60
249,197,60
249,237,60
254,19,60
254,265,60
270,88,60
280,73,60
282,35,60
286,295,60
293,170,60
295,316,60
297,111,60
315,58,60
316,295,60
319,119,60
35,254,61
35,282,61
37,277,61
43,235,61
45,124,61
54,71,61
54,152,61
60,85,61
63,133,61
70,168,61
71,54,61
85,60,61
108,177,61
124,45,61
129,185,61
133,63,61
165,173,61
173,165,61
177,108,61
185,129,61
185,189,61
189,185,61
197,237,61
197,249,61
200,219,61
219,200,61
235,43,61
237,197,61
249,197,61
254,35,61
254,265,61
254,282,61
261,312,61
269,314,61
277,37,61
282,254,61
312,261,61
314,269,61
12,154,62
12,247,62
13,85,62
19,282,62
25,38,62
38,25,62
45,246,62
45,250,62
54,71,62
54,152,62
63,124,62
63,133,62
85,13,62
85,60,62
111,64,62
123,175,62
124,63,62
124,133,62
133,124,62
134,136,62
136,134,62
154,12,62
158,160,62
160,158,62
171,219,62
175,123,62
177,30,62
177,108,62
183,159,62
203,235,62
219,171,62
225,315,62
235,41,62
235,203,62
237,286,62
246,45,62
246,250,62
250,45,62
250,246,62
254,19,62
254,265,62
254,282,62
262,277,62
265,282,62
277,262,62
282,19,62
282,254,62
282,265,62
286,237,62
315,225,62
9,111,63
12,154,63
12,247,63
13,60,63
16,319,63
19,302,63
35,265,63
35,282,63
54,71,63
60,13,63
60,85,63
71,152,63
109,207,63
111,9,63
129,189,63
133,63,63
133,124,63
147,318,63
152,71,63
154,247,63
170,203,63
185,129,63
189,129,63
203,170,63
203,235,63
207,109,63
207,256,63
222,245,63
225,230,63
230,225,63
245,222,63
247,154,63
265,35,63
265,282,63
282,35,63
282,265,63
302,19,63
314,214,63
314,269,63
315,58,63
318,147,63
319,16,63
41,24,64
43,170,64
51,208,64
52,292,64
54,152,64
57,78,64
63,124,64
65,84,64
74,222,64
78,57,64
84,65,64
99,182,64
104,168,64
106,121,64
111,64,64
116,177,64
120,137,64
121,106,64
124,63,64
124,133,64
129,185,64
129,189,64
130,157,64
137,120,64
146,180,64
152,54,64
152,71,64
157,130,64
168,104,64
170,43,64
177,116,64
180,146,64
182,99,64
185,189,64
189,185,64
207,109,64
208,51,64
222,74,64
222,245,64
225,315,64
227,286,64
237,295,64
286,227,64
292,52,64
295,237,64
315,225,64
12,154,65
12,247,65
29,150,65
57,31,65
57,78,65
58,225,65
106,227,65
111,9,65
111,64,65
121,227,65
124,63,65
124,133,65
127,150,65
150,29,65
150,127,65
154,12,65
154,221,65
154,247,65
156,271,65
166,268,65
177,108,65
221,154,65
221,247,65
225,58,65
227,106,65
227,121,65
247,12,65
247,154,65
247,221,65
254,302,65
268,166,65
271,156,65
302,254,65
308,309,65
309,308,65
4,224,66
6,234,66
7,69,66
12,154,66
12,221,66
25,192,66
29,127,66
29,150,66
31,78,66
32,163,66
35,302,66
52,143,66
54,185,66
56,137,66
59,117,66
69,7,66
75,217,66
78,31,66
106,121,66
108,116,66
111,9,66
116,108,66
116,177,66
117,59,66
121,106,66
124,63,66
124,133,66
125,312,66
127,29,66
127,150,66
137,56,66
150,29,66
150,127,66
154,12,66
154,221,66
163,32,66
177,116,66
185,54,66
189,129,66
192,25,66
197,286,66
221,12,66
221,154,66
224,4,66
234,6,66
254,265,66
254,302,66
265,254,66
265,302,66
283,289,66
286,197,66
286,295,66
289,283,66
295,286,66
302,35,66
302,254,66
302,265,66
312,125,66
7,179,67
11,269,67
12,247,67
21,141,67
23,43,67
29,127,67
35,254,67
35,302,67
41,113,67
42,140,67
43,23,67
74,245,67
88,280,67
91,96,67
113,41,67
120,306,67
121,227,67
124,63,67
127,29,67
127,150,67
129,185,67
140,42,67
141,21,67
143,292,67
148,312,67
179,7,67
179,155,67
185,129,67
204,304,67
222,74,67
222,245,67
225,100,67
237,286,67
245,74,67
245,222,67
247,12,67
254,35,67
254,298,67
254,302,67
269,11,67
280,88,67
286,237,67
286,295,67
292,143,67
298,254,67
298,302,67
302,35,67
302,254,67
302,298,67
304,204,67
306,120,67
312,148,67
3,111,68
7,69,68
7,179,68
10,172,68
11,95,68
11,269,68
12,154,68
12,221,68
19,254,68
51,241,68
68,290,68
74,222,68
74,245,68
95,11,68
111,3,68
121,106,68
127,29,68
127,150,68
139,226,68
143,52,68
144,243,68
154,12,68
154,221,68
172,10,68
179,7,68
179,155,68
187,255,68
204,209,68
204,304,68
207,256,68
214,229,68
221,12,68
221,154,68
222,74,68
222,245,68
226,139,68
227,316,68
229,214,68
237,295,68
243,144,68
245,74,68
245,222,68
254,19,68
254,265,68
255,187,68
265,254,68
275,293,68
286,237,68
290,68,68
293,275,68
295,237,68
312,125,68
316,227,68
11,314,69
12,154,69
12,221,69
15,282,69
38,192,69
43,170,69
51,50,69
51,241,69
57,182,69
68,113,69
76,151,69
113,68,69
115,148,69
117,180,69
148,115,69
149,212,69
151,76,69
153,186,69
154,12,69
154,221,69
171,307,69
175,251,69
180,117,69
182,57,69
186,153,69
192,38,69
197,295,69
204,209,69
209,304,69
212,149,69
221,12,69
221,154,69
250,297,69
251,175,69
277,37,69
282,15,69
295,197,69
295,237,69
297,250,69
304,209,69
314,11,69
11,269,70
19,265,70
35,298,70
40,318,70
41,68,70
47,273,70
54,129,70
58,230,70
68,41,70
71,189,70
73,88,70
73,280,70
88,73,70
88,280,70
111,9,70
124,133,70
129,54,70
129,185,70
147,191,70
163,165,70
165,163,70
189,71,70
191,147,70
204,304,70
209,204,70
225,315,70
230,58,70
232,263,70
246,297,70
257,319,70
263,232,70
265,19,70
265,254,70
269,314,70
273,47,70
280,73,70
280,88,70
286,295,70
295,286,70
297,246,70
298,35,70
298,302,70
304,204,70
314,269,70
318,40,70
319,257,70
11,314,71
12,247,71
54,185,71
60,173,71
73,88,71
88,73,71
116,126,71
126,116,71
129,54,71
129,185,71
139,258,71
163,32,71
163,165,71
173,60,71
175,123,71
185,54,71
185,129,71
197,237,71
204,209,71
209,304,71
225,100,71
225,315,71
237,197,71
237,295,71
257,82,71
257,319,71
265,19,71
269,11,71
281,283,71
283,281,71
295,237,71
298,231,71
298,302,71
304,209,71
314,11,71
3,64,72
16,257,72
36,138,72
46,207,72
60,85,72
60,173,72
64,3,72
70,183,72
75,79,72
75,217,72
79,75,72
95,314,72
123,251,72
138,36,72
139,226,72
139,258,72
183,70,72
185,54,72
195,244,72
197,316,72
200,209,72
204,304,72
206,251,72
207,46,72
209,200,72
209,204,72
209,304,72
225,100,72
225,315,72
226,258,72
231,302,72
242,292,72
244,195,72
246,250,72
250,246,72
250,297,72
251,123,72
251,206,72
257,16,72
258,226,72
259,270,72
270,259,72
292,242,72
297,250,72
298,231,72
298,302,72
302,231,72
302,298,72
304,204,72
304,209,72
314,95,72
316,197,72
60,85,73
63,133,73
95,269,73
100,315,73
103,123,73
123,103,73
123,175,73
123,206,73
133,63,73
139,226,73
146,178,73
154,247,73
159,312,73
163,32,73
166,289,73
175,206,73
183,312,73
186,282,73
200,304,73
206,123,73
206,175,73
206,251,73
226,139,73
226,258,73
228,135,73
247,154,73
250,246,73
260,294,73
269,95,73
269,314,73
282,186,73
289,166,73
294,260,73
304,200,73
304,204,73
312,159,73
312,183,73
314,11,73
314,269,73
315,100,73
315,225,73
11,95,74
11,314,74
17,40,74
40,17,74
40,318,74
41,290,74
60,173,74
68,113,74
72,118,74
73,176,74
95,11,74
100,225,74
100,315,74
108,138,74
108,177,74
118,72,74
123,175,74
123,251,74
136,167,74
138,108,74
142,187,74
148,217,74
150,151,74
151,150,74
153,282,74
161,309,74
165,173,74
169,299,74
173,165,74
175,123,74
175,206,74
175,251,74
176,73,74
177,108,74
183,70,74
187,142,74
206,175,74
217,148,74
225,100,74
225,315,74
251,123,74
251,175,74
262,288,74
269,295,74
269,314,74
282,153,74
290,41,74
295,269,74
299,169,74
309,161,74
314,11,74
314,269,74
315,100,74
315,225,74
11,95,75
11,269,75
11,314,75
19,254,75
19,265,75
24,293,75
50,241,75
56,84,75
65,85,75
75,148,75
79,92,75
84,56,75
85,65,75
92,79,75
95,314,75
100,225,75
100,315,75
108,138,75
121,27,75
121,106,75
123,206,75
138,177,75
148,75,75
148,217,75
158,220,75
174,250,75
175,206,75
175,251,75
177,138,75
206,123,75
206,175,75
206,251,75
220,158,75
225,100,75
225,315,75
241,50,75
246,297,75
250,174,75
251,206,75
254,19,75
269,11,75
269,295,75
269,314,75
282,186,75
293,24,75
297,246,75
314,11,75
314,95,75
314,269,75
315,100,75
315,225,75
13,102,76
18,204,76
32,102,76
34,196,76
60,165,76
91,137,76
96,137,76
102,13,76
102,32,76
108,177,76
115,125,76
121,27,76
123,251,76
125,115,76
137,91,76
137,96,76
144,171,76
153,254,76
153,282,76
154,221,76
165,60,76
171,144,76
177,108,76
183,312,76
196,34,76
204,18,76
206,123,76
237,286,76
246,250,76
246,297,76
250,246,76
251,123,76
251,175,76
254,153,76
268,289,76
269,295,76
282,153,76
286,237,76
289,268,76
295,314,76
314,295,76
16,82,77
18,304,77
20,208,77
40,17,77
40,318,77
59,146,77
60,173,77
70,217,77
71,199,77
78,264,77
82,16,77
94,311,77
97,204,77
108,118,77
115,148,77
118,108,77
123,206,77
125,312,77
146,59,77
148,75,77
148,115,77
165,173,77
173,60,77
173,165,77
174,279,77
183,217,77
185,129,77
199,71,77
204,97,77
208,20,77
217,70,77
217,183,77
246,250,77
254,282,77
264,78,77
266,273,77
273,266,77
279,174,77
282,254,77
304,18,77
311,94,77
312,125,77
314,95,77
315,100,77
8,240,78
12,154,78
17,318,78
20,184,78
34,213,78
41,113,78
45,133,78
56,91,78
59,178,78
60,61,78
61,60,78
72,108,78
75,115,78
75,148,78
76,141,78
91,56,78
95,295,78
95,314,78
97,209,78
104,179,78
108,72,78
113,41,78
113,68,78
115,75,78
115,148,78
118,177,78
123,251,78
133,45,78
139,258,78
141,76,78
146,178,78
148,75,78
148,115,78
154,12,78
177,118,78
178,59,78
178,146,78
179,104,78
179,155,78
184,20,78
187,255,78
197,295,78
201,234,78
209,97,78
209,304,78
213,34,78
224,308,78
234,201,78
237,269,78
237,316,78
240,8,78
246,297,78
251,123,78
258,139,78
269,237,78
282,153,78
295,95,78
295,197,78
304,209,78
308,224,78
316,237,78
318,17,78
15,254,79
17,40,79
18,97,79
18,204,79
40,17,79
55,158,79
61,173,79
75,115,79
95,295,79
97,18,79
97,204,79
99,264,79
103,206,79
115,75,79
115,148,79
123,175,79
125,183,79
125,312,79
142,255,79
158,55,79
173,61,79
175,123,79
178,59,79
183,125,79
183,312,79
200,209,79
204,18,79
204,97,79
206,103,79
209,200,79
209,304,79
234,259,79
238,296,79
246,250,79
254,15,79
255,142,79
259,234,79
261,299,79
264,99,79
295,95,79
295,197,79
296,238,79
299,261,79
312,183,79
14,271,80
15,181,80
17,318,80
18,304,80
34,196,80
34,213,80
50,208,80
55,266,80
55,273,80
71,172,80
72,223,80
73,259,80
75,148,80
105,175,80
115,312,80
121,106,80
125,183,80
125,312,80
148,75,80
154,247,80
162,313,80
169,86,80
172,71,80
175,105,80
181,15,80
183,125,80
183,312,80
196,213,80
197,314,80
208,50,80
213,196,80
223,72,80
237,269,80
254,282,80
259,73,80
259,234,80
266,55,80
271,14,80
273,55,80
282,254,80
304,18,80
304,209,80
312,115,80
312,125,80
312,183,80
313,162,80
314,197,80
11,197,81
19,302,81
23,170,81
26,149,81
34,196,81
41,290,81
43,235,81
55,266,81
74,244,81
75,115,81
75,148,81
79,232,81
108,177,81
109,212,81
115,75,81
115,148,81
123,251,81
132,258,81
148,115,81
149,26,81
170,23,81
177,108,81
184,208,81
196,34,81
197,11,81
197,314,81
208,184,81
212,109,81
232,79,81
235,43,81
244,74,81
248,303,81
258,132,81
269,286,81
286,269,81
302,19,81
303,248,81
312,125,81
15,254,82
18,209,82
19,298,82
19,302,82
47,52,82
52,47,82
53,206,82
60,163,82
67,191,82
68,235,82
75,115,82
75,148,82
88,280,82
92,232,82
115,75,82
115,148,82
125,183,82
146,180,82
148,75,82
148,115,82
153,265,82
163,60,82
173,165,82
179,104,82
180,146,82
181,254,82
183,125,82
191,67,82
206,53,82
208,50,82
209,18,82
209,304,82
232,92,82
235,68,82
254,15,82
254,181,82
265,153,82
298,19,82
298,302,82
302,298,82
18,304,83
19,282,83
19,302,83
24,170,83
30,116,83
31,182,83
34,213,83
43,68,83
43,235,83
56,84,83
61,165,83
61,173,83
68,43,83
68,235,83
79,92,83
79,232,83
92,79,83
92,232,83
97,209,83
97,304,83
103,175,83
115,183,83
116,30,83
165,61,83
170,24,83
173,61,83
175,103,83
180,117,83
182,31,83
183,115,83
197,11,83
200,226,83
203,270,83
208,184,83
209,18,83
209,97,83
209,304,83
213,34,83
226,200,83
232,79,83
232,92,83
235,43,83
235,68,83
242,276,83
259,73,83
265,282,83
270,203,83
276,242,83
276,277,83
277,276,83
282,19,83
282,265,83
302,19,83
302,298,83
304,18,83
304,97,83
304,209,83
10,102,84
12,247,84
24,293,84
43,68,84
50,184,84
68,43,84
70,312,84
72,108,84
73,234,84
79,92,84
87,147,84
92,79,84
97,209,84
102,10,84
108,72,84
147,87,84
158,273,84
174,284,84
180,146,84
184,50,84
202,248,84
207,218,84
209,97,84
218,207,84
234,73,84
234,259,84
247,12,84
248,202,84
255,320,84
259,234,84
273,158,84
276,242,84
276,277,84
284,174,84
295,314,84
302,19,84
304,18,84
312,70,84
312,159,84
314,295,84
320,255,84
7,69,85
19,35,85
33,172,85
35,19,85
63,214,85
102,13,85
108,223,85
125,159,85
153,208,85
154,253,85
159,125,85
168,179,85
170,293,85
172,33,85
179,168,85
208,153,85
214,63,85
223,108,85
237,316,85
253,154,85
265,302,85
276,242,85
293,170,85
302,265,85
3,90,86
10,13,86
12,154,86
12,253,86
13,10,86
19,265,86
26,83,86
35,298,86
38,305,86
40,318,86
45,297,86
46,218,86
50,236,86
90,3,86
102,163,86
113,235,86
138,319,86
154,12,86
159,312,86
163,102,86
166,268,86
204,304,86
218,46,86
218,207,86
235,113,86
237,249,86
237,316,86
249,237,86
253,12,86
265,19,86
265,302,86
268,166,86
293,24,86
297,45,86
298,35,86
304,204,86
305,38,86
318,40,86
319,138,86
6,176,87
12,154,87
13,163,87
43,113,87
50,184,87
50,236,87
61,165,87
61,173,87
68,113,87
68,235,87
78,107,87
97,304,87
107,78,87
113,43,87
113,68,87
113,235,87
115,148,87
163,13,87
163,102,87
176,6,87
218,46,87
224,4,87
235,68,87
235,113,87
237,249,87
242,277,87
265,19,87
265,298,87
277,242,87
282,302,87
298,265,87
302,282,87
304,97,87
10,102,88
13,10,88
13,102,88
19,302,88
22,299,88
33,189,88
53,251,88
55,273,88
68,113,88
75,115,88
90,121,88
95,227,88
97,200,88
102,10,88
102,13,88
108,72,88
112,205,88
113,68,88
115,75,88
115,148,88
121,90,88
121,106,88
154,253,88
158,266,88
159,217,88
165,173,88
171,243,88
173,165,88
189,33,88
200,97,88
205,112,88
217,159,88
227,95,88
241,282,88
243,171,88
246,284,88
251,53,88
253,154,88
255,281,88
261,267,88
263,294,88
265,19,88
266,158,88
266,273,88
267,261,88
268,289,88
273,55,88
273,266,88
281,255,88
282,241,88
284,246,88
294,263,88
298,35,88
299,22,88
302,19,88
8,155,89
13,163,89
19,265,89
33,172,89
35,98,89
41,203,89
43,235,89
46,207,89
53,206,89
58,315,89
85,197,89
94,308,89
97,304,89
98,35,89
102,163,89
108,177,89
154,12,89
154,247,89
154,253,89
155,8,89
163,13,89
163,102,89
174,279,89
175,105,89
196,213,89
197,85,89
203,41,89
207,46,89
213,196,89
216,226,89
226,216,89
235,43,89
247,154,89
254,15,89
266,158,89
308,94,89
315,58,89
11,286,90
13,102,90
13,163,90
18,200,90
19,302,90
27,106,90
32,172,90
41,290,90
45,156,90
53,251,90
64,111,90
75,148,90
83,149,90
84,96,90
88,176,90
96,84,90
96,137,90
97,200,90
102,13,90
102,163,90
106,27,90
107,182,90
111,64,90
115,125,90
125,115,90
125,183,90
144,304,90
148,75,90
149,83,90
152,185,90
154,12,90
154,253,90
156,45,90
158,273,90
163,13,90
163,102,90
172,32,90
176,88,90
182,107,90
183,125,90
185,152,90
187,320,90
200,18,90
200,97,90
203,270,90
209,304,90
247,253,90
250,284,90
253,247,90
265,302,90
273,158,90
284,250,90
286,11,90
302,265,90
304,144,90
304,209,90
320,187,90
10,32,91
11,81,91
11,286,91
18,97,91
18,200,91
20,236,91
32,10,91
55,266,91
66,202,91
75,115,91
75,267,91
77,300,91
81,11,91
97,18,91
115,75,91
117,252,91
122,166,91
147,191,91
154,247,91
166,122,91
191,147,91
200,18,91
202,66,91
234,73,91
236,20,91
247,154,91
247,253,91
252,117,91
266,55,91
267,75,91
300,77,91
26,120,92
43,68,92
45,297,92
50,132,92
53,206,92
63,81,92
66,248,92
68,43,92
70,159,92
78,264,92
81,63,92
90,3,92
92,267,92
96,84,92
104,168,92
108,72,92
113,235,92
120,26,92
132,50,92
148,183,92
159,70,92
159,217,92
168,104,92
168,179,92
183,148,92
202,248,92
204,209,92
209,204,92
235,113,92
247,154,92
247,253,92
248,66,92
248,202,92
264,78,92
267,92,92
298,302,92
302,298,92
6,88,93
19,265,93
20,243,93
25,211,93
61,65,93
61,310,93
65,61,93
75,79,93
75,267,93
79,75,93
79,92,93
79,267,93
86,140,93
88,6,93
92,79,93
92,267,93
140,86,93
143,174,93
147,257,93
153,184,93
154,12,93
159,70,93
165,272,93
168,104,93
171,236,93
172,189,93
174,143,93
183,125,93
184,153,93
188,240,93
189,172,93
191,257,93
211,25,93
236,171,93
236,243,93
240,188,93
243,20,93
243,236,93
248,66,93
257,147,93
257,191,93
265,19,93
267,75,93
267,79,93
267,92,93
272,165,93
304,144,93
310,61,93
13,172,94
19,35,94
23,68,94
24,170,94
27,316,94
30,113,94
30,116,94
35,19,94
68,23,94
75,79,94
75,92,94
75,267,94
76,127,94
77,198,94
79,75,94
79,92,94
92,75,94
92,79,94
104,179,94
113,30,94
115,125,94
125,115,94
127,76,94
162,255,94
170,24,94
172,13,94
179,104,94
183,148,94
184,186,94
186,184,94
198,77,94
208,298,94
236,171,94
248,202,94
255,162,94
267,75,94
298,208,94
316,27,94
15,181,95
30,43,95
30,113,95
32,54,95
35,265,95
43,30,95
43,113,95
46,78,95
54,32,95
61,65,95
71,152,95
74,222,95
75,92,95
78,46,95
80,167,95
92,75,95
92,79,95
113,43,95
152,71,95
154,253,95
167,80,95
181,15,95
192,305,95
208,302,95
215,274,95
222,74,95
234,259,95
237,250,95
243,20,95
250,237,95
253,154,95
265,35,95
274,215,95
298,302,95
302,208,95
302,298,95
305,192,95
9,114,96
13,199,96
18,144,96
19,265,96
30,126,96
32,10,96
43,68,96
43,113,96
51,231,96
60,310,96
68,43,96
74,244,96
75,79,96
75,92,96
79,75,96
79,92,96
83,212,96
92,75,96
92,79,96
113,30,96
113,43,96
114,9,96
126,30,96
126,235,96
133,269,96
137,218,96
144,18,96
146,312,96
156,237,96
156,250,96
172,189,96
175,206,96
199,13,96
200,209,96
206,175,96
208,241,96
208,298,96
209,200,96
209,204,96
212,83,96
218,137,96
231,51,96
235,126,96
237,156,96
237,250,96
241,208,96
250,156,96
250,237,96
265,19,96
269,133,96
281,283,96
298,208,96
310,60,96
312,146,96
9,111,97
13,189,97
13,199,97
15,21,97
15,181,97
18,209,97
20,171,97
21,15,97
30,43,97
30,113,97
32,54,97
43,30,97
53,251,97
80,39,97
92,75,97
111,9,97
111,114,97
113,30,97
113,235,97
114,111,97
143,246,97
144,304,97
146,178,97
146,312,97
147,191,97
156,237,97
171,20,97
171,236,97
174,279,97
178,146,97
189,13,97
191,147,97
204,304,97
209,18,97
235,113,97
237,156,97
241,302,97
246,143,97
253,247,97
302,241,97
304,204,97
9,114,98
15,21,98
16,147,98
16,191,98
18,200,98
20,243,98
30,43,98
30,293,98
64,249,98
78,264,98
84,56,98
86,169,98
95,207,98
114,9,98
116,235,98
147,16,98
175,105,98
176,280,98
184,153,98
189,199,98
191,16,98
199,189,98
200,18,98
207,95,98
208,241,98
222,244,98
235,116,98
241,208,98
241,298,98
244,222,98
249,64,98
280,176,98
283,313,98
293,30,98
298,241,98
304,144,98
313,283,98
13,189,99
16,147,99
20,236,99
21,186,99
38,128,99
56,137,99
111,288,99
126,270,99
128,38,99
135,194,99
137,56,99
148,267,99
154,12,99
186,21,99
189,13,99
191,257,99
194,135,99
236,20,99
241,208,99
244,74,99
244,222,99
265,35,99
267,148,99
270,126,99
288,111,99
10,33,100
10,102,100
16,191,100
20,139,100
20,236,100
25,301,100
33,10,100
43,113,100
43,126,100
84,96,100
92,79,100
102,10,100
109,256,100
113,43,100
113,126,100
126,43,100
126,113,100
139,20,100
147,191,100
191,16,100
191,147,100
256,109,100
301,25,100
