1,181,1
2,13,1
3,12,1
4,161,1
5,7,1
7,5,1
8,196,1
12,3,1
13,2,1
14,41,1
19,64,1
29,125,1
41,14,1
47,144,1
56,58,1
58,56,1
64,19,1
71,98,1
72,197,1
76,99,1
77,87,1
83,115,1
85,163,1
87,77,1
90,146,1
98,71,1
99,76,1
109,156,1
112,153,1
115,83,1
125,29,1
140,154,1
144,47,1
145,168,1
146,90,1
153,112,1
154,140,1
156,109,1
161,4,1
163,85,1
165,194,1
168,145,1
181,1,1
194,165,1
196,8,1
197,72,1
9,159,2
16,114,2
54,178,2
107,146,2
112,187,2
114,16,2
146,107,2
159,9,2
178,54,2
187,112,2
6,94,3
23,130,3
27,190,3
31,104,3
45,128,3
47,145,3
53,135,3
83,165,3
83,194,3
94,6,3
102,136,3
104,31,3
110,144,3
112,153,3
128,45,3
130,23,3
135,53,3
136,102,3
144,110,3
145,47,3
152,172,3
163,184,3
165,83,3
165,194,3
169,173,3
172,152,3
173,169,3
184,163,3
190,27,3
194,83,3
194,165,3
33,160,4
38,173,4
83,165,4
83,194,4
86,174,4
145,168,4
160,33,4
165,83,4
165,194,4
173,38,4
174,86,4
194,83,4
194,165,4
54,136,5
112,187,5
131,186,5
136,54,5
163,85,5
186,131,5
15,84,6
54,90,6
61,74,6
74,61,6
79,127,6
83,165,6
84,15,6
90,54,6
90,136,6
118,121,6
121,118,6
127,79,6
136,90,6
145,47,6
145,168,6
165,83,6
165,194,6
176,188,6
188,176,6
189,190,6
190,189,6
9,68,7
27,189,7
40,57,7
57,40,7
63,149,7
68,9,7
80,156,7
81,185,7
90,54,7
126,161,7
149,63,7
156,80,7
161,126,7
185,81,7
189,27,7
54,126,8
68,172,8
69,86,8
78,103,8
84,95,8
86,69,8
95,84,8
103,78,8
104,142,8
112,153,8
126,54,8
142,104,8
144,168,8
168,144,8
172,68,8
8,123,9
8,196,9
65,189,9
68,9,9
68,172,9
84,15,9
84,95,9
115,194,9
123,8,9
130,154,9
138,195,9
154,130,9
189,65,9
194,115,9
195,138,9
7,190,10
8,123,10
24,193,10
26,76,10
54,90,10
54,126,10
75,96,10
76,26,10
86,143,10
90,126,10
96,75,10
114,181,10
120,178,10
126,90,10
130,23,10
143,86,10
145,47,10
178,120,10
181,114,10
189,27,10
190,7,10
193,24,10
9,172,11
32,46,11
46,32,11
54,90,11
54,126,11
80,109,11
90,54,11
109,80,11
109,156,11
115,165,11
126,54,11
144,145,11
145,144,11
156,109,11
163,164,11
164,163,11
165,115,11
165,194,11
169,187,11
172,9,11
187,169,11
189,65,11
194,165,11
15,95,12
25,171,12
26,99,12
40,121,12
51,184,12
69,174,12
80,156,12
90,102,12
95,15,12
99,26,12
102,90,12
109,80,12
114,16,12
115,194,12
121,40,12
145,47,12
145,144,12
156,80,12
161,4,12
163,85,12
171,25,12
174,69,12
184,51,12
194,115,12
7,27,13
9,159,13
26,76,13
27,7,13
28,94,13
54,178,13
60,61,13
61,60,13
94,28,13
165,83,13
178,54,13
26,99,14
37,191,14
91,192,14
145,47,14
145,144,14
159,172,14
172,159,14
191,37,14
192,91,14
1,114,15
13,125,15
23,140,15
27,189,15
68,159,15
83,194,15
114,1,15
125,13,15
127,155,15
140,23,15
144,153,15
153,144,15
155,127,15
159,68,15
178,120,15
189,27,15
194,83,15
194,115,15
6,167,16
10,21,16
21,10,16
27,190,16
75,107,16
79,192,16
89,92,16
92,89,16
93,192,16
107,75,16
112,181,16
126,178,16
134,183,16
167,6,16
178,126,16
181,112,16
183,134,16
189,190,16
190,27,16
190,189,16
192,79,16
192,93,16
194,83,16
1,187,17
8,56,17
32,58,17
56,8,17
58,32,17
187,1,17
190,27,17
192,79,17
192,93,17
42,149,18
44,72,18
54,126,18
57,98,18
72,44,18
84,150,18
98,57,18
126,54,18
149,42,18
150,84,18
192,79,18
192,93,18
44,111,19
72,111,19
79,93,19
79,192,19
80,109,19
93,79,19
93,192,19
110,169,19
111,44,19
111,72,19
120,126,19
123,162,19
126,120,19
159,9,19
162,123,19
169,110,19
192,79,19
192,93,19
65,190,20
70,105,20
79,93,20
79,192,20
93,79,20
93,192,20
97,106,20
105,70,20
106,97,20
111,44,20
111,72,20
190,65,20
192,79,20
192,93,20
1,112,21
1,187,21
73,133,21
79,91,21
79,93,21
91,79,21
93,79,21
111,44,21
111,72,21
112,1,21
120,178,21
133,73,21
135,146,21
142,177,21
146,135,21
159,172,21
177,142,21
178,120,21
190,27,21
190,65,21
31,142,22
62,104,22
68,172,22
85,164,22
93,192,22
104,62,22
111,44,22
120,126,22
126,178,22
128,154,22
142,31,22
142,177,22
154,128,22
163,164,22
164,85,22
164,163,22
172,68,22
178,126,22
1,114,23
9,172,23
12,133,23
44,72,23
44,111,23
72,44,23
72,111,23
88,167,23
111,72,23
125,163,23
126,120,23
133,12,23
133,73,23
163,125,23
167,88,23
172,9,23
172,159,23
2,29,24
7,34,24
13,175,24
16,155,24
27,65,24
29,2,24
31,177,24
34,7,24
65,27,24
65,190,24
132,188,24
142,31,24
142,177,24
144,169,24
155,16,24
163,164,24
164,85,24
164,163,24
165,194,24
169,144,24
172,9,24
172,159,24
175,13,24
177,31,24
177,142,24
188,132,24
194,165,24
71,170,25
79,91,25
162,196,25
170,71,25
196,162,25
9,159,26
12,101,26
13,29,26
29,13,26
31,142,26
31,177,26
38,110,26
101,12,26
102,178,26
109,156,26
110,38,26
125,164,26
142,31,26
142,177,26
156,109,26
159,9,26
163,125,26
163,164,26
164,125,26
164,163,26
177,31,26
177,142,26
178,102,26
2,13,27
12,119,27
12,133,27
13,2,27
13,29,27
18,106,27
102,136,27
106,18,27
109,80,27
119,12,27
119,133,27
120,194,27
133,12,27
133,119,27
136,102,27
159,172,27
194,120,27
3,119,28
13,2,28
13,29,28
16,114,28
32,43,28
40,118,28
43,32,28
91,127,28
99,138,28
114,16,28
114,155,28
118,40,28
119,3,28
127,91,28
138,99,28
155,114,28
13,2,29
13,29,29
80,191,29
114,16,29
119,133,29
120,126,29
126,194,29
191,80,29
194,126,29
45,156,30
46,58,30
58,46,30
86,174,30
105,173,30
114,1,30
125,184,30
126,120,30
156,45,30
173,105,30
174,86,30
184,125,30
15,19,31
15,95,31
16,155,31
19,15,31
54,102,31
68,159,31
102,54,31
125,164,31
126,194,31
131,177,31
155,16,31
159,68,31
164,125,31
177,131,31
191,37,31
2,29,32
6,88,32
14,141,32
26,73,32
29,2,32
44,197,32
73,26,32
88,6,32
133,12,32
141,14,32
145,153,32
153,145,32
159,172,32
191,80,32
197,44,32
22,168,33
24,105,33
24,173,33
37,80,33
44,111,33
54,136,33
80,37,33
85,184,33
88,167,33
105,24,33
105,173,33
111,44,33
136,54,33
168,22,33
173,24,33
173,105,33
177,142,33
184,85,33
24,105,34
44,197,34
63,134,34
79,127,34
80,191,34
83,165,34
91,79,34
105,24,34
125,163,34
126,120,34
127,79,34
134,63,34
163,125,34
165,83,34
2,13,35
2,29,35
13,2,35
24,173,35
55,157,35
79,91,35
79,127,35
91,127,35
101,133,35
112,114,35
113,137,35
114,112,35
127,91,35
133,101,35
137,113,35
138,195,35
140,154,35
154,140,35
157,55,35
173,24,35
180,197,35
197,180,35
2,13,36
44,180,36
180,44,36
2,29,37
13,29,37
29,13,37
34,190,37
68,152,37
102,90,37
114,1,37
152,68,37
180,197,37
190,34,37
126,194,38
111,148,39
148,111,39
16,112,40
30,57,40
57,30,40
85,125,40
106,97,40
107,182,40
112,16,40
125,85,40
182,107,40
32,46,41
34,65,41
44,197,41
46,32,41
65,34,41
145,47,41
197,44,41
10,186,42
17,87,42
39,176,42
63,149,42
87,17,42
112,155,42
115,161,42
149,63,42
155,112,42
161,115,42
176,39,42
186,10,42
44,180,43
74,191,43
85,163,43
163,85,43
180,44,43
191,74,43
12,101,44
44,197,44
85,125,44
101,12,44
109,156,44
156,109,44
40,98,45
44,180,45
44,197,45
51,164,45
53,62,45
62,53,45
98,40,45
101,119,45
102,178,45
112,127,45
119,101,45
127,112,45
164,51,45
180,197,45
197,180,45
7,140,46
11,69,46
12,119,46
16,79,46
44,180,46
69,11,46
70,147,46
79,16,46
101,12,46
101,119,46
119,12,46
119,101,46
125,163,46
140,7,46
147,70,46
163,125,46
180,44,46
191,80,46
1,166,47
12,101,47
26,119,47
101,12,47
106,18,47
119,26,47
126,120,47
166,1,47
41,116,48
53,142,48
62,142,48
74,156,48
116,41,48
142,53,48
142,62,48
156,74,48
12,119,49
27,190,49
53,62,49
53,177,49
62,53,49
62,142,49
64,115,49
74,191,49
101,119,49
115,64,49
115,161,49
119,12,49
119,101,49
156,191,49
177,53,49
190,27,49
191,74,49
191,156,49
39,188,50
64,161,50
74,156,50
115,64,50
115,161,50
120,165,50
156,74,50
161,64,50
161,115,50
165,120,50
177,31,50
177,53,50
188,39,50
191,80,50
6,176,51
64,115,51
74,191,51
75,135,51
102,165,51
115,64,51
120,126,51
126,194,51
135,75,51
156,191,51
165,102,51
176,6,51
191,74,51
191,156,51
4,64,52
4,161,52
46,189,52
49,107,52
51,175,52
53,142,52
64,4,52
64,115,52
64,161,52
68,172,52
74,156,52
74,191,52
107,49,52
115,161,52
126,120,52
142,53,52
156,74,52
161,4,52
161,64,52
161,115,52
172,68,52
175,51,52
189,46,52
191,74,52
5,65,53
17,124,53
44,197,53
65,5,53
93,112,53
93,127,53
109,151,53
112,93,53
112,127,53
119,12,53
120,194,53
124,17,53
127,93,53
127,112,53
139,179,53
151,109,53
156,191,53
161,4,53
179,139,53
191,156,53
194,120,53
197,44,53
9,68,54
68,9,54
68,172,54
90,178,54
93,112,54
93,127,54
112,93,54
112,127,54
127,93,54
127,112,54
148,157,54
157,148,54
178,90,54
191,74,54
4,126,55
68,9,55
93,112,55
93,127,55
108,192,55
112,93,55
112,127,55
126,4,55
127,93,55
127,112,55
148,111,55
152,172,55
172,152,55
192,108,55
6,188,56
13,163,56
83,161,56
94,137,56
137,94,56
161,83,56
163,13,56
177,31,56
188,6,56
2,13,57
13,2,57
25,177,57
40,118,57
89,96,57
91,155,57
96,89,57
155,91,57
177,25,57
177,31,57
25,171,58
85,184,58
102,120,58
102,165,58
105,173,58
120,102,58
120,165,58
142,62,58
160,170,58
165,120,58
170,160,58
173,105,58
47,153,59
102,120,59
107,182,59
120,102,59
137,113,59
153,47,59
173,193,59
193,173,59
43,189,60
46,32,60
75,146,60
117,162,60
120,126,60
126,120,60
137,94,60
146,75,60
162,117,60
173,105,60
189,43,60
15,150,61
31,62,61
62,31,61
70,145,61
114,166,61
120,165,61
145,70,61
150,15,61
157,55,61
166,114,61
171,177,61
177,171,61
18,101,62
43,46,62
43,189,62
46,43,62
70,147,62
98,118,62
101,18,62
118,98,62
120,126,62
137,113,62
165,194,62
171,25,62
171,177,62
194,165,62
4,64,63
16,91,63
43,46,63
49,102,63
53,177,63
56,123,63
64,4,63
70,145,63
70,147,63
73,101,63
82,168,63
91,16,63
101,73,63
102,49,63
123,56,63
168,82,63
171,25,63
173,193,63
177,53,63
4,126,64
11,174,64
14,116,64
18,73,64
18,101,64
26,76,64
70,145,64
70,147,64
72,148,64
73,18,64
90,135,64
93,192,64
101,18,64
116,14,64
126,4,64
135,90,64
137,94,64
148,72,64
153,164,64
164,153,64
174,11,64
192,93,64
4,120,65
26,133,65
39,175,65
64,126,65
70,145,65
120,4,65
126,64,65
126,161,65
133,26,65
139,143,65
143,139,65
161,126,65
175,39,65
180,195,65
195,180,65
2,163,66
13,163,66
26,76,66
31,142,66
64,161,66
78,130,66
125,184,66
126,64,66
126,161,66
130,78,66
142,31,66
161,64,66
161,126,66
163,2,66
163,13,66
184,125,66
2,13,67
5,7,67
7,5,67
13,2,67
13,163,67
43,189,67
64,126,67
64,161,67
88,176,67
91,127,67
93,108,67
93,192,67
103,130,67
105,159,67
108,93,67
120,165,67
126,64,67
127,91,67
127,112,67
130,103,67
136,194,67
159,105,67
161,64,67
165,120,67
176,88,67
180,197,67
194,136,67
195,197,67
197,180,67
197,195,67
23,154,68
26,133,68
64,126,68
91,112,68
93,108,68
108,192,68
112,91,68
112,127,68
154,23,68
166,1,68
192,108,68
197,44,68
197,195,68
91,127,69
108,93,69
127,91,69
127,112,69
153,187,69
180,195,69
187,153,69
188,132,69
195,180,69
195,197,69
4,165,70
61,191,70
64,161,70
108,192,70
127,91,70
165,4,70
191,61,70
195,180,70
197,44,70
4,120,71
4,165,71
25,53,71
53,25,71
120,4,71
180,197,71
197,180,71
4,120,72
14,41,72
41,14,72
79,170,72
112,155,72
149,42,72
155,112,72
170,79,72
36,48,73
48,36,73
69,174,73
87,158,73
118,40,73
139,179,73
158,87,73
174,69,73
29,176,74
60,109,74
62,142,74
93,192,74
109,60,74
120,178,74
138,99,74
142,62,74
167,176,74
176,29,74
176,167,74
178,120,74
192,93,74
197,44,74
197,180,74
5,65,75
16,170,75
21,131,75
54,194,75
131,21,75
170,16,75
194,54,75
197,44,75
197,180,75
10,177,76
44,180,76
44,195,76
44,197,76
49,75,76
75,49,76
88,167,76
101,133,76
133,101,76
167,88,76
167,176,76
177,10,76
180,44,76
180,197,76
195,44,76
197,44,76
197,180,76
16,112,77
39,163,77
54,136,77
64,126,77
101,18,77
112,16,77
136,54,77
163,39,77
167,88,77
167,176,77
170,79,77
16,170,78
23,34,78
34,23,78
101,133,78
112,170,78
130,78,78
133,26,78
133,101,78
137,113,78
148,157,78
157,148,78
167,88,78
170,16,78
170,112,78
3,73,79
11,179,79
16,112,79
24,145,79
44,195,79
64,161,79
69,139,79
73,3,79
101,18,79
112,16,79
117,123,79
123,117,79
139,69,79
142,31,79
145,24,79
167,176,79
179,11,79
4,165,80
4,194,80
11,69,80
69,11,80
69,179,80
133,26,80
165,194,80
179,69,80
194,4,80
194,165,80
195,197,80
197,195,80
11,179,81
12,101,81
13,125,81
26,76,81
69,11,81
69,179,81
101,12,81
101,18,81
106,133,81
115,126,81
125,13,81
125,184,81
126,115,81
133,106,81
146,182,81
179,11,81
179,69,81
182,146,81
2,39,82
12,18,82
12,101,82
18,12,82
18,106,82
26,133,82
29,163,82
39,2,82
79,155,82
101,12,82
106,18,82
106,133,82
125,13,82
125,184,82
133,26,82
133,106,82
155,79,82
163,29,82
16,79,83
16,155,83
26,106,83
26,133,83
79,16,83
79,155,83
88,176,83
106,18,83
106,26,83
106,133,83
133,26,83
133,106,83
148,111,83
155,16,83
155,79,83
176,88,83
12,18,84
16,112,84
16,155,84
18,12,84
26,106,84
26,133,84
60,151,84
106,26,84
106,133,84
112,155,84
133,26,84
133,106,84
139,174,84
151,60,84
155,16,84
155,112,84
174,139,84
1,114,85
1,166,85
4,165,85
16,91,85
16,112,85
26,76,85
38,169,85
40,44,85
44,40,85
74,80,85
76,106,85
76,133,85
80,74,85
91,16,85
106,76,85
106,133,85
112,16,85
114,1,85
125,13,85
133,76,85
133,106,85
155,79,85
165,4,85
169,38,85
12,101,86
39,176,86
49,146,86
54,194,86
60,109,86
60,151,86
76,99,86
76,133,86
87,77,86
91,112,86
99,76,86
99,133,86
110,169,86
112,91,86
133,76,86
133,99,86
146,49,86
169,110,86
176,39,86
194,54,86
11,69,87
69,11,87
84,95,87
95,84,87
125,184,87
133,76,87
133,99,87
13,184,88
16,79,88
45,52,88
52,45,88
64,120,88
79,16,88
99,106,88
99,133,88
106,99,88
120,64,88
125,13,88
125,184,88
155,170,88
170,155,88
184,13,88
184,125,88
10,62,89
16,155,89
18,101,89
40,195,89
62,10,89
101,18,89
112,170,89
155,16,89
170,112,89
184,13,89
195,40,89
11,179,90
16,166,90
32,43,90
43,32,90
79,155,90
91,170,90
112,91,90
155,79,90
162,196,90
166,16,90
170,91,90
179,11,90
2,51,91
11,174,91
16,79,91
16,155,91
40,44,91
49,107,91
51,2,91
61,80,91
64,75,91
75,64,91
79,16,91
79,155,91
80,61,91
87,158,91
99,106,91
107,49,91
112,170,91
136,161,91
155,16,91
155,79,91
161,136,91
166,1,91
170,112,91
174,11,91
174,179,91
179,174,91
1,114,92
10,177,92
11,139,92
11,174,92
11,179,92
12,18,92
16,79,92
16,155,92
16,166,92
18,12,92
26,99,92
26,106,92
40,195,92
77,158,92
79,16,92
79,155,92
99,26,92
106,26,92
106,133,92
126,161,92
133,106,92
135,186,92
139,11,92
147,181,92
155,16,92
155,79,92
158,77,92
158,87,92
161,126,92
166,16,92
169,38,92
170,91,92
170,112,92
174,11,92
174,179,92
179,11,92
179,174,92
181,147,92
186,135,92
11,174,93
16,155,93
26,99,93
39,167,93
49,102,93
54,165,93
75,120,93
118,195,93
120,75,93
155,16,93
165,54,93
167,39,93
170,91,93
174,11,93
195,118,93
1,166,94
12,119,94
16,79,94
40,44,94
60,191,94
75,64,94
79,16,94
126,136,94
136,126,94
153,184,94
166,1,94
184,153,94
191,60,94
12,18,95
12,119,95
16,91,95
42,86,95
47,85,95
57,71,95
71,57,95
76,106,95
85,47,95
86,42,95
91,16,95
91,170,95
106,76,95
139,174,95
165,194,95
174,139,95
176,88,95
194,165,95
1,114,96
7,140,96
13,125,96
16,79,96
39,176,96
75,161,96
125,13,96
161,75,96
176,39,96
16,91,97
17,119,97
77,87,97
77,158,97
79,155,97
87,77,97
90,178,97
91,16,97
105,193,97
119,17,97
155,79,97
158,77,97
174,11,97
178,90,97
193,105,97
1,166,98
16,170,98
19,75,98
38,70,98
70,38,98
75,19,98
77,87,98
77,158,98
87,158,98
108,127,98
127,108,98
158,87,98
170,16,98
1,114,99
1,166,99
16,91,99
26,76,99
64,165,99
76,26,99
76,106,99
158,77,99
158,87,99
165,64,99
26,106,100
66,190,100
76,26,100
76,106,100
79,170,100
106,26,100
106,76,100
107,146,100
146,107,100
155,170,100
170,79,100
170,155,100
190,66,100
