1,192,1
6,66,1
9,106,1
9,177,1
17,203,1
23,130,1
23,216,1
24,171,1
25,62,1
28,67,1
30,274,1
31,173,1
41,321,1
43,69,1
44,58,1
45,221,1
50,307,1
58,44,1
59,303,1
62,25,1
66,6,1
67,28,1
68,106,1
69,43,1
74,283,1
85,126,1
87,284,1
90,144,1
90,298,1
92,177,1
104,175,1
106,9,1
106,68,1
114,127,1
116,140,1
125,256,1
126,85,1
127,114,1
130,23,1
130,216,1
134,324,1
135,218,1
136,287,1
138,164,1
140,116,1
143,187,1
144,90,1
147,227,1
163,214,1
164,138,1
166,243,1
171,24,1
173,31,1
175,104,1
177,9,1
177,92,1
185,245,1
187,143,1
192,1,1
200,246,1
201,234,1
203,17,1
214,163,1
216,23,1
216,130,1
218,135,1
221,45,1
227,147,1
227,313,1
234,201,1
243,166,1
245,185,1
246,200,1
256,125,1
269,292,1
274,30,1
283,74,1
284,87,1
287,136,1
292,269,1
298,90,1
303,59,1
307,50,1
313,227,1
321,41,1
324,134,1
2,270,2
4,100,2
8,105,2
9,106,2
23,130,2
23,216,2
26,35,2
35,26,2
37,63,2
38,84,2
47,57,2
57,47,2
63,37,2
77,322,2
78,127,2
84,38,2
95,267,2
99,325,2
100,4,2
105,8,2
106,9,2
127,78,2
130,23,2
144,298,2
167,200,2
169,234,2
171,311,2
200,167,2
200,246,2
206,225,2
216,23,2
217,299,2
225,206,2
227,147,2
234,169,2
234,201,2
260,320,2
267,95,2
269,324,2
270,2,2
280,295,2
295,280,2
298,144,2
299,217,2
311,171,2
320,260,2
322,77,2
324,269,2
325,99,2
9,288,3
19,35,3
30,306,3
35,19,3
40,169,3
49,308,3
55,173,3
61,166,3
65,313,3
81,264,3
90,312,3
104,118,3
104,175,3
106,68,3
115,191,3
118,104,3
121,271,3
123,212,3
130,216,3
166,61,3
167,246,3
169,40,3
169,234,3
173,55,3
178,197,3
191,115,3
197,178,3
200,167,3
212,123,3
216,130,3
222,225,3
225,222,3
234,169,3
234,201,3
246,167,3
264,81,3
271,121,3
275,290,3
288,9,3
290,275,3
306,30,3
308,49,3
312,90,3
313,65,3
15,237,4
30,89,4
36,161,4
44,151,4
45,191,4
68,92,4
74,171,4
89,30,4
92,68,4
92,177,4
106,284,4
116,268,4
145,321,4
151,44,4
157,180,4
161,36,4
167,200,4
171,74,4
180,157,4
191,45,4
191,115,4
195,277,4
206,222,4
206,225,4
216,307,4
222,206,4
225,206,4
237,15,4
268,116,4
277,195,4
284,106,4
298,312,4
307,216,4
312,298,4
321,145,4
9,92,5
9,288,5
14,25,5
17,251,5
25,14,5
30,274,5
31,55,5
31,173,5
44,58,5
55,31,5
74,311,5
92,9,5
92,288,5
100,162,5
102,179,5
111,319,5
116,140,5
134,269,5
142,261,5
145,281,5
162,100,5
173,31,5
179,102,5
186,229,5
206,222,5
216,130,5
229,186,5
239,275,5
251,17,5
261,142,5
269,134,5
275,239,5
281,145,5
288,92,5
311,74,5
319,111,5
3,65,6
9,92,6
31,55,6
32,104,6
45,115,6
55,232,6
55,236,6
61,243,6
65,3,6
69,316,6
79,297,6
88,163,6
89,306,6
92,9,6
104,32,6
104,118,6
110,271,6
115,45,6
116,268,6
133,143,6
140,268,6
141,217,6
143,133,6
145,321,6
151,261,6
163,88,6
197,239,6
217,141,6
226,263,6
232,55,6
236,55,6
237,313,6
239,197,6
239,275,6
243,61,6
261,151,6
263,226,6
268,140,6
271,110,6
297,79,6
306,89,6
313,237,6
316,69,6
8,155,7
9,288,7
15,313,7
40,201,7
45,191,7
53,139,7
56,277,7
59,83,7
80,125,7
83,59,7
90,298,7
92,68,7
116,140,7
119,123,7
123,119,7
125,80,7
126,222,7
139,53,7
140,116,7
155,8,7
191,45,7
192,231,7
201,40,7
206,225,7
222,126,7
231,192,7
245,303,7
261,142,7
277,56,7
284,87,7
288,9,7
292,324,7
298,90,7
303,245,7
313,15,7
313,237,7
324,292,7
8,105,8
8,155,8
28,267,8
32,118,8
33,233,8
45,115,8
55,31,8
59,303,8
90,244,8
118,32,8
125,256,8
127,114,8
145,281,8
145,321,8
167,205,8
167,246,8
171,24,8
172,214,8
205,167,8
205,246,8
214,172,8
233,33,8
234,269,8
244,90,8
246,205,8
249,314,8
266,276,8
267,28,8
269,234,8
272,273,8
273,272,8
276,266,8
303,59,8
314,249,8
3,147,9
4,162,9
7,176,9
9,177,9
17,203,9
28,67,9
28,267,9
37,113,9
42,64,9
45,191,9
62,73,9
64,42,9
65,147,9
73,62,9
78,114,9
78,127,9
82,168,9
100,4,9
100,241,9
105,155,9
113,37,9
114,78,9
114,127,9
127,78,9
127,114,9
134,201,9
134,292,9
142,151,9
144,288,9
146,161,9
147,3,9
147,65,9
151,142,9
155,105,9
161,146,9
162,4,9
167,205,9
168,82,9
176,7,9
177,9,9
181,301,9
201,134,9
201,292,9
201,324,9
203,251,9
205,167,9
205,246,9
213,297,9
241,100,9
242,257,9
244,298,9
246,286,9
251,203,9
257,242,9
286,246,9
288,144,9
292,134,9
292,201,9
297,213,9
298,244,9
301,181,9
324,201,9
4,100,10
8,105,10
9,144,10
14,162,10
19,26,10
26,19,10
28,67,10
40,269,10
46,208,10
55,60,10
55,236,10
60,55,10
60,236,10
74,283,10
100,4,10
100,241,10
105,8,10
134,201,10
144,9,10
151,261,10
159,202,10
161,36,10
162,14,10
188,260,10
201,134,10
201,292,10
202,159,10
205,167,10
208,46,10
218,261,10
236,60,10
238,307,10
244,90,10
244,298,10
255,264,10
260,188,10
261,151,10
261,218,10
264,255,10
269,40,10
307,238,10
4,14,11
4,162,11
11,211,11
14,4,11
14,162,11
48,49,11
49,48,11
63,174,11
85,222,11
94,120,11
104,109,11
109,104,11
119,184,11
120,94,11
139,285,11
144,288,11
162,4,11
162,14,11
174,63,11
184,119,11
201,234,11
201,324,11
211,11,11
222,85,11
234,201,11
244,312,11
285,139,11
288,298,11
298,288,11
312,244,11
7,252,12
12,82,12
12,168,12
24,33,12
26,35,12
31,232,12
31,236,12
33,24,12
35,26,12
36,146,12
36,161,12
40,169,12
43,289,12
55,60,12
59,83,12
60,55,12
68,284,12
75,318,12
82,12,12
86,160,12
126,175,12
134,234,12
144,9,12
146,36,12
151,142,12
157,194,12
160,86,12
168,12,12
169,40,12
175,126,12
178,239,12
194,157,12
199,248,12
201,134,12
201,234,12
201,269,12
232,31,12
232,236,12
234,134,12
234,201,12
234,269,12
236,31,12
236,232,12
239,178,12
244,298,12
244,312,12
248,199,12
252,7,12
259,292,12
267,95,12
268,294,12
269,201,12
269,234,12
284,68,12
289,43,12
292,259,12
292,324,12
294,268,12
298,244,12
298,312,12
312,298,12
318,75,12
324,292,12
4,14,13
14,4,13
15,237,13
24,233,13
31,55,13
55,31,13
89,99,13
90,298,13
99,89,13
134,201,13
134,234,13
135,189,13
146,161,13
161,146,13
176,252,13
189,135,13
197,275,13
200,310,13
201,134,13
201,234,13
201,324,13
205,286,13
233,24,13
234,134,13
234,201,13
237,15,13
240,293,13
242,283,13
244,90,13
244,298,13
246,279,13
252,176,13
275,197,13
279,246,13
283,242,13
286,205,13
293,240,13
298,90,13
298,244,13
310,200,13
324,201,13
324,292,13
14,100,14
23,155,14
24,33,14
26,178,14
31,232,14
68,87,14
73,106,14
74,242,14
87,68,14
89,325,14
90,312,14
100,14,14
106,73,14
151,218,14
155,23,14
161,36,14
177,254,14
177,288,14
178,26,14
178,239,14
192,253,14
201,292,14
218,151,14
232,31,14
232,236,14
242,74,14
242,283,14
252,7,14
253,192,14
254,177,14
259,324,14
288,177,14
292,201,14
292,259,14
292,324,14
298,90,14
312,90,14
324,259,14
324,292,14
325,89,14
4,100,15
33,233,15
66,80,15
80,66,15
90,298,15
90,312,15
100,4,15
104,210,15
105,125,15
125,105,15
153,304,15
165,266,15
171,311,15
177,254,15
205,167,15
210,104,15
227,313,15
233,33,15
246,286,15
259,292,15
266,165,15
271,121,15
286,246,15
292,201,15
292,259,15
304,153,15
311,171,15
313,227,15
8,125,16
19,197,16
23,130,16
25,162,16
28,267,16
35,178,16
36,124,16
43,66,16
43,289,16
66,43,16
67,267,16
79,213,16
80,256,16
83,245,16
90,298,16
90,312,16
93,299,16
124,36,16
124,161,16
125,8,16
130,23,16
161,124,16
162,25,16
163,214,16
178,35,16
179,250,16
197,19,16
201,259,16
201,292,16
213,79,16
214,163,16
234,269,16
245,83,16
250,179,16
256,80,16
259,201,16
267,28,16
267,67,16
292,201,16
299,93,16
32,302,17
42,154,17
43,80,17
50,216,17
55,72,17
66,6,17
72,55,17
80,43,17
80,256,17
83,59,17
90,298,17
92,254,17
115,270,17
125,105,17
135,193,17
144,284,17
154,42,17
164,319,17
166,243,17
178,239,17
189,193,17
193,135,17
193,189,17
196,307,17
216,50,17
232,31,17
243,166,17
254,92,17
267,28,17
270,115,17
284,144,17
302,32,17
307,196,17
319,164,17
4,162,18
10,262,18
13,172,18
14,25,18
25,14,18
28,67,18
28,267,18
31,236,18
43,66,18
43,80,18
45,258,18
53,276,18
66,43,18
66,256,18
67,28,18
67,267,18
80,43,18
80,289,18
89,99,18
95,180,18
100,241,18
111,164,18
112,204,18
140,294,18
146,220,18
147,237,18
162,4,18
164,111,18
172,13,18
180,95,18
204,112,18
220,146,18
232,236,18
236,31,18
236,232,18
237,147,18
244,288,18
256,66,18
258,45,18
262,10,18
267,67,18
276,53,18
288,244,18
289,80,18
294,140,18
2,266,19
6,80,19
17,251,19
19,178,19
23,46,19
23,130,19
32,118,19
41,145,19
43,66,19
44,142,19
44,151,19
46,23,19
46,130,19
66,43,19
66,80,19
80,6,19
80,66,19
93,165,19
93,299,19
99,325,19
130,46,19
142,44,19
145,41,19
151,44,19
151,218,19
165,93,19
178,19,19
181,207,19
190,245,19
193,135,19
193,189,19
203,17,19
207,181,19
207,301,19
237,15,19
237,147,19
245,190,19
251,17,19
266,2,19
296,297,19
297,296,19
298,312,19
301,207,19
312,298,19
325,99,19
6,66,20
6,80,20
6,289,20
9,284,20
19,197,20
28,67,20
28,267,20
31,60,20
43,289,20
60,31,20
66,6,20
66,80,20
66,289,20
67,28,20
67,267,20
74,311,20
80,6,20
80,66,20
93,165,20
93,299,20
135,189,20
135,193,20
151,44,20
168,293,20
181,301,20
189,135,20
193,135,20
198,222,20
222,198,20
267,28,20
267,67,20
284,9,20
284,144,20
288,312,20
289,6,20
289,43,20
289,66,20
293,168,20
298,90,20
301,181,20
301,207,20
311,74,20
312,288,20
6,66,21
14,200,21
16,314,21
19,178,21
23,46,21
28,67,21
46,23,21
51,311,21
54,69,21
66,6,21
67,28,21
69,54,21
72,182,21
90,312,21
113,274,21
173,191,21
181,207,21
181,301,21
182,72,21
190,303,21
191,173,21
200,14,21
207,181,21
274,113,21
281,321,21
288,244,21
289,43,21
301,181,21
303,190,21
311,51,21
312,90,21
314,16,21
321,281,21
2,276,22
19,197,22
23,130,22
23,155,22
28,267,22
40,259,22
46,130,22
66,80,22
68,199,22
77,319,22
84,220,22
98,230,22
115,221,22
130,23,22
130,46,22
130,155,22
142,151,22
151,142,22
155,130,22
177,244,22
177,288,22
178,26,22
178,239,22
199,68,22
206,290,22
219,317,22
220,84,22
221,115,22
223,299,22
230,98,22
244,177,22
244,288,22
259,40,22
267,28,22
276,2,22
276,53,22
278,309,22
288,177,22
288,244,22
290,206,22
298,312,22
299,223,22
309,278,22
312,298,22
317,219,22
319,77,22
1,209,23
19,239,23
23,130,23
23,155,23
26,239,23
38,220,23
39,112,23
43,66,23
66,43,23
68,87,23
90,288,23
108,240,23
112,39,23
125,256,23
130,23,23
130,46,23
155,23,23
177,244,23
181,207,23
181,301,23
209,1,23
220,38,23
227,273,23
239,19,23
239,26,23
240,108,23
244,177,23
245,185,23
256,125,23
273,227,23
276,2,23
288,90,23
306,325,23
325,306,23
6,43,24
12,300,24
22,192,24
23,130,24
23,155,24
28,67,24
31,232,24
43,6,24
43,66,24
44,142,24
44,151,24
46,312,24
76,134,24
96,316,24
119,238,24
130,23,24
130,155,24
134,76,24
142,44,24
142,151,24
148,296,24
149,230,24
151,44,24
151,142,24
155,130,24
177,288,24
179,248,24
192,22,24
197,275,24
225,290,24
230,149,24
232,31,24
238,119,24
244,288,24
248,179,24
276,53,24
288,177,24
288,244,24
290,225,24
296,148,24
300,12,24
312,46,24
316,96,24
3,313,25
6,66,25
11,111,25
25,200,25
32,109,25
39,151,25
54,260,25
56,208,25
66,6,25
105,196,25
109,32,25
111,11,25
113,37,25
151,39,25
151,142,25
196,105,25
200,25,25
207,325,25
208,56,25
232,236,25
260,54,25
288,177,25
290,206,25
313,3,25
325,207,25
6,43,26
9,298,26
25,100,26
25,200,26
27,78,26
31,236,26
43,6,26
49,91,26
55,182,26
61,285,26
68,199,26
78,27,26
87,199,26
91,49,26
98,258,26
100,25,26
144,254,26
144,284,26
176,272,26
182,55,26
187,235,26
199,87,26
207,301,26
207,325,26
227,252,26
227,273,26
232,31,26
235,187,26
236,31,26
238,315,26
252,227,26
254,144,26
254,284,26
258,98,26
272,176,26
284,254,26
285,61,26
288,244,26
298,9,26
301,207,26
315,238,26
5,71,27
6,66,27
9,46,27
9,90,27
9,298,27
19,275,27
24,171,27
25,100,27
45,270,27
46,9,27
46,90,27
60,232,27
60,236,27
71,5,27
76,201,27
80,256,27
90,9,27
90,46,27
94,268,27
100,200,27
119,184,27
119,238,27
151,204,27
158,323,27
171,24,27
181,207,27
185,190,27
190,185,27
199,68,27
200,100,27
201,76,27
204,151,27
207,181,27
232,60,27
232,236,27
236,60,27
236,232,27
238,119,27
256,80,27
256,125,27
266,276,27
268,94,27
270,45,27
275,19,27
276,266,27
285,139,27
323,158,27
6,43,28
8,23,28
9,90,28
13,120,28
14,310,28
19,197,28
19,275,28
23,8,28
26,178,28
31,232,28
36,203,28
39,44,28
44,39,28
46,298,28
60,232,28
66,289,28
67,194,28
84,124,28
89,306,28
90,9,28
100,25,28
119,315,28
120,13,28
124,84,28
151,142,28
177,195,28
178,26,28
179,250,28
181,301,28
190,303,28
194,67,28
195,177,28
197,19,28
197,275,28
199,87,28
203,36,28
209,253,28
232,31,28
232,60,28
238,315,28
252,273,28
253,209,28
259,269,28
269,259,28
273,252,28
275,197,28
284,144,28
289,66,28
298,46,28
301,181,28
306,89,28
310,14,28
315,119,28
315,238,28
9,244,29
19,197,29
19,275,29
39,151,29
43,289,29
59,190,29
78,136,29
85,206,29
116,294,29
128,320,29
129,157,29
136,78,29
142,218,29
151,39,29
157,129,29
162,200,29
190,59,29
190,303,29
197,19,29
200,162,29
206,85,29
218,142,29
232,31,29
232,60,29
244,9,29
244,288,29
256,289,29
273,227,29
273,252,29
275,19,29
289,43,29
289,256,29
294,116,29
320,128,29
2,221,30
12,168,30
14,100,30
17,203,30
19,197,30
31,236,30
48,110,30
61,139,30
76,292,30
90,244,30
92,133,30
100,14,30
109,126,30
110,48,30
110,271,30
116,140,30
116,294,30
117,220,30
123,136,30
124,161,30
126,109,30
130,312,30
133,92,30
136,123,30
139,61,30
140,116,30
168,12,30
177,288,30
189,193,30
193,189,30
197,275,30
203,17,30
220,117,30
221,2,30
232,31,30
232,236,30
236,31,30
236,232,30
244,9,30
244,90,30
271,110,30
273,227,30
275,197,30
288,177,30
292,76,30
299,93,30
312,130,30
9,90,31
9,244,31
14,310,31
31,232,31
54,69,31
66,75,31
75,66,31
76,201,31
90,9,31
90,244,31
101,205,31
110,48,31
112,204,31
116,140,31
151,218,31
152,307,31
179,102,31
197,19,31
204,112,31
205,101,31
218,151,31
232,31,31
232,236,31
240,300,31
244,9,31
244,90,31
246,279,31
258,270,31
270,258,31
300,240,31
307,152,31
20,306,32
27,136,32
31,236,32
46,177,32
52,67,32
53,221,32
57,146,32
67,52,32
98,149,32
100,162,32
103,135,32
110,271,32
135,103,32
136,27,32
146,57,32
149,98,32
151,39,32
162,100,32
177,46,32
179,250,32
181,325,32
184,315,32
206,290,32
208,277,32
221,53,32
232,31,32
236,31,32
244,9,32
244,90,32
257,267,32
266,285,32
267,257,32
270,45,32
270,258,32
277,208,32
285,266,32
306,20,32
315,184,32
325,181,32
2,53,33
2,221,33
4,200,33
9,90,33
9,244,33
28,180,33
40,292,33
53,2,33
57,295,33
61,266,33
61,285,33
63,113,33
65,313,33
70,184,33
72,232,33
76,134,33
90,9,33
90,244,33
92,226,33
113,63,33
125,289,33
132,224,33
177,288,33
180,28,33
184,70,33
197,228,33
200,4,33
221,2,33
223,246,33
224,132,33
226,92,33
228,197,33
230,258,33
232,72,33
244,9,33
244,90,33
246,223,33
249,264,33
258,230,33
264,249,33
266,61,33
266,285,33
270,45,33
275,302,33
285,61,33
285,266,33
289,125,33
289,256,33
292,40,33
295,57,33
302,275,33
313,65,33
9,90,34
14,100,34
14,310,34
16,249,34
31,60,34
31,236,34
48,271,34
53,221,34
60,31,34
61,266,34
70,315,34
79,131,34
82,153,34
85,175,34
85,206,34
90,9,34
92,265,34
100,14,34
100,241,34
100,310,34
125,256,34
131,79,34
144,254,34
153,82,34
175,85,34
177,46,34
177,288,34
196,307,34
202,252,34
206,85,34
219,304,34
221,53,34
226,265,34
231,281,34
249,16,34
252,202,34
254,144,34
256,125,34
256,289,34
265,92,34
265,226,34
266,61,34
271,48,34
271,110,34
281,231,34
304,219,34
307,196,34
310,100,34
314,324,34
315,70,34
324,314,34
2,53,35
2,221,35
12,219,35
14,100,35
14,310,35
17,36,35
17,203,35
18,240,35
23,155,35
31,60,35
31,232,35
36,17,35
43,188,35
44,204,35
46,288,35
53,2,35
53,221,35
57,124,35
57,146,35
60,232,35
61,285,35
63,99,35
85,175,35
86,320,35
99,63,35
100,14,35
109,32,35
109,126,35
124,57,35
139,285,35
149,258,35
155,23,35
177,46,35
188,43,35
204,44,35
207,325,35
219,12,35
221,2,35
221,53,35
221,276,35
232,31,35
232,60,35
235,255,35
240,18,35
255,235,35
256,125,35
258,149,35
271,48,35
276,221,35
285,61,35
285,139,35
288,46,35
288,298,35
298,288,35
310,14,35
313,3,35
320,86,35
325,207,35
6,125,36
6,188,36
9,288,36
9,298,36
12,168,36
12,219,36
19,228,36
31,60,36
43,125,36
44,303,36
45,230,36
52,267,36
57,124,36
57,295,36
60,31,36
67,267,36
68,250,36
70,184,36
85,206,36
87,144,36
98,230,36
100,162,36
100,200,36
113,37,36
114,136,36
121,308,36
124,146,36
124,295,36
125,6,36
125,43,36
133,226,36
134,201,36
136,114,36
137,306,36
144,87,36
144,284,36
146,124,36
151,204,36
177,298,36
179,102,36
179,250,36
183,283,36
188,6,36
200,100,36
201,134,36
204,151,36
221,53,36
223,279,36
223,286,36
226,133,36
228,19,36
230,45,36
230,98,36
250,68,36
250,179,36
267,52,36
267,67,36
278,300,36
279,223,36
279,286,36
283,183,36
286,223,36
286,279,36
288,9,36
288,298,36
295,124,36
298,9,36
298,177,36
298,288,36
300,278,36
303,44,36
306,137,36
308,121,36
6,125,37
12,168,37
15,65,37
43,188,37
44,185,37
46,177,37
55,191,37
57,124,37
57,295,37
65,15,37
81,178,37
82,304,37
100,162,37
100,200,37
124,57,37
124,295,37
125,6,37
125,188,37
130,155,37
136,27,37
136,114,37
142,303,37
144,87,37
155,130,37
168,219,37
177,46,37
178,81,37
180,95,37
185,44,37
188,43,37
188,125,37
190,59,37
191,55,37
207,301,37
219,168,37
223,246,37
228,275,37
230,45,37
244,288,37
250,68,37
272,273,37
273,272,37
275,228,37
288,244,37
295,57,37
295,124,37
298,9,37
301,207,37
303,142,37
304,82,37
6,188,38
8,56,38
36,203,38
45,258,38
56,8,38
57,146,38
57,295,38
86,316,38
90,288,38
92,133,38
98,258,38
125,6,38
125,188,38
133,92,38
146,57,38
152,315,38
162,200,38
168,12,38
188,6,38
188,125,38
200,162,38
203,36,38
230,98,38
230,258,38
250,179,38
258,45,38
258,98,38
258,230,38
267,52,38
272,176,38
288,90,38
295,57,38
315,152,38
316,86,38
316,96,38
43,125,39
44,204,39
51,171,39
76,201,39
93,246,39
102,250,39
123,212,39
125,43,39
144,284,39
147,224,39
171,51,39
179,102,39
179,250,39
188,6,39
201,76,39
204,44,39
221,2,39
224,147,39
232,72,39
246,93,39
250,102,39
250,179,39
258,45,39
258,230,39
296,297,39
4,162,40
4,200,40
20,301,40
32,210,40
44,185,40
44,204,40
45,230,40
48,110,40
57,220,40
66,260,40
67,127,40
68,199,40
102,179,40
110,48,40
120,268,40
127,67,40
161,213,40
162,4,40
179,102,40
199,68,40
200,4,40
200,100,40
205,310,40
210,32,40
213,161,40
220,57,40
223,279,40
230,45,40
260,66,40
268,120,40
275,302,40
279,223,40
295,124,40
301,20,40
301,207,40
310,205,40
316,86,40
4,100,41
4,200,41
5,33,41
5,233,41
8,75,41
9,244,41
11,234,41
20,207,41
33,5,41
33,233,41
44,185,41
44,204,41
69,247,41
75,8,41
89,99,41
98,230,41
99,89,41
100,4,41
102,250,41
112,303,41
136,78,41
136,114,41
143,169,41
152,307,41
152,315,41
169,143,41
175,228,41
175,275,41
179,250,41
200,4,41
207,20,41
207,301,41
211,318,41
228,175,41
228,275,41
230,98,41
233,5,41
233,33,41
234,11,41
244,9,41
247,69,41
250,102,41
250,179,41
254,284,41
266,299,41
275,175,41
275,228,41
279,286,41
284,254,41
299,266,41
303,112,41
303,142,41
307,152,41
307,315,41
315,307,41
318,211,41
4,100,42
4,241,42
20,301,42
37,274,42
40,76,42
48,271,42
60,232,42
72,182,42
76,40,42
78,114,42
82,168,42
100,200,42
100,241,42
110,271,42
112,142,42
114,78,42
114,136,42
129,194,42
137,255,42
142,112,42
142,303,42
144,254,42
168,82,42
168,219,42
180,194,42
182,72,42
185,204,42
194,129,42
194,180,42
200,100,42
201,134,42
204,185,42
207,20,42
217,246,42
221,53,42
232,60,42
241,4,42
241,100,42
246,217,42
249,324,42
250,102,42
254,144,42
255,137,42
271,110,42
274,37,42
275,175,42
301,20,42
315,152,42
315,307,42
324,249,42
2,276,43
4,100,43
11,40,43
20,207,43
21,176,43
37,113,43
37,274,43
39,261,43
40,11,43
40,76,43
46,312,43
55,258,43
59,83,43
59,190,43
60,31,43
68,102,43
82,153,43
84,117,43
99,63,43
100,4,43
100,200,43
102,68,43
103,172,43
113,274,43
117,84,43
129,157,43
136,287,43
144,284,43
146,220,43
159,313,43
172,103,43
176,21,43
204,44,43
220,146,43
228,19,43
250,179,43
252,313,43
258,55,43
259,292,43
261,39,43
274,113,43
276,2,43
284,144,43
292,259,43
300,317,43
312,46,43
313,159,43
313,252,43
315,152,43
317,300,43
4,162,44
7,245,44
11,234,44
18,278,44
25,241,44
26,35,44
35,26,44
40,134,44
59,83,44
59,190,44
60,72,44
72,60,44
73,200,44
76,134,44
78,212,44
83,190,44
95,127,44
95,180,44
114,78,44
114,136,44
127,95,44
127,180,44
134,40,44
134,76,44
136,114,44
136,287,44
172,193,44
180,95,44
180,127,44
190,83,44
193,172,44
200,73,44
200,100,44
203,17,44
212,78,44
221,276,44
241,25,44
245,7,44
252,202,44
252,313,44
254,284,44
274,37,44
274,113,44
276,221,44
278,18,44
284,254,44
313,159,44
313,252,44
315,307,44
20,301,45
23,56,45
43,256,45
56,23,45
73,162,45
75,260,45
100,241,45
111,319,45
134,40,45
144,254,45
144,284,45
151,261,45
159,252,45
162,73,45
163,88,45
169,187,45
183,311,45
187,169,45
202,313,45
221,53,45
221,276,45
241,100,45
252,159,45
254,144,45
254,284,45
256,43,45
260,75,45
261,151,45
266,285,45
284,144,45
284,254,45
285,266,45
311,183,45
313,202,45
315,119,45
319,111,45
25,100,46
31,236,46
37,113,46
37,274,46
53,276,46
93,279,46
98,165,46
98,230,46
100,25,46
104,255,46
113,37,46
113,274,46
132,147,46
132,224,46
135,189,46
147,132,46
147,224,46
162,200,46
165,98,46
165,230,46
188,294,46
189,135,46
200,162,46
202,252,46
221,53,46
221,276,46
224,132,46
224,147,46
230,165,46
239,302,46
252,202,46
255,104,46
261,39,46
274,37,46
274,113,46
276,53,46
276,221,46
279,93,46
284,144,46
294,188,46
302,239,46
4,14,47
10,248,47
14,4,47
23,105,47
26,302,47
37,113,47
54,96,47
56,130,47
60,232,47
67,194,47
77,164,47
79,213,47
81,249,47
93,286,47
96,54,47
99,89,47
104,306,47
105,23,47
106,133,47
112,190,47
113,37,47
114,287,47
130,56,47
132,147,47
132,224,47
133,106,47
136,114,47
136,287,47
144,254,47
147,132,47
164,77,47
178,314,47
188,6,47
190,112,47
194,67,47
202,313,47
213,79,47
224,132,47
228,197,47
230,98,47
248,10,47
249,81,47
254,144,47
276,53,47
279,286,47
284,288,47
286,93,47
286,279,47
287,114,47
287,136,47
288,284,47
302,26,47
306,104,47
314,178,47
37,63,48
51,233,48
53,221,48
63,37,48
81,314,48
100,241,48
177,312,48
220,57,48
221,53,48
233,51,48
253,281,48
258,270,48
270,258,48
271,48,48
281,253,48
287,114,48
293,300,48
300,293,48
312,177,48
314,81,48
314,178,48
315,307,48
5,148,49
18,309,49
31,60,49
55,236,49
60,31,49
72,182,49
81,178,49
83,204,49
114,136,49
115,230,49
132,147,49
134,201,49
136,114,49
148,5,49
152,238,49
178,81,49
204,83,49
230,115,49
236,55,49
238,152,49
288,90,49
309,18,49
2,221,50
35,108,50
44,142,50
53,276,50
70,119,50
76,292,50
78,136,50
78,212,50
82,168,50
93,223,50
103,140,50
108,35,50
119,70,50
129,180,50
136,78,50
140,103,50
142,44,50
152,315,50
155,298,50
166,253,50
166,281,50
168,82,50
176,272,50
180,129,50
221,2,50
223,93,50
253,166,50
253,281,50
254,288,50
263,265,50
265,263,50
281,166,50
281,231,50
281,253,50
288,254,50
292,76,50
298,155,50
315,152,50
10,262,51
37,113,51
40,259,51
47,213,51
55,191,51
76,201,51
78,136,51
79,131,51
80,125,51
95,127,51
95,180,51
124,220,51
125,80,51
127,95,51
132,224,51
144,288,51
178,249,51
180,95,51
182,232,51
201,76,51
202,252,51
202,313,51
213,47,51
218,303,51
220,124,51
220,146,51
232,182,51
249,178,51
252,313,51
259,40,51
288,144,51
288,254,51
303,218,51
313,252,51
315,307,51
325,181,51
3,65,52
10,248,52
10,262,52
24,51,52
44,83,52
44,204,52
51,24,52
51,233,52
55,60,52
60,55,52
63,113,52
65,3,52
75,211,52
82,153,52
83,44,52
83,204,52
92,143,52
113,63,52
127,180,52
143,92,52
152,307,52
180,127,52
182,72,52
191,236,52
204,44,52
204,83,52
211,75,52
220,124,52
233,33,52
233,51,52
236,191,52
238,315,52
272,273,52
281,231,52
283,311,52
307,152,52
311,283,52
315,238,52
2,276,53
6,294,53
10,248,53
31,55,53
40,234,53
40,259,53
44,83,53
44,142,53
44,204,53
47,131,53
47,213,53
55,31,53
55,60,53
60,236,53
62,133,53
70,184,53
75,260,53
83,44,53
83,142,53
83,204,53
90,284,53
106,226,53
131,47,53
133,62,53
140,172,53
142,83,53
172,140,53
180,95,53
204,44,53
204,83,53
220,57,53
226,106,53
234,40,53
234,259,53
236,60,53
259,234,53
276,2,53
284,90,53
288,144,53
288,254,53
294,6,53
29,34,54
34,29,54
41,186,54
47,131,54
55,232,54
60,191,54
60,236,54
61,299,54
83,142,54
131,257,54
144,254,54
186,41,54
191,60,54
204,44,54
217,299,54
232,55,54
246,299,54
254,144,54
254,288,54
257,131,54
299,61,54
299,217,54
299,246,54
2,221,55
2,276,55
24,33,55
28,127,55
33,24,55
38,84,55
47,257,55
61,246,55
61,299,55
65,237,55
75,211,55
81,314,55
82,168,55
84,38,55
122,154,55
127,28,55
154,122,55
176,21,55
180,129,55
184,289,55
191,236,55
209,1,55
217,279,55
236,191,55
237,65,55
246,61,55
246,299,55
257,47,55
279,217,55
289,184,55
299,61,55
299,246,55
314,81,55
2,221,56
22,68,56
46,208,56
56,260,56
62,143,56
68,22,56
93,286,56
100,25,56
132,147,56
137,301,56
143,62,56
156,323,56
182,232,56
208,46,56
218,261,56
220,124,56
221,276,56
232,182,56
242,311,56
257,131,56
259,40,56
260,56,56
261,218,56
264,324,56
276,221,56
286,93,56
299,61,56
299,246,56
301,137,56
311,242,56
311,283,56
323,156,56
324,264,56
5,74,57
6,54,57
10,262,57
22,102,57
27,78,57
32,126,57
53,61,57
54,6,57
55,182,57
55,232,57
61,53,57
62,133,57
74,5,57
76,292,57
78,27,57
81,178,57
81,249,57
92,226,57
93,223,57
94,172,57
98,141,57
102,22,57
126,32,57
138,317,57
141,98,57
145,186,57
172,94,57
178,81,57
178,249,57
180,194,57
182,55,57
186,145,57
194,180,57
202,252,57
226,92,57
232,55,57
249,81,57
249,178,57
249,314,57
252,202,57
314,249,57
317,138,57
3,202,58
19,85,58
27,212,58
37,89,58
39,218,58
44,190,58
44,204,58
47,213,58
55,182,58
55,232,58
62,143,58
68,102,58
74,148,58
81,178,58
81,314,58
83,185,58
85,19,58
85,302,58
89,37,58
102,68,58
129,194,58
140,103,58
148,74,58
152,238,58
153,304,58
167,223,58
169,264,58
178,81,58
178,314,58
180,129,58
180,194,58
185,83,58
186,41,58
186,145,58
190,44,58
194,129,58
194,180,58
195,211,58
202,3,58
202,252,58
206,290,58
211,195,58
212,27,58
218,39,58
218,261,58
223,167,58
238,152,58
248,262,58
254,144,58
262,248,58
264,169,58
277,312,58
279,286,58
286,279,58
302,85,58
304,153,58
312,277,58
314,81,58
314,178,58
323,158,58
14,73,59
27,78,59
27,212,59
36,146,59
41,145,59
41,186,59
42,64,59
45,98,59
50,196,59
53,246,59
57,84,59
63,274,59
67,180,59
73,14,59
78,212,59
83,142,59
84,57,59
85,19,59
95,157,59
98,45,59
98,141,59
131,213,59
141,174,59
145,41,59
145,186,59
146,36,59
157,95,59
174,141,59
180,67,59
180,194,59
182,232,59
186,41,59
186,145,59
196,50,59
212,78,59
213,131,59
218,39,59
223,93,59
232,182,59
242,283,59
246,53,59
262,10,59
274,63,59
283,242,59
314,81,59
2,276,60
4,241,60
8,80,60
12,293,60
13,268,60
19,302,60
38,57,60
40,234,60
40,259,60
45,270,60
46,298,60
47,131,60
56,155,60
57,38,60
57,84,60
62,133,60
67,194,60
80,8,60
81,175,60
85,302,60
93,286,60
98,45,60
127,129,60
129,127,60
131,47,60
155,56,60
175,81,60
194,67,60
194,180,60
200,241,60
218,261,60
232,55,60
232,182,60
234,40,60
241,4,60
241,200,60
268,13,60
270,45,60
270,258,60
276,2,60
286,93,60
293,12,60
298,46,60
302,19,60
302,85,60
4,200,61
8,256,61
11,177,61
14,100,61
20,137,61
28,180,61
28,194,61
38,84,61
45,98,61
45,270,61
57,38,61
61,221,61
69,189,61
76,259,61
81,314,61
84,38,61
93,223,61
93,286,61
98,270,61
100,14,61
112,204,61
127,28,61
127,194,61
137,20,61
150,171,61
171,150,61
175,314,61
177,11,61
180,28,61
180,194,61
189,69,61
193,268,61
194,28,61
194,127,61
194,180,61
200,4,61
200,241,61
204,112,61
221,61,61
223,286,61
228,290,61
235,249,61
242,311,61
249,235,61
256,8,61
259,76,61
268,193,61
270,45,61
270,98,61
286,223,61
290,228,61
302,19,61
302,85,61
311,242,61
314,175,61
3,65,62
16,235,62
17,74,62
18,108,62
28,127,62
28,180,62
38,57,62
45,258,62
56,260,62
60,182,62
63,113,62
65,3,62
74,17,62
75,318,62
93,223,62
93,286,62
108,18,62
117,220,62
126,109,62
127,28,62
157,180,62
169,187,62
169,324,62
177,265,62
180,28,62
180,157,62
180,194,62
182,60,62
220,117,62
223,93,62
232,55,62
234,259,62
235,16,62
235,249,62
258,45,62
259,234,62
261,303,62
265,177,62
286,93,62
293,317,62
303,261,62
314,81,62
317,293,62
318,75,62
324,169,62
2,139,63
31,236,63
44,142,63
58,159,63
65,252,63
67,180,63
67,194,63
79,161,63
83,151,63
85,275,63
85,302,63
127,180,63
131,213,63
139,2,63
139,276,63
140,172,63
142,44,63
151,83,63
159,58,63
161,79,63
169,187,63
172,140,63
180,67,63
180,127,63
194,67,63
200,4,63
200,241,63
202,273,63
235,16,63
236,31,63
252,65,63
273,202,63
275,85,63
276,139,63
305,308,63
308,305,63
2,276,64
8,80,64
11,134,64
20,301,64
46,155,64
51,171,64
56,155,64
62,106,64
85,275,64
85,302,64
92,269,64
106,62,64
106,133,64
123,287,64
133,106,64
134,11,64
135,268,64
155,46,64
155,56,64
171,51,64
174,258,64
174,270,64
175,235,64
190,204,64
201,292,64
204,190,64
208,298,64
235,175,64
243,266,64
252,272,64
258,174,64
266,243,64
268,135,64
269,92,64
270,174,64
272,252,64
275,302,64
276,2,64
283,311,64
287,123,64
292,201,64
298,208,64
301,20,64
302,275,64
311,283,64
16,175,65
16,235,65
17,297,65
19,275,65
28,127,65
28,180,65
38,84,65
39,86,65
54,294,65
56,260,65
62,133,65
65,3,65
85,275,65
86,39,65
91,225,65
100,25,65
106,62,65
114,287,65
117,124,65
118,210,65
123,136,65
124,117,65
127,28,65
127,180,65
133,62,65
136,123,65
145,321,65
175,16,65
175,235,65
180,28,65
180,127,65
186,321,65
210,118,65
221,276,65
225,91,65
235,16,65
235,175,65
236,191,65
270,98,65
275,19,65
275,85,65
276,221,65
287,114,65
290,206,65
294,54,65
297,17,65
321,145,65
321,186,65
2,139,66
3,252,66
5,242,66
10,248,66
16,175,66
16,235,66
19,85,66
25,310,66
28,127,66
46,211,66
49,215,66
53,279,66
59,112,66
61,276,66
65,252,66
70,315,66
85,19,66
98,258,66
98,270,66
100,310,66
112,59,66
114,123,66
123,114,66
127,28,66
139,2,66
166,253,66
175,16,66
178,302,66
211,46,66
215,49,66
235,16,66
242,5,66
248,10,66
252,3,66
252,65,66
253,166,66
258,98,66
258,270,66
270,258,66
276,61,66
279,53,66
302,178,66
310,25,66
310,100,66
315,70,66
1,281,67
3,65,67
11,259,67
14,73,67
25,100,67
25,310,67
28,157,67
31,191,67
31,236,67
36,203,67
55,72,67
62,162,67
65,3,67
65,252,67
72,55,67
85,275,67
98,258,67
100,25,67
101,310,67
104,207,67
114,287,67
135,193,67
137,158,67
137,325,67
139,276,67
157,28,67
158,137,67
158,325,67
162,62,67
191,31,67
193,135,67
203,36,67
206,228,67
206,290,67
207,104,67
228,206,67
236,31,67
258,98,67
259,11,67
264,324,67
276,139,67
281,1,67
310,25,67
310,101,67
324,264,67
325,137,67
325,158,67
11,134,68
11,259,68
16,314,68
25,100,68
27,78,68
32,249,68
42,154,68
45,270,68
46,155,68
51,150,68
76,234,68
78,27,68
85,19,68
85,275,68
104,301,68
106,133,68
114,123,68
123,287,68
125,188,68
127,157,68
133,106,68
137,158,68
139,2,68
145,186,68
145,321,68
150,51,68
154,42,68
155,46,68
157,127,68
158,137,68
158,325,68
170,304,68
180,194,68
186,145,68
188,125,68
194,180,68
195,277,68
207,301,68
215,305,68
216,262,68
231,253,68
234,76,68
249,32,68
253,231,68
256,43,68
262,216,68
266,285,68
270,45,68
276,61,68
277,195,68
287,123,68
301,104,68
301,207,68
304,170,68
305,215,68
314,16,68
321,145,68
11,134,69
14,167,69
19,275,69
59,190,69
85,19,69
85,275,69
93,223,69
114,287,69
140,103,69
142,204,69
157,28,69
167,14,69
177,263,69
185,218,69
190,59,69
191,236,69
204,142,69
218,185,69
236,191,69
263,177,69
275,19,69
275,85,69
287,114,69
287,123,69
301,104,69
301,207,69
1,166,70
6,247,70
60,258,70
85,302,70
98,141,70
103,172,70
104,207,70
104,301,70
111,164,70
114,123,70
114,287,70
123,114,70
124,220,70
132,224,70
134,259,70
139,276,70
141,98,70
146,203,70
164,111,70
166,1,70
172,103,70
203,146,70
207,104,70
220,124,70
234,292,70
236,31,70
247,6,70
248,307,70
258,60,70
259,134,70
276,139,70
287,114,70
292,234,70
301,104,70
302,85,70
307,248,70
19,85,71
23,130,71
24,171,71
32,81,71
53,286,71
64,122,71
81,32,71
85,19,71
103,140,71
104,207,71
114,123,71
114,287,71
117,146,71
122,64,71
123,287,71
130,23,71
132,147,71
132,224,71
139,2,71
146,117,71
151,185,71
171,24,71
178,249,71
185,151,71
185,218,71
205,223,71
211,298,71
223,205,71
249,178,71
258,270,71
262,288,71
266,243,71
270,258,71
276,61,71
286,53,71
287,123,71
288,262,71
298,211,71
323,156,71
2,221,72
6,189,72
8,56,72
11,234,72
46,298,72
52,129,72
56,8,72
56,260,72
61,139,72
61,221,72
61,276,72
81,249,72
129,52,72
132,147,72
139,61,72
147,224,72
151,83,72
151,218,72
169,226,72
189,6,72
196,315,72
203,36,72
216,288,72
218,151,72
221,2,72
221,61,72
224,147,72
226,169,72
234,11,72
249,81,72
252,272,72
257,296,72
258,60,72
259,40,72
259,134,72
262,216,72
262,288,72
287,114,72
287,123,72
288,216,72
288,262,72
296,257,72
298,46,72
315,196,72
2,61,73
2,139,73
2,221,73
8,80,73
11,134,73
11,234,73
28,129,73
36,117,73
36,146,73
36,203,73
45,115,73
58,313,73
61,2,73
61,221,73
80,130,73
93,205,73
111,319,73
115,45,73
117,36,73
117,146,73
129,28,73
129,52,73
130,80,73
134,11,73
137,325,73
139,2,73
139,221,73
146,36,73
146,117,73
146,203,73
147,132,73
155,298,73
179,199,73
182,232,73
190,204,73
196,50,73
199,179,73
201,319,73
203,146,73
204,190,73
205,93,73
205,223,73
216,262,73
216,288,73
221,2,73
221,61,73
221,139,73
232,182,73
262,216,73
262,288,73
278,300,73
287,114,73
288,216,73
288,262,73
290,302,73
298,155,73
300,278,73
302,290,73
313,58,73
319,201,73
325,137,73
2,61,74
2,139,74
2,276,74
17,213,74
17,297,74
19,275,74
27,212,74
36,117,74
36,146,74
37,63,74
45,230,74
46,155,74
47,257,74
47,296,74
61,2,74
61,139,74
61,221,74
63,37,74
65,3,74
76,134,74
81,32,74
85,178,74
106,187,74
117,36,74
117,146,74
117,203,74
119,184,74
129,28,74
129,52,74
134,76,74
139,2,74
139,61,74
139,276,74
146,36,74
146,117,74
146,203,74
147,224,74
155,46,74
178,85,74
184,119,74
187,106,74
193,214,74
203,117,74
203,146,74
212,27,74
213,17,74
214,193,74
221,61,74
228,197,74
230,45,74
235,255,74
255,235,74
257,47,74
257,296,74
275,19,74
276,2,74
276,139,74
279,217,74
288,216,74
296,47,74
296,257,74
319,111,74
2,61,75
2,276,75
5,183,75
17,213,75
27,78,75
28,157,75
30,113,75
44,218,75
45,115,75
47,257,75
61,2,75
61,221,75
65,252,75
80,8,75
80,130,75
108,35,75
112,142,75
113,30,75
117,146,75
117,203,75
142,112,75
145,186,75
146,117,75
147,132,75
183,5,75
187,226,75
189,247,75
203,117,75
218,44,75
226,187,75
247,189,75
252,65,75
257,47,75
257,296,75
259,40,75
276,2,75
276,139,75
278,293,75
293,278,75
305,308,75
8,130,76
8,298,76
17,233,76
17,297,76
20,104,76
20,306,76
25,101,76
47,296,76
52,157,76
56,155,76
65,3,76
69,151,76
77,138,76
101,25,76
104,20,76
130,8,76
138,77,76
145,321,76
151,69,76
155,56,76
157,52,76
186,321,76
233,17,76
233,297,76
234,259,76
257,47,76
257,296,76
259,234,76
263,265,76
265,263,76
276,2,76
296,47,76
296,257,76
297,233,76
298,8,76
301,306,76
306,20,76
306,301,76
321,186,76
8,260,77
8,298,77
11,134,77
17,233,77
20,104,77
20,207,77
23,298,77
46,56,77
46,155,77
47,257,77
50,152,77
50,196,77
56,46,77
56,155,77
73,310,77
104,207,77
106,133,77
134,11,77
144,208,77
145,186,77
145,321,77
147,224,77
151,185,77
151,218,77
152,50,77
152,196,77
155,46,77
155,56,77
165,299,77
185,151,77
186,145,77
191,232,77
196,152,77
207,20,77
207,104,77
208,144,77
212,280,77
218,151,77
232,191,77
233,17,77
233,297,77
257,47,77
260,8,77
264,314,77
280,212,77
298,23,77
299,165,77
310,73,77
314,264,77
321,145,77
7,21,78
8,260,78
11,234,78
17,297,78
19,290,78
20,104,78
21,7,78
26,76,78
47,296,78
49,240,78
50,152,78
65,252,78
76,26,78
95,194,78
104,20,78
106,187,78
114,123,78
123,114,78
124,146,78
124,203,78
125,256,78
130,80,78
133,187,78
146,124,78
151,185,78
152,50,78
152,196,78
155,46,78
155,56,78
182,258,78
183,242,78
187,106,78
187,133,78
187,226,78
194,95,78
203,124,78
219,317,78
234,11,78
240,49,78
242,183,78
256,125,78
258,182,78
260,298,78
290,19,78
293,12,78
296,47,78
297,17,78
298,260,78
305,215,78
317,219,78
16,264,79
17,233,79
29,289,79
46,56,79
46,155,79
50,196,79
56,46,79
56,155,79
69,83,79
83,69,79
127,129,79
129,127,79
133,226,79
146,203,79
146,220,79
155,46,79
155,56,79
157,28,79
157,52,79
182,270,79
183,5,79
187,106,79
196,50,79
196,152,79
203,146,79
211,318,79
213,257,79
220,146,79
221,246,79
226,133,79
233,17,79
246,221,79
252,272,79
256,43,79
257,213,79
259,40,79
264,16,79
270,182,79
276,139,79
289,29,79
318,211,79
325,181,79
20,306,80
32,235,80
40,269,80
43,130,80
43,256,80
44,151,80
53,165,80
101,323,80
109,210,80
130,43,80
130,80,80
133,187,80
151,44,80
151,218,80
155,46,80
165,53,80
175,235,80
178,249,80
182,258,80
182,270,80
187,133,80
193,268,80
210,109,80
213,233,80
213,257,80
229,251,80
233,213,80
233,297,80
235,32,80
235,175,80
239,264,80
249,178,80
251,229,80
260,8,80
264,239,80
268,193,80
269,40,80
288,262,80
297,233,80
306,20,80
323,101,80
14,179,81
33,148,81
39,261,81
69,159,81
70,119,81
70,238,81
104,207,81
109,126,81
119,70,81
119,238,81
134,259,81
148,33,81
151,185,81
151,218,81
156,241,81
159,69,81
160,303,81
172,94,81
179,14,81
196,50,81
233,257,81
234,259,81
235,32,81
238,70,81
238,119,81
241,156,81
257,233,81
259,134,81
259,234,81
261,39,81
291,316,81
303,160,81
316,291,81
318,75,81
1,209,82
10,262,82
14,167,82
35,264,82
38,57,82
44,218,82
48,110,82
56,244,82
61,246,82
77,309,82
87,216,82
92,133,82
97,192,82
102,307,82
104,306,82
110,48,82
133,92,82
134,234,82
134,259,82
187,226,82
192,97,82
195,312,82
196,152,82
200,4,82
216,87,82
218,44,82
221,61,82
221,246,82
224,237,82
226,169,82
226,187,82
233,297,82
234,134,82
234,259,82
235,175,82
237,224,82
238,70,82
244,56,82
246,61,82
246,221,82
257,297,82
259,134,82
259,234,82
262,10,82
264,35,82
289,315,82
297,257,82
306,104,82
307,102,82
309,77,82
312,195,82
315,289,82
12,317,83
20,104,83
20,306,83
23,208,83
45,173,83
61,221,83
68,288,83
72,98,83
76,134,83
76,259,83
98,72,83
104,20,83
134,76,83
137,156,83
156,137,83
156,241,83
157,28,83
157,52,83
173,45,83
208,23,83
221,61,83
226,169,83
233,257,83
257,213,83
257,233,83
259,76,83
264,239,83
288,68,83
303,320,83
306,20,83
317,12,83
318,211,83
320,303,83
2,139,84
13,135,84
32,175,84
35,239,84
38,220,84
50,152,84
77,138,84
80,256,84
90,277,84
93,223,84
104,207,84
108,275,84
115,230,84
135,13,84
139,2,84
139,221,84
139,276,84
141,174,84
152,50,84
174,141,84
175,32,84
220,38,84
221,139,84
221,276,84
223,93,84
223,310,84
224,147,84
230,115,84
239,35,84
256,80,84
257,213,84
275,108,84
276,221,84
277,90,84
289,29,84
289,315,84
306,301,84
310,223,84
5,242,85
9,284,85
14,223,85
16,32,85
20,301,85
32,16,85
37,89,85
44,83,85
51,148,85
51,150,85
80,130,85
83,44,85
100,149,85
125,188,85
138,309,85
139,221,85
139,276,85
148,51,85
149,100,85
155,244,85
156,137,85
156,241,85
175,235,85
192,281,85
221,139,85
223,14,85
223,310,85
242,5,85
244,155,85
256,43,85
260,298,85
276,139,85
281,192,85
284,9,85
301,20,85
309,138,85
318,75,85
5,171,86
11,292,86
14,310,86
20,306,86
37,63,86
37,89,86
44,204,86
49,121,86
56,155,86
80,256,86
81,178,86
97,179,86
111,201,86
121,49,86
137,241,86
138,77,86
138,309,86
139,221,86
155,56,86
156,137,86
156,241,86
171,5,86
178,81,86
179,97,86
201,111,86
203,117,86
204,44,86
210,118,86
214,268,86
239,264,86
241,137,86
241,156,86
256,80,86
268,214,86
289,29,86
292,11,86
306,20,86
310,14,86
310,223,86
4,101,87
10,68,87
14,167,87
20,104,87
37,63,87
37,89,87
43,80,87
43,256,87
45,230,87
68,10,87
69,151,87
80,43,87
80,256,87
101,4,87
102,282,87
104,20,87
123,287,87
138,77,87
151,69,87
158,306,87
221,276,87
230,45,87
241,137,87
256,43,87
256,80,87
258,270,87
263,277,87
265,277,87
270,258,87
276,221,87
277,263,87
277,265,87
282,102,87
287,123,87
303,160,87
306,158,87
18,77,88
38,124,88
45,173,88
57,146,88
77,18,88
77,138,88
86,96,88
90,195,88
96,86,88
124,38,88
138,309,88
139,276,88
146,57,88
195,90,88
205,281,88
234,269,88
246,299,88
262,288,88
263,265,88
263,277,88
265,263,88
265,277,88
269,234,88
276,139,88
276,221,88
277,263,88
277,265,88
281,205,88
288,262,88
299,246,88
5,183,89
15,176,89
26,263,89
32,235,89
37,63,89
37,89,89
43,80,89
43,256,89
50,289,89
56,244,89
63,89,89
77,18,89
80,43,89
80,256,89
89,63,89
104,301,89
108,239,89
155,195,89
156,323,89
176,15,89
195,155,89
235,32,89
235,175,89
239,108,89
244,56,89
256,43,89
256,80,89
261,320,89
263,26,89
263,277,89
276,139,89
277,263,89
277,265,89
289,50,89
290,302,89
293,278,89
301,104,89
320,261,89
323,156,89
5,171,90
7,237,90
22,199,90
23,298,90
26,265,90
37,63,90
37,89,90
45,230,90
46,56,90
46,244,90
52,127,90
56,46,90
56,244,90
63,37,90
63,89,90
69,185,90
82,219,90
83,159,90
89,37,90
89,63,90
91,197,90
127,52,90
133,169,90
148,33,90
159,83,90
169,133,90
185,69,90
197,91,90
199,22,90
219,82,90
232,236,90
235,32,90
236,232,90
237,7,90
242,311,90
244,46,90
244,56,90
263,265,90
265,26,90
265,263,90
268,193,90
276,221,90
298,23,90
311,242,90
22,216,91
26,263,91
29,50,91
46,56,91
47,257,91
50,29,91
50,238,91
56,46,91
70,289,91
77,309,91
81,175,91
90,277,91
107,322,91
139,221,91
139,276,91
147,132,91
151,159,91
158,301,91
159,151,91
166,231,91
175,81,91
213,297,91
216,22,91
221,139,91
221,276,91
231,166,91
238,50,91
257,47,91
263,26,91
263,265,91
276,139,91
276,221,91
277,90,91
279,286,91
286,279,91
289,70,91
297,213,91
301,158,91
309,77,91
322,107,91
40,324,92
45,115,92
45,173,92
46,244,92
50,29,92
50,238,92
72,270,92
115,45,92
115,230,92
127,157,92
144,155,92
155,144,92
157,127,92
213,233,92
213,297,92
230,115,92
233,213,92
244,46,92
256,43,92
263,312,92
270,72,92
270,258,92
276,139,92
301,104,92
312,263,92
324,40,92
8,46,93
8,56,93
13,120,93
15,252,93
16,85,93
22,179,93
25,149,93
29,238,93
30,37,93
32,175,93
37,30,93
38,220,93
39,320,93
46,8,93
46,56,93
49,271,93
50,29,93
52,157,93
56,8,93
56,46,93
72,258,93
73,217,93
82,168,93
85,16,93
96,294,93
104,20,93
104,301,93
119,289,93
120,13,93
120,135,93
123,114,93
135,120,93
149,25,93
157,52,93
175,32,93
179,22,93
193,214,93
214,193,93
214,268,93
217,73,93
238,29,93
252,15,93
258,72,93
263,26,93
268,214,93
271,49,93
289,119,93
294,96,93
320,39,93
29,50,94
29,238,94
33,150,94
36,57,94
44,218,94
56,8,94
57,36,94
57,117,94
70,119,94
71,131,94
112,190,94
117,57,94
119,70,94
120,13,94
131,71,94
150,33,94
162,323,94
166,186,94
175,81,94
186,166,94
190,112,94
193,268,94
207,306,94
223,250,94
250,223,94
268,193,94
276,221,94
294,54,94
294,96,94
301,158,94
306,207,94
323,162,94
1,192,95
17,71,95
17,131,95
41,321,95
59,160,95
71,17,95
73,93,95
92,106,95
93,73,95
106,92,95
124,220,95
131,17,95
160,59,95
167,310,95
175,32,95
175,235,95
176,202,95
192,1,95
202,176,95
220,124,95
231,253,95
235,175,95
263,312,95
276,139,95
276,221,95
310,167,95
321,41,95
8,23,96
8,56,96
17,71,96
22,97,96
23,8,96
23,56,96
32,81,96
47,213,96
47,257,96
56,23,96
80,260,96
81,32,96
97,22,96
143,156,96
156,143,96
195,244,96
207,241,96
213,47,96
241,207,96
244,195,96
260,80,96
276,139,96
8,23,97
16,314,97
19,32,97
22,179,97
23,8,97
23,56,97
32,19,97
43,80,97
45,61,97
46,244,97
61,45,97
71,131,97
80,43,97
85,235,97
100,246,97
128,164,97
129,267,97
131,71,97
132,224,97
137,207,97
137,241,97
148,150,97
150,148,97
164,128,97
207,137,97
207,241,97
217,223,97
223,217,97
224,132,97
235,85,97
235,175,97
239,35,97
241,137,97
241,207,97
244,46,97
246,100,97
246,299,97
267,129,97
277,284,97
284,277,97
314,16,97
8,298,98
14,223,98
35,264,98
40,269,98
54,96,98
70,136,98
80,130,98
96,54,98
105,260,98
111,138,98
120,135,98
136,70,98
137,143,98
138,111,98
143,137,98
143,156,98
152,196,98
161,296,98
223,14,98
239,264,98
260,105,98
263,26,98
263,312,98
264,35,98
264,239,98
269,40,98
273,313,98
296,161,98
298,8,98
313,273,98
8,105,99
18,275,99
29,119,99
34,287,99
36,117,99
49,121,99
50,315,99
79,280,99
81,175,99
89,99,99
105,8,99
105,260,99
117,36,99
119,29,99
119,238,99
137,156,99
137,241,99
143,137,99
143,156,99
156,137,99
156,143,99
175,81,99
208,254,99
220,38,99
238,119,99
241,137,99
254,208,99
263,26,99
264,35,99
275,18,99
280,79,99
287,34,99
315,50,99
318,319,99
319,318,99
24,51,100
26,312,100
32,118,100
41,145,100
43,256,100
45,173,100
51,24,100
76,234,100
78,79,100
79,78,100
81,235,100
105,8,100
105,260,100
118,32,100
145,41,100
150,33,100
150,148,100
166,231,100
171,183,100
175,235,100
183,171,100
220,124,100
231,166,100
234,76,100
235,81,100
235,175,100
263,312,100
312,26,100
312,263,100
