1,179,1
3,219,1
11,22,1
14,74,1
17,287,1
18,273,1
21,215,1
22,11,1
26,226,1
34,44,1
44,34,1
50,270,1
58,118,1
71,135,1
74,14,1
74,181,1
75,127,1
76,286,1
78,216,1
81,144,1
89,300,1
107,129,1
118,58,1
127,75,1
129,107,1
130,171,1
135,71,1
142,197,1
144,81,1
152,230,1
161,165,1
165,161,1
171,130,1
174,209,1
179,1,1
181,74,1
182,277,1
189,295,1
195,213,1
197,142,1
204,282,1
206,293,1
208,280,1
209,174,1
213,195,1
215,21,1
216,78,1
219,3,1
224,275,1
226,26,1
230,152,1
235,302,1
236,261,1
245,278,1
247,249,1
249,247,1
261,236,1
270,50,1
273,18,1
275,224,1
277,182,1
278,245,1
280,208,1
282,204,1
286,76,1
287,17,1
293,206,1
295,189,1
300,89,1
302,235,1
6,32,2
13,126,2
20,302,2
32,6,2
45,252,2
46,280,2
57,139,2
65,268,2
69,202,2
71,250,2
72,92,2
74,14,2
77,272,2
84,213,2
86,96,2
87,276,2
89,131,2
89,300,2
92,72,2
96,86,2
103,159,2
120,148,2
126,13,2
131,89,2
131,300,2
139,57,2
148,120,2
159,103,2
163,196,2
163,208,2
173,214,2
196,163,2
196,208,2
202,69,2
208,163,2
208,196,2
213,84,2
213,195,2
214,173,2
227,242,2
242,227,2
250,71,2
252,45,2
268,65,2
272,77,2
276,87,2
280,46,2
300,131,2
302,20,2
302,235,2
17,257,3
23,301,3
30,51,3
37,214,3
51,30,3
62,202,3
78,92,3
84,195,3
88,212,3
92,78,3
94,145,3
94,200,3
99,245,3
145,94,3
163,196,3
171,251,3
175,278,3
195,84,3
196,163,3
200,94,3
202,62,3
212,88,3
214,37,3
245,99,3
251,171,3
257,17,3
278,175,3
301,23,3
9,123,4
19,101,4
54,213,4
60,158,4
74,181,4
93,226,4
99,157,4
99,245,4
101,19,4
123,9,4
125,171,4
145,200,4
152,241,4
157,99,4
158,60,4
171,125,4
175,281,4
191,192,4
191,233,4
192,191,4
192,233,4
200,145,4
213,54,4
226,93,4
233,191,4
233,192,4
241,152,4
281,175,4
6,237,5
14,181,5
38,249,5
51,109,5
74,14,5
75,272,5
84,213,5
93,149,5
93,226,5
109,51,5
115,119,5
119,115,5
127,129,5
129,127,5
149,93,5
149,226,5
169,244,5
181,14,5
211,215,5
213,84,5
215,211,5
226,149,5
237,6,5
241,286,5
244,169,5
249,38,5
257,287,5
272,75,5
286,241,5
287,257,5
14,74,6
18,230,6
46,208,6
59,114,6
61,86,6
83,153,6
86,61,6
89,131,6
93,149,6
95,124,6
102,128,6
114,59,6
124,95,6
128,102,6
131,89,6
134,136,6
136,134,6
136,155,6
148,249,6
149,93,6
151,160,6
153,83,6
155,136,6
160,151,6
175,245,6
195,213,6
204,229,6
208,46,6
213,195,6
229,204,6
230,18,6
241,152,6
241,286,6
245,175,6
249,148,6
26,142,7
38,148,7
58,188,7
61,96,7
84,195,7
86,96,7
96,61,7
96,86,7
118,194,7
141,143,7
142,26,7
143,141,7
148,38,7
149,226,7
166,183,7
183,166,7
188,58,7
194,118,7
195,84,7
195,213,7
200,258,7
241,152,7
241,286,7
258,200,7
22,46,8
23,254,8
46,22,8
58,118,8
58,194,8
61,86,8
61,96,8
79,244,8
85,205,8
86,61,8
93,95,8
94,299,8
95,93,8
95,124,8
96,61,8
107,127,8
112,183,8
118,58,8
118,194,8
125,130,8
127,107,8
130,125,8
183,112,8
183,166,8
194,58,8
194,118,8
195,84,8
200,145,8
205,85,8
230,273,8
241,152,8
241,286,8
244,79,8
254,23,8
254,301,8
273,230,8
275,281,8
281,275,8
299,94,8
301,254,8
11,46,9
23,301,9
30,165,9
31,238,9
46,11,9
46,22,9
58,118,9
68,258,9
93,124,9
95,93,9
95,124,9
99,157,9
118,58,9
118,194,9
120,247,9
124,93,9
124,95,9
148,249,9
152,286,9
154,164,9
164,154,9
165,30,9
191,192,9
192,191,9
213,268,9
238,31,9
247,120,9
258,68,9
268,213,9
286,152,9
301,23,9
301,254,9
27,133,10
49,205,10
64,115,10
84,268,10
96,110,10
105,170,10
110,96,10
112,166,10
115,64,10
118,58,10
118,194,10
133,27,10
136,134,10
166,112,10
170,105,10
205,49,10
219,270,10
244,169,10
268,84,10
270,219,10
301,23,10
301,254,10
30,43,11
32,60,11
43,30,11
46,167,11
46,241,11
52,184,11
60,32,11
84,213,11
84,268,11
89,300,11
95,197,11
97,265,11
122,255,11
167,46,11
184,52,11
187,224,11
197,95,11
207,299,11
213,84,11
214,173,11
224,187,11
241,46,11
255,122,11
263,267,11
265,97,11
267,263,11
299,207,11
300,89,11
33,50,12
50,33,12
75,107,12
84,213,12
89,131,12
89,300,12
95,226,12
99,245,12
107,75,12
112,183,12
132,252,12
163,280,12
176,197,12
183,112,12
184,193,12
193,184,12
197,176,12
200,258,12
215,255,12
226,95,12
236,302,12
245,99,12
252,132,12
255,215,12
258,200,12
280,163,12
302,236,12
36,55,13
50,53,13
53,50,13
55,36,13
61,110,13
75,129,13
84,268,13
93,108,13
95,197,13
95,226,13
97,248,13
97,265,13
99,175,13
99,245,13
101,228,13
108,93,13
110,61,13
129,75,13
157,278,13
163,196,13
163,280,13
165,161,13
175,99,13
175,245,13
192,233,13
195,268,13
197,95,13
197,226,13
205,85,13
214,37,13
226,197,13
228,101,13
245,175,13
248,97,13
268,195,13
278,157,13
301,23,13
18,273,14
22,286,14
28,219,14
28,270,14
55,71,14
60,158,14
71,55,14
75,107,14
75,129,14
87,201,14
91,198,14
93,124,14
93,226,14
94,145,14
94,299,14
97,248,14
99,175,14
99,245,14
107,129,14
108,124,14
118,58,14
124,93,14
124,108,14
129,107,14
134,155,14
136,296,14
145,94,14
148,247,14
155,134,14
171,251,14
175,99,14
175,245,14
191,203,14
198,91,14
201,87,14
203,191,14
219,28,14
219,270,14
226,93,14
226,95,14
230,18,14
230,273,14
245,99,14
245,175,14
247,148,14
270,28,14
270,219,14
273,18,14
273,230,14
286,22,14
296,136,14
299,94,14
1,52,15
20,236,15
28,219,15
28,270,15
43,165,15
45,142,15
52,1,15
74,181,15
92,72,15
93,124,15
93,226,15
95,176,15
95,226,15
99,175,15
99,278,15
121,287,15
124,93,15
125,171,15
125,251,15
131,300,15
142,45,15
149,197,15
152,241,15
165,43,15
169,178,15
171,125,15
171,251,15
175,99,15
175,278,15
176,95,15
178,169,15
181,74,15
191,254,15
197,149,15
219,28,15
219,270,15
226,93,15
226,95,15
236,20,15
241,152,15
251,125,15
251,171,15
254,191,15
270,28,15
270,219,15
273,18,15
273,230,15
278,99,15
278,175,15
287,121,15
300,131,15
12,44,16
15,114,16
18,230,16
18,273,16
26,45,16
35,216,16
41,130,16
44,12,16
45,26,16
47,69,16
69,47,16
93,124,16
95,176,16
103,186,16
114,15,16
130,41,16
145,258,16
148,235,16
165,161,16
169,244,16
175,281,16
176,226,16
186,103,16
191,203,16
197,226,16
202,243,16
216,35,16
225,253,16
226,176,16
226,197,16
230,18,16
230,273,16
235,148,16
242,246,16
243,202,16
246,242,16
253,225,16
255,122,16
258,145,16
268,84,16
273,18,16
273,230,16
278,99,16
281,175,16
26,149,17
41,171,17
45,149,17
63,249,17
92,78,17
98,299,17
129,75,17
134,296,17
149,26,17
149,45,17
171,41,17
226,176,17
226,197,17
227,238,17
238,227,17
249,63,17
258,200,17
273,18,17
296,134,17
299,98,17
6,156,18
18,230,18
18,273,18
26,45,18
26,149,18
33,139,18
38,247,18
44,34,18
45,26,18
45,149,18
51,74,18
74,51,18
75,107,18
75,129,18
94,98,18
98,94,18
99,245,18
104,283,18
107,75,18
107,129,18
125,171,18
129,107,18
139,33,18
149,26,18
149,45,18
156,6,18
160,203,18
171,125,18
203,160,18
230,18,18
245,99,18
247,38,18
263,294,18
283,104,18
294,263,18
26,45,19
45,26,19
45,172,19
75,107,19
80,162,19
90,289,19
93,108,19
93,124,19
95,135,19
98,299,19
99,175,19
99,245,19
107,75,19
107,129,19
108,93,19
135,95,19
162,80,19
172,45,19
175,99,19
175,281,19
191,254,19
194,231,19
196,259,19
231,194,19
236,302,19
259,196,19
263,267,19
289,90,19
1,184,20
9,73,20
10,187,20
18,230,20
20,38,20
38,20,20
56,287,20
73,9,20
93,108,20
99,175,20
108,197,20
126,239,20
175,99,20
175,281,20
184,1,20
187,10,20
197,108,20
224,275,20
239,126,20
275,224,20
287,56,20
26,172,21
70,91,21
91,70,21
93,124,21
94,207,21
97,265,21
99,245,21
125,255,21
126,217,21
134,155,21
172,26,21
175,245,21
175,281,21
207,94,21
217,126,21
226,176,21
245,175,21
245,281,21
254,301,21
255,125,21
281,245,21
287,257,21
301,254,21
1,52,22
16,39,22
30,161,22
39,16,22
44,12,22
44,34,22
46,152,22
56,121,22
67,116,22
75,129,22
91,130,22
116,67,22
121,56,22
129,75,22
130,91,22
136,256,22
147,170,22
152,46,22
161,30,22
170,147,22
196,208,22
206,270,22
208,196,22
245,99,22
256,136,22
270,206,22
281,175,22
300,89,22
1,184,23
3,206,23
4,109,23
12,34,23
34,12,23
41,251,23
61,86,23
62,205,23
85,209,23
89,131,23
89,300,23
109,4,23
129,107,23
131,89,23
172,176,23
176,172,23
176,226,23
178,298,23
205,62,23
206,3,23
209,85,23
220,290,23
251,41,23
290,220,23
298,178,23
1,52,24
1,184,24
3,270,24
11,196,24
11,208,24
17,56,24
20,247,24
31,227,24
41,125,24
47,202,24
52,184,24
53,206,24
56,17,24
89,131,24
108,124,24
114,59,24
124,108,24
125,41,24
130,171,24
162,277,24
166,183,24
171,130,24
176,172,24
183,166,24
184,52,24
196,11,24
196,208,24
202,47,24
206,53,24
208,11,24
208,196,24
227,31,24
247,20,24
270,3,24
277,162,24
2,115,25
2,119,25
6,60,25
7,228,25
10,227,25
12,44,25
33,219,25
44,12,25
52,117,25
52,184,25
60,6,25
87,212,25
89,300,25
93,197,25
94,98,25
98,94,25
98,299,25
115,2,25
117,52,25
119,2,25
121,287,25
124,93,25
124,108,25
124,197,25
170,105,25
170,147,25
191,233,25
197,93,25
197,124,25
212,87,25
219,33,25
227,10,25
228,7,25
233,191,25
246,285,25
285,246,25
287,121,25
24,150,26
25,289,26
29,270,26
43,74,26
74,43,26
84,195,26
87,201,26
90,111,26
94,207,26
111,90,26
124,108,26
124,197,26
145,262,26
150,24,26
170,105,26
170,147,26
176,226,26
192,254,26
195,84,26
208,11,26
222,266,26
254,192,26
262,145,26
262,280,26
266,222,26
270,29,26
280,262,26
289,25,26
3,29,27
6,158,27
11,196,27
12,34,27
20,38,27
29,3,27
45,142,27
55,263,27
55,267,27
65,151,27
71,135,27
94,98,27
94,207,27
94,299,27
98,94,27
98,299,27
106,148,27
135,71,27
148,106,27
151,65,27
154,207,27
158,6,27
170,105,27
191,192,27
191,233,27
192,191,27
192,233,27
192,254,27
196,11,27
207,154,27
215,211,27
233,192,27
233,254,27
254,233,27
262,145,27
263,55,27
267,55,27
299,94,27
299,98,27
3,206,28
6,60,28
19,228,28
22,241,28
28,33,28
29,270,28
33,28,28
34,44,28
35,92,28
40,225,28
44,34,28
52,117,28
66,80,28
76,83,28
79,169,28
80,66,28
83,76,28
84,268,28
91,70,28
92,35,28
94,98,28
94,207,28
98,94,28
108,197,28
145,258,28
149,226,28
169,79,28
170,147,28
191,192,28
192,191,28
196,259,28
197,108,28
206,3,28
207,94,28
207,154,28
225,40,28
226,149,28
228,19,28
241,22,28
256,289,28
258,145,28
289,256,28
3,270,29
7,19,29
7,228,29
9,283,29
12,44,29
19,7,29
34,276,29
38,106,29
44,12,29
46,273,29
57,121,29
89,131,29
98,207,29
98,299,29
105,147,29
106,38,29
117,184,29
121,57,29
147,105,29
149,242,29
149,285,29
152,273,29
163,194,29
183,112,29
184,1,29
184,117,29
191,254,29
194,163,29
207,98,29
228,7,29
242,149,29
242,285,29
245,278,29
254,191,29
263,267,29
267,263,29
270,3,29
270,29,29
273,46,29
273,152,29
276,34,29
278,245,29
283,9,29
285,149,29
285,242,29
3,29,30
3,270,30
7,19,30
11,259,30
29,3,30
63,212,30
84,195,30
94,154,30
94,299,30
98,207,30
105,170,30
117,52,30
121,287,30
144,291,30
147,170,30
149,242,30
154,94,30
170,105,30
170,147,30
171,190,30
190,171,30
191,192,30
191,254,30
195,268,30
207,299,30
212,63,30
226,176,30
242,149,30
254,301,30
259,11,30
268,195,30
270,3,30
291,144,30
299,94,30
299,207,30
2,115,31
2,119,31
27,256,31
34,44,31
38,148,31
44,34,31
79,244,31
87,276,31
90,256,31
92,78,31
121,57,31
123,140,31
140,123,31
144,81,31
148,38,31
154,207,31
154,299,31
159,186,31
169,178,31
170,105,31
178,169,31
186,159,31
191,192,31
205,243,31
207,154,31
207,299,31
243,205,31
244,79,31
256,27,31
256,90,31
276,87,31
299,154,31
299,207,31
2,115,32
2,119,32
24,223,32
33,219,32
34,87,32
34,276,32
37,173,32
44,87,32
46,241,32
51,181,32
63,249,32
85,205,32
85,209,32
87,34,32
87,44,32
94,154,32
111,256,32
115,119,32
118,194,32
119,115,32
121,287,32
154,94,32
154,207,32
173,37,32
181,51,32
194,118,32
205,85,32
207,154,32
223,24,32
241,46,32
256,111,32
258,200,32
276,34,32
9,104,33
34,87,33
46,208,33
46,241,33
47,69,33
55,250,33
70,171,33
75,300,33
79,169,33
79,178,33
81,291,33
82,134,33
85,205,33
87,34,33
90,289,33
94,207,33
104,9,33
112,147,33
121,57,33
121,287,33
130,255,33
134,82,33
134,266,33
147,112,33
169,79,33
169,178,33
171,70,33
178,79,33
178,169,33
191,301,33
194,163,33
207,94,33
207,154,33
208,46,33
220,300,33
250,55,33
255,130,33
258,145,33
258,200,33
266,134,33
278,157,33
289,90,33
291,81,33
300,75,33
300,220,33
301,191,33
23,254,34
23,301,34
61,96,34
61,110,34
82,266,34
96,61,34
104,283,34
112,183,34
116,216,34
142,291,34
154,299,34
178,79,34
205,209,34
207,94,34
209,205,34
216,116,34
245,99,34
254,23,34
254,301,34
266,82,34
267,294,34
283,104,34
287,257,34
291,142,34
294,267,34
299,154,34
300,75,34
301,23,34
301,254,34
6,32,35
6,60,35
9,283,35
21,130,35
23,254,35
23,301,35
25,136,35
27,289,35
32,6,35
35,116,35
36,135,35
57,141,35
62,243,35
81,144,35
105,147,35
112,147,35
116,35,35
116,216,35
118,58,35
130,21,35
135,36,35
136,25,35
141,57,35
147,105,35
147,112,35
184,1,35
190,251,35
206,270,35
243,62,35
251,190,35
254,23,35
258,145,35
267,263,35
267,294,35
270,206,35
283,9,35
283,104,35
287,121,35
287,257,35
289,27,35
301,23,35
6,32,36
11,196,36
11,259,36
26,176,36
35,216,36
46,273,36
57,143,36
70,190,36
79,169,36
79,178,36
82,134,36
98,154,36
99,278,36
134,82,36
136,289,36
142,260,36
142,291,36
143,57,36
145,200,36
145,258,36
154,98,36
169,79,36
176,26,36
190,70,36
196,11,36
197,93,36
200,145,36
216,35,36
245,278,36
260,142,36
267,263,36
273,46,36
275,281,36
278,99,36
278,245,36
281,275,36
283,9,36
284,298,36
287,121,36
289,136,36
298,284,36
7,228,37
9,104,37
9,283,37
44,278,37
46,241,37
79,169,37
85,243,37
99,245,37
104,9,37
115,186,37
126,239,37
134,266,37
136,25,37
141,143,37
142,260,37
142,291,37
143,141,37
147,170,37
154,299,37
169,178,37
170,147,37
172,285,37
178,169,37
186,115,37
195,213,37
200,280,37
213,195,37
243,85,37
245,99,37
245,278,37
254,301,37
260,291,37
266,134,37
278,44,37
278,245,37
280,200,37
285,172,37
291,260,37
301,254,37
3,33,38
20,235,38
21,211,38
33,3,38
33,219,38
43,181,38
46,273,38
70,251,38
73,140,38
82,266,38
91,190,38
94,154,38
104,283,38
130,211,38
134,82,38
134,266,38
140,73,38
149,285,38
154,94,38
181,43,38
190,91,38
197,108,38
200,262,38
211,21,38
211,130,38
212,276,38
235,20,38
251,70,38
262,200,38
266,82,38
266,134,38
271,277,38
276,212,38
277,271,38
283,104,38
285,149,38
301,23,38
3,270,39
9,104,39
9,283,39
21,228,39
70,190,39
94,98,39
98,94,39
104,9,39
123,286,39
125,255,39
133,289,39
149,172,39
168,215,39
172,149,39
172,285,39
190,70,39
208,273,39
215,168,39
228,21,39
243,62,39
244,274,39
255,125,39
266,82,39
270,3,39
273,208,39
274,244,39
283,9,39
285,172,39
286,123,39
289,133,39
291,142,39
301,254,39
9,104,40
28,219,40
31,187,40
36,176,40
46,208,40
46,241,40
46,273,40
62,205,40
63,235,40
91,171,40
94,207,40
98,299,40
99,175,40
112,183,40
115,64,40
118,167,40
121,257,40
154,299,40
167,118,40
171,91,40
172,149,40
175,99,40
176,36,40
180,213,40
187,31,40
205,62,40
208,46,40
208,273,40
213,180,40
219,28,40
219,33,40
230,257,40
235,63,40
257,121,40
257,230,40
273,46,40
273,208,40
277,162,40
299,98,40
299,154,40
11,58,41
23,233,41
30,288,41
46,208,41
58,11,41
80,189,41
85,209,41
93,108,41
94,98,41
94,207,41
94,299,41
98,94,41
98,299,41
108,93,41
132,297,41
148,236,41
178,244,41
189,80,41
207,299,41
208,46,41
209,85,41
213,195,41
233,23,41
235,249,41
236,148,41
244,178,41
249,235,41
257,121,41
257,230,41
288,30,41
291,260,41
297,132,41
299,94,41
299,98,41
299,207,41
301,191,41
11,196,42
12,87,42
24,107,42
24,150,42
38,236,42
50,203,42
87,12,42
93,197,42
94,98,42
94,207,42
98,94,42
98,207,42
98,299,42
107,24,42
107,150,42
108,197,42
135,71,42
150,107,42
178,274,42
197,93,42
197,108,42
203,50,42
207,94,42
207,98,42
207,299,42
208,241,42
236,38,42
241,208,42
244,274,42
257,121,42
257,230,42
266,134,42
274,178,42
274,244,42
285,246,42
299,98,42
299,207,42
3,33,43
18,121,43
23,254,43
26,36,43
26,176,43
33,3,43
33,206,43
36,26,43
63,249,43
92,299,43
93,108,43
93,197,43
94,154,43
98,207,43
98,299,43
99,245,43
108,93,43
121,18,43
121,257,43
150,24,43
154,94,43
157,281,43
176,26,43
197,93,43
206,33,43
207,98,43
207,299,43
236,148,43
245,99,43
248,265,43
249,63,43
252,297,43
254,23,43
257,121,43
265,248,43
281,157,43
297,252,43
299,92,43
299,98,43
299,207,43
3,28,44
3,206,44
4,43,44
5,156,44
13,226,44
21,127,44
22,57,44
28,3,44
35,67,44
38,148,44
38,236,44
43,4,44
44,87,44
57,22,44
58,259,44
67,35,44
70,251,44
79,284,44
84,268,44
87,44,44
91,190,44
98,207,44
98,299,44
99,175,44
99,245,44
124,217,44
127,21,44
140,283,44
148,38,44
149,285,44
156,5,44
171,190,44
179,193,44
190,91,44
190,171,44
193,179,44
206,3,44
206,33,44
207,98,44
207,299,44
211,228,44
217,124,44
226,13,44
228,211,44
236,38,44
259,58,44
268,84,44
283,140,44
284,79,44
285,149,44
299,92,44
299,98,44
299,207,44
3,33,45
33,3,45
37,214,45
55,95,45
95,55,45
95,135,45
98,154,45
98,299,45
105,112,45
112,105,45
112,183,45
135,95,45
148,236,45
149,246,45
154,98,45
173,214,45
209,174,45
214,173,45
236,148,45
246,149,45
270,296,45
274,178,45
296,270,45
299,98,45
25,296,46
37,96,46
37,214,46
38,106,46
70,190,46
95,55,46
96,37,46
98,154,46
112,105,46
125,130,46
125,255,46
130,125,46
130,255,46
149,285,46
154,207,46
186,159,46
190,70,46
197,242,46
207,154,46
210,267,46
214,37,46
242,197,46
255,130,46
266,82,46
267,210,46
296,25,46
14,165,47
20,247,47
25,136,47
25,296,47
38,148,47
43,161,47
87,12,47
93,242,47
135,250,47
136,296,47
142,260,47
142,291,47
148,38,47
161,43,47
165,14,47
188,222,47
197,93,47
222,188,47
242,93,47
250,135,47
255,125,47
260,142,47
291,142,47
296,136,47
7,21,48
13,234,48
21,7,48
25,136,48
25,296,48
38,236,48
46,241,48
46,273,48
59,198,48
87,44,48
92,116,48
93,197,48
93,242,48
96,173,48
98,299,48
116,92,48
132,252,48
136,25,48
142,260,48
173,96,48
178,292,48
197,242,48
198,59,48
234,13,48
236,38,48
241,46,48
241,208,48
241,273,48
242,197,48
252,132,48
255,130,48
260,291,48
273,46,48
273,241,48
291,260,48
292,178,48
296,25,48
12,212,49
25,27,49
27,25,49
37,96,49
44,278,49
59,171,49
59,198,49
63,106,49
65,195,49
96,37,49
106,63,49
108,172,49
116,207,49
136,296,49
163,231,49
171,59,49
172,108,49
172,197,49
195,65,49
197,172,49
207,116,49
207,154,49
212,12,49
231,163,49
235,245,49
242,93,49
245,235,49
246,285,49
273,46,49
278,44,49
285,246,49
296,136,49
17,155,50
23,191,50
24,107,50
24,150,50
30,74,50
32,137,50
37,214,50
59,171,50
74,30,50
96,214,50
107,24,50
116,92,50
125,211,50
127,228,50
137,32,50
152,230,50
155,17,50
169,274,50
191,23,50
197,242,50
202,243,50
211,125,50
214,96,50
228,127,50
230,152,50
242,197,50
243,202,50
273,241,50
274,169,50
6,137,51
12,87,51
24,107,51
24,150,51
25,296,51
27,296,51
30,288,51
37,96,51
57,143,51
79,298,51
87,12,51
87,212,51
88,201,51
96,37,51
96,214,51
97,301,51
103,115,51
106,148,51
107,150,51
115,103,51
134,218,51
137,6,51
143,57,51
148,106,51
150,107,51
171,198,51
175,245,51
195,213,51
198,171,51
201,88,51
211,255,51
212,87,51
218,134,51
245,175,51
255,211,51
258,280,51
280,258,51
296,25,51
296,27,51
298,79,51
301,97,51
3,219,52
7,127,52
12,44,52
12,87,52
12,212,52
21,127,52
25,136,52
28,270,52
30,74,52
33,206,52
37,214,52
44,12,52
46,286,52
48,132,52
54,84,52
55,71,52
71,55,52
73,283,52
79,284,52
84,54,52
87,12,52
87,212,52
95,135,52
96,37,52
96,214,52
106,63,52
117,156,52
121,230,52
127,7,52
127,21,52
132,48,52
135,95,52
136,25,52
141,152,52
142,144,52
144,142,52
149,246,52
150,24,52
152,141,52
156,117,52
183,269,52
195,65,52
195,213,52
208,273,52
210,294,52
212,12,52
212,87,52
214,37,52
214,96,52
219,3,52
230,121,52
235,249,52
246,149,52
249,235,52
269,183,52
270,28,52
273,208,52
283,73,52
286,46,52
290,300,52
294,210,52
300,290,52
3,270,53
7,21,53
18,82,53
21,7,53
21,127,53
24,107,53
59,91,53
59,198,53
66,189,53
79,298,53
82,18,53
89,223,53
91,59,53
107,24,53
143,257,53
189,66,53
198,59,53
206,270,53
211,125,53
211,255,53
217,234,53
223,89,53
234,217,53
235,278,53
245,278,53
257,143,53
270,3,53
270,206,53
273,241,53
278,235,53
278,245,53
3,33,54
3,219,54
7,127,54
12,87,54
20,106,54
20,247,54
21,7,54
21,127,54
32,60,54
33,3,54
33,219,54
55,95,54
59,91,54
60,32,54
87,12,54
91,198,54
95,55,54
106,20,54
106,63,54
120,164,54
121,141,54
121,152,54
125,255,54
127,7,54
127,21,54
141,121,54
147,269,54
152,121,54
164,120,54
167,241,54
174,243,54
190,198,54
198,91,54
198,190,54
214,37,54
219,33,54
226,234,54
234,226,54
241,167,54
243,174,54
243,202,54
255,125,54
269,147,54
270,28,54
273,208,54
3,33,55
7,21,55
7,127,55
21,7,55
21,127,55
30,288,55
33,3,55
43,181,55
59,171,55
70,130,55
72,299,55
91,59,55
93,197,55
99,278,55
105,147,55
108,234,55
121,141,55
121,230,55
127,7,55
127,21,55
130,70,55
135,250,55
141,230,55
142,260,55
147,105,55
147,269,55
167,286,55
171,59,55
174,202,55
197,93,55
202,174,55
208,241,55
219,270,55
230,141,55
234,108,55
234,226,55
241,208,55
245,99,55
245,278,55
260,142,55
270,219,55
278,99,55
278,245,55
286,167,55
299,72,55
3,17,56
7,21,56
7,127,56
9,73,56
10,31,56
16,122,56
17,3,56
18,56,56
20,63,56
21,7,56
31,10,56
35,216,56
49,85,56
56,18,56
56,230,56
59,91,56
59,171,56
63,20,56
68,200,56
73,9,56
73,283,56
85,49,56
87,212,56
96,173,56
99,245,56
99,278,56
121,141,56
122,16,56
127,7,56
141,121,56
152,273,56
161,288,56
167,208,56
200,68,56
206,219,56
208,167,56
208,241,56
219,206,56
230,56,56
234,108,56
245,99,56
245,278,56
273,152,56
278,99,56
278,245,56
288,161,56
299,98,56
7,21,57
9,283,57
11,253,57
17,53,57
17,155,57
21,127,57
25,27,57
27,25,57
37,96,57
37,173,57
48,297,57
53,17,57
59,91,57
65,213,57
69,111,57
85,174,57
96,37,57
111,69,57
127,21,57
143,57,57
149,291,57
167,286,57
170,271,57
173,37,57
174,85,57
176,242,57
191,254,57
213,65,57
235,249,57
242,176,57
253,11,57
254,191,57
267,294,57
271,170,57
283,9,57
283,73,57
291,149,57
294,267,57
297,48,57
3,270,58
17,53,58
34,212,58
35,92,58
37,96,58
40,140,58
45,291,58
63,106,58
67,216,58
71,95,58
76,153,58
92,35,58
95,71,58
96,214,58
97,265,58
105,112,58
121,230,58
140,40,58
141,152,58
152,141,58
152,273,58
153,76,58
210,267,58
212,34,58
214,96,58
216,67,58
230,121,58
265,97,58
267,210,58
270,3,58
283,9,58
291,45,58
21,7,59
25,296,59
27,296,59
37,173,59
40,225,59
75,229,59
91,171,59
96,37,59
96,173,59
97,301,59
98,154,59
124,226,59
125,215,59
132,240,59
136,270,59
140,253,59
154,98,59
171,91,59
173,96,59
179,272,59
208,286,59
215,125,59
226,124,59
229,75,59
240,132,59
241,286,59
253,140,59
270,136,59
272,179,59
283,73,59
286,208,59
286,241,59
296,25,59
296,27,59
3,33,60
3,53,60
12,175,60
15,107,60
21,127,60
25,27,60
27,25,60
35,216,60
53,3,60
99,245,60
107,15,60
173,37,60
175,12,60
175,278,60
192,213,60
208,241,60
208,286,60
213,192,60
216,35,60
216,67,60
241,208,60
245,99,60
246,285,60
265,277,60
277,265,60
278,175,60
286,208,60
3,33,61
3,53,61
13,172,61
20,104,61
26,197,61
27,296,61
35,92,61
35,216,61
52,193,61
56,121,61
78,116,61
83,143,61
91,198,61
104,20,61
107,24,61
115,64,61
116,78,61
121,56,61
124,234,61
143,83,61
144,81,61
155,266,61
172,13,61
178,274,61
193,52,61
197,26,61
198,91,61
208,241,61
216,35,61
234,124,61
245,278,61
266,155,61
274,178,61
278,245,61
283,9,61
283,73,61
285,291,61
291,285,61
24,150,62
41,215,62
49,205,62
64,103,62
98,299,62
103,64,62
108,197,62
117,193,62
129,131,62
131,129,62
135,177,62
173,96,62
173,214,62
174,202,62
177,135,62
193,117,62
197,108,62
198,190,62
205,49,62
208,286,62
214,173,62
215,41,62
216,67,62
235,245,62
245,235,62
283,9,62
9,73,63
11,68,63
18,152,63
24,107,63
24,150,63
26,176,63
42,187,63
57,287,63
68,11,63
73,9,63
81,260,63
105,128,63
107,150,63
117,156,63
125,255,63
128,105,63
150,107,63
152,18,63
174,85,63
174,202,63
176,26,63
178,292,63
187,42,63
208,273,63
235,249,63
260,81,63
273,208,63
273,286,63
286,273,63
287,57,63
9,283,64
17,139,64
26,108,64
26,197,64
38,148,64
41,125,64
41,215,64
61,250,64
70,211,64
89,131,64
91,190,64
93,285,64
108,26,64
108,197,64
119,159,64
121,230,64
125,41,64
131,89,64
139,17,64
148,38,64
150,24,64
152,230,64
159,119,64
174,85,64
174,202,64
176,242,64
178,274,64
190,91,64
197,26,64
197,108,64
211,70,64
230,152,64
235,245,64
241,273,64
250,61,64
273,241,64
273,286,64
285,93,64
299,72,64
299,98,64
24,107,65
24,150,65
26,108,65
46,208,65
92,216,65
105,112,65
107,24,65
107,150,65
108,26,65
124,226,65
150,107,65
197,291,65
208,46,65
210,294,65
216,92,65
262,280,65
273,241,65
273,286,65
280,262,65
291,197,65
294,210,65
3,33,66
13,124,66
16,39,66
24,107,66
24,150,66
26,291,66
33,139,66
67,92,66
73,283,66
88,237,66
92,67,66
92,216,66
98,154,66
99,235,66
107,24,66
108,291,66
124,13,66
132,297,66
139,33,66
149,260,66
150,24,66
152,18,66
178,292,66
190,198,66
191,23,66
197,285,66
218,289,66
235,99,66
237,88,66
260,149,66
278,175,66
283,73,66
285,197,66
289,218,66
291,26,66
291,108,66
297,132,66
4,74,67
13,217,67
24,107,67
26,242,67
48,132,67
59,114,67
69,296,67
74,4,67
92,67,67
92,216,67
98,299,67
102,221,67
105,128,67
121,56,67
125,215,67
132,48,67
139,17,67
142,149,67
142,260,67
149,142,67
149,260,67
174,268,67
178,244,67
208,241,67
215,125,67
217,13,67
221,102,67
240,297,67
241,208,67
242,26,67
244,178,67
260,142,67
260,149,67
268,174,67
285,291,67
291,285,67
296,69,67
297,240,67
3,53,68
17,33,68
22,46,68
26,108,68
26,242,68
26,285,68
33,17,68
33,266,68
46,22,68
62,65,68
64,115,68
65,62,68
67,216,68
92,67,68
96,214,68
105,112,68
107,150,68
108,26,68
108,242,68
121,152,68
139,219,68
141,230,68
150,107,68
152,121,68
187,224,68
214,96,68
216,67,68
219,139,68
224,187,68
230,141,68
241,273,68
242,108,68
259,273,68
266,33,68
273,241,68
273,259,68
285,26,68
285,197,68
10,42,69
15,150,69
26,242,69
29,293,69
42,10,69
44,87,69
79,284,69
87,44,69
150,15,69
152,18,69
156,193,69
193,156,69
202,268,69
241,259,69
241,273,69
242,26,69
242,285,69
259,241,69
268,202,69
273,241,69
285,242,69
293,29,69
3,17,70
7,228,70
9,20,70
13,172,70
17,3,70
20,9,70
26,285,70
26,291,70
33,139,70
43,51,70
51,43,70
85,243,70
114,171,70
139,33,70
142,149,70
149,142,70
149,260,70
150,107,70
156,117,70
171,114,70
178,292,70
207,302,70
215,255,70
224,281,70
228,7,70
242,26,70
242,285,70
243,85,70
255,215,70
281,224,70
281,275,70
285,26,70
285,242,70
291,26,70
302,207,70
3,266,71
21,101,71
32,126,71
33,219,71
67,92,71
68,194,71
71,135,71
98,262,71
101,21,71
108,291,71
117,193,71
118,259,71
126,32,71
135,71,71
154,262,71
193,117,71
194,68,71
197,246,71
208,273,71
219,33,71
241,208,71
241,273,71
246,197,71
259,118,71
262,98,71
262,154,71
266,3,71
273,208,71
273,241,71
291,108,71
17,53,72
27,69,72
33,139,72
39,122,72
47,111,72
53,17,72
69,27,72
93,108,72
94,98,72
98,94,72
102,287,72
108,93,72
108,291,72
111,47,72
122,39,72
123,167,72
149,142,72
167,123,72
187,281,72
191,233,72
208,241,72
208,273,72
209,243,72
233,191,72
241,208,72
243,209,72
273,208,72
281,187,72
287,102,72
291,26,72
291,108,72
7,21,73
17,266,73
21,7,73
21,101,73
26,93,73
53,266,73
56,155,73
82,152,73
85,205,73
93,26,73
93,108,73
108,93,73
108,291,73
113,153,73
149,260,73
152,82,73
153,113,73
154,280,73
155,56,73
174,202,73
184,272,73
202,174,73
205,85,73
208,241,73
235,249,73
246,285,73
262,280,73
266,17,73
266,53,73
272,184,73
280,154,73
280,262,73
285,246,73
13,124,74
17,53,74
17,266,74
21,7,74
24,89,74
26,108,74
32,234,74
40,196,74
52,158,74
53,17,74
53,266,74
65,192,74
67,216,74
89,24,74
92,216,74
93,26,74
93,108,74
93,197,74
97,100,74
100,97,74
106,247,74
108,26,74
108,93,74
108,291,74
117,156,74
119,256,74
158,52,74
192,65,74
196,40,74
197,93,74
202,268,74
205,209,74
209,205,74
216,92,74
234,32,74
247,106,74
256,119,74
266,17,74
266,53,74
280,154,74
280,262,74
300,220,74
1,5,75
5,1,75
7,101,75
17,53,75
17,266,75
21,228,75
26,93,75
26,108,75
27,90,75
28,219,75
46,141,75
53,17,75
67,92,75
81,132,75
90,27,75
92,67,75
92,216,75
93,26,75
98,280,75
101,7,75
105,147,75
108,26,75
108,242,75
132,81,75
141,46,75
147,105,75
154,262,75
206,296,75
219,28,75
228,21,75
242,108,75
262,154,75
262,280,75
266,17,75
280,98,75
280,262,75
296,206,75
3,53,76
4,30,76
7,21,76
21,7,76
26,93,76
26,108,76
30,4,76
51,181,76
53,3,76
53,266,76
58,68,76
68,58,76
68,194,76
78,207,76
85,209,76
92,67,76
104,276,76
108,26,76
108,197,76
134,155,76
149,142,76
155,134,76
175,245,76
175,278,76
181,51,76
187,238,76
197,108,76
207,78,76
207,302,76
209,85,76
238,187,76
245,175,76
262,154,76
266,53,76
276,104,76
6,88,77
17,53,77
26,93,77
26,242,77
34,44,77
44,34,77
53,17,77
53,266,77
67,216,77
68,58,77
78,302,77
79,298,77
88,6,77
99,249,77
125,190,77
159,256,77
178,244,77
190,125,77
207,78,77
207,302,77
216,67,77
242,26,77
243,268,77
249,99,77
256,159,77
268,243,77
270,289,77
289,270,77
302,78,77
302,207,77
18,121,78
38,236,78
44,224,78
49,209,78
53,17,78
53,266,78
61,95,78
68,194,78
78,207,78
78,302,78
82,188,78
86,110,78
91,130,78
95,61,78
99,175,78
105,170,78
110,86,78
121,18,78
130,91,78
170,105,78
175,99,78
188,82,78
197,242,78
207,78,78
207,302,78
209,49,78
224,44,78
242,197,78
256,119,78
272,179,78
302,78,78
302,207,78
3,17,79
17,3,79
17,53,79
22,141,79
26,197,79
27,25,79
32,60,79
36,210,79
49,85,79
49,205,79
49,209,79
53,17,79
78,207,79
85,49,79
89,101,79
92,216,79
97,109,79
99,249,79
101,89,79
109,97,79
127,228,79
141,22,79
169,244,79
197,26,79
197,242,79
202,243,79
202,268,79
205,49,79
207,78,79
210,36,79
216,92,79
228,127,79
238,275,79
241,273,79
243,202,79
244,169,79
268,202,79
269,183,79
273,241,79
275,238,79
2,159,80
17,3,80
17,266,80
28,139,80
28,219,80
38,148,80
49,85,80
58,194,80
67,92,80
68,58,80
68,194,80
92,67,80
92,216,80
108,285,80
130,211,80
134,289,80
139,28,80
139,219,80
155,270,80
159,2,80
164,207,80
172,176,80
175,249,80
176,172,80
186,256,80
194,58,80
194,68,80
199,222,80
202,243,80
202,268,80
207,164,80
211,130,80
213,195,80
219,139,80
222,199,80
243,268,80
249,175,80
256,186,80
266,17,80
268,243,80
270,155,80
285,108,80
289,134,80
3,53,81
17,3,81
17,266,81
25,69,81
27,69,81
49,209,81
53,3,81
55,61,81
61,55,81
61,95,81
64,103,81
69,25,81
69,27,81
93,291,81
121,152,81
130,91,81
139,33,81
152,121,81
194,58,81
197,26,81
205,243,81
207,302,81
211,70,81
243,205,81
243,268,81
244,178,81
262,280,81
268,202,81
268,243,81
291,93,81
6,237,82
28,33,82
28,139,82
33,28,82
38,236,82
46,143,82
51,43,82
61,55,82
67,216,82
69,25,82
69,27,82
75,220,82
91,211,82
92,67,82
92,216,82
99,245,82
100,109,82
109,100,82
118,241,82
137,158,82
139,28,82
141,46,82
143,46,82
153,283,82
155,218,82
158,137,82
172,263,82
211,91,82
216,67,82
216,92,82
218,155,82
220,75,82
237,6,82
241,118,82
245,99,82
263,172,82
283,153,82
12,235,83
19,168,83
28,33,83
28,139,83
31,42,83
33,139,83
34,224,83
42,31,83
44,34,83
44,224,83
54,174,83
79,169,83
93,242,83
93,291,83
118,152,83
130,171,83
139,33,83
148,236,83
152,118,83
168,19,83
169,79,83
171,130,83
174,54,83
177,250,83
197,242,83
224,34,83
224,44,83
230,257,83
235,12,83
236,148,83
241,273,83
242,93,83
242,197,83
250,177,83
257,230,83
26,279,84
35,67,84
42,10,84
42,31,84
45,144,84
51,181,84
58,68,84
67,35,84
68,58,84
93,242,84
93,291,84
97,151,84
99,249,84
114,130,84
120,225,84
125,198,84
130,114,84
130,171,84
136,206,84
136,296,84
139,28,84
144,45,84
151,97,84
162,189,84
169,298,84
189,162,84
198,125,84
206,136,84
217,226,84
224,34,84
225,120,84
226,217,84
233,271,84
242,93,84
242,291,84
249,99,84
271,233,84
279,26,84
291,242,84
296,136,84
298,169,84
17,53,85
34,44,85
43,181,85
44,34,85
49,205,85
49,209,85
53,17,85
55,71,85
71,55,85
79,298,85
85,202,85
93,242,85
114,171,85
130,114,85
130,171,85
139,33,85
171,114,85
171,130,85
179,184,85
179,272,85
181,43,85
181,51,85
184,179,85
184,272,85
187,275,85
202,85,85
205,49,85
205,209,85
209,205,85
240,252,85
242,93,85
252,240,85
272,184,85
275,187,85
284,292,85
292,284,85
298,79,85
298,169,85
8,97,86
13,217,86
25,47,86
25,90,86
34,212,86
43,51,86
43,181,86
47,25,86
49,243,86
49,268,86
51,43,86
53,3,86
53,17,86
55,263,86
71,263,86
90,25,86
91,215,86
97,8,86
99,175,86
118,259,86
126,234,86
140,153,86
153,140,86
166,272,86
171,114,86
171,130,86
172,279,86
175,99,86
181,43,86
215,91,86
217,13,86
220,290,86
234,126,86
243,49,86
243,268,86
252,297,86
263,55,86
263,71,86
268,49,86
268,243,86
272,166,86
272,184,86
273,286,86
279,172,86
280,299,86
290,220,86
297,252,86
299,280,86
18,270,87
25,47,87
25,90,87
26,197,87
34,44,87
42,10,87
43,51,87
47,90,87
51,181,87
55,71,87
56,257,87
67,92,87
71,55,87
90,47,87
92,67,87
97,151,87
108,227,87
119,186,87
129,229,87
135,250,87
166,184,87
166,272,87
171,114,87
171,130,87
181,51,87
184,166,87
184,272,87
186,119,87
197,26,87
205,243,87
227,108,87
229,129,87
240,297,87
243,205,87
250,135,87
252,240,87
252,297,87
257,56,87
259,286,87
268,49,87
270,18,87
272,166,87
272,184,87
286,259,87
297,240,87
297,252,87
25,47,88
27,90,88
34,212,88
44,212,88
47,25,88
49,205,88
49,209,88
49,243,88
51,43,88
56,121,88
56,257,88
84,293,88
90,27,88
91,255,88
106,236,88
118,163,88
121,56,88
130,215,88
162,277,88
163,118,88
171,114,88
201,237,88
205,49,88
205,243,88
205,268,88
209,49,88
212,44,88
215,130,88
236,106,88
237,201,88
243,49,88
243,205,88
243,268,88
255,91,88
268,205,88
268,243,88
272,166,88
277,162,88
293,84,88
297,240,88
21,228,89
47,90,89
49,268,89
56,121,89
61,95,89
90,47,89
92,98,89
97,8,89
98,92,89
164,302,89
192,195,89
195,192,89
195,213,89
205,209,89
205,243,89
209,205,89
221,287,89
228,21,89
236,148,89
243,49,89
243,205,89
243,268,89
268,49,89
268,243,89
287,221,89
302,164,89
1,184,90
12,175,90
25,27,90
25,47,90
25,90,90
27,25,90
27,90,90
46,141,90
47,25,90
49,243,90
55,263,90
63,247,90
79,169,90
83,128,90
90,25,90
90,27,90
103,115,90
115,103,90
123,141,90
128,83,90
141,123,90
164,207,90
164,302,90
169,79,90
175,12,90
184,1,90
192,213,90
195,192,90
207,164,90
213,192,90
227,246,90
240,252,90
243,49,90
246,227,90
247,63,90
252,240,90
263,55,90
1,272,91
7,228,91
11,253,91
25,47,91
25,90,91
26,93,91
37,214,91
67,35,91
71,95,91
85,268,91
90,25,91
93,26,91
95,71,91
113,140,91
118,199,91
140,113,91
141,46,91
163,199,91
169,298,91
175,99,91
184,272,91
199,118,91
199,163,91
212,224,91
214,37,91
220,75,91
224,212,91
228,7,91
253,11,91
268,85,91
272,1,91
272,184,91
1,166,92
1,272,92
2,119,92
2,186,92
8,109,92
44,224,92
55,95,92
95,55,92
99,249,92
109,8,92
111,206,92
119,2,92
119,186,92
139,203,92
166,1,92
166,179,92
175,12,92
179,166,92
186,2,92
186,119,92
195,213,92
203,139,92
205,209,92
206,111,92
213,195,92
224,44,92
224,212,92
227,108,92
272,1,92
13,204,93
22,208,93
56,230,93
70,91,93
87,245,93
91,70,93
91,255,93
98,216,93
117,193,93
124,176,93
132,240,93
134,218,93
156,272,93
158,52,93
176,124,93
199,118,93
204,13,93
208,22,93
216,98,93
218,134,93
230,56,93
240,132,93
241,259,93
245,87,93
259,241,93
272,156,93
3,289,94
9,104,94
14,288,94
21,223,94
56,241,94
56,259,94
72,94,94
82,270,94
93,242,94
94,72,94
95,71,94
104,9,94
121,257,94
132,81,94
152,270,94
167,194,94
194,167,94
197,242,94
223,21,94
227,285,94
241,56,94
241,259,94
242,197,94
243,268,94
257,121,94
258,262,94
259,56,94
259,241,94
262,258,94
268,243,94
270,82,94
270,152,94
272,1,94
275,238,94
285,227,94
288,14,94
289,3,94
12,99,95
15,171,95
19,122,95
21,89,95
32,88,95
55,71,95
56,241,95
61,263,95
69,136,95
71,55,95
71,95,95
78,280,95
82,152,95
88,32,95
89,21,95
91,70,95
99,12,95
122,19,95
136,69,95
148,247,95
152,82,95
152,270,95
171,15,95
227,246,95
236,106,95
241,56,95
242,93,95
247,148,95
263,61,95
280,78,95
1,166,96
1,272,96
11,40,96
40,11,96
56,230,96
56,241,96
56,270,96
57,143,96
70,255,96
92,216,96
136,296,96
143,57,96
151,192,96
156,193,96
161,181,96
164,299,96
166,1,96
166,272,96
170,269,96
181,161,96
192,65,96
192,151,96
193,156,96
197,291,96
204,217,96
205,268,96
216,92,96
217,204,96
227,285,96
230,257,96
255,70,96
257,230,96
267,297,96
268,205,96
269,170,96
270,56,96
272,166,96
272,184,96
291,197,96
297,267,96
299,164,96
8,100,97
11,253,97
12,249,97
21,223,97
47,90,97
56,121,97
56,257,97
56,259,97
57,221,97
62,205,97
69,296,97
78,299,97
82,270,97
90,47,97
100,8,97
121,56,97
121,241,97
121,257,97
121,259,97
132,240,97
136,69,97
143,221,97
166,179,97
166,184,97
184,166,97
184,272,97
188,218,97
205,62,97
207,302,97
218,188,97
221,57,97
221,143,97
241,121,97
241,257,97
241,259,97
249,12,97
257,56,97
257,121,97
257,230,97
257,241,97
259,56,97
259,121,97
259,241,97
259,273,97
270,82,97
272,1,97
272,184,97
273,259,97
280,299,97
296,69,97
299,78,97
299,280,97
302,207,97
3,133,98
12,99,98
12,249,98
19,173,98
27,206,98
34,44,98
44,34,98
51,181,98
54,293,98
55,95,98
56,121,98
56,257,98
78,280,98
78,302,98
95,55,98
95,71,98
97,109,98
99,249,98
109,97,98
121,56,98
121,257,98
121,259,98
124,279,98
132,81,98
133,3,98
139,160,98
160,139,98
166,272,98
173,19,98
179,184,98
179,272,98
181,51,98
181,161,98
184,179,98
184,272,98
206,27,98
249,99,98
254,301,98
257,56,98
257,121,98
257,259,98
259,121,98
259,241,98
259,257,98
263,294,98
272,166,98
272,179,98
272,184,98
279,124,98
280,78,98
280,302,98
293,54,98
294,263,98
301,254,98
302,78,98
302,280,98
1,184,99
9,276,99
13,217,99
33,203,99
40,196,99
41,190,99
44,224,99
51,161,99
56,121,99
56,257,99
56,273,99
57,143,99
62,243,99
70,91,99
70,255,99
78,164,99
95,55,99
105,112,99
121,56,99
121,273,99
124,176,99
133,289,99
143,57,99
161,51,99
164,78,99
166,179,99
179,166,99
179,184,99
184,1,99
184,179,99
187,246,99
190,41,99
203,33,99
217,13,99
220,229,99
224,44,99
229,220,99
232,239,99
235,245,99
239,232,99
243,62,99
245,235,99
246,187,99
257,56,99
257,273,99
259,241,99
270,152,99
273,56,99
273,121,99
273,257,99
276,9,99
289,133,99
293,84,99
302,207,99
302,280,99
9,87,100
26,172,100
28,293,100
45,210,100
51,181,100
52,156,100
57,287,100
62,205,100
70,91,100
70,255,100
87,9,100
91,255,100
95,71,100
130,211,100
152,259,100
152,270,100
156,52,100
166,184,100
172,26,100
181,51,100
184,166,100
184,179,100
204,239,100
210,45,100
211,130,100
224,212,100
239,204,100
249,12,100
249,99,100
255,91,100
258,280,100
259,152,100
259,241,100
273,56,100
273,257,100
280,258,100
287,57,100
293,28,100
