2,198,1
2,203,1
3,148,1
4,51,1
13,321,1
17,264,1
18,58,1
18,292,1
22,263,1
23,96,1
24,316,1
30,45,1
30,294,1
38,153,1
39,291,1
41,59,1
41,102,1
45,30,1
49,214,1
51,4,1
51,167,1
54,172,1
55,115,1
58,18,1
58,292,1
59,41,1
71,261,1
81,336,1
87,245,1
96,23,1
97,214,1
98,272,1
102,41,1
102,174,1
103,327,1
110,280,1
112,229,1
114,145,1
115,55,1
132,199,1
134,255,1
136,174,1
140,181,1
145,114,1
148,3,1
151,231,1
151,288,1
153,38,1
154,183,1
156,208,1
162,232,1
162,234,1
167,51,1
172,54,1
174,102,1
174,136,1
180,300,1
181,140,1
182,301,1
183,154,1
192,273,1
193,220,1
198,2,1
199,132,1
199,210,1
200,252,1
203,2,1
205,314,1
208,156,1
210,199,1
213,308,1
214,49,1
214,97,1
220,193,1
226,336,1
229,112,1
231,151,1
231,288,1
232,162,1
234,162,1
245,87,1
252,200,1
255,134,1
261,71,1
263,22,1
264,17,1
272,98,1
272,278,1
273,192,1
274,322,1
278,272,1
280,110,1
288,151,1
288,231,1
291,39,1
292,18,1
292,58,1
294,30,1
300,180,1
301,182,1
308,213,1
314,205,1
316,24,1
321,13,1
322,274,1
327,103,1
336,81,1
336,226,1
4,167,2
7,155,2
20,333,2
28,100,2
41,59,2
41,102,2
41,174,2
45,181,2
49,129,2
51,4,2
51,157,2
57,203,2
59,102,2
61,303,2
77,319,2
79,289,2
80,191,2
87,171,2
87,245,2
97,129,2
97,214,2
99,221,2
100,28,2
102,41,2
102,59,2
102,174,2
103,280,2
113,296,2
114,339,2
125,165,2
126,251,2
129,49,2
129,97,2
151,224,2
151,231,2
155,7,2
157,51,2
157,167,2
162,232,2
162,257,2
165,125,2
167,4,2
167,157,2
171,87,2
171,245,2
174,41,2
174,102,2
179,241,2
181,45,2
181,140,2
191,80,2
199,132,2
201,312,2
203,57,2
221,99,2
224,151,2
224,231,2
231,151,2
231,224,2
232,257,2
240,242,2
241,179,2
242,240,2
245,171,2
251,126,2
257,162,2
257,232,2
280,103,2
280,327,2
289,79,2
289,311,2
296,113,2
303,61,2
311,289,2
312,201,2
319,77,2
327,280,2
333,20,2
339,114,2
4,51,3
5,264,3
6,267,3
15,319,3
18,58,3
18,292,3
32,284,3
32,301,3
33,153,3
41,102,3
42,325,3
44,62,3
46,259,3
51,4,3
58,18,3
62,44,3
68,331,3
81,226,3
85,250,3
87,171,3
90,340,3
102,41,3
107,217,3
123,138,3
125,281,3
138,123,3
141,240,3
153,33,3
153,38,3
158,283,3
168,230,3
171,87,3
171,245,3
174,136,3
181,45,3
186,311,3
196,243,3
208,321,3
217,107,3
225,245,3
226,81,3
227,256,3
230,168,3
231,151,3
231,224,3
240,141,3
240,242,3
243,196,3
245,225,3
250,85,3
256,227,3
257,162,3
258,329,3
259,46,3
264,5,3
267,6,3
280,103,3
280,327,3
281,125,3
283,158,3
284,32,3
289,79,3
292,18,3
301,32,3
311,186,3
319,15,3
321,208,3
325,42,3
329,258,3
331,68,3
340,90,3
4,157,4
8,121,4
15,40,4
15,319,4
18,58,4
32,284,4
40,15,4
40,319,4
41,174,4
44,312,4
51,167,4
61,74,4
66,219,4
67,263,4
74,61,4
87,150,4
92,142,4
103,327,4
121,8,4
122,249,4
125,165,4
125,281,4
142,92,4
150,87,4
157,4,4
167,51,4
174,41,4
182,284,4
199,210,4
209,293,4
219,66,4
231,151,4
234,257,4
249,122,4
257,234,4
263,67,4
280,103,4
280,327,4
284,182,4
293,209,4
312,44,4
319,40,4
327,103,4
327,280,4
2,324,5
7,89,5
7,155,5
10,160,5
13,110,5
17,31,5
18,292,5
19,256,5
22,67,5
30,181,5
31,17,5
41,136,5
41,174,5
44,62,5
45,140,5
67,22,5
89,7,5
89,155,5
97,129,5
107,170,5
110,13,5
110,208,5
114,145,5
125,165,5
125,281,5
131,144,5
136,41,5
136,174,5
140,45,5
144,131,5
155,89,5
157,297,5
160,10,5
163,334,5
165,281,5
170,107,5
174,136,5
181,30,5
205,306,5
208,110,5
208,321,5
240,141,5
240,242,5
256,19,5
256,227,5
281,165,5
284,301,5
291,313,5
297,157,5
301,284,5
306,205,5
311,330,5
313,291,5
319,15,5
324,2,5
330,311,5
334,163,5
7,89,6
13,208,6
16,216,6
20,292,6
20,333,6
22,270,6
32,301,6
33,38,6
34,222,6
36,252,6
38,33,6
38,153,6
58,267,6
60,177,6
66,76,6
67,263,6
76,66,6
76,219,6
82,275,6
86,180,6
89,7,6
92,115,6
110,13,6
110,208,6
110,321,6
114,339,6
115,92,6
116,239,6
122,326,6
144,318,6
156,321,6
170,217,6
177,60,6
180,86,6
187,214,6
208,13,6
208,110,6
208,321,6
214,187,6
214,296,6
216,16,6
217,170,6
219,76,6
221,281,6
222,34,6
231,224,6
239,116,6
240,141,6
243,268,6
252,36,6
267,58,6
268,243,6
269,340,6
270,22,6
275,82,6
281,221,6
292,20,6
296,214,6
301,32,6
312,201,6
318,144,6
321,110,6
321,156,6
321,208,6
326,122,6
340,269,6
3,90,7
5,33,7
5,105,7
15,40,7
20,292,7
20,333,7
33,5,7
33,38,7
37,327,7
38,33,7
38,153,7
40,15,7
41,136,7
45,181,7
49,164,7
52,83,7
62,223,7
70,161,7
83,52,7
87,225,7
90,3,7
97,187,7
103,164,7
105,5,7
107,217,7
110,156,7
110,208,7
122,249,7
127,307,7
136,41,7
156,110,7
156,321,7
161,70,7
164,49,7
164,103,7
170,107,7
170,217,7
172,244,7
179,262,7
181,45,7
187,97,7
208,110,7
208,321,7
217,107,7
217,170,7
223,62,7
225,87,7
231,151,7
244,172,7
245,171,7
256,19,7
262,179,7
267,6,7
267,58,7
292,18,7
292,20,7
294,338,7
301,284,7
307,127,7
321,156,7
321,208,7
327,37,7
338,294,7
5,33,8
17,42,8
17,325,8
20,292,8
20,333,8
33,5,8
41,174,8
42,17,8
42,325,8
49,103,8
50,69,8
62,44,8
69,50,8
73,104,8
97,296,8
103,49,8
104,73,8
107,170,8
110,321,8
117,182,8
136,174,8
144,131,8
162,232,8
170,107,8
174,41,8
174,136,8
182,117,8
187,296,8
191,247,8
208,110,8
232,162,8
234,332,8
235,259,8
247,191,8
259,235,8
296,97,8
296,187,8
321,110,8
325,17,8
325,42,8
332,234,8
17,31,9
31,325,9
33,38,9
36,176,9
38,33,9
44,201,9
75,190,9
76,200,9
78,314,9
81,304,9
93,315,9
100,271,9
110,156,9
110,208,9
110,321,9
118,241,9
130,251,9
131,318,9
133,320,9
141,242,9
144,318,9
149,341,9
150,171,9
156,110,9
171,150,9
173,240,9
176,36,9
184,337,9
190,75,9
191,80,9
191,247,9
199,339,9
200,76,9
201,44,9
208,321,9
232,238,9
238,232,9
240,173,9
241,118,9
242,141,9
251,130,9
271,100,9
304,81,9
314,78,9
315,93,9
318,131,9
318,144,9
320,133,9
321,208,9
325,31,9
327,280,9
337,184,9
339,199,9
341,149,9
11,232,10
38,47,10
44,312,10
47,38,10
47,105,10
49,164,10
52,186,10
70,73,10
73,70,10
87,171,10
101,297,10
105,47,10
107,217,10
110,280,10
110,327,10
115,147,10
120,136,10
132,214,10
136,120,10
147,115,10
164,49,10
171,87,10
171,150,10
186,52,10
191,80,10
214,132,10
217,107,10
232,11,10
232,238,10
280,110,10
280,327,10
291,39,10
292,333,10
296,97,10
297,101,10
307,317,10
312,44,10
317,307,10
318,131,10
318,144,10
327,110,10
327,280,10
333,292,10
3,269,11
4,168,11
6,147,11
8,152,11
11,238,11
15,319,11
17,264,11
20,292,11
27,154,11
36,252,11
44,201,11
70,104,11
76,66,11
97,187,11
103,164,11
104,70,11
110,156,11
115,92,11
120,174,11
123,200,11
127,317,11
130,286,11
136,174,11
147,6,11
152,8,11
154,27,11
156,208,11
156,321,11
162,238,11
164,103,11
168,4,11
174,120,11
174,136,11
187,97,11
189,263,11
200,123,11
208,156,11
208,321,11
232,11,11
232,238,11
234,257,11
238,11,11
238,162,11
238,232,11
257,332,11
263,189,11
264,17,11
269,3,11
286,130,11
292,18,11
292,20,11
317,127,11
317,307,11
318,131,11
321,156,11
321,208,11
332,257,11
339,114,11
9,335,12
13,321,12
18,333,12
32,155,12
34,195,12
39,313,12
41,102,12
44,62,12
45,140,12
54,160,12
72,267,12
73,104,12
79,303,12
88,274,12
94,205,12
97,296,12
104,73,12
110,321,12
110,327,12
120,136,12
126,325,12
136,120,12
136,174,12
146,290,12
148,313,12
150,320,12
155,32,12
156,208,12
160,54,12
171,87,12
171,245,12
195,34,12
198,307,12
205,94,12
208,156,12
208,321,12
226,336,12
238,162,12
238,232,12
257,234,12
262,300,12
267,72,12
271,285,12
274,88,12
281,165,12
285,271,12
290,146,12
292,18,12
300,262,12
303,79,12
307,198,12
307,317,12
313,39,12
313,148,12
318,144,12
320,150,12
321,13,12
321,110,12
321,208,12
325,126,12
327,110,12
333,18,12
335,9,12
1,250,13
8,302,13
10,27,13
13,110,13
19,227,13
27,10,13
28,271,13
47,38,13
49,103,13
51,157,13
51,167,13
73,161,13
79,289,13
85,318,13
103,49,13
103,164,13
110,13,13
110,327,13
145,210,13
157,51,13
161,73,13
199,210,13
210,145,13
210,199,13
224,283,13
227,19,13
234,332,13
238,162,13
238,232,13
250,1,13
257,332,13
270,273,13
271,28,13
273,270,13
283,224,13
291,313,13
302,8,13
307,198,13
313,39,13
313,291,13
317,127,13
318,85,13
318,144,13
332,234,13
332,257,13
17,31,14
21,235,14
31,17,14
31,266,14
38,105,14
39,148,14
52,83,14
52,186,14
55,142,14
58,292,14
66,219,14
70,161,14
79,303,14
105,38,14
106,243,14
136,120,14
142,55,14
145,199,14
145,210,14
148,39,14
156,321,14
161,70,14
161,73,14
170,217,14
171,87,14
184,241,14
199,145,14
199,210,14
202,261,14
210,145,14
210,199,14
217,170,14
219,66,14
227,256,14
235,21,14
241,184,14
243,106,14
256,227,14
261,202,14
263,67,14
266,31,14
279,322,14
292,58,14
307,317,14
317,307,14
321,156,14
321,208,14
322,279,14
332,234,14
6,292,15
31,17,15
31,266,15
52,330,15
55,92,15
60,168,15
63,236,15
70,73,15
70,161,15
73,70,15
76,123,15
78,94,15
88,195,15
92,55,15
94,78,15
108,288,15
110,321,15
110,327,15
111,198,15
114,214,15
123,76,15
134,220,15
145,199,15
151,283,15
161,70,15
168,60,15
186,330,15
194,265,15
195,88,15
198,111,15
199,145,15
201,312,15
214,114,15
220,134,15
227,19,15
236,63,15
265,194,15
283,151,15
283,224,15
288,108,15
292,6,15
292,58,15
312,201,15
321,110,15
321,208,15
327,280,15
330,52,15
330,186,15
1,318,16
7,155,16
20,142,16
22,192,16
30,140,16
40,326,16
46,211,16
90,269,16
97,187,16
103,49,16
110,208,16
110,327,16
111,185,16
123,200,16
126,266,16
140,30,16
142,20,16
155,7,16
158,224,16
165,221,16
182,284,16
185,111,16
192,22,16
192,273,16
199,210,16
208,110,16
211,46,16
212,228,16
214,339,16
221,165,16
224,158,16
224,283,16
226,304,16
228,212,16
238,11,16
266,126,16
269,90,16
273,192,16
284,182,16
304,226,16
318,1,16
326,40,16
327,110,16
327,280,16
339,214,16
14,191,17
17,266,17
31,126,17
39,291,17
56,147,17
58,72,17
58,267,17
60,106,17
72,58,17
72,267,17
73,161,17
76,219,17
79,311,17
85,144,17
92,142,17
94,314,17
97,296,17
106,60,17
110,156,17
110,321,17
119,208,17
119,280,17
126,31,17
126,266,17
129,164,17
130,325,17
140,181,17
142,92,17
144,85,17
147,56,17
156,110,17
161,73,17
164,129,17
181,140,17
189,337,17
191,14,17
195,34,17
208,119,17
219,76,17
226,336,17
254,304,17
266,17,17
266,126,17
267,58,17
267,72,17
280,119,17
286,325,17
291,39,17
304,254,17
311,79,17
314,94,17
321,110,17
325,130,17
325,286,17
337,189,17
6,115,18
17,264,18
32,185,18
39,148,18
40,52,18
40,186,18
40,330,18
49,164,18
52,40,18
53,128,18
58,240,18
58,267,18
70,73,18
70,161,18
73,70,18
73,161,18
79,289,18
79,311,18
87,245,18
96,188,18
110,156,18
113,114,18
114,113,18
115,6,18
115,292,18
119,327,18
128,53,18
136,174,18
151,224,18
161,70,18
161,73,18
164,49,18
172,287,18
175,319,18
176,320,18
185,32,18
186,40,18
188,96,18
199,145,18
199,210,18
208,327,18
224,151,18
224,283,18
239,323,18
240,58,18
240,173,18
245,87,18
267,58,18
287,172,18
291,313,18
292,115,18
303,311,18
311,303,18
319,175,18
320,176,18
323,239,18
325,130,18
327,119,18
327,208,18
330,40,18
3,229,19
6,292,19
13,208,19
22,273,19
36,150,19
37,119,19
37,327,19
40,52,19
40,186,19
40,330,19
52,186,19
52,330,19
55,140,19
70,73,19
72,292,19
73,70,19
79,289,19
83,330,19
88,274,19
115,267,19
118,295,19
119,37,19
119,327,19
129,296,19
130,286,19
130,325,19
132,187,19
133,176,19
140,55,19
150,36,19
159,310,19
176,133,19
179,251,19
182,301,19
184,337,19
186,52,19
187,132,19
207,257,19
208,13,19
215,283,19
229,3,19
246,305,19
251,179,19
257,207,19
267,115,19
273,22,19
278,287,19
283,215,19
283,224,19
286,130,19
287,278,19
292,6,19
292,72,19
295,118,19
296,129,19
301,182,19
305,246,19
310,159,19
327,37,19
327,119,19
330,52,19
330,83,19
337,184,19
6,72,20
6,115,20
39,291,20
41,59,20
49,103,20
59,41,20
72,6,20
72,292,20
73,161,20
86,233,20
94,78,20
110,321,20
115,6,20
130,286,20
151,158,20
151,224,20
158,151,20
171,225,20
171,245,20
204,256,20
219,66,20
224,151,20
224,283,20
225,171,20
233,86,20
245,171,20
251,281,20
256,204,20
281,251,20
291,39,20
319,15,20
330,40,20
330,52,20
330,83,20
3,269,21
6,20,21
20,6,21
24,225,21
39,148,21
49,119,21
58,115,21
60,196,21
62,201,21
80,316,21
113,296,21
115,58,21
115,267,21
119,49,21
151,158,21
156,280,21
156,327,21
157,162,21
162,157,21
167,177,21
171,225,21
177,167,21
185,111,21
196,60,21
201,62,21
213,222,21
222,213,21
225,24,21
225,171,21
231,305,21
251,179,21
251,281,21
267,292,21
269,3,21
280,156,21
280,327,21
283,215,21
286,325,21
292,267,21
296,113,21
305,231,21
316,80,21
325,286,21
327,156,21
327,280,21
330,40,21
337,189,21
10,154,22
24,171,22
33,5,22
37,208,22
39,291,22
41,102,22
45,55,22
45,140,22
55,45,22
59,102,22
70,161,22
72,115,22
72,292,22
87,133,22
97,129,22
102,59,22
107,249,22
115,72,22
115,292,22
116,323,22
129,97,22
133,87,22
133,176,22
140,45,22
143,205,22
148,291,22
154,10,22
156,280,22
156,321,22
156,327,22
161,70,22
161,73,22
162,232,22
171,24,22
182,284,22
189,241,22
189,337,22
205,143,22
208,37,22
229,269,22
232,162,22
241,189,22
249,107,22
258,282,22
269,229,22
272,287,22
278,272,22
280,156,22
282,258,22
283,305,22
287,272,22
291,148,22
292,72,22
292,115,22
305,283,22
317,127,22
321,156,22
321,327,22
323,116,22
327,156,22
327,321,22
4,177,23
6,72,23
37,156,23
37,208,23
39,148,23
45,55,23
49,103,23
52,83,23
72,6,23
72,115,23
79,311,23
83,52,23
87,176,23
97,296,23
110,156,23
113,187,23
115,72,23
115,267,23
115,292,23
119,280,23
119,327,23
125,221,23
129,296,23
132,339,23
133,87,23
133,176,23
144,318,23
148,39,23
156,37,23
156,110,23
162,157,23
169,244,23
176,87,23
176,133,23
177,4,23
177,167,23
180,195,23
187,113,23
189,241,23
189,337,23
195,180,23
221,125,23
241,337,23
244,169,23
267,115,23
267,292,23
269,3,23
272,278,23
272,287,23
280,119,23
280,321,23
280,327,23
292,267,23
296,97,23
296,129,23
311,79,23
318,144,23
321,280,23
321,327,23
327,119,23
327,280,23
327,321,23
337,241,23
339,132,23
3,229,24
11,157,24
12,289,24
24,138,24
29,82,24
34,334,24
37,156,24
41,248,24
52,330,24
58,240,24
66,76,24
67,241,24
67,263,24
72,6,24
72,267,24
76,66,24
82,29,24
87,133,24
97,129,24
97,296,24
110,280,24
110,321,24
113,114,24
113,187,24
114,187,24
129,97,24
133,87,24
133,176,24
138,24,24
148,291,24
156,37,24
157,11,24
177,4,24
177,167,24
187,114,24
188,253,24
210,339,24
229,3,24
240,58,24
241,67,24
248,41,24
253,188,24
267,72,24
267,292,24
272,278,24
272,287,24
280,110,24
283,215,24
289,12,24
292,115,24
292,267,24
296,97,24
321,110,24
327,119,24
330,52,24
334,34,24
339,210,24
5,38,25
5,264,25
37,110,25
37,156,25
37,321,25
38,5,25
39,340,25
51,101,25
52,83,25
56,92,25
58,72,25
58,267,25
67,189,25
67,263,25
69,199,25
72,58,25
87,176,25
92,56,25
101,51,25
106,167,25
106,168,25
110,37,25
110,321,25
115,267,25
115,292,25
116,239,25
116,323,25
129,164,25
133,87,25
133,176,25
140,166,25
164,129,25
166,140,25
167,106,25
168,106,25
176,87,25
176,133,25
177,4,25
187,113,25
187,114,25
189,67,25
191,316,25
192,295,25
199,69,25
200,219,25
211,331,25
219,200,25
237,265,25
239,116,25
241,263,25
263,241,25
264,5,25
265,237,25
267,58,25
267,115,25
280,327,25
287,172,25
292,115,25
295,192,25
316,191,25
321,37,25
321,110,25
327,280,25
331,211,25
339,132,25
340,39,25
5,38,26
6,166,26
12,79,26
37,156,26
39,148,26
40,122,26
49,119,26
58,240,26
67,337,26
79,12,26
87,133,26
94,217,26
119,49,26
119,327,26
122,40,26
130,216,26
133,87,26
134,255,26
148,39,26
156,321,26
161,70,26
166,6,26
168,177,26
177,168,26
183,309,26
187,113,26
187,114,26
189,263,26
200,123,26
205,306,26
216,130,26
217,94,26
229,269,26
239,323,26
241,337,26
263,67,26
263,189,26
263,241,26
263,337,26
269,229,26
271,338,26
272,278,26
309,183,26
321,156,26
323,239,26
327,119,26
327,280,26
337,67,26
337,241,26
337,263,26
338,271,26
14,316,27
20,166,27
33,264,27
38,105,27
38,145,27
58,173,27
58,240,27
67,241,27
70,73,27
70,161,27
73,70,27
73,161,27
82,313,27
92,292,27
105,145,27
106,177,27
107,217,27
116,239,27
119,49,27
145,38,27
145,105,27
161,73,27
166,20,27
168,106,27
173,58,27
177,106,27
187,113,27
189,337,27
216,16,27
216,130,27
217,107,27
220,255,27
229,3,27
229,269,27
239,116,27
240,267,27
241,67,27
255,220,27
263,189,27
263,337,27
264,33,27
267,240,27
292,92,27
313,82,27
316,14,27
316,191,27
321,110,27
337,189,27
337,263,27
3,90,28
14,191,28
14,316,28
16,31,28
16,216,28
31,16,28
38,5,28
38,145,28
39,291,28
44,223,28
52,326,28
57,226,28
59,248,28
60,65,28
65,60,28
79,311,28
90,3,28
92,56,28
92,292,28
97,164,28
98,147,28
106,168,28
106,177,28
126,325,28
145,38,28
147,98,28
152,302,28
158,215,28
164,97,28
166,6,28
166,20,28
184,241,28
191,14,28
199,228,28
215,158,28
216,16,28
216,130,28
223,44,28
225,245,28
226,57,28
228,199,28
240,58,28
241,184,28
241,263,28
245,225,28
248,59,28
255,134,28
255,220,28
263,241,28
263,337,28
291,39,28
302,152,28
316,14,28
325,126,28
326,52,28
337,189,28
337,263,28
339,210,28
2,203,29
3,269,29
6,20,29
6,166,29
14,191,29
14,316,29
15,52,29
16,31,29
20,6,29
20,166,29
52,15,29
52,326,29
67,263,29
70,73,29
73,70,29
92,56,29
102,128,29
114,164,29
128,102,29
136,298,29
145,105,29
148,291,29
149,231,29
164,114,29
166,6,29
166,20,29
170,258,29
171,245,29
178,309,29
189,263,29
191,316,29
203,2,29
207,285,29
231,149,29
241,67,29
241,263,29
245,171,29
258,170,29
263,67,29
263,189,29
263,241,29
269,3,29
283,305,29
285,207,29
289,311,29
291,148,29
298,136,29
304,81,29
309,178,29
311,289,29
316,191,29
3,90,30
3,269,30
7,284,30
7,301,30
12,311,30
14,191,30
31,286,30
39,148,30
44,62,30
44,223,30
56,292,30
58,333,30
62,44,30
67,337,30
73,104,30
79,12,30
79,311,30
92,292,30
105,214,30
106,168,30
108,131,30
118,308,30
121,187,30
131,108,30
147,194,30
148,39,30
148,291,30
156,208,30
164,97,30
168,177,30
177,168,30
178,260,30
182,117,30
184,189,30
187,121,30
189,184,30
189,263,30
191,14,30
194,147,30
208,156,30
214,105,30
224,305,30
232,257,30
248,41,30
257,232,30
260,178,30
263,189,30
284,7,30
284,301,30
286,31,30
292,56,30
292,92,30
301,7,30
301,284,30
305,224,30
308,118,30
311,12,30
311,79,30
333,58,30
337,67,30
339,132,30
2,324,31
3,90,31
3,269,31
7,284,31
10,25,31
10,54,31
10,154,31
20,72,31
25,10,31
25,154,31
39,291,31
44,62,31
52,83,31
52,326,31
54,10,31
67,189,31
67,263,31
72,20,31
90,269,31
104,161,31
114,121,31
121,114,31
131,288,31
132,296,31
136,174,31
154,25,31
156,321,31
157,162,31
161,104,31
163,244,31
168,106,31
171,176,31
173,267,31
176,171,31
176,245,31
189,67,31
189,184,31
189,241,31
215,283,31
241,189,31
244,163,31
244,169,31
245,176,31
263,67,31
263,337,31
267,173,31
269,90,31
282,314,31
283,215,31
284,7,31
284,301,31
288,131,31
291,39,31
292,56,31
296,132,31
314,282,31
321,156,31
337,263,31
10,54,32
10,160,32
38,105,32
43,220,32
43,255,32
49,327,32
52,83,32
56,92,32
62,201,32
66,219,32
67,184,32
67,263,32
92,56,32
105,38,32
105,214,32
120,174,32
151,215,32
158,151,32
158,215,32
160,10,32
167,238,32
171,245,32
174,120,32
176,171,32
184,67,32
206,227,32
215,151,32
215,158,32
219,66,32
220,43,32
220,255,32
227,206,32
238,167,32
244,163,32
245,171,32
255,43,32
255,220,32
263,67,32
263,337,32
273,276,32
276,273,32
280,321,32
321,280,32
327,49,32
6,45,33
15,319,33
16,47,33
25,54,33
43,220,33
43,255,33
45,6,33
47,16,33
54,25,33
54,160,33
62,44,33
67,184,33
67,263,33
92,292,33
102,248,33
117,284,33
141,267,33
151,158,33
156,208,33
158,151,33
158,215,33
160,54,33
167,268,33
176,225,33
194,237,33
220,43,33
225,176,33
232,332,33
237,194,33
238,268,33
248,102,33
255,43,33
263,67,33
263,337,33
267,141,33
268,167,33
268,238,33
269,3,33
273,22,33
280,327,33
284,117,33
284,301,33
291,148,33
292,92,33
311,12,33
316,80,33
327,280,33
332,232,33
16,266,34
38,214,34
40,83,34
43,220,34
43,255,34
47,266,34
49,129,34
49,327,34
50,220,34
54,25,34
64,237,34
67,337,34
73,70,34
83,40,34
105,38,34
110,156,34
110,208,34
114,187,34
129,49,34
129,327,34
147,265,34
151,215,34
156,110,34
167,238,34
167,268,34
177,196,34
178,309,34
187,114,34
191,225,34
196,177,34
200,219,34
208,110,34
214,38,34
215,151,34
215,158,34
219,200,34
220,50,34
220,255,34
225,191,34
237,64,34
238,167,34
238,268,34
240,333,34
255,220,34
260,309,34
265,147,34
266,16,34
266,47,34
268,167,34
268,238,34
284,7,34
309,260,34
327,49,34
327,129,34
333,240,34
337,67,34
339,210,34
16,47,35
30,124,35
31,216,35
47,16,35
66,200,35
66,219,35
67,184,35
72,166,35
108,288,35
110,321,35
113,121,35
121,113,35
124,30,35
137,191,35
153,337,35
155,307,35
162,297,35
166,72,35
178,260,35
178,309,35
191,137,35
191,225,35
200,66,35
200,219,35
212,255,35
215,151,35
216,31,35
216,130,35
219,66,35
219,200,35
220,50,35
225,176,35
225,191,35
255,212,35
260,178,35
260,309,35
288,108,35
297,162,35
307,155,35
309,178,35
309,260,35
311,289,35
321,110,35
327,49,35
327,280,35
337,153,35
337,263,35
3,90,36
3,269,36
6,140,36
8,13,36
13,8,36
32,96,36
64,194,36
64,237,36
83,326,36
90,3,36
96,32,36
115,173,36
140,6,36
163,169,36
169,163,36
173,115,36
184,263,36
194,64,36
194,237,36
201,236,36
216,31,36
220,255,36
236,201,36
237,194,36
249,314,36
255,220,36
263,184,36
280,321,36
283,305,36
305,283,36
314,249,36
321,280,36
326,83,36
327,49,36
337,153,36
7,117,37
7,284,37
17,114,37
17,187,37
31,130,37
31,216,37
38,145,37
52,186,37
64,194,37
71,202,37
98,265,37
102,128,37
103,208,37
114,17,37
114,187,37
117,7,37
119,129,37
123,193,37
129,119,37
130,31,37
130,216,37
145,38,37
145,214,37
156,37,37
187,17,37
187,114,37
193,123,37
194,64,37
202,71,37
208,103,37
211,46,37
214,145,37
216,130,37
221,277,37
265,98,37
277,221,37
321,110,37
1,313,38
6,45,38
6,140,38
7,117,38
31,130,38
36,320,38
50,255,38
72,240,38
94,282,38
115,141,38
129,327,38
130,31,38
141,115,38
141,267,38
153,263,38
153,337,38
187,17,38
191,137,38
191,225,38
218,328,38
220,50,38
220,255,38
240,72,38
255,50,38
255,220,38
263,153,38
263,184,38
269,229,38
282,94,38
291,39,38
291,340,38
313,1,38
320,36,38
321,327,38
327,129,38
327,321,38
328,218,38
340,291,38
38,228,39
66,123,39
77,109,39
109,77,39
113,339,39
123,66,39
123,193,39
137,225,39
141,173,39
145,228,39
169,244,39
173,141,39
205,256,39
215,158,39
225,137,39
228,38,39
228,145,39
234,254,39
244,169,39
254,234,39
256,205,39
301,315,39
315,301,39
321,280,39
321,327,39
327,49,39
327,321,39
339,113,39
17,33,40
20,166,40
31,216,40
33,17,40
48,78,40
49,321,40
49,327,40
50,220,40
67,263,40
75,146,40
78,48,40
110,280,40
110,321,40
113,114,40
114,113,40
115,267,40
119,280,40
121,187,40
129,164,40
134,219,40
143,258,40
146,75,40
160,10,40
162,157,40
164,129,40
166,20,40
175,186,40
176,245,40
184,67,40
186,175,40
187,121,40
189,295,40
198,317,40
203,324,40
215,151,40
215,158,40
216,31,40
219,134,40
220,50,40
225,176,40
228,38,40
245,176,40
258,143,40
263,67,40
267,115,40
270,276,40
276,270,40
277,298,40
280,110,40
280,119,40
295,189,40
298,277,40
317,198,40
321,49,40
321,110,40
324,203,40
327,49,40
4,168,41
6,55,41
8,208,41
20,45,41
20,166,41
25,278,41
31,130,41
35,331,41
39,148,41
39,291,41
40,326,41
45,20,41
45,166,41
49,280,41
49,321,41
52,175,41
55,6,41
67,184,41
79,329,41
105,214,41
110,119,41
110,280,41
110,321,41
114,214,41
119,110,41
119,321,41
137,191,41
148,39,41
148,291,41
166,45,41
167,238,41
168,4,41
171,252,41
175,52,41
176,225,41
191,137,41
208,8,41
214,105,41
214,114,41
225,245,41
232,234,41
234,232,41
238,167,41
245,225,41
252,171,41
271,28,41
278,25,41
280,49,41
280,110,41
280,321,41
291,39,41
291,148,41
321,49,41
321,110,41
321,119,41
321,280,41
326,40,41
329,79,41
331,35,41
4,261,42
12,289,42
19,206,42
20,240,42
35,68,42
35,331,42
39,148,42
44,236,42
49,119,42
49,280,42
49,321,42
52,326,42
54,154,42
68,35,42
69,210,42
92,237,42
114,113,42
119,49,42
137,161,42
144,246,42
145,214,42
148,39,42
154,54,42
161,137,42
166,20,42
166,240,42
170,314,42
181,284,42
206,19,42
210,69,42
214,145,42
224,283,42
234,254,42
236,44,42
237,92,42
240,20,42
240,166,42
246,144,42
255,43,42
261,4,42
265,147,42
280,49,42
283,224,42
284,181,42
289,12,42
314,170,42
321,49,42
321,110,42
326,52,42
8,103,43
13,103,43
17,264,43
20,166,43
35,68,43
40,83,43
40,326,43
48,91,43
49,119,43
66,193,43
69,114,43
69,214,43
75,190,43
83,40,43
89,155,43
91,48,43
97,132,43
97,296,43
98,147,43
98,265,43
103,8,43
103,13,43
114,69,43
114,145,43
114,214,43
119,321,43
130,286,43
132,97,43
132,296,43
133,225,43
145,114,43
145,214,43
147,98,43
155,89,43
159,204,43
161,191,43
166,20,43
175,186,43
191,161,43
193,66,43
193,123,43
193,220,43
196,268,43
204,159,43
206,227,43
214,69,43
214,114,43
214,145,43
220,193,43
221,298,43
225,133,43
230,261,43
243,256,43
244,287,43
256,243,43
261,230,43
264,17,43
265,98,43
268,196,43
286,130,43
287,244,43
296,97,43
296,132,43
298,221,43
321,119,43
326,40,43
5,105,44
7,181,44
10,154,44
10,160,44
29,275,44
31,266,44
33,113,44
34,172,44
36,87,44
39,291,44
52,319,44
62,236,44
87,36,44
97,164,44
98,147,44
105,5,44
112,269,44
113,33,44
114,145,44
119,49,44
119,280,44
143,330,44
145,114,44
154,10,44
154,54,44
161,176,44
164,97,44
166,240,44
172,34,44
176,161,44
181,7,44
193,66,44
193,220,44
194,265,44
204,206,44
206,204,44
225,245,44
234,232,44
236,62,44
238,257,44
244,272,44
257,238,44
258,282,44
265,194,44
266,31,44
269,112,44
272,244,44
275,29,44
280,119,44
280,321,44
282,258,44
291,39,44
319,52,44
321,110,44
321,280,44
324,336,44
330,143,44
336,324,44
7,284,45
11,238,45
12,183,45
33,214,45
52,175,45
52,319,45
66,123,45
69,145,45
97,129,45
97,164,45
101,297,45
114,228,45
123,66,45
123,193,45
123,220,45
126,130,45
129,97,45
129,164,45
130,126,45
141,267,45
145,69,45
154,160,45
159,206,45
160,154,45
161,191,45
164,129,45
170,249,45
170,314,45
175,52,45
175,326,45
178,260,45
181,284,45
183,12,45
186,326,45
193,123,45
193,220,45
204,159,45
204,206,45
205,306,45
206,159,45
206,204,45
214,33,45
220,123,45
220,193,45
228,114,45
238,11,45
238,257,45
240,333,45
244,287,45
249,170,45
250,269,45
260,178,45
262,286,45
267,141,45
269,250,45
272,278,45
274,334,45
278,272,45
284,7,45
284,181,45
286,262,45
291,340,45
297,101,45
319,326,45
324,203,45
326,175,45
326,186,45
326,319,45
334,274,45
7,181,46
7,284,46
33,113,46
33,214,46
42,59,46
44,201,46
47,266,46
52,326,46
59,42,46
66,193,46
66,220,46
75,322,46
95,253,46
103,8,46
123,66,46
123,193,46
138,171,46
147,265,46
169,163,46
171,138,46
181,7,46
193,66,46
193,123,46
201,44,46
206,159,46
206,204,46
220,66,46
229,250,46
229,269,46
238,11,46
238,257,46
240,166,46
248,41,46
249,314,46
250,229,46
250,269,46
253,95,46
262,325,46
265,147,46
266,47,46
269,229,46
269,250,46
284,7,46
291,39,46
314,249,46
319,52,46
319,326,46
322,75,46
325,262,46
326,52,46
326,319,46
14,80,47
25,54,47
27,154,47
33,113,47
39,340,47
50,123,47
50,220,47
54,25,47
75,146,47
80,14,47
81,101,47
81,157,47
92,294,47
98,265,47
101,81,47
105,214,47
110,119,47
111,155,47
119,110,47
123,50,47
123,193,47
123,220,47
140,240,47
143,282,47
143,330,47
148,291,47
154,27,47
155,111,47
157,81,47
159,310,47
163,278,47
164,97,47
164,129,47
168,230,47
170,249,47
170,314,47
175,186,47
186,175,47
193,220,47
203,336,47
210,228,47
214,105,47
220,50,47
220,123,47
220,193,47
228,210,47
230,168,47
234,254,47
238,11,47
240,140,47
249,170,47
249,314,47
262,286,47
265,98,47
278,163,47
278,272,47
282,143,47
284,315,47
286,325,47
291,148,47
294,92,47
314,170,47
314,249,47
315,284,47
325,286,47
336,203,47
340,39,47
7,181,48
20,45,48
36,320,48
39,148,48
43,134,48
45,20,48
66,123,48
66,193,48
86,179,48
92,237,48
123,66,48
123,193,48
126,262,48
134,43,48
134,219,48
138,176,48
145,199,48
146,190,48
148,39,48
148,291,48
151,305,48
154,160,48
158,224,48
159,204,48
164,97,48
164,129,48
176,138,48
179,86,48
190,146,48
193,66,48
193,123,48
199,145,48
204,159,48
204,227,48
221,277,48
224,158,48
227,204,48
228,114,48
230,261,48
231,246,48
246,231,48
249,258,48
249,314,48
258,249,48
258,314,48
262,126,48
262,286,48
277,221,48
284,301,48
284,315,48
286,262,48
286,325,48
301,284,48
305,151,48
314,170,48
314,249,48
314,258,48
8,110,49
8,119,49
17,105,49
23,149,49
28,55,49
43,219,49
48,78,49
50,123,49
50,193,49
50,220,49
55,28,49
72,140,49
72,166,49
75,322,49
89,117,49
92,294,49
97,280,49
105,17,49
110,8,49
110,119,49
117,89,49
119,8,49
119,110,49
123,50,49
123,193,49
126,130,49
134,43,49
140,72,49
140,166,49
148,39,49
149,23,49
150,245,49
163,169,49
166,72,49
166,140,49
193,50,49
193,123,49
194,64,49
219,43,49
220,50,49
237,294,49
245,150,49
249,258,49
258,249,49
280,97,49
284,301,49
284,315,49
294,237,49
301,315,49
314,170,49
315,301,49
3,82,50
8,110,50
11,162,50
55,6,50
66,123,50
66,193,50
75,146,50
75,322,50
82,3,50
89,307,50
97,164,50
101,157,50
107,122,50
107,217,50
108,144,50
110,8,50
112,250,50
117,307,50
122,107,50
123,66,50
123,193,50
126,286,50
126,325,50
130,286,50
144,108,50
146,75,50
152,187,50
157,101,50
159,227,50
160,259,50
162,11,50
164,97,50
164,129,50
166,72,50
166,140,50
172,287,50
187,152,50
193,66,50
193,123,50
204,159,50
227,159,50
244,278,50
245,225,50
250,112,50
259,160,50
260,309,50
278,244,50
286,126,50
286,130,50
287,172,50
294,92,50
294,237,50
307,89,50
307,117,50
315,284,50
325,126,50
14,316,51
24,200,51
31,216,51
35,331,51
36,87,51
43,134,51
49,97,51
58,267,51
66,123,51
92,237,51
97,49,51
97,129,51
105,5,51
105,17,51
123,66,51
123,193,51
129,97,51
129,164,51
129,280,51
133,245,51
138,171,51
150,225,51
150,245,51
158,215,51
161,176,51
176,161,51
200,24,51
225,150,51
225,245,51
237,92,51
245,133,51
245,150,51
245,225,51
267,58,51
269,229,51
280,129,51
307,89,51
307,117,51
316,14,51
5,69,52
5,210,52
10,154,52
39,340,52
49,119,52
63,323,52
66,193,52
69,5,52
72,140,52
82,313,52
94,249,52
97,280,52
101,304,52
105,264,52
106,268,52
107,122,52
119,49,52
126,262,52
129,97,52
129,280,52
140,72,52
142,271,52
148,291,52
154,10,52
164,296,52
164,339,52
170,249,52
193,66,52
210,5,52
238,167,52
245,150,52
249,94,52
249,170,52
262,126,52
264,105,52
268,106,52
268,196,52
271,142,52
272,287,52
280,97,52
280,129,52
287,272,52
296,164,52
304,101,52
313,82,52
323,63,52
339,164,52
3,275,53
5,69,53
5,105,53
17,264,53
40,83,53
72,115,53
89,117,53
97,119,53
97,280,53
105,5,53
105,17,53
106,196,53
115,72,53
117,89,53
119,97,53
126,130,53
126,325,53
129,164,53
130,126,53
130,325,53
164,129,53
196,106,53
196,268,53
199,210,53
210,199,53
245,225,53
258,314,53
264,17,53
275,3,53
280,97,53
314,258,53
325,130,53
3,148,54
3,275,54
5,69,54
8,49,54
11,257,54
17,105,54
17,113,54
23,96,54
33,214,54
37,110,54
49,8,54
49,119,54
57,203,54
96,23,54
105,113,54
110,37,54
113,17,54
113,105,54
113,264,54
119,49,54
126,130,54
130,126,54
130,325,54
148,3,54
154,27,54
162,257,54
164,296,54
180,213,54
196,106,54
203,57,54
213,180,54
214,33,54
234,232,54
245,133,54
257,11,54
257,162,54
258,330,54
264,113,54
267,141,54
314,330,54
327,339,54
330,258,54
330,314,54
339,327,54
3,148,55
3,275,55
11,162,55
11,257,55
17,264,55
49,8,55
75,146,55
75,322,55
83,319,55
92,294,55
97,129,55
113,17,55
113,264,55
129,97,55
134,219,55
148,275,55
148,291,55
162,11,55
216,262,55
219,134,55
245,150,55
257,11,55
258,314,55
262,216,55
264,17,55
264,113,55
275,148,55
294,92,55
303,326,55
314,258,55
319,83,55
326,303,55
3,291,56
8,119,56
17,105,56
17,264,56
27,160,56
49,119,56
75,146,56
83,40,56
83,319,56
92,237,56
92,294,56
102,136,56
103,110,56
105,17,56
110,103,56
111,324,56
118,189,56
118,222,56
119,8,56
119,49,56
129,164,56
130,262,56
133,225,56
136,102,56
157,304,56
160,27,56
164,129,56
169,272,56
179,281,56
189,118,56
193,219,56
199,145,56
219,193,56
222,118,56
225,133,56
262,130,56
264,17,56
272,169,56
281,179,56
291,3,56
291,148,56
296,132,56
304,157,56
324,111,56
3,148,57
3,275,57
3,291,57
5,113,57
10,160,57
17,105,57
17,264,57
34,334,57
37,119,57
43,255,57
57,226,57
67,263,57
75,322,57
89,315,57
92,237,57
93,284,57
94,217,57
105,264,57
113,5,57
118,189,57
119,8,57
119,37,57
128,251,57
144,288,57
148,3,57
148,275,57
154,10,57
154,160,57
155,307,57
160,10,57
160,27,57
160,154,57
161,191,57
171,176,57
176,171,57
216,286,57
217,94,57
219,134,57
219,193,57
247,270,57
251,128,57
264,105,57
266,286,57
270,247,57
275,3,57
275,148,57
284,93,57
286,216,57
286,266,57
288,144,57
291,3,57
307,155,57
315,89,57
334,34,57
3,148,58
3,275,58
3,291,58
10,154,58
10,160,58
17,105,58
22,276,58
56,292,58
67,337,58
75,146,58
77,183,58
86,281,58
97,327,58
105,17,58
113,264,58
129,97,58
129,280,58
130,126,58
130,262,58
132,164,58
132,296,58
140,166,58
144,108,58
146,322,58
148,3,58
148,275,58
148,291,58
154,10,58
154,160,58
160,10,58
160,154,58
162,257,58
164,132,58
170,314,58
183,77,58
216,266,58
216,286,58
219,134,58
219,193,58
237,294,58
257,162,58
264,113,58
266,216,58
266,286,58
275,3,58
275,148,58
275,291,58
276,22,58
280,129,58
281,86,58
286,216,58
286,266,58
291,148,58
291,275,58
292,56,58
294,237,58
314,170,58
322,146,58
327,97,58
337,67,58
3,148,59
3,291,59
11,162,59
18,22,59
22,18,59
52,303,59
86,179,59
94,122,59
102,174,59
108,288,59
122,94,59
122,217,59
131,151,59
144,288,59
148,3,59
148,291,59
151,131,59
162,11,59
162,257,59
170,330,59
171,138,59
174,102,59
179,86,59
183,260,59
199,210,59
216,266,59
216,286,59
217,122,59
226,336,59
260,183,59
263,337,59
266,216,59
266,286,59
286,216,59
286,266,59
288,108,59
288,144,59
291,3,59
291,148,59
291,275,59
303,52,59
314,330,59
330,170,59
330,314,59
336,226,59
337,263,59
3,275,60
3,291,60
5,69,60
10,154,60
10,160,60
11,167,60
11,257,60
20,28,60
28,20,60
76,252,60
98,173,60
117,315,60
129,164,60
129,280,60
136,174,60
151,305,60
153,184,60
154,10,60
154,160,60
160,10,60
160,154,60
164,129,60
167,11,60
171,176,60
173,98,60
174,136,60
184,153,60
199,145,60
199,210,60
230,168,60
252,76,60
257,11,60
257,162,60
259,309,60
272,334,60
275,3,60
275,291,60
286,216,60
286,266,60
288,108,60
291,3,60
291,148,60
291,275,60
303,326,60
309,259,60
315,117,60
334,272,60
337,67,60
337,263,60
3,148,61
3,275,61
5,214,61
6,271,61
11,167,61
19,64,61
25,197,61
31,286,61
64,19,61
67,263,61
67,337,61
75,312,61
76,150,61
76,252,61
97,164,61
107,217,61
111,155,61
131,305,61
133,138,61
133,171,61
138,133,61
141,242,61
145,210,61
148,3,61
150,76,61
150,245,61
155,111,61
155,307,61
164,97,61
169,334,61
171,133,61
174,102,61
179,281,61
197,25,61
200,219,61
210,145,61
214,5,61
216,31,61
216,286,61
217,107,61
219,200,61
246,269,61
255,212,61
263,67,61
269,246,61
271,6,61
275,3,61
281,179,61
286,31,61
286,216,61
290,322,61
303,52,61
303,326,61
305,131,61
312,75,61
322,290,61
334,169,61
337,67,61
49,327,62
53,102,62
67,263,62
67,337,62
69,264,62
76,245,62
97,187,62
99,125,62
102,53,62
102,174,62
107,249,62
119,156,62
122,94,62
125,99,62
127,185,62
138,176,62
143,170,62
145,199,62
156,119,62
170,143,62
171,252,62
174,136,62
176,138,62
185,127,62
187,97,62
199,145,62
215,305,62
245,76,62
246,318,62
249,107,62
252,171,62
255,43,62
255,212,62
256,285,62
263,337,62
264,69,62
285,256,62
305,215,62
318,246,62
322,146,62
327,49,62
334,272,62
337,263,62
5,69,63
21,169,63
33,121,63
34,272,63
47,262,63
53,174,63
66,123,63
67,153,63
69,5,63
81,304,63
92,204,63
102,53,63
102,174,63
103,13,63
107,217,63
118,308,63
121,33,63
123,66,63
153,67,63
153,337,63
160,10,63
166,240,63
169,21,63
169,163,63
169,334,63
171,133,63
171,252,63
174,53,63
174,102,63
187,339,63
194,265,63
202,261,63
204,92,63
222,295,63
240,166,63
261,202,63
262,47,63
264,113,63
265,194,63
272,34,63
295,222,63
304,81,63
334,169,63
337,153,63
339,187,63
5,214,64
11,257,64
33,228,64
39,229,64
40,319,64
43,212,64
71,261,64
85,341,64
86,281,64
90,250,64
97,327,64
97,339,64
134,200,64
145,210,64
146,290,64
146,322,64
151,215,64
153,67,64
171,245,64
185,224,64
187,97,64
187,327,64
200,134,64
212,43,64
215,151,64
224,185,64
228,33,64
229,39,64
234,254,64
242,267,64
245,171,64
250,90,64
257,11,64
261,71,64
267,242,64
281,86,64
290,146,64
319,40,64
327,97,64
327,187,64
327,339,64
339,97,64
339,327,64
341,85,64
3,291,65
10,27,65
11,101,65
11,257,65
16,184,65
27,10,65
29,291,65
42,251,65
45,294,65
49,97,65
49,327,65
60,196,65
94,249,65
97,49,65
97,208,65
101,11,65
115,140,65
119,321,65
122,258,65
131,215,65
135,233,65
140,115,65
146,290,65
146,322,65
150,171,65
153,337,65
163,287,65
171,150,65
171,245,65
184,16,65
196,60,65
200,219,65
208,97,65
215,131,65
215,151,65
228,114,65
233,135,65
249,94,65
251,42,65
251,128,65
258,122,65
287,163,65
290,322,65
291,3,65
291,29,65
294,45,65
321,119,65
322,290,65
327,49,65
327,187,65
3,29,66
8,321,66
11,101,66
12,160,66
17,264,66
20,45,66
28,45,66
29,3,66
33,121,66
38,220,66
45,20,66
45,28,66
45,294,66
49,97,66
49,187,66
94,217,66
97,49,66
97,327,66
97,339,66
119,156,66
153,67,66
153,337,66
160,12,66
174,53,66
187,49,66
189,308,66
204,310,66
217,94,66
217,107,66
220,38,66
229,269,66
245,76,66
251,42,66
264,17,66
264,113,66
269,229,66
308,189,66
310,204,66
321,8,66
322,146,66
327,97,66
327,339,66
337,263,66
339,97,66
339,327,66
10,12,67
12,10,67
12,160,67
17,113,67
39,313,67
43,255,67
45,20,67
49,339,67
63,68,67
68,63,67
78,91,67
91,78,67
97,327,67
97,339,67
103,110,67
113,17,67
150,245,67
152,325,67
153,67,67
155,111,67
171,133,67
206,285,67
229,250,67
229,269,67
245,150,67
250,229,67
255,43,67
259,289,67
285,206,67
289,259,67
295,192,67
313,39,67
322,290,67
325,152,67
327,97,67
327,339,67
339,49,67
339,97,67
339,327,67
3,291,68
5,264,68
7,117,68
13,110,68
34,334,68
37,321,68
49,327,68
53,136,68
55,92,68
67,184,68
92,55,68
94,107,68
100,332,68
103,13,68
103,110,68
105,264,68
107,94,68
110,13,68
110,103,68
111,307,68
114,121,68
117,7,68
121,114,68
134,255,68
136,53,68
144,231,68
146,290,68
146,322,68
171,252,68
178,183,68
183,178,68
184,67,68
229,250,68
229,269,68
231,144,68
250,269,68
255,134,68
264,5,68
264,105,68
269,250,68
270,276,68
276,270,68
290,146,68
291,3,68
307,111,68
321,37,68
322,146,68
327,49,68
332,100,68
334,34,68
339,97,68
3,29,69
3,275,69
10,27,69
16,67,69
17,105,69
18,270,69
26,120,69
47,286,69
54,160,69
55,204,69
67,16,69
72,292,69
76,252,69
88,146,69
92,204,69
105,17,69
105,264,69
110,13,69
110,208,69
114,228,69
118,241,69
120,26,69
146,88,69
146,322,69
155,315,69
160,54,69
163,244,69
183,260,69
204,55,69
204,92,69
208,110,69
216,266,69
221,281,69
241,118,69
244,163,69
252,76,69
252,171,69
262,286,69
266,216,69
269,229,69
269,250,69
270,18,69
280,296,69
281,221,69
286,47,69
286,262,69
292,72,69
296,280,69
306,314,69
314,306,69
315,155,69
327,339,69
339,327,69
3,29,70
3,275,70
13,97,70
13,110,70
13,208,70
25,54,70
29,275,70
33,164,70
34,272,70
52,61,70
53,174,70
54,25,70
55,92,70
55,204,70
58,180,70
61,52,70
70,104,70
77,289,70
81,336,70
89,155,70
92,55,70
93,301,70
94,122,70
97,13,70
97,208,70
104,70,70
105,17,70
110,13,70
110,103,70
114,121,70
114,228,70
122,94,70
155,89,70
164,33,70
171,245,70
174,102,70
180,58,70
204,55,70
208,13,70
208,97,70
209,235,70
221,298,70
235,209,70
245,171,70
269,318,70
275,29,70
283,305,70
289,77,70
289,259,70
295,333,70
301,93,70
305,283,70
318,269,70
327,49,70
327,339,70
333,295,70
336,81,70
11,167,71
13,97,71
17,214,71
20,140,71
37,103,71
42,128,71
43,212,71
47,216,71
47,286,71
53,136,71
53,174,71
55,92,71
79,160,71
81,304,71
82,275,71
83,122,71
94,107,71
97,13,71
101,157,71
103,37,71
103,110,71
114,121,71
114,228,71
118,308,71
122,83,71
128,42,71
140,20,71
157,101,71
160,79,71
173,292,71
174,53,71
178,309,71
189,192,71
192,189,71
214,17,71
216,47,71
216,266,71
221,281,71
221,298,71
229,318,71
231,288,71
250,318,71
252,76,71
275,82,71
286,47,71
288,231,71
289,77,71
292,173,71
308,118,71
309,178,71
318,229,71
318,250,71
327,49,71
334,169,71
13,339,72
17,105,72
17,214,72
29,291,72
53,136,72
59,251,72
76,150,72
76,171,72
82,313,72
99,135,72
105,214,72
107,217,72
108,144,72
135,99,72
136,174,72
144,108,72
150,76,72
150,171,72
168,202,72
171,76,72
171,150,72
174,136,72
179,298,72
195,267,72
202,168,72
204,265,72
214,105,72
229,269,72
250,269,72
251,59,72
260,309,72
264,5,72
265,204,72
267,195,72
269,229,72
269,250,72
275,313,72
291,29,72
298,179,72
309,260,72
313,82,72
313,275,72
339,13,72
3,29,73
3,291,73
10,54,73
17,105,73
29,3,73
29,291,73
33,280,73
39,275,73
49,280,73
49,327,73
53,102,73
54,10,73
60,238,73
70,137,73
76,150,73
80,191,73
87,139,73
87,320,73
96,305,73
102,53,73
102,136,73
102,174,73
105,17,73
114,121,73
114,228,73
121,228,73
136,102,73
136,174,73
137,70,73
139,87,73
139,320,73
150,76,73
150,252,73
154,163,73
155,315,73
160,259,73
163,154,73
167,234,73
174,102,73
174,136,73
191,80,73
204,310,73
228,121,73
229,250,73
233,279,73
234,167,73
238,60,73
250,229,73
252,150,73
259,160,73
269,318,73
275,39,73
279,233,73
280,33,73
280,49,73
291,3,73
291,29,73
305,96,73
318,269,73
320,87,73
320,139,73
326,329,73
329,326,73
8,13,74
12,27,74
13,8,74
24,219,74
27,12,74
47,266,74
58,189,74
72,173,74
87,139,74
87,320,74
139,87,74
139,320,74
150,171,74
150,225,74
150,252,74
157,297,74
164,280,74
169,172,74
172,169,74
173,72,74
174,102,74
179,281,74
184,216,74
187,327,74
189,58,74
192,241,74
216,184,74
219,24,74
225,150,74
225,252,74
229,269,74
241,192,74
250,269,74
250,318,74
252,225,74
266,47,74
269,229,74
269,250,74
269,318,74
275,313,74
280,33,74
280,164,74
281,179,74
290,322,74
291,3,74
297,157,74
318,250,74
318,269,74
320,87,74
320,139,74
322,290,74
327,187,74
17,214,75
29,82,75
32,95,75
34,274,75
49,296,75
82,29,75
83,94,75
85,149,75
94,83,75
95,32,75
95,253,75
101,297,75
130,325,75
140,166,75
149,85,75
150,76,75
150,171,75
154,197,75
154,244,75
166,140,75
171,225,75
171,252,75
174,136,75
197,154,75
197,244,75
206,282,75
214,17,75
221,281,75
225,171,75
229,250,75
229,269,75
229,318,75
244,154,75
244,197,75
250,229,75
250,269,75
252,171,75
263,273,75
269,229,75
269,250,75
272,274,75
273,263,75
274,34,75
274,272,75
275,39,75
275,313,75
281,221,75
282,206,75
296,49,75
297,101,75
297,157,75
309,178,75
309,260,75
318,229,75
325,130,75
4,230,76
10,12,76
10,54,76
12,10,76
22,270,76
33,49,76
37,110,76
37,321,76
38,210,76
39,148,76
39,275,76
39,313,76
49,33,76
56,72,76
61,311,76
69,216,76
72,56,76
87,139,76
96,283,76
107,122,76
110,37,76
110,321,76
114,121,76
117,181,76
121,114,76
122,107,76
134,212,76
139,87,76
148,39,76
154,197,76
163,197,76
169,278,76
181,117,76
197,154,76
197,163,76
210,38,76
212,134,76
216,69,76
216,184,76
230,4,76
270,22,76
274,34,76
275,39,76
275,313,76
278,169,76
281,179,76
283,96,76
283,305,76
297,101,76
305,283,76
311,61,76
313,39,76
313,275,76
321,110,76
5,280,77
7,181,77
14,200,77
32,253,77
39,148,77
40,303,77
49,132,77
72,173,77
89,324,77
97,110,77
105,214,77
110,97,77
114,199,77
122,217,77
132,49,77
140,20,77
148,288,77
154,244,77
164,228,77
179,221,77
181,7,77
181,117,77
199,114,77
200,14,77
205,227,77
208,248,77
214,105,77
215,131,77
217,122,77
221,179,77
227,205,77
228,164,77
229,250,77
229,269,77
232,332,77
244,154,77
248,208,77
250,229,77
250,269,77
253,32,77
269,229,77
269,250,77
280,5,77
281,298,77
283,96,77
285,207,77
288,148,77
298,281,77
303,40,77
324,89,77
332,232,77
7,117,78
13,97,78
16,184,78
33,132,78
49,33,78
49,132,78
67,184,78
95,149,78
97,13,78
117,7,78
117,181,78
132,33,78
132,49,78
146,290,78
148,39,78
149,95,78
154,163,78
154,244,78
163,154,78
163,244,78
184,16,78
184,67,78
216,69,78
244,163,78
269,229,78
269,250,78
290,146,78
290,322,78
332,100,78
12,79,79
16,69,79
20,115,79
20,140,79
33,49,79
33,132,79
35,68,79
38,145,79
49,33,79
49,132,79
68,35,79
69,16,79
77,309,79
79,12,79
81,336,79
83,217,79
92,204,79
94,217,79
109,178,79
110,321,79
112,318,79
115,20,79
117,7,79
117,181,79
126,152,79
132,33,79
132,49,79
145,38,79
149,85,79
152,126,79
154,163,79
154,197,79
159,265,79
162,234,79
163,154,79
178,109,79
197,154,79
204,92,79
217,83,79
217,94,79
234,162,79
256,243,79
265,159,79
269,229,79
284,315,79
286,325,79
297,157,79
309,77,79
315,284,79
318,112,79
325,286,79
3,29,80
16,184,80
17,113,80
20,115,80
29,3,80
54,79,80
69,184,80
79,54,80
83,94,80
86,179,80
94,83,80
98,194,80
132,33,80
132,49,80
148,275,80
159,310,80
179,86,80
184,16,80
184,69,80
194,98,80
207,282,80
207,285,80
262,325,80
269,341,80
275,148,80
282,207,80
286,262,80
286,325,80
303,329,80
310,159,80
315,155,80
325,262,80
325,286,80
329,303,80
341,269,80
8,321,81
10,79,81
16,69,81
17,199,81
29,291,81
48,91,81
56,173,81
69,16,81
69,184,81
79,10,81
79,54,81
91,48,81
107,249,81
109,260,81
112,250,81
112,318,81
123,255,81
132,33,81
173,56,81
199,17,81
225,252,81
249,107,81
250,112,81
252,225,81
255,123,81
260,109,81
262,286,81
262,325,81
286,262,81
291,29,81
321,8,81
325,262,81
329,326,81
3,291,82
8,110,82
12,54,82
15,311,82
16,67,82
18,276,82
19,74,82
20,140,82
29,3,82
29,291,82
54,12,82
67,16,82
74,19,82
79,10,82
85,341,82
92,55,82
92,204,82
97,208,82
103,248,82
110,8,82
135,279,82
151,283,82
165,190,82
178,260,82
190,165,82
202,230,82
208,97,82
217,122,82
230,202,82
234,167,82
248,103,82
260,178,82
262,286,82
276,18,82
279,135,82
282,206,82
283,151,82
291,3,82
291,29,82
311,15,82
315,284,82
341,85,82
2,203,83
3,29,83
3,291,83
17,145,83
21,146,83
23,305,83
25,172,83
29,3,83
29,291,83
31,153,83
33,49,83
33,132,83
37,97,83
49,33,83
55,204,83
55,310,83
77,289,83
97,37,83
109,309,83
113,164,83
120,277,83
129,296,83
135,99,83
135,279,83
143,258,83
145,17,83
146,21,83
148,39,83
153,31,83
155,284,83
163,244,83
164,113,83
172,25,83
191,219,83
202,168,83
202,230,83
203,2,83
204,55,83
204,310,83
206,285,83
219,191,83
250,269,83
258,143,83
260,109,83
269,250,83
270,333,83
277,120,83
284,155,83
285,206,83
291,3,83
291,29,83
296,129,83
305,23,83
309,109,83
310,55,83
310,204,83
317,324,83
324,317,83
333,270,83
2,57,84
2,203,84
13,187,84
16,216,84
51,106,84
54,79,84
55,204,84
55,310,84
57,2,84
57,203,84
79,54,84
86,298,84
93,224,84
97,110,84
99,179,84
102,251,84
106,51,84
109,260,84
110,97,84
115,173,84
168,230,84
173,115,84
179,99,84
187,13,84
194,237,84
200,316,84
203,57,84
204,55,84
204,310,84
206,207,84
207,206,84
216,16,84
224,93,84
226,257,84
230,168,84
237,194,84
251,102,84
257,226,84
269,229,84
275,288,84
284,315,84
288,275,84
298,86,84
298,281,84
310,55,84
310,204,84
316,200,84
14,316,85
16,67,85
17,199,85
20,240,85
36,320,85
38,193,85
55,204,85
55,310,85
86,179,85
86,298,85
92,310,85
101,304,85
104,137,85
107,258,85
110,8,85
110,97,85
137,104,85
146,322,85
164,228,85
179,86,85
179,298,85
186,217,85
193,38,85
200,14,85
203,2,85
204,55,85
211,331,85
212,255,85
214,216,85
216,214,85
217,186,85
240,20,85
255,212,85
258,107,85
269,250,85
296,327,85
298,86,85
298,179,85
298,281,85
304,101,85
310,55,85
310,92,85
316,14,85
320,36,85
322,146,85
322,290,85
327,296,85
331,211,85
21,322,86
25,244,86
49,132,86
49,296,86
55,204,86
56,115,86
62,223,86
67,216,86
83,217,86
85,149,86
97,37,86
100,338,86
115,56,86
115,140,86
115,173,86
132,49,86
132,296,86
133,252,86
140,115,86
146,21,86
146,322,86
159,265,86
216,67,86
217,83,86
223,62,86
229,250,86
230,202,86
244,25,86
249,258,86
250,229,86
252,133,86
258,249,86
291,313,86
296,49,86
296,132,86
298,86,86
298,179,86
313,291,86
317,198,86
322,21,86
322,146,86
338,100,86
8,97,87
12,79,87
12,289,87
16,184,87
55,310,87
56,173,87
79,12,87
79,289,87
85,341,87
86,99,87
97,8,87
97,37,87
99,86,87
99,298,87
115,140,87
140,173,87
149,341,87
152,262,87
156,321,87
173,56,87
173,140,87
184,16,87
200,316,87
230,168,87
231,275,87
231,288,87
258,107,87
262,152,87
274,272,87
275,231,87
288,231,87
289,12,87
289,79,87
298,99,87
298,179,87
303,311,87
306,330,87
310,55,87
310,92,87
311,303,87
316,200,87
317,324,87
321,156,87
322,290,87
330,306,87
341,149,87
8,110,88
16,67,88
16,184,88
37,208,88
47,214,88
49,327,88
67,16,88
67,145,88
85,149,88
85,341,88
88,322,88
97,110,88
99,86,88
110,8,88
110,97,88
116,335,88
119,321,88
126,262,88
129,327,88
133,171,88
145,67,88
149,85,88
164,113,88
164,228,88
171,133,88
175,183,88
183,175,88
208,37,88
214,47,88
262,126,88
262,152,88
321,119,88
321,156,88
322,88,88
325,130,88
327,49,88
327,129,88
335,116,88
341,85,88
5,339,89
16,145,89
47,216,89
49,296,89
49,327,89
73,318,89
90,340,89
96,131,89
109,178,89
110,8,89
122,319,89
126,152,89
126,262,89
131,96,89
145,16,89
145,67,89
152,126,89
152,262,89
152,286,89
157,196,89
178,109,89
196,157,89
212,134,89
214,216,89
216,47,89
216,214,89
224,301,89
258,249,89
259,289,89
262,126,89
262,152,89
262,286,89
282,285,89
285,282,89
286,152,89
286,262,89
289,259,89
290,312,89
296,49,89
301,224,89
310,55,89
312,290,89
318,73,89
319,122,89
321,119,89
327,49,89
327,129,89
339,5,89
340,90,89
3,29,90
11,238,90
16,67,90
27,309,90
29,3,90
66,134,90
67,16,90
68,323,90
69,337,90
106,297,90
108,131,90
119,156,90
119,321,90
131,108,90
134,66,90
145,184,90
147,267,90
156,119,90
156,321,90
180,195,90
184,145,90
194,98,90
195,180,90
217,186,90
226,336,90
238,11,90
241,270,90
252,320,90
262,126,90
267,147,90
270,241,90
286,152,90
297,106,90
309,27,90
310,92,90
320,252,90
321,156,90
323,68,90
327,49,90
336,226,90
337,69,90
8,97,91
19,52,91
40,186,91
52,19,91
55,92,91
55,310,91
68,35,91
68,323,91
80,176,91
92,55,91
92,310,91
96,108,91
97,8,91
97,110,91
108,96,91
108,131,91
110,97,91
140,294,91
155,181,91
175,260,91
176,80,91
181,155,91
184,214,91
184,216,91
186,40,91
186,217,91
198,324,91
214,184,91
214,216,91
216,184,91
216,214,91
260,175,91
290,322,91
294,140,91
301,315,91
310,55,91
310,92,91
315,301,91
322,290,91
324,198,91
8,110,92
11,234,92
16,184,92
45,142,92
47,266,92
55,92,92
68,35,92
77,160,92
92,55,92
97,8,92
97,110,92
110,8,92
110,97,92
115,173,92
119,156,92
119,321,92
130,286,92
142,45,92
145,214,92
156,119,92
160,77,92
173,115,92
184,16,92
184,216,92
186,40,92
214,145,92
214,216,92
216,184,92
216,214,92
225,245,92
234,11,92
245,225,92
258,107,92
286,130,92
290,312,92
296,327,92
320,36,92
321,119,92
327,296,92
11,238,93
36,161,93
39,313,93
55,310,93
56,294,93
68,323,93
70,161,93
74,227,93
99,135,93
107,143,93
110,8,93
110,97,93
120,136,93
121,280,93
133,176,93
135,99,93
136,120,93
138,191,93
143,107,93
143,258,93
158,317,93
161,36,93
161,70,93
176,133,93
178,260,93
184,16,93
191,138,93
205,282,93
212,255,93
219,24,93
226,304,93
227,74,93
258,143,93
260,178,93
280,121,93
282,205,93
294,56,93
304,226,93
310,55,93
313,39,93
317,158,93
5,113,94
11,254,94
91,78,94
104,218,94
108,144,94
113,5,94
119,156,94
133,252,94
135,298,94
143,107,94
161,36,94
167,243,94
217,83,94
218,104,94
234,238,94
238,234,94
243,167,94
246,305,94
252,133,94
254,11,94
257,336,94
294,140,94
298,135,94
305,246,94
315,284,94
322,21,94
336,257,94
16,214,95
20,115,95
25,54,95
27,235,95
27,309,95
35,323,95
47,216,95
54,25,95
67,214,95
99,298,95
115,20,95
126,152,95
126,262,95
135,99,95
151,185,95
152,126,95
152,286,95
172,197,95
184,214,95
185,151,95
197,172,95
214,16,95
214,67,95
214,184,95
216,47,95
232,338,95
235,27,95
235,309,95
237,292,95
286,152,95
292,237,95
298,99,95
309,235,95
323,35,95
338,232,95
5,264,96
16,184,96
27,209,96
27,235,96
38,145,96
46,287,96
51,157,96
51,196,96
54,172,96
61,160,96
81,162,96
83,319,96
99,135,96
107,258,96
119,321,96
126,130,96
126,152,96
126,262,96
126,286,96
129,156,96
130,126,96
130,286,96
133,176,96
145,38,96
152,126,96
152,262,96
156,129,96
157,51,96
160,61,96
162,81,96
169,244,96
172,54,96
184,16,96
184,214,96
186,311,96
196,51,96
209,27,96
209,235,96
235,27,96
235,209,96
244,169,96
258,107,96
262,152,96
262,286,96
286,126,96
286,130,96
286,262,96
287,46,96
311,186,96
319,83,96
11,234,97
17,214,97
18,316,97
19,227,97
24,247,97
27,309,97
35,68,97
46,197,97
64,74,97
64,265,97
68,35,97
74,64,97
87,245,97
94,249,97
114,280,97
118,192,97
122,303,97
126,130,97
126,152,97
130,126,97
131,215,97
135,281,97
141,240,97
146,334,97
152,126,97
159,205,97
168,261,97
192,118,97
197,46,97
199,264,97
203,307,97
205,159,97
207,256,97
214,17,97
227,19,97
231,275,97
234,11,97
235,27,97
235,209,97
240,141,97
245,87,97
247,24,97
249,94,97
256,207,97
261,168,97
264,199,97
265,64,97
266,325,97
280,114,97
281,135,97
282,285,97
303,122,97
304,336,97
307,203,97
309,27,97
316,18,97
316,200,97
325,266,97
327,49,97
333,295,97
334,146,97
336,304,97
3,90,98
5,199,98
16,47,98
17,105,98
21,146,98
23,246,98
31,69,98
39,291,98
47,16,98
53,136,98
54,25,98
64,74,98
64,265,98
69,31,98
70,80,98
73,112,98
80,70,98
90,3,98
105,17,98
107,143,98
112,73,98
126,130,98
133,252,98
135,99,98
136,53,98
146,21,98
178,109,98
179,221,98
186,217,98
199,5,98
199,264,98
207,206,98
214,67,98
217,186,98
246,23,98
246,305,98
260,175,98
291,39,98
294,56,98
6,166,99
8,97,99
11,254,99
39,313,99
47,184,99
63,323,99
64,74,99
77,79,99
79,77,99
83,217,99
89,111,99
97,8,99
103,110,99
105,214,99
110,103,99
111,89,99
113,132,99
132,113,99
138,176,99
146,334,99
157,297,99
165,290,99
166,6,99
166,173,99
173,166,99
176,138,99
184,47,99
199,5,99
214,105,99
217,83,99
217,319,99
235,309,99
246,23,99
246,305,99
274,34,99
290,165,99
297,157,99
304,226,99
309,235,99
319,217,99
323,63,99
17,264,100
19,52,100
24,263,100
27,235,100
47,16,100
50,134,100
69,216,100
70,176,100
73,250,100
73,318,100
83,319,100
92,204,100
107,258,100
114,164,100
134,50,100
135,298,100
136,174,100
138,191,100
143,258,100
152,262,100
154,244,100
164,114,100
175,178,100
176,70,100
178,175,100
195,213,100
204,92,100
209,309,100
213,195,100
216,69,100
235,27,100
244,154,100
250,73,100
250,318,100
258,143,100
262,152,100
263,24,100
264,17,100
291,313,100
298,135,100
309,209,100
313,291,100
318,250,100
319,83,100
319,217,100
336,257,100
