5,59,1
9,108,1
10,298,1
11,91,1
30,96,1
36,200,1
37,204,1
38,254,1
39,128,1
48,173,1
50,297,1
59,5,1
60,149,1
64,82,1
64,209,1
75,346,1
82,64,1
91,11,1
92,112,1
96,30,1
97,345,1
98,259,1
99,116,1
99,132,1
99,344,1
103,253,1
103,334,1
106,131,1
108,9,1
109,203,1
112,92,1
112,154,1
116,99,1
116,344,1
120,299,1
128,39,1
129,294,1
131,106,1
132,99,1
132,344,1
136,326,1
149,60,1
150,193,1
154,112,1
169,255,1
173,48,1
177,292,1
186,256,1
192,233,1
192,301,1
193,150,1
195,267,1
195,314,1
200,36,1
200,317,1
203,109,1
204,37,1
205,305,1
209,64,1
213,251,1
221,225,1
222,330,1
225,221,1
228,277,1
233,192,1
236,284,1
241,309,1
245,331,1
251,213,1
253,103,1
253,334,1
254,38,1
254,300,1
255,169,1
256,186,1
259,98,1
265,308,1
267,195,1
267,314,1
277,228,1
284,236,1
292,177,1
294,129,1
297,50,1
298,10,1
299,120,1
300,254,1
301,192,1
305,205,1
308,265,1
309,241,1
314,195,1
314,267,1
317,200,1
319,342,1
326,136,1
330,222,1
331,245,1
334,103,1
334,253,1
342,319,1
344,99,1
344,116,1
344,132,1
345,97,1
346,75,1
2,262,2
3,310,2
9,229,2
15,321,2
17,140,2
19,189,2
20,339,2
44,238,2
46,49,2
49,46,2
50,268,2
63,177,2
63,292,2
64,82,2
65,241,2
71,310,2
77,238,2
85,245,2
99,116,2
99,344,2
101,203,2
103,229,2
105,216,2
115,182,2
116,99,2
116,344,2
120,181,2
127,128,2
128,127,2
134,320,2
135,205,2
140,17,2
142,174,2
151,265,2
174,142,2
177,63,2
177,292,2
177,348,2
181,120,2
182,115,2
189,19,2
192,233,2
192,301,2
203,101,2
205,135,2
216,105,2
218,255,2
229,9,2
229,103,2
229,254,2
233,301,2
238,44,2
238,77,2
241,65,2
241,309,2
242,326,2
245,85,2
246,297,2
254,229,2
255,218,2
262,2,2
265,151,2
268,50,2
274,289,2
289,274,2
292,63,2
292,177,2
292,348,2
297,246,2
301,233,2
310,3,2
310,71,2
314,195,2
320,134,2
321,15,2
326,242,2
339,20,2
344,99,2
344,116,2
348,177,2
348,292,2
10,239,3
10,298,3
11,198,3
24,28,3
28,24,3
38,300,3
39,118,3
43,199,3
44,77,3
50,246,3
61,297,3
67,243,3
73,181,3
77,44,3
77,238,3
87,332,3
92,154,3
93,316,3
99,116,3
99,344,3
103,253,3
103,254,3
106,190,3
108,253,3
116,99,3
116,344,3
118,39,3
124,152,3
125,175,3
129,143,3
131,190,3
143,129,3
152,124,3
154,92,3
165,179,3
175,125,3
179,165,3
181,73,3
190,106,3
190,131,3
198,11,3
199,43,3
205,305,3
210,283,3
211,293,3
213,311,3
229,9,3
234,323,3
239,10,3
241,65,3
243,67,3
246,50,3
253,103,3
253,108,3
254,103,3
269,284,3
278,288,3
283,210,3
284,269,3
288,278,3
292,63,3
292,348,3
293,211,3
297,61,3
300,38,3
301,192,3
310,3,3
311,213,3
316,93,3
323,234,3
332,87,3
344,99,3
344,116,3
1,157,4
14,55,4
15,132,4
34,83,4
41,291,4
44,62,4
44,238,4
55,14,4
58,201,4
62,44,4
62,77,4
62,238,4
63,177,4
63,292,4
63,348,4
66,101,4
77,62,4
77,238,4
83,34,4
91,328,4
101,66,4
103,108,4
103,253,4
108,103,4
130,205,4
130,305,4
132,15,4
145,347,4
147,320,4
154,112,4
157,1,4
177,63,4
177,348,4
200,36,4
200,317,4
201,58,4
203,109,4
205,130,4
205,305,4
213,251,4
236,260,4
238,44,4
238,62,4
238,77,4
246,297,4
253,103,4
253,254,4
254,253,4
254,300,4
260,236,4
291,41,4
292,63,4
297,246,4
297,312,4
300,254,4
305,130,4
305,205,4
310,71,4
312,297,4
320,147,4
324,342,4
328,91,4
342,324,4
347,145,4
348,63,4
348,177,4
2,191,5
2,262,5
17,146,5
26,215,5
26,244,5
30,197,5
33,197,5
36,317,5
42,101,5
44,62,5
51,86,5
62,44,5
63,177,5
70,252,5
83,123,5
86,51,5
101,42,5
101,66,5
103,108,5
103,229,5
106,131,5
123,83,5
130,205,5
131,106,5
132,321,5
146,17,5
163,276,5
177,63,5
177,348,5
181,299,5
187,249,5
191,2,5
197,30,5
197,33,5
205,130,5
215,26,5
229,103,5
229,253,5
239,298,5
242,328,5
244,26,5
249,187,5
252,70,5
253,229,5
255,169,5
276,163,5
298,239,5
299,181,5
310,3,5
310,71,5
317,36,5
321,132,5
328,242,5
14,22,6
14,55,6
22,14,6
55,338,6
62,77,6
77,62,6
83,34,6
83,123,6
99,321,6
101,42,6
103,108,6
107,265,6
108,229,6
122,271,6
129,250,6
130,305,6
161,313,6
172,213,6
177,63,6
184,270,6
197,30,6
201,264,6
213,172,6
220,315,6
229,108,6
236,269,6
246,312,6
250,129,6
254,334,6
264,201,6
265,107,6
265,151,6
269,236,6
270,184,6
271,122,6
292,348,6
305,130,6
312,246,6
312,297,6
313,161,6
315,220,6
321,99,6
334,254,6
338,55,6
348,292,6
6,84,7
7,29,7
14,22,7
14,285,7
15,321,7
25,275,7
27,144,7
29,7,7
38,253,7
44,238,7
50,268,7
62,44,7
62,238,7
74,214,7
84,6,7
91,242,7
103,229,7
108,103,7
115,252,7
126,210,7
144,27,7
172,311,7
189,256,7
194,239,7
194,298,7
195,279,7
206,287,7
210,126,7
214,74,7
229,103,7
236,260,7
238,44,7
238,62,7
239,194,7
242,91,7
246,297,7
246,312,7
252,115,7
253,38,7
256,189,7
265,107,7
267,279,7
275,25,7
279,195,7
279,267,7
285,14,7
287,206,7
297,246,7
297,312,7
298,194,7
299,322,7
303,310,7
310,303,7
311,172,7
312,246,7
312,297,7
321,15,7
322,299,7
10,194,8
10,298,8
14,22,8
15,99,8
15,132,8
17,281,8
26,215,8
26,244,8
33,164,8
44,62,8
44,77,8
44,238,8
62,44,8
77,44,8
77,238,8
88,218,8
90,199,8
92,112,8
99,15,8
112,92,8
112,154,8
132,15,8
132,321,8
164,33,8
179,288,8
188,348,8
194,10,8
194,239,8
199,90,8
213,251,8
213,311,8
215,244,8
218,88,8
238,44,8
238,77,8
244,215,8
246,297,8
279,195,8
281,17,8
288,179,8
297,246,8
298,10,8
309,327,8
311,213,8
317,200,8
319,324,8
321,132,8
324,319,8
327,309,8
348,188,8
3,71,9
10,239,9
10,298,9
12,240,9
44,77,9
44,238,9
63,292,9
71,3,9
77,44,9
79,340,9
92,154,9
95,295,9
99,132,9
105,287,9
110,324,9
115,182,9
127,304,9
129,143,9
129,250,9
132,15,9
132,99,9
132,321,9
137,193,9
154,92,9
154,112,9
160,191,9
186,189,9
189,186,9
189,256,9
191,160,9
192,195,9
192,279,9
193,137,9
195,192,9
201,58,9
216,314,9
235,261,9
238,44,9
239,10,9
240,12,9
253,334,9
261,235,9
269,284,9
279,192,9
287,105,9
292,63,9
295,95,9
304,127,9
314,216,9
324,110,9
324,319,9
334,253,9
334,254,9
340,79,9
10,194,10
10,239,10
15,99,10
23,265,10
30,33,10
33,30,10
33,164,10
33,197,10
60,141,10
63,177,10
94,306,10
98,272,10
99,15,10
99,132,10
99,321,10
108,229,10
110,319,10
129,143,10
129,250,10
132,99,10
132,321,10
140,322,10
141,60,10
143,250,10
154,92,10
164,197,10
172,212,10
192,195,10
194,10,10
194,298,10
197,33,10
197,164,10
212,172,10
215,263,10
229,108,10
239,298,10
250,143,10
253,300,10
253,334,10
254,300,10
259,272,10
263,215,10
265,23,10
272,98,10
272,259,10
298,194,10
298,239,10
300,253,10
300,254,10
306,94,10
307,345,10
319,110,10
319,324,10
321,99,10
321,132,10
322,140,10
334,253,10
345,307,10
3,310,11
15,132,11
30,164,11
33,30,11
59,286,11
63,292,11
99,15,11
99,132,11
129,325,11
132,15,11
132,99,11
164,30,11
175,231,11
189,186,11
210,283,11
231,175,11
253,300,11
253,334,11
272,98,11
286,59,11
298,194,11
300,253,11
310,3,11
319,110,11
325,129,11
7,260,12
9,264,12
14,285,12
15,321,12
23,213,12
23,265,12
28,160,12
30,33,12
53,80,12
63,177,12
65,76,12
76,65,12
80,53,12
81,193,12
110,324,12
116,123,12
117,139,12
120,299,12
123,116,12
123,293,12
127,128,12
127,304,12
132,15,12
132,321,12
138,156,12
139,117,12
154,112,12
156,138,12
160,28,12
160,262,12
165,289,12
178,247,12
183,273,12
193,81,12
213,23,12
224,310,12
247,178,12
260,7,12
262,160,12
264,9,12
272,259,12
273,183,12
289,165,12
293,123,12
298,239,12
299,120,12
310,224,12
321,15,12
321,132,12
324,110,12
6,73,13
12,137,13
19,256,13
28,262,13
34,123,13
59,5,13
65,309,13
67,91,13
73,6,13
83,34,13
90,252,13
91,67,13
104,305,13
106,134,13
123,34,13
123,116,13
134,106,13
137,12,13
138,307,13
153,313,13
162,180,13
164,197,13
180,162,13
194,239,13
194,298,13
239,194,13
239,298,13
252,90,13
254,327,13
256,19,13
262,28,13
265,107,13
298,194,13
298,239,13
305,104,13
305,130,13
307,138,13
307,345,13
309,65,13
310,3,13
313,153,13
327,254,13
6,84,14
8,216,14
12,240,14
22,171,14
30,164,14
34,83,14
38,334,14
40,280,14
44,77,14
45,318,14
67,233,14
75,294,14
91,243,14
100,292,14
117,326,14
120,140,14
140,120,14
153,161,14
153,313,14
161,153,14
164,30,14
171,22,14
194,239,14
216,8,14
233,67,14
239,194,14
243,91,14
258,347,14
280,40,14
292,100,14
294,75,14
305,104,14
305,130,14
318,45,14
326,117,14
334,38,14
347,258,14
6,73,15
10,298,15
12,137,15
12,162,15
12,240,15
14,323,15
15,99,15
15,321,15
18,100,15
24,160,15
25,59,15
34,123,15
40,210,15
44,238,15
51,257,15
59,25,15
67,91,15
73,84,15
84,73,15
85,331,15
88,148,15
91,67,15
91,233,15
91,243,15
99,15,15
100,18,15
100,292,15
102,255,15
103,253,15
105,197,15
121,139,15
123,34,15
123,116,15
127,128,15
137,240,15
139,121,15
140,322,15
148,88,15
153,161,15
153,313,15
160,24,15
161,313,15
162,12,15
165,179,15
179,165,15
197,105,15
210,40,15
212,228,15
228,212,15
233,91,15
236,320,15
239,10,15
239,298,15
240,137,15
244,316,15
253,103,15
255,102,15
257,51,15
273,340,15
285,323,15
295,342,15
298,10,15
298,239,15
305,104,15
313,161,15
316,244,15
319,324,15
320,236,15
321,15,15
323,14,15
323,285,15
324,319,15
331,85,15
340,273,15
342,295,15
11,136,16
11,198,16
12,137,16
15,42,16
15,132,16
26,308,16
29,260,16
34,83,16
34,123,16
35,170,16
40,280,16
42,15,16
67,243,16
73,6,16
73,84,16
93,263,16
95,342,16
100,18,16
107,251,16
107,265,16
123,34,16
132,15,16
132,321,16
136,11,16
137,12,16
137,240,16
153,161,16
161,153,16
161,313,16
164,197,16
170,35,16
197,164,16
210,280,16
215,316,16
241,327,16
243,67,16
243,91,16
244,263,16
251,107,16
251,265,16
260,29,16
262,2,16
263,93,16
263,244,16
265,251,16
271,291,16
280,210,16
291,271,16
298,10,16
308,26,16
316,215,16
321,132,16
324,110,16
327,241,16
342,95,16
342,295,16
5,286,17
11,136,17
15,42,17
42,132,17
46,248,17
49,248,17
65,76,17
73,6,17
93,244,17
93,263,17
95,295,17
95,342,17
99,132,17
99,321,17
101,344,17
113,174,17
115,252,17
132,42,17
132,99,17
137,12,17
138,345,17
141,275,17
174,113,17
199,202,17
200,300,17
202,199,17
212,277,17
216,314,17
228,277,17
229,254,17
244,93,17
245,269,17
248,46,17
248,49,17
252,115,17
254,229,17
263,93,17
265,107,17
269,245,17
275,141,17
277,212,17
277,228,17
280,40,17
280,210,17
286,5,17
295,95,17
300,200,17
321,99,17
342,95,17
344,101,17
345,138,17
1,146,18
5,59,18
7,29,18
8,314,18
22,285,18
23,251,18
24,92,18
29,7,18
30,33,18
34,83,18
42,15,18
59,5,18
64,209,18
65,309,18
92,24,18
99,132,18
114,196,18
119,207,18
141,335,18
146,1,18
172,228,18
195,279,18
196,114,18
205,305,18
207,119,18
212,172,18
212,228,18
215,244,18
216,8,18
216,314,18
228,172,18
228,212,18
244,215,18
250,325,18
251,23,18
273,183,18
279,195,18
285,22,18
305,205,18
310,303,18
314,8,18
314,216,18
325,250,18
335,141,18
345,307,18
6,84,19
8,216,19
8,314,19
19,311,19
34,116,19
34,123,19
38,200,19
55,171,19
56,77,19
64,82,19
72,178,19
72,247,19
76,241,19
77,56,19
83,123,19
84,6,19
99,321,19
105,206,19
108,334,19
113,142,19
116,34,19
123,83,19
134,147,19
137,240,19
142,113,19
147,134,19
171,55,19
172,212,19
178,72,19
183,340,19
200,38,19
206,105,19
212,172,19
216,8,19
241,76,19
244,263,19
247,72,19
261,339,19
263,244,19
270,341,19
271,122,19
311,19,19
314,8,19
324,319,19
334,108,19
339,261,19
340,183,19
341,270,19
7,260,20
9,201,20
10,123,20
11,187,20
14,55,20
14,171,20
21,121,20
29,260,20
31,290,20
31,346,20
32,50,20
34,83,20
34,116,20
35,107,20
35,170,20
41,122,20
50,32,20
53,56,20
55,14,20
55,171,20
56,53,20
56,77,20
58,158,20
62,74,20
67,91,20
74,62,20
75,129,20
83,34,20
91,67,20
97,304,20
103,327,20
107,35,20
107,170,20
121,21,20
121,328,20
122,41,20
123,10,20
129,75,20
139,328,20
142,174,20
155,204,20
156,176,20
158,58,20
170,107,20
171,14,20
171,55,20
174,142,20
176,156,20
187,11,20
200,300,20
201,9,20
204,155,20
215,263,20
233,243,20
236,269,20
243,233,20
244,215,20
244,263,20
244,316,20
247,281,20
254,327,20
260,7,20
260,29,20
263,215,20
263,244,20
268,312,20
269,236,20
269,245,20
272,98,20
280,40,20
281,247,20
290,31,20
304,97,20
312,268,20
316,244,20
327,103,20
327,254,20
328,121,20
328,139,20
346,31,20
14,55,21
23,265,21
28,160,21
34,83,21
42,132,21
45,130,21
45,318,21
55,14,21
56,53,21
56,77,21
65,76,21
70,202,21
71,310,21
76,65,21
81,240,21
99,132,21
130,45,21
132,42,21
132,99,21
141,275,21
153,273,21
160,28,21
178,247,21
202,70,21
204,37,21
212,228,21
239,194,21
240,81,21
241,254,21
241,327,21
247,178,21
254,241,21
254,327,21
257,289,21
260,7,21
263,215,21
265,23,21
269,236,21
273,153,21
289,257,21
290,346,21
310,71,21
327,241,21
327,254,21
328,121,21
328,139,21
346,290,21
12,162,22
22,55,22
42,99,22
42,132,22
45,130,22
53,77,22
55,22,22
77,53,22
99,42,22
103,241,22
121,139,22
132,42,22
133,240,22
139,121,22
147,320,22
179,288,22
240,133,22
241,103,22
241,327,22
310,303,22
320,147,22
327,241,22
4,74,23
8,216,23
10,298,23
14,338,23
17,48,23
31,290,23
36,261,23
48,17,23
51,66,23
53,56,23
53,77,23
56,53,23
56,238,23
65,309,23
66,51,23
72,178,23
74,4,23
74,62,23
99,132,23
107,251,23
127,138,23
132,99,23
133,137,23
133,240,23
137,133,23
137,240,23
138,127,23
153,183,23
178,72,23
183,153,23
186,311,23
194,298,23
218,226,23
225,284,23
226,218,23
238,56,23
240,137,23
251,107,23
261,36,23
279,267,23
284,225,23
290,31,23
295,342,23
298,194,23
311,186,23
338,14,23
342,295,23
3,199,24
11,136,24
21,328,24
22,185,24
25,141,24
42,15,24
45,318,24
53,56,24
53,77,24
56,53,24
56,77,24
77,56,24
90,182,24
110,319,24
110,324,24
115,158,24
141,25,24
158,115,24
182,90,24
185,22,24
195,192,24
199,3,24
205,325,24
319,110,24
319,324,24
324,110,24
324,319,24
325,205,24
328,21,24
9,347,25
13,16,25
16,13,25
20,338,25
21,121,25
21,139,25
21,328,25
22,55,25
29,331,25
33,197,25
53,238,25
56,238,25
73,181,25
77,53,25
81,133,25
81,240,25
91,233,25
91,243,25
110,319,25
110,324,25
121,21,25
121,139,25
133,81,25
133,240,25
139,21,25
139,121,25
139,328,25
141,275,25
157,285,25
181,73,25
197,33,25
204,271,25
205,305,25
205,325,25
217,339,25
233,91,25
233,243,25
238,53,25
238,56,25
240,81,25
240,133,25
243,91,25
243,233,25
261,235,25
270,184,25
271,204,25
276,297,25
285,157,25
290,346,25
297,276,25
311,19,25
319,110,25
319,324,25
324,110,25
324,319,25
328,139,25
331,29,25
338,20,25
339,217,25
347,9,25
10,123,26
21,139,26
23,107,26
43,289,26
47,262,26
58,115,26
81,133,26
97,138,26
107,23,26
107,265,26
109,278,26
111,126,26
115,58,26
126,111,26
133,81,26
138,97,26
139,21,26
152,203,26
200,264,26
203,152,26
204,37,26
204,271,26
205,305,26
205,325,26
243,91,26
243,233,26
262,47,26
264,200,26
265,107,26
278,109,26
285,323,26
289,43,26
305,325,26
324,110,26
325,305,26
2,28,27
12,137,27
14,22,27
22,14,27
24,154,27
28,2,27
33,30,27
45,130,27
51,203,27
59,286,27
83,123,27
84,98,27
91,233,27
91,243,27
93,106,27
98,84,27
106,93,27
110,319,27
110,324,27
115,158,27
123,83,27
134,320,27
137,12,27
138,127,27
139,121,27
154,24,27
173,322,27
175,125,27
203,51,27
203,152,27
204,37,27
204,271,27
205,305,27
225,221,27
233,91,27
233,243,27
235,260,27
236,245,27
243,91,27
243,233,27
245,236,27
260,235,27
286,59,27
300,317,27
305,205,27
305,325,27
317,300,27
319,110,27
319,324,27
320,134,27
322,173,27
324,319,27
10,83,28
14,185,28
14,323,28
15,132,28
22,185,28
37,271,28
41,291,28
54,280,28
75,250,28
83,10,28
83,123,28
107,23,28
107,265,28
115,58,28
132,15,28
132,99,28
185,14,28
185,22,28
200,258,28
212,277,28
243,91,28
243,233,28
250,75,28
258,200,28
259,337,28
271,37,28
271,204,28
277,212,28
280,54,28
291,41,28
323,14,28
337,259,28
7,269,29
14,22,29
14,185,29
22,14,29
53,77,29
57,88,29
66,257,29
88,57,29
96,302,29
113,174,29
116,211,29
117,139,29
125,231,29
139,117,29
169,227,29
174,113,29
178,247,29
185,14,29
198,233,29
199,303,29
205,325,29
211,116,29
227,169,29
231,125,29
233,198,29
238,306,29
243,91,29
257,66,29
260,331,29
269,7,29
302,96,29
303,199,29
303,310,29
306,238,29
325,205,29
331,260,29
2,262,30
15,99,30
15,132,30
16,64,30
22,338,30
28,160,30
48,234,30
55,285,30
55,323,30
64,16,30
73,120,30
99,15,30
99,132,30
117,121,30
117,139,30
120,73,30
121,117,30
125,175,30
132,15,30
132,99,30
139,220,30
145,272,30
150,240,30
153,340,30
164,206,30
185,285,30
185,323,30
206,164,30
220,139,30
234,48,30
240,150,30
260,235,30
260,331,30
262,2,30
272,145,30
285,55,30
285,185,30
285,323,30
297,246,30
303,199,30
303,310,30
323,55,30
323,185,30
323,285,30
338,22,30
340,153,30
9,200,31
14,22,31
20,235,31
22,14,31
22,338,31
36,339,31
38,258,31
51,152,31
55,285,31
55,323,31
67,223,31
117,121,31
128,176,31
132,15,31
132,99,31
133,240,31
146,173,31
150,193,31
152,51,31
157,259,31
173,146,31
176,128,31
179,165,31
179,289,31
185,285,31
185,323,31
186,228,31
193,150,31
199,310,31
200,9,31
223,67,31
224,290,31
228,186,31
235,20,31
235,260,31
240,133,31
253,264,31
258,38,31
259,157,31
260,235,31
264,253,31
285,55,31
285,185,31
285,323,31
289,179,31
290,224,31
303,199,31
310,199,31
323,55,31
323,185,31
323,285,31
339,36,31
14,185,32
16,13,32
42,86,32
55,259,32
76,103,32
86,42,32
89,226,32
103,76,32
143,225,32
180,188,32
185,14,32
185,323,32
187,192,32
188,180,32
192,187,32
225,143,32
226,89,32
259,55,32
264,347,32
323,185,32
347,264,32
3,303,33
5,153,33
14,338,33
15,42,33
15,132,33
22,171,33
42,15,33
42,132,33
55,285,33
61,89,33
61,226,33
68,85,33
85,68,33
89,61,33
89,226,33
106,190,33
132,15,33
132,42,33
150,240,33
153,5,33
160,262,33
165,289,33
166,348,33
167,286,33
171,22,33
185,14,33
185,338,33
190,106,33
226,61,33
226,89,33
240,150,33
247,281,33
262,160,33
285,55,33
286,167,33
289,165,33
303,3,33
338,14,33
338,185,33
348,166,33
14,55,34
14,185,34
15,86,34
15,132,34
39,304,34
42,86,34
42,132,34
44,53,34
53,44,34
55,14,34
55,185,34
61,89,34
61,226,34
63,180,34
74,238,34
86,15,34
86,42,34
89,61,34
92,137,34
93,135,34
128,138,34
132,15,34
132,42,34
135,93,34
137,92,34
138,128,34
162,188,34
165,288,34
165,289,34
180,63,34
185,14,34
185,55,34
188,162,34
191,342,34
226,61,34
229,334,34
235,20,34
238,74,34
247,178,34
247,281,34
259,157,34
262,2,34
270,305,34
279,314,34
286,59,34
288,165,34
289,179,34
304,39,34
305,270,34
314,279,34
334,229,34
342,191,34
6,98,35
10,123,35
13,64,35
14,323,35
15,86,35
22,338,35
43,288,35
53,77,35
64,13,35
86,15,35
86,132,35
98,6,35
98,84,35
103,327,35
121,139,35
123,10,35
132,86,35
135,190,35
139,121,35
139,220,35
151,223,35
157,285,35
185,14,35
185,323,35
190,135,35
223,151,35
223,265,35
235,261,35
247,178,35
265,223,35
285,157,35
288,43,35
289,165,35
323,14,35
323,185,35
327,103,35
338,22,35
14,338,36
28,47,36
41,122,36
47,28,36
55,323,36
68,284,36
80,159,36
85,217,36
86,15,36
96,197,36
96,302,36
102,342,36
106,135,36
106,190,36
121,220,36
122,204,36
123,83,36
125,231,36
135,106,36
135,190,36
141,60,36
147,269,36
159,80,36
161,183,36
161,273,36
165,179,36
171,338,36
179,165,36
183,161,36
183,273,36
185,55,36
190,106,36
190,135,36
197,96,36
197,302,36
204,122,36
217,85,36
220,121,36
233,243,36
243,233,36
259,323,36
262,160,36
269,147,36
273,161,36
273,183,36
284,68,36
302,197,36
323,55,36
323,259,36
338,14,36
338,171,36
342,102,36
10,116,37
25,329,37
41,204,37
41,291,37
53,44,37
55,185,37
55,323,37
74,306,37
78,330,37
93,190,37
95,110,37
102,240,37
108,201,37
110,95,37
116,10,37
118,304,37
120,266,37
133,193,37
135,93,37
135,190,37
141,275,37
148,218,37
172,213,37
190,93,37
190,135,37
193,133,37
201,108,37
204,41,37
204,122,37
213,172,37
218,148,37
240,102,37
240,342,37
258,300,37
266,120,37
273,161,37
300,258,37
304,118,37
306,74,37
323,55,37
323,259,37
327,241,37
329,25,37
330,78,37
342,240,37
3,199,38
3,310,38
7,29,38
14,171,38
29,7,38
67,243,38
70,336,38
91,195,38
93,135,38
96,197,38
104,325,38
110,319,38
110,324,38
121,117,38
123,298,38
129,250,38
135,93,38
139,208,38
141,60,38
150,342,38
155,184,38
171,14,38
184,155,38
195,91,38
197,96,38
199,3,38
208,139,38
223,151,38
235,20,38
235,261,38
240,150,38
240,342,38
243,67,38
250,129,38
298,123,38
310,3,38
319,110,38
319,324,38
324,110,38
324,319,38
325,104,38
336,70,38
342,150,38
342,240,38
2,47,39
3,199,39
6,120,39
26,296,39
41,122,39
41,291,39
47,2,39
61,80,39
65,254,39
73,181,39
80,61,39
86,132,39
89,276,39
91,192,39
97,128,39
102,342,39
105,216,39
120,6,39
122,41,39
122,291,39
127,128,39
128,97,39
128,127,39
139,220,39
147,245,39
171,185,39
185,171,39
189,212,39
192,91,39
208,220,39
212,189,39
216,105,39
220,139,39
220,208,39
240,102,39
240,342,39
245,147,39
254,65,39
260,338,39
276,89,39
291,122,39
296,26,39
310,71,39
327,103,39
327,241,39
338,260,39
342,102,39
342,150,39
342,240,39
6,73,40
6,120,40
12,133,40
30,302,40
41,122,40
52,148,40
52,218,40
60,275,40
65,309,40
67,151,40
73,6,40
97,127,40
97,128,40
102,240,40
103,241,40
122,41,40
122,291,40
127,97,40
127,128,40
127,138,40
128,97,40
128,127,40
133,12,40
138,127,40
139,208,40
148,52,40
151,67,40
156,307,40
187,195,40
195,187,40
208,139,40
218,52,40
235,20,40
240,102,40
240,342,40
241,103,40
241,327,40
254,309,40
275,60,40
285,323,40
302,30,40
307,156,40
309,254,40
323,285,40
3,224,41
3,310,41
11,326,41
23,223,41
41,291,41
52,148,41
52,218,41
68,217,41
73,181,41
75,129,41
97,127,41
97,128,41
103,327,41
127,97,41
128,97,41
129,75,41
130,341,41
145,337,41
148,218,41
157,259,41
171,14,41
190,263,41
199,310,41
217,68,41
218,148,41
223,23,41
224,3,41
226,246,41
245,269,41
246,226,41
259,157,41
263,190,41
265,107,41
269,245,41
291,41,41
291,122,41
310,3,41
310,199,41
325,205,41
326,11,41
327,103,41
327,241,41
337,145,41
341,130,41
6,73,42
14,185,42
22,185,42
30,96,42
30,197,42
30,302,42
39,118,42
41,122,42
42,99,42
52,148,42
73,6,42
73,181,42
96,30,42
96,197,42
96,302,42
97,138,42
99,42,42
103,254,42
103,327,42
118,39,42
122,41,42
122,291,42
127,138,42
129,250,42
138,97,42
138,127,42
147,269,42
148,52,42
148,218,42
153,286,42
185,14,42
185,22,42
187,279,42
189,228,42
191,240,42
191,342,42
197,30,42
197,96,42
210,296,42
217,284,42
224,310,42
228,189,42
240,191,42
240,342,42
245,147,42
245,269,42
254,103,42
269,147,42
269,245,42
279,187,42
284,217,42
286,153,42
296,210,42
302,96,42
310,3,42
310,224,42
316,318,42
318,316,42
327,103,42
342,191,42
342,240,42
2,160,43
6,120,43
7,85,43
7,245,43
14,171,43
20,261,43
30,96,43
30,197,43
30,267,43
41,291,43
68,284,43
85,7,43
96,30,43
96,197,43
112,144,43
113,142,43
129,75,43
129,250,43
142,113,43
144,112,43
160,2,43
188,348,43
191,240,43
191,342,43
197,30,43
197,96,43
214,306,43
217,68,43
238,56,43
240,191,43
244,318,43
245,7,43
261,20,43
267,30,43
284,68,43
291,41,43
291,122,43
306,214,43
310,3,43
310,224,43
316,244,43
316,318,43
318,244,43
318,316,43
342,191,43
348,188,43
10,83,44
20,235,44
20,261,44
30,197,44
37,122,44
47,28,44
52,218,44
61,246,44
64,259,44
75,250,44
83,10,44
96,302,44
97,127,44
121,208,44
122,37,44
122,291,44
127,97,44
133,81,44
148,52,44
158,334,44
159,268,44
187,195,44
195,279,44
197,30,44
208,121,44
218,52,44
235,261,44
245,269,44
246,61,44
250,75,44
259,64,44
261,235,44
268,159,44
269,147,44
269,245,44
279,195,44
300,317,44
334,158,44
1,322,45
20,235,45
21,228,45
30,302,45
31,65,45
55,285,45
65,31,45
85,284,45
94,214,45
104,305,45
117,220,45
122,37,45
122,291,45
161,183,45
183,161,45
214,94,45
216,8,45
218,295,45
220,117,45
228,21,45
235,20,45
246,226,45
269,147,45
270,341,45
284,85,45
285,55,45
295,218,45
302,30,45
305,104,45
318,244,45
322,1,45
341,270,45
3,224,46
3,310,46
6,266,46
14,22,46
18,177,46
22,14,46
23,107,46
23,251,46
29,284,46
30,267,46
31,309,46
42,132,46
48,64,46
53,80,46
54,296,46
59,153,46
64,48,46
68,217,46
75,129,46
80,53,46
83,298,46
107,23,46
127,128,46
128,127,46
129,75,46
132,42,46
153,59,46
157,285,46
163,240,46
177,18,46
179,289,46
187,192,46
187,279,46
192,187,46
192,279,46
204,291,46
216,105,46
224,3,46
228,186,46
228,189,46
235,261,46
240,163,46
246,61,46
251,23,46
266,6,46
267,302,46
279,187,46
279,192,46
284,29,46
284,85,46
285,157,46
289,179,46
291,204,46
296,54,46
298,83,46
302,267,46
309,31,46
310,3,46
7,147,47
10,123,47
20,261,47
21,186,47
31,65,47
31,309,47
42,99,47
54,280,47
64,259,47
75,250,47
86,15,47
97,211,47
102,191,47
102,342,47
103,254,47
104,205,47
107,265,47
123,10,47
135,263,47
146,322,47
147,7,47
147,269,47
149,333,47
151,243,47
168,170,47
170,168,47
186,21,47
187,195,47
187,279,47
191,102,47
191,342,47
195,187,47
205,104,47
208,220,47
211,97,47
220,208,47
243,151,47
244,316,47
245,284,47
261,20,47
263,135,47
263,190,47
267,30,47
279,187,47
279,192,47
284,245,47
285,55,47
288,289,47
289,288,47
300,258,47
316,244,47
322,146,47
333,149,47
341,130,47
342,102,47
342,191,47
4,62,48
10,83,48
20,236,48
21,189,48
31,65,48
62,4,48
63,188,48
72,111,48
83,10,48
83,123,48
100,292,48
111,72,48
118,304,48
122,37,48
123,83,48
125,175,48
129,250,48
130,286,48
130,341,48
135,93,48
139,220,48
146,173,48
153,286,48
153,341,48
154,343,48
161,273,48
164,287,48
177,348,48
186,228,48
187,192,48
187,195,48
188,63,48
189,21,48
192,187,48
192,279,48
199,224,48
201,229,48
205,305,48
208,139,48
208,220,48
220,139,48
220,208,48
224,199,48
228,186,48
229,201,48
236,20,48
236,261,48
246,268,48
250,129,48
261,236,48
268,246,48
286,130,48
286,153,48
287,164,48
302,96,48
305,205,48
322,1,48
341,153,48
343,154,48
348,177,48
10,123,49
12,81,49
12,133,49
20,235,49
30,197,49
30,267,49
40,222,49
53,44,49
59,286,49
59,341,49
64,48,49
64,157,49
81,12,49
81,133,49
95,319,49
123,10,49
130,153,49
130,286,49
133,12,49
133,81,49
153,130,49
153,286,49
153,341,49
157,64,49
157,259,49
187,192,49
192,187,49
197,267,49
220,139,49
222,40,49
235,20,49
246,226,49
259,157,49
267,197,49
286,59,49
286,130,49
286,153,49
286,341,49
319,95,49
319,324,49
341,59,49
341,153,49
341,286,49
342,102,49
25,275,50
30,197,50
30,267,50
35,265,50
36,309,50
48,157,50
57,227,50
60,141,50
64,48,50
94,142,50
97,127,50
97,128,50
106,320,50
109,176,50
118,39,50
123,194,50
127,97,50
127,128,50
128,97,50
128,127,50
133,12,50
142,94,50
157,48,50
171,185,50
171,338,50
176,109,50
185,171,50
194,123,50
197,30,50
221,245,50
227,57,50
241,253,50
245,221,50
245,284,50
246,268,50
253,241,50
265,35,50
267,30,50
275,25,50
309,36,50
320,106,50
338,171,50
342,191,50
8,105,51
23,107,51
23,251,51
29,68,51
30,197,51
30,267,51
36,339,51
48,64,51
68,29,51
69,248,51
77,238,51
89,226,51
105,8,51
105,249,51
107,23,51
117,328,51
120,266,51
128,97,51
128,127,51
146,322,51
147,245,51
177,18,51
226,89,51
238,77,51
244,318,51
245,147,51
245,284,51
248,69,51
249,105,51
258,317,51
266,120,51
289,179,51
317,258,51
319,95,51
319,324,51
322,146,51
328,117,51
341,59,51
2,47,52
2,160,52
14,76,52
30,197,52
30,267,52
32,298,52
36,309,52
42,132,52
43,289,52
47,2,52
47,160,52
48,157,52
54,78,52
64,234,52
67,243,52
76,14,52
78,54,52
104,155,52
110,226,52
129,325,52
139,208,52
155,104,52
160,47,52
163,191,52
185,338,52
191,163,52
208,139,52
226,110,52
234,64,52
243,67,52
250,75,52
289,43,52
289,179,52
298,32,52
300,317,52
317,300,52
319,95,52
325,129,52
338,185,52
8,216,53
16,178,53
19,186,53
24,112,53
24,144,53
31,36,53
36,31,53
36,309,53
89,110,53
89,226,53
99,132,53
110,89,53
112,24,53
132,99,53
144,24,53
160,2,53
165,278,53
178,16,53
186,19,53
190,215,53
212,311,53
215,190,53
216,8,53
221,284,53
226,89,53
278,165,53
284,221,53
289,43,53
289,179,53
311,212,53
317,258,53
319,324,53
2,47,54
8,105,54
8,216,54
20,236,54
22,185,54
24,112,54
24,144,54
31,309,54
37,291,54
47,2,54
75,225,54
75,250,54
84,145,54
89,110,54
97,138,54
105,8,54
105,216,54
112,154,54
138,97,54
145,84,54
154,112,54
168,311,54
185,22,54
187,313,54
192,313,54
197,287,54
200,264,54
216,105,54
225,75,54
236,20,54
245,147,54
253,339,54
264,200,54
287,197,54
291,37,54
309,31,54
309,36,54
311,168,54
313,187,54
313,192,54
322,1,54
339,253,54
5,341,55
6,73,55
8,105,55
47,28,55
59,286,55
73,6,55
86,132,55
102,148,55
105,8,55
112,144,55
121,315,55
129,250,55
132,86,55
137,180,55
144,112,55
146,173,55
148,102,55
180,137,55
187,192,55
187,279,55
187,313,55
189,212,55
192,187,55
192,313,55
197,267,55
197,287,55
200,347,55
212,189,55
215,263,55
218,52,55
219,232,55
232,219,55
250,129,55
253,241,55
255,276,55
259,260,55
260,259,55
263,215,55
265,308,55
267,197,55
276,255,55
279,187,55
286,59,55
289,43,55
297,312,55
308,265,55
312,297,55
313,187,55
313,192,55
315,121,55
319,95,55
341,5,55
347,200,55
1,173,56
1,322,56
2,160,56
3,71,56
20,235,56
22,260,56
33,96,56
71,3,56
96,33,56
105,216,56
124,179,56
173,1,56
173,322,56
179,124,56
189,311,56
204,306,56
226,268,56
260,22,56
260,259,56
268,226,56
279,313,56
306,204,56
308,316,56
311,189,56
313,187,56
313,279,56
316,308,56
322,173,56
2,28,57
17,281,57
20,261,57
28,2,57
28,47,57
30,96,57
50,239,57
58,158,57
59,341,57
82,236,57
84,98,57
96,30,57
101,248,57
105,314,57
128,138,57
128,293,57
138,128,57
155,184,57
158,58,57
172,198,57
179,278,57
198,172,57
212,311,57
215,190,57
217,221,57
221,217,57
236,82,57
239,50,57
248,101,57
260,22,57
260,285,57
261,20,57
278,179,57
281,17,57
285,260,57
293,128,57
311,212,57
313,187,57
314,105,57
341,59,57
2,47,58
5,59,58
24,154,58
34,123,58
42,99,58
47,2,58
47,28,58
48,285,58
59,5,58
59,341,58
84,145,58
97,128,58
97,138,58
99,42,58
105,8,58
116,211,58
123,34,58
126,222,58
128,97,58
128,138,58
128,293,58
138,97,58
138,128,58
140,247,58
154,24,58
168,170,58
179,124,58
187,192,58
187,313,58
189,212,58
189,311,58
192,187,58
211,116,58
212,189,58
212,311,58
222,126,58
230,244,58
244,230,58
247,140,58
253,339,58
260,22,58
265,316,58
272,337,58
278,165,58
285,48,58
311,189,58
311,212,58
313,279,58
316,265,58
322,1,58
337,272,58
1,173,59
21,277,59
34,194,59
36,339,59
45,270,59
48,157,59
59,130,59
59,341,59
97,176,59
102,342,59
103,334,59
130,59,59
130,341,59
137,166,59
137,180,59
138,293,59
146,281,59
166,137,59
166,180,59
173,1,59
176,97,59
180,166,59
190,263,59
194,34,59
201,108,59
263,190,59
270,45,59
277,21,59
281,146,59
293,138,59
313,187,59
334,103,59
339,36,59
341,130,59
342,102,59
2,160,60
11,249,60
34,123,60
36,241,60
41,155,60
47,2,60
54,222,60
86,15,60
96,33,60
97,118,60
103,254,60
103,334,60
112,343,60
118,97,60
128,138,60
137,166,60
138,128,60
155,41,60
155,104,60
166,137,60
166,180,60
187,195,60
187,279,60
187,313,60
195,279,60
195,313,60
203,304,60
222,54,60
241,36,60
249,11,60
279,187,60
279,195,60
279,313,60
304,203,60
313,195,60
313,279,60
343,112,60
17,146,61
19,311,61
34,194,61
37,122,61
38,272,61
41,184,61
47,160,61
58,90,61
90,58,61
90,158,61
96,30,61
102,191,61
123,194,61
128,293,61
142,174,61
146,17,61
146,281,61
148,295,61
153,205,61
158,90,61
160,47,61
173,322,61
174,142,61
176,109,61
184,41,61
185,338,61
187,195,61
187,313,61
191,102,61
194,123,61
195,187,61
195,313,61
205,153,61
216,314,61
272,38,61
275,329,61
293,128,61
295,148,61
309,339,61
311,19,61
313,187,61
313,195,61
313,279,61
314,216,61
322,173,61
329,275,61
339,309,61
19,186,62
19,311,62
34,123,62
43,288,62
76,339,62
90,58,62
94,204,62
98,145,62
102,276,62
107,223,62
123,34,62
124,278,62
145,98,62
146,17,62
150,193,62
186,311,62
193,150,62
204,94,62
223,107,62
254,334,62
258,300,62
276,102,62
278,124,62
288,43,62
300,258,62
311,186,62
313,187,62
313,279,62
334,254,62
339,76,62
339,253,62
19,186,63
34,83,63
35,223,63
75,225,63
76,309,63
76,339,63
83,34,63
86,114,63
88,113,63
90,229,63
96,33,63
102,191,63
102,276,63
111,126,63
113,88,63
114,86,63
122,291,63
126,111,63
146,281,63
148,218,63
161,301,63
167,329,63
168,189,63
186,19,63
187,195,63
187,313,63
189,168,63
195,187,63
203,344,63
218,148,63
223,35,63
229,90,63
235,331,63
255,295,63
268,246,63
291,122,63
295,255,63
301,161,63
309,76,63
309,339,63
313,187,63
329,167,63
329,275,63
331,235,63
338,171,63
339,76,63
339,253,63
339,309,63
344,203,63
14,261,64
17,281,64
19,311,64
29,236,64
30,197,64
32,49,64
41,155,64
49,32,64
64,13,64
76,309,64
83,123,64
86,15,64
109,128,64
123,83,64
128,109,64
128,176,64
140,146,64
140,281,64
146,140,64
146,281,64
148,255,64
148,295,64
155,41,64
176,128,64
197,30,64
206,216,64
216,206,64
225,250,64
225,346,64
230,318,64
236,29,64
246,61,64
250,225,64
255,148,64
255,295,64
261,14,64
265,308,64
281,17,64
281,140,64
281,146,64
295,148,64
295,255,64
300,317,64
308,265,64
309,76,64
311,19,64
312,319,64
317,300,64
318,230,64
319,312,64
329,167,64
341,59,64
346,225,64
9,264,65
20,185,65
20,261,65
23,35,65
23,223,65
31,327,65
35,23,65
35,223,65
51,304,65
75,250,65
76,339,65
83,34,65
83,123,65
85,217,65
96,197,65
102,191,65
102,276,65
106,131,65
117,228,65
128,109,65
135,265,65
140,247,65
140,281,65
144,348,65
168,170,65
169,219,65
185,20,65
197,96,65
208,328,65
217,85,65
218,295,65
219,169,65
223,23,65
223,35,65
228,117,65
250,75,65
258,317,65
261,20,65
264,9,65
265,135,65
281,17,65
281,140,65
295,218,65
300,258,65
304,51,65
309,339,65
313,279,65
317,258,65
327,31,65
328,208,65
335,340,65
339,76,65
339,309,65
340,335,65
341,130,65
348,144,65
14,20,66
14,261,66
17,146,66
20,14,66
20,261,66
33,197,66
34,123,66
40,332,66
41,184,66
51,124,66
51,304,66
75,143,66
77,80,66
77,238,66
78,296,66
80,77,66
97,176,66
99,132,66
115,158,66
123,34,66
123,83,66
124,51,66
132,99,66
143,75,66
146,17,66
148,218,66
155,104,66
157,260,66
158,115,66
176,97,66
191,276,66
197,30,66
197,33,66
197,96,66
208,139,66
213,311,66
218,148,66
223,23,66
223,35,66
245,320,66
258,300,66
258,317,66
260,157,66
261,14,66
261,20,66
276,191,66
296,78,66
300,317,66
311,213,66
317,300,66
320,245,66
332,40,66
339,76,66
15,257,67
18,188,67
20,185,67
20,261,67
30,96,67
30,197,67
36,334,67
51,124,67
59,286,67
76,253,67
76,339,67
94,174,67
96,30,67
96,197,67
97,118,67
97,138,67
97,203,67
109,127,67
109,128,67
118,138,67
118,203,67
124,304,67
127,109,67
132,321,67
138,97,67
138,118,67
138,176,67
140,146,67
140,281,67
146,140,67
146,281,67
152,304,67
161,183,67
161,301,67
174,94,67
176,138,67
188,18,67
192,195,67
195,192,67
197,30,67
197,96,67
203,97,67
203,118,67
205,270,67
244,318,67
253,76,67
253,339,67
257,15,67
270,205,67
281,146,67
304,124,67
304,152,67
313,187,67
317,258,67
318,244,67
321,132,67
323,337,67
334,36,67
337,323,67
339,253,67
8,279,68
30,96,68
30,197,68
31,290,68
31,327,68
54,87,68
58,229,68
59,341,68
63,177,68
78,330,68
87,54,68
96,30,68
96,197,68
97,176,68
118,176,68
140,146,68
140,281,68
146,17,68
146,140,68
150,163,68
161,183,68
163,150,68
176,97,68
176,118,68
176,138,68
177,63,68
180,207,68
197,30,68
197,96,68
198,242,68
207,180,68
210,263,68
217,221,68
229,58,68
242,198,68
258,300,68
258,317,68
260,285,68
263,210,68
267,302,68
269,320,68
279,8,68
281,140,68
285,260,68
290,31,68
290,327,68
300,258,68
302,267,68
304,124,68
311,19,68
320,269,68
327,290,68
341,59,68
5,275,69
5,329,69
6,120,69
12,193,69
14,309,69
19,213,69
23,107,69
30,96,69
35,107,69
36,241,69
58,90,69
59,286,69
78,296,69
78,330,69
90,58,69
90,229,69
94,142,69
96,30,69
96,197,69
107,23,69
107,35,69
109,127,69
120,6,69
124,51,69
135,263,69
142,94,69
159,246,69
168,189,69
176,118,69
193,12,69
213,19,69
218,255,69
229,90,69
246,159,69
255,218,69
263,135,69
265,308,69
275,5,69
275,329,69
309,14,69
329,5,69
329,275,69
5,275,70
39,138,70
48,260,70
57,88,70
68,217,70
68,236,70
77,80,70
78,296,70
88,57,70
95,324,70
103,347,70
107,23,70
109,128,70
118,344,70
127,128,70
128,127,70
138,39,70
146,281,70
166,137,70
171,300,70
176,344,70
185,261,70
206,314,70
208,328,70
217,68,70
236,68,70
245,269,70
260,48,70
261,185,70
269,245,70
270,305,70
275,5,70
281,146,70
296,330,70
300,171,70
305,270,70
314,206,70
324,95,70
330,296,70
344,118,70
344,176,70
347,103,70
5,329,71
17,64,71
29,82,71
29,235,71
37,155,71
52,113,71
55,337,71
64,17,71
82,29,71
97,203,71
109,127,71
109,128,71
113,52,71
118,176,71
118,344,71
120,266,71
127,109,71
127,128,71
128,109,71
128,127,71
135,190,71
135,263,71
154,262,71
155,37,71
158,274,71
176,118,71
176,344,71
190,135,71
191,218,71
203,97,71
218,191,71
235,29,71
262,154,71
274,158,71
281,140,71
281,146,71
316,318,71
318,316,71
329,5,71
337,55,71
344,118,71
344,176,71
5,275,72
6,181,72
13,17,72
17,13,72
24,112,72
29,82,72
41,155,72
52,89,72
73,145,72
79,130,72
82,235,72
85,147,72
89,52,72
91,195,72
94,174,72
112,24,72
118,176,72
130,79,72
145,73,72
147,85,72
155,41,72
158,115,72
176,118,72
176,203,72
181,6,72
195,91,72
197,33,72
199,310,72
203,176,72
217,221,72
235,82,72
241,317,72
243,273,72
255,295,72
273,243,72
281,140,72
281,146,72
283,284,72
284,283,72
295,255,72
310,199,72
317,241,72
8,216,73
12,81,73
28,240,73
29,331,73
30,287,73
31,253,73
33,96,73
33,197,73
43,289,73
75,129,73
81,12,73
96,33,73
96,197,73
109,127,73
118,138,73
121,228,73
127,109,73
129,75,73
129,143,73
138,118,73
143,129,73
172,233,73
174,204,73
176,344,73
197,96,73
203,97,73
204,174,73
216,8,73
228,121,73
228,315,73
233,172,73
238,248,73
240,28,73
248,238,73
253,31,73
287,30,73
304,152,73
315,228,73
331,29,73
7,235,74
15,86,74
27,343,74
31,254,74
33,96,74
33,197,74
39,97,74
41,104,74
58,229,74
75,143,74
94,142,74
96,33,74
96,197,74
97,39,74
104,41,74
104,155,74
129,75,74
138,194,74
140,146,74
143,75,74
144,162,74
145,84,74
146,140,74
146,281,74
155,37,74
155,104,74
162,144,74
163,240,74
194,138,74
197,33,74
197,96,74
205,305,74
209,259,74
218,255,74
218,295,74
228,121,74
228,315,74
229,58,74
232,342,74
235,7,74
240,163,74
245,320,74
254,31,74
255,218,74
255,295,74
258,272,74
259,209,74
269,320,74
272,258,74
276,324,74
295,218,74
295,255,74
305,205,74
305,270,74
320,245,74
320,269,74
324,276,74
329,341,74
341,329,74
342,232,74
343,27,74
2,28,75
10,298,75
28,2,75
31,253,75
33,96,75
33,197,75
37,104,75
58,90,75
64,281,75
78,330,75
90,58,75
96,33,75
101,321,75
104,37,75
104,41,75
105,206,75
107,35,75
124,278,75
138,118,75
138,194,75
144,348,75
146,140,75
191,276,75
195,192,75
197,33,75
206,105,75
260,323,75
266,299,75
276,191,75
281,64,75
295,218,75
296,78,75
296,330,75
298,10,75
299,266,75
303,310,75
310,303,75
321,101,75
323,260,75
323,338,75
330,78,75
330,296,75
338,323,75
16,17,76
17,16,76
31,254,76
33,96,76
33,197,76
37,325,76
40,330,76
52,113,76
76,317,76
77,238,76
85,221,76
115,274,76
137,180,76
138,118,76
138,194,76
145,73,76
157,285,76
177,292,76
180,137,76
195,91,76
218,255,76
221,85,76
238,77,76
255,218,76
274,115,76
276,102,76
285,157,76
292,177,76
317,76,76
325,37,76
330,40,76
330,78,76
5,167,77
7,82,77
28,47,77
43,288,77
43,289,77
47,28,77
68,217,77
68,236,77
74,214,77
82,7,77
125,164,77
129,225,77
138,118,77
138,194,77
164,125,77
165,257,77
167,5,77
187,287,77
191,324,77
199,224,77
200,272,77
202,336,77
208,139,77
213,311,77
214,74,77
217,68,77
225,129,77
245,283,77
257,165,77
261,338,77
272,200,77
279,313,77
283,245,77
287,187,77
311,213,77
313,279,77
324,191,77
336,202,77
338,261,77
338,323,77
19,198,78
25,174,78
40,296,78
43,288,78
45,130,78
75,129,78
82,235,78
90,229,78
91,192,78
129,75,78
130,45,78
134,245,78
153,305,78
158,274,78
174,25,78
192,91,78
198,19,78
199,310,78
217,236,78
229,90,78
232,295,78
233,326,78
235,82,78
236,217,78
245,134,78
245,283,78
261,323,78
274,158,78
295,232,78
296,40,78
305,153,78
305,270,78
310,199,78
323,261,78
323,338,78
326,233,78
13,259,79
20,185,79
30,302,79
36,103,79
41,325,79
67,318,79
75,225,79
79,286,79
103,36,79
111,222,79
117,139,79
129,225,79
139,117,79
153,270,79
185,20,79
185,331,79
186,311,79
194,203,79
203,194,79
203,344,79
208,328,79
222,111,79
224,310,79
225,75,79
225,129,79
259,13,79
260,22,79
261,338,79
270,153,79
274,115,79
274,158,79
283,284,79
285,322,79
286,79,79
302,30,79
310,224,79
311,186,79
318,67,79
322,285,79
325,41,79
331,185,79
338,261,79
344,203,79
2,47,80
30,287,80
36,241,80
39,128,80
43,289,80
46,246,80
47,2,80
48,337,80
52,148,80
63,188,80
74,80,80
75,129,80
75,250,80
80,74,80
120,181,80
128,39,80
129,75,80
129,250,80
148,52,80
153,305,80
157,322,80
170,256,80
181,120,80
185,20,80
188,63,80
194,138,80
194,203,80
203,194,80
215,230,80
230,215,80
241,36,80
246,46,80
250,129,80
256,170,80
261,323,80
287,30,80
296,330,80
305,153,80
310,199,80
322,157,80
322,285,80
323,261,80
330,296,80
337,48,80
1,234,81
2,28,81
8,249,81
13,209,81
17,64,81
20,309,81
28,2,81
29,235,81
36,103,81
40,111,81
64,17,81
69,321,81
75,129,81
75,250,81
76,241,81
96,287,81
105,314,81
111,40,81
127,293,81
129,75,81
129,250,81
153,270,81
153,305,81
163,150,81
176,194,81
177,180,81
180,177,81
185,309,81
186,223,81
194,176,81
209,13,81
220,328,81
223,186,81
234,1,81
235,29,81
241,76,81
249,8,81
250,75,81
250,129,81
253,339,81
287,96,81
287,302,81
293,127,81
302,287,81
309,20,81
309,185,81
314,105,81
321,69,81
323,338,81
328,220,81
338,323,81
2,47,82
9,347,82
11,313,82
14,68,82
19,311,82
20,185,82
27,112,82
37,41,82
41,37,82
41,325,82
45,153,82
45,270,82
68,14,82
70,182,82
74,214,82
75,129,82
75,250,82
81,92,82
89,148,82
92,81,82
97,194,82
97,203,82
104,155,82
112,27,82
127,109,82
128,344,82
129,75,82
129,250,82
134,147,82
134,245,82
137,177,82
146,247,82
147,134,82
147,245,82
148,89,82
153,45,82
153,270,82
153,305,82
157,285,82
172,195,82
177,137,82
177,180,82
182,70,82
185,20,82
185,309,82
194,97,82
194,203,82
195,172,82
203,97,82
203,194,82
232,255,82
244,316,82
245,134,82
245,147,82
247,146,82
250,75,82
250,129,82
255,232,82
270,45,82
270,153,82
270,305,82
274,115,82
285,157,82
305,270,82
311,19,82
313,11,82
316,244,82
322,173,82
344,128,82
347,9,82
9,264,83
9,347,83
16,281,83
19,213,83
20,309,83
30,96,83
36,241,83
41,37,83
43,288,83
65,217,83
88,142,83
96,30,83
97,176,83
97,194,83
105,206,83
110,276,83
127,293,83
135,190,83
137,180,83
142,88,83
159,268,83
164,175,83
175,164,83
176,97,83
177,137,83
180,137,83
186,311,83
194,97,83
208,220,83
213,19,83
217,65,83
220,208,83
241,36,83
245,134,83
250,75,83
264,347,83
268,159,83
276,110,83
281,16,83
305,153,83
309,20,83
309,185,83
311,186,83
347,264,83
2,312,84
6,120,84
36,76,84
37,104,84
39,344,84
63,292,84
65,221,84
76,36,84
80,94,84
94,80,84
97,138,84
97,176,84
100,282,84
104,37,84
109,116,84
116,109,84
120,6,84
124,179,84
134,283,84
137,177,84
137,180,84
138,97,84
146,281,84
153,270,84
176,203,84
203,176,84
208,328,84
217,221,84
221,65,84
221,217,84
245,147,84
270,153,84
281,146,84
282,100,84
283,134,84
292,63,84
312,2,84
323,261,84
328,208,84
344,39,84
8,11,85
11,8,85
34,138,85
37,155,85
39,203,85
41,122,85
97,138,85
105,314,85
111,332,85
118,127,85
122,41,85
127,118,85
137,177,85
137,180,85
138,34,85
138,97,85
153,305,85
155,37,85
177,180,85
180,177,85
183,197,85
186,213,85
186,311,85
197,183,85
203,39,85
213,186,85
218,232,85
221,65,85
232,218,85
232,255,85
249,279,85
271,306,85
279,249,85
296,332,85
306,271,85
332,111,85
332,296,85
5,275,86
8,216,86
20,68,86
33,183,86
39,128,86
54,111,86
57,94,86
68,20,86
79,130,86
90,58,86
94,57,86
97,194,86
108,229,86
111,54,86
116,118,86
118,116,86
120,181,86
124,304,86
128,39,86
128,344,86
130,79,86
138,34,86
138,194,86
146,247,86
180,137,86
183,33,86
187,192,86
192,187,86
194,138,86
212,277,86
213,311,86
229,108,86
230,308,86
232,218,86
277,212,86
304,124,86
308,230,86
311,213,86
344,128,86
29,82,87
35,151,87
43,289,87
48,171,87
52,218,87
59,341,87
69,101,87
82,29,87
101,69,87
105,206,87
105,314,87
108,201,87
108,229,87
112,24,87
121,315,87
128,39,87
138,34,87
143,205,87
146,178,87
151,35,87
155,325,87
171,48,87
178,146,87
205,143,87
213,19,87
218,52,87
232,255,87
244,308,87
244,316,87
257,66,87
258,300,87
286,59,87
300,258,87
308,244,87
315,121,87
325,155,87
341,59,87
47,312,88
72,82,88
82,72,88
91,195,88
95,191,88
97,118,88
104,325,88
105,206,88
118,97,88
126,296,88
128,344,88
134,147,88
134,245,88
134,283,88
147,134,88
147,283,88
163,240,88
178,247,88
191,95,88
195,91,88
200,300,88
201,229,88
218,255,88
218,295,88
229,201,88
245,134,88
247,178,88
253,290,88
253,339,88
255,218,88
261,317,88
270,305,88
283,147,88
290,253,88
295,218,88
296,126,88
300,200,88
300,258,88
305,270,88
312,47,88
317,261,88
325,104,88
16,17,89
17,16,89
32,321,89
37,325,89
82,29,89
82,72,89
84,266,89
84,299,89
95,102,89
95,191,89
102,95,89
102,191,89
105,314,89
108,201,89
117,208,89
120,145,89
134,147,89
137,177,89
145,120,89
147,134,89
147,283,89
150,342,89
156,344,89
177,137,89
177,207,89
191,102,89
192,313,89
195,172,89
200,272,89
201,108,89
207,177,89
208,117,89
233,328,89
255,232,89
266,84,89
299,84,89
313,192,89
321,32,89
325,37,89
328,233,89
342,150,89
344,156,89
14,20,90
20,14,90
27,343,90
28,47,90
31,253,90
47,28,90
52,255,90
71,196,90
77,214,90
82,29,90
84,266,90
84,299,90
95,102,90
95,191,90
102,95,90
102,191,90
105,206,90
113,232,90
127,203,90
128,39,90
128,203,90
129,346,90
147,134,90
147,283,90
191,95,90
191,102,90
196,71,90
203,127,90
203,128,90
214,77,90
218,52,90
232,113,90
253,31,90
255,52,90
266,299,90
286,341,90
290,339,90
291,294,90
294,291,90
299,266,90
339,290,90
341,286,90
346,129,90
6,299,91
14,236,91
20,236,91
26,189,91
31,290,91
31,339,91
34,118,91
36,334,91
37,184,91
37,325,91
39,203,91
65,217,91
76,103,91
84,266,91
84,299,91
91,326,91
92,180,91
94,142,91
103,76,91
105,314,91
110,218,91
118,34,91
128,39,91
134,283,91
142,94,91
144,154,91
154,144,91
157,171,91
171,157,91
180,92,91
184,37,91
184,325,91
186,198,91
186,213,91
189,26,91
191,95,91
191,102,91
198,186,91
203,39,91
206,314,91
213,186,91
215,308,91
217,65,91
218,110,91
236,14,91
236,20,91
266,84,91
266,299,91
283,134,91
283,147,91
290,31,91
299,6,91
299,84,91
299,266,91
303,327,91
308,215,91
314,206,91
325,184,91
326,91,91
327,303,91
331,338,91
338,331,91
339,31,91
6,266,92
7,283,92
11,279,92
14,20,92
14,236,92
20,14,92
33,302,92
49,298,92
76,334,92
92,262,92
95,102,92
95,191,92
102,95,92
103,334,92
105,206,92
126,332,92
146,247,92
152,179,92
157,260,92
171,260,92
179,152,92
179,304,92
183,161,92
186,198,92
186,213,92
191,95,92
201,229,92
206,105,92
213,19,92
213,186,92
218,255,92
236,14,92
247,146,92
255,218,92
260,157,92
260,171,92
262,92,92
266,6,92
279,11,92
279,249,92
283,7,92
283,134,92
298,49,92
302,33,92
304,179,92
325,37,92
332,126,92
334,76,92
334,103,92
14,20,93
18,63,93
29,72,93
34,97,93
34,118,93
34,138,93
37,155,93
37,184,93
63,18,93
63,292,93
72,29,93
85,236,93
97,34,93
117,139,93
118,138,93
128,203,93
134,269,93
134,283,93
137,207,93
138,118,93
155,37,93
155,184,93
179,152,93
184,37,93
184,155,93
203,128,93
207,137,93
208,220,93
213,19,93
213,186,93
236,85,93
253,339,93
269,134,93
279,11,93
279,249,93
283,7,93
283,134,93
339,253,93
3,336,94
9,108,94
14,68,94
16,259,94
17,259,94
25,271,94
31,253,94
33,267,94
35,318,94
37,325,94
57,113,94
68,14,94
70,114,94
76,103,94
89,268,94
90,158,94
92,180,94
103,76,94
105,314,94
108,9,94
111,296,94
113,57,94
114,70,94
142,204,94
152,304,94
158,90,94
162,166,94
166,162,94
179,304,94
181,299,94
184,37,94
203,176,94
204,142,94
220,233,94
233,220,94
253,31,94
253,339,94
259,16,94
259,17,94
260,157,94
267,33,94
268,89,94
271,25,94
296,111,94
299,181,94
304,152,94
304,179,94
314,105,94
318,35,94
318,67,94
336,3,94
341,59,94
7,147,95
9,264,95
12,342,95
16,17,95
17,16,95
31,339,95
34,97,95
36,76,95
76,36,95
80,306,95
91,195,95
95,102,95
95,191,95
105,206,95
105,314,95
116,211,95
127,128,95
128,127,95
128,203,95
134,269,95
147,7,95
191,218,95
195,91,95
203,128,95
203,176,95
213,19,95
218,191,95
264,9,95
279,11,95
288,289,95
289,288,95
304,152,95
306,80,95
318,35,95
318,67,95
339,31,95
339,253,95
342,12,95
1,173,96
6,181,96
22,157,96
25,329,96
29,235,96
34,138,96
36,254,96
41,75,96
47,163,96
51,278,96
75,41,96
90,58,96
102,218,96
109,293,96
118,127,96
118,128,96
127,118,96
127,128,96
127,203,96
128,118,96
128,127,96
128,203,96
138,34,96
157,22,96
159,297,96
163,47,96
171,337,96
173,1,96
181,6,96
184,325,96
203,127,96
203,128,96
213,186,96
218,102,96
218,191,96
254,36,96
259,281,96
278,51,96
281,259,96
293,109,96
297,159,96
318,35,96
325,184,96
329,25,96
337,171,96
339,31,96
11,216,97
11,249,97
20,309,97
22,260,97
25,104,97
25,271,97
36,76,97
37,155,97
59,286,97
59,341,97
63,207,97
63,292,97
65,85,97
76,254,97
81,193,97
85,65,97
86,194,97
89,110,97
102,191,97
102,218,97
104,25,97
110,89,97
128,118,97
131,320,97
137,177,97
139,208,97
155,37,97
159,319,97
177,137,97
185,323,97
191,102,97
193,81,97
194,86,97
203,127,97
207,63,97
207,292,97
208,139,97
216,11,97
218,102,97
249,11,97
254,76,97
260,22,97
286,59,97
292,207,97
309,20,97
319,159,97
320,131,97
323,185,97
1,322,98
6,266,98
8,11,98
8,216,98
11,8,98
11,216,98
23,198,98
30,302,98
35,67,98
37,325,98
52,113,98
54,296,98
64,72,98
67,35,98
67,318,98
72,64,98
76,36,98
76,254,98
88,232,98
89,268,98
96,302,98
104,271,98
113,52,98
118,127,98
118,128,98
127,118,98
134,283,98
139,117,98
155,325,98
161,197,98
181,266,98
197,161,98
198,23,98
216,8,98
216,11,98
224,253,98
226,297,98
232,88,98
253,224,98
266,181,98
271,104,98
272,38,98
292,63,98
296,54,98
297,226,98
302,30,98
302,96,98
318,67,98
322,1,98
325,37,98
325,155,98
16,281,99
18,292,99
19,186,99
21,311,99
36,254,99
37,155,99
37,184,99
37,325,99
40,332,99
54,87,99
63,207,99
63,292,99
67,35,99
76,36,99
76,254,99
84,181,99
95,102,99
102,95,99
117,208,99
118,127,99
139,208,99
142,94,99
153,230,99
155,37,99
155,270,99
178,259,99
181,84,99
184,37,99
185,334,99
186,19,99
193,240,99
207,63,99
207,292,99
208,117,99
208,139,99
216,8,99
230,153,99
240,193,99
254,36,99
254,76,99
259,178,99
266,6,99
270,45,99
270,155,99
281,16,99
292,18,99
292,63,99
292,207,99
301,340,99
302,30,99
302,96,99
304,124,99
311,21,99
325,37,99
332,40,99
334,185,99
340,301,99
344,345,99
345,344,99
5,104,100
20,68,100
32,248,100
34,97,100
36,76,100
36,254,100
37,155,100
45,184,100
61,214,100
63,207,100
63,292,100
68,20,100
76,36,100
76,254,100
104,5,100
108,201,100
112,343,100
117,220,100
118,128,100
140,247,100
146,178,100
146,247,100
155,37,100
163,193,100
178,146,100
181,266,100
184,45,100
193,163,100
195,172,100
199,252,100
201,108,100
207,63,100
207,292,100
208,117,100
210,280,100
214,61,100
220,117,100
226,319,100
247,140,100
247,146,100
248,32,100
252,199,100
254,36,100
254,76,100
259,281,100
266,181,100
280,210,100
281,259,100
292,63,100
292,207,100
319,226,100
336,202,100
343,112,100
