1,221,1
2,70,1
13,92,1
13,290,1
16,227,1
18,311,1
23,208,1
24,140,1
26,213,1
28,261,1
30,99,1
30,136,1
34,82,1
41,273,1
44,283,1
49,315,1
55,159,1
58,155,1
66,71,1
66,237,1
67,79,1
67,80,1
67,305,1
70,2,1
71,66,1
74,301,1
79,67,1
79,80,1
79,253,1
79,305,1
80,67,1
80,79,1
80,253,1
82,34,1
89,129,1
92,13,1
99,30,1
105,197,1
106,241,1
117,145,1
118,282,1
129,89,1
136,30,1
140,24,1
141,149,1
145,117,1
149,141,1
150,326,1
152,263,1
153,308,1
154,207,1
155,58,1
159,55,1
161,168,1
164,182,1
168,161,1
176,286,1
182,164,1
193,248,1
194,264,1
197,105,1
201,274,1
207,154,1
208,23,1
213,26,1
221,1,1
222,238,1
227,16,1
229,298,1
237,66,1
238,222,1
241,106,1
247,309,1
248,193,1
252,291,1
253,79,1
253,80,1
261,28,1
263,152,1
264,194,1
273,41,1
274,201,1
278,279,1
279,278,1
282,118,1
283,44,1
285,303,1
286,176,1
290,13,1
291,252,1
295,321,1
298,229,1
301,74,1
303,285,1
305,67,1
305,79,1
308,153,1
309,247,1
311,18,1
315,49,1
321,295,1
326,150,1
13,92,2
21,54,2
25,192,2
27,51,2
33,248,2
47,77,2
51,27,2
54,21,2
67,253,2
67,305,2
70,135,2
77,47,2
79,253,2
91,306,2
100,246,2
101,230,2
103,270,2
135,70,2
160,206,2
171,277,2
190,275,2
192,25,2
206,160,2
210,308,2
230,101,2
246,100,2
248,33,2
253,67,2
253,79,2
253,305,2
270,103,2
275,190,2
277,171,2
305,67,2
305,253,2
306,91,2
308,210,2
2,135,3
7,280,3
13,44,3
13,92,3
22,115,3
30,99,3
30,136,3
37,80,3
44,13,3
45,299,3
52,263,3
53,202,3
55,153,3
62,201,3
62,274,3
67,253,3
70,2,3
80,37,3
81,316,3
83,109,3
86,245,3
93,115,3
109,83,3
115,22,3
115,93,3
125,284,3
126,128,3
128,126,3
132,309,3
135,2,3
153,55,3
190,271,3
201,62,3
201,274,3
202,53,3
238,249,3
245,86,3
249,238,3
253,67,3
253,305,3
263,52,3
271,190,3
274,62,3
274,201,3
280,7,3
280,312,3
284,125,3
299,45,3
309,132,3
309,247,3
312,280,3
316,81,3
30,99,4
40,313,4
41,138,4
41,194,4
45,289,4
45,299,4
47,173,4
51,165,4
54,239,4
55,159,4
67,305,4
71,237,4
80,253,4
88,278,4
110,205,4
115,22,4
115,93,4
138,41,4
161,292,4
165,51,4
173,47,4
194,41,4
194,264,4
195,254,4
205,110,4
224,259,4
237,71,4
239,54,4
248,294,4
253,80,4
253,305,4
254,195,4
259,224,4
263,290,4
274,62,4
278,88,4
280,7,4
289,45,4
289,299,4
290,263,4
292,161,4
294,248,4
299,289,4
305,67,4
305,253,4
313,40,4
7,231,5
7,280,5
15,283,5
25,193,5
43,219,5
44,92,5
45,144,5
54,21,5
71,181,5
71,237,5
78,83,5
79,80,5
79,253,5
80,79,5
80,253,5
82,153,5
83,78,5
92,44,5
96,133,5
111,228,5
133,96,5
144,45,5
153,82,5
179,297,5
181,71,5
187,204,5
193,25,5
204,187,5
219,43,5
228,111,5
231,7,5
237,66,5
237,71,5
243,273,5
251,289,5
253,79,5
253,80,5
253,305,5
273,243,5
274,201,5
283,15,5
289,251,5
297,179,5
309,132,5
27,165,6
38,110,6
38,205,6
41,264,6
62,201,6
67,253,6
74,233,6
79,305,6
82,34,6
92,13,6
95,206,6
107,272,6
110,38,6
110,205,6
115,22,6
116,267,6
142,143,6
143,142,6
148,212,6
153,210,6
164,226,6
165,27,6
194,41,6
194,264,6
201,62,6
201,274,6
205,38,6
205,110,6
206,95,6
210,153,6
212,148,6
222,249,6
226,164,6
233,74,6
237,66,6
238,222,6
238,249,6
248,33,6
249,222,6
249,238,6
253,67,6
253,80,6
254,312,6
261,290,6
264,41,6
264,194,6
267,116,6
272,107,6
290,261,6
305,79,6
312,254,6
7,231,7
7,280,7
19,145,7
30,136,7
33,294,7
34,55,7
41,194,7
41,264,7
52,152,7
55,34,7
58,200,7
62,318,7
80,37,7
107,183,7
108,114,7
114,108,7
144,286,7
145,19,7
152,52,7
181,246,7
183,107,7
194,41,7
194,264,7
200,58,7
205,38,7
205,110,7
206,160,7
222,238,7
238,222,7
238,249,7
246,181,7
248,294,7
261,28,7
264,41,7
264,194,7
278,279,7
286,144,7
294,33,7
294,248,7
318,62,7
2,70,8
3,296,8
7,231,8
7,280,8
28,263,8
63,89,8
66,201,8
74,220,8
79,80,8
80,79,8
82,210,8
84,265,8
89,63,8
111,277,8
134,166,8
157,303,8
161,256,8
166,134,8
167,221,8
201,66,8
201,237,8
206,95,8
210,82,8
220,74,8
221,167,8
222,249,8
228,277,8
231,280,8
237,201,8
249,222,8
249,238,8
254,195,8
256,161,8
263,28,8
264,41,8
265,84,8
277,111,8
277,228,8
280,231,8
289,299,8
294,33,8
294,248,8
296,3,8
303,157,8
2,135,9
4,216,9
9,245,9
16,326,9
28,52,9
28,263,9
41,194,9
52,28,9
73,239,9
113,119,9
119,113,9
158,226,9
164,229,9
168,256,9
182,287,9
194,41,9
206,160,9
210,153,9
216,4,9
226,158,9
229,164,9
237,274,9
239,73,9
245,9,9
245,86,9
254,312,9
256,168,9
261,263,9
261,290,9
263,261,9
263,290,9
274,237,9
278,88,9
278,279,9
287,182,9
290,263,9
294,33,9
294,248,9
326,16,9
11,324,10
42,89,10
62,274,10
62,318,10
69,221,10
72,144,10
72,176,10
76,222,10
89,42,10
91,223,10
95,160,10
95,206,10
111,228,10
139,317,10
144,72,10
144,286,10
149,175,10
150,309,10
160,95,10
160,206,10
175,149,10
176,72,10
206,95,10
206,160,10
210,82,10
221,69,10
222,76,10
223,91,10
228,111,10
274,62,10
290,261,10
309,150,10
317,139,10
324,11,10
28,52,11
28,290,11
45,286,11
46,260,11
52,261,11
52,290,11
55,159,11
64,143,11
72,144,11
99,278,11
100,151,11
100,181,11
106,289,11
111,277,11
141,180,11
143,64,11
144,72,11
144,176,11
151,100,11
151,181,11
153,308,11
176,144,11
180,141,11
181,100,11
181,151,11
184,258,11
191,262,11
201,274,11
228,277,11
245,9,11
253,67,11
258,184,11
260,46,11
261,52,11
261,263,11
261,290,11
262,191,11
263,261,11
274,201,11
277,111,11
277,228,11
278,99,11
286,45,11
289,106,11
290,28,11
290,52,11
290,261,11
294,33,11
296,304,11
304,296,11
308,153,11
13,290,12
15,98,12
18,122,12
34,210,12
41,138,12
45,72,12
45,144,12
46,140,12
52,261,12
52,290,12
59,195,12
62,246,12
69,167,12
72,45,12
72,144,12
82,153,12
95,160,12
98,15,12
103,113,12
108,120,12
109,127,12
111,228,12
111,277,12
113,103,12
120,108,12
122,18,12
127,109,12
140,46,12
144,45,12
144,72,12
153,82,12
155,250,12
158,164,12
160,95,12
164,158,12
167,69,12
195,59,12
195,284,12
201,237,12
201,274,12
204,297,12
210,34,12
228,111,12
228,277,12
237,201,12
245,86,12
246,62,12
246,318,12
248,319,12
250,155,12
261,52,12
261,263,12
275,314,12
277,111,12
277,228,12
284,195,12
290,13,12
290,52,12
297,204,12
314,275,12
318,246,12
319,248,12
19,117,13
28,263,13
34,153,13
34,210,13
46,260,13
52,261,13
52,263,13
54,288,13
59,284,13
82,210,13
88,279,13
90,134,13
91,185,13
94,303,13
103,119,13
111,228,13
114,310,13
117,19,13
119,103,13
129,146,13
134,90,13
146,129,13
153,34,13
153,210,13
158,229,13
183,272,13
185,91,13
195,59,13
195,284,13
210,82,13
210,153,13
228,111,13
229,158,13
245,9,13
245,86,13
261,52,13
263,28,13
263,52,13
272,183,13
279,88,13
284,59,13
284,195,13
288,54,13
290,13,13
303,94,13
310,114,13
7,231,14
9,86,14
9,245,14
12,303,14
13,92,14
34,153,14
34,210,14
52,261,14
59,195,14
59,284,14
65,232,14
74,155,14
82,308,14
83,217,14
86,9,14
86,245,14
103,113,14
103,119,14
131,207,14
137,293,14
153,34,14
153,210,14
153,308,14
155,74,14
155,220,14
156,306,14
158,164,14
158,229,14
164,229,14
165,259,14
195,59,14
195,284,14
207,131,14
210,34,14
210,153,14
210,308,14
217,83,14
220,155,14
222,249,14
229,164,14
231,7,14
232,65,14
245,9,14
245,86,14
248,294,14
249,222,14
259,165,14
261,263,14
263,261,14
284,59,14
284,195,14
293,137,14
294,248,14
303,12,14
306,156,14
308,82,14
308,153,14
308,210,14
7,280,15
13,290,15
29,325,15
32,323,15
34,153,15
34,210,15
34,237,15
45,72,15
58,167,15
63,186,15
70,148,15
72,45,15
72,144,15
74,220,15
80,37,15
113,126,15
125,254,15
126,113,15
145,247,15
148,70,15
153,34,15
153,210,15
153,237,15
164,226,15
164,229,15
167,58,15
169,197,15
186,63,15
197,169,15
210,34,15
210,153,15
210,308,15
218,257,15
220,74,15
226,164,15
229,158,15
229,164,15
231,280,15
237,34,15
237,153,15
245,9,15
247,145,15
254,125,15
254,312,15
255,309,15
257,218,15
280,7,15
280,231,15
294,33,15
297,179,15
309,255,15
323,32,15
325,29,15
6,89,16
7,170,16
7,231,16
13,28,16
28,13,16
34,210,16
38,110,16
58,250,16
60,90,16
61,161,16
71,151,16
72,176,16
89,6,16
90,60,16
94,157,16
97,189,16
99,136,16
99,278,16
110,38,16
126,128,16
129,142,16
136,99,16
142,129,16
144,176,16
151,71,16
157,94,16
161,61,16
170,7,16
170,231,16
176,72,16
176,144,16
189,97,16
210,34,16
210,308,16
220,155,16
229,158,16
231,7,16
231,170,16
231,280,16
237,274,16
250,58,16
263,290,16
274,237,16
290,263,16
308,82,16
308,210,16
7,280,17
14,118,17
28,290,17
34,82,17
34,210,17
53,124,17
82,34,17
82,308,17
93,315,17
96,302,17
99,136,17
111,288,17
118,14,17
124,53,17
125,312,17
126,113,17
153,258,17
158,164,17
164,158,17
176,72,17
201,237,17
210,34,17
210,308,17
220,74,17
220,155,17
231,7,17
237,201,17
248,319,17
254,125,17
256,292,17
258,153,17
261,52,17
280,7,17
288,111,17
290,28,17
292,256,17
302,96,17
308,82,17
308,210,17
312,125,17
315,93,17
9,313,18
28,263,18
30,99,18
30,136,18
37,79,18
48,181,18
50,143,18
72,144,18
79,37,18
88,207,18
88,278,18
99,30,18
108,310,18
125,254,18
125,312,18
136,30,18
142,146,18
143,50,18
144,72,18
144,176,18
146,142,18
147,236,18
153,274,18
159,266,18
167,221,18
171,240,18
176,144,18
181,48,18
207,88,18
207,278,18
207,279,18
211,213,18
213,211,18
220,74,18
221,167,18
225,264,18
236,147,18
240,171,18
263,28,18
264,225,18
266,159,18
274,153,18
278,88,18
278,207,18
278,279,18
279,207,18
279,278,18
289,251,18
310,108,18
313,9,18
17,310,19
23,320,19
24,46,19
24,188,19
32,268,19
42,63,19
46,24,19
47,77,19
47,316,19
49,115,19
63,42,19
63,186,19
68,170,19
72,299,19
74,155,19
88,99,19
88,278,19
88,279,19
95,188,19
99,88,19
115,49,19
115,267,19
121,285,19
134,271,19
138,311,19
155,74,19
157,303,19
167,69,19
170,68,19
188,24,19
188,95,19
202,204,19
204,202,19
207,278,19
207,279,19
221,1,19
222,238,19
238,222,19
246,62,19
254,312,19
267,115,19
268,32,19
271,134,19
278,88,19
278,207,19
278,279,19
279,88,19
279,207,19
279,278,19
285,121,19
299,72,19
303,157,19
310,17,19
311,138,19
312,254,19
316,47,19
320,23,19
20,255,20
20,309,20
32,323,20
45,299,20
82,153,20
115,49,20
125,195,20
125,284,20
132,150,20
144,286,20
150,132,20
153,82,20
159,55,20
188,24,20
195,125,20
195,284,20
201,274,20
203,326,20
255,20,20
256,168,20
262,301,20
274,201,20
279,88,20
284,125,20
284,195,20
286,144,20
299,45,20
299,72,20
301,262,20
309,20,20
326,203,20
23,205,21
23,208,21
28,290,21
30,88,21
30,136,21
33,243,21
34,153,21
46,260,21
49,267,21
59,312,21
71,100,21
76,242,21
88,30,21
88,136,21
99,136,21
100,71,21
125,195,21
125,284,21
130,178,21
136,88,21
136,99,21
143,64,21
153,34,21
153,82,21
155,220,21
178,130,21
180,302,21
195,125,21
195,284,21
205,23,21
212,257,21
220,155,21
242,76,21
243,33,21
257,212,21
262,191,21
263,290,21
267,49,21
284,125,21
284,195,21
290,263,21
302,180,21
312,59,21
13,52,22
23,205,22
24,160,22
24,206,22
28,263,22
30,88,22
30,136,22
32,268,22
44,283,22
49,115,22
49,267,22
50,64,22
52,13,22
53,204,22
63,42,22
64,50,22
64,143,22
70,187,22
88,30,22
88,136,22
88,278,22
94,285,22
96,180,22
126,128,22
136,30,22
136,88,22
136,278,22
153,274,22
159,266,22
160,24,22
180,96,22
187,70,22
188,95,22
193,294,22
204,53,22
206,24,22
227,247,22
244,322,22
247,227,22
258,274,22
263,28,22
263,290,22
274,153,22
274,258,22
278,88,22
278,136,22
281,296,22
283,44,22
283,290,22
285,94,22
290,283,22
294,193,22
296,281,22
322,244,22
8,87,23
10,215,23
25,248,23
28,283,23
30,279,23
50,143,23
66,151,23
69,221,23
81,98,23
87,8,23
88,136,23
88,278,23
94,121,23
96,302,23
98,81,23
111,239,23
120,284,23
121,94,23
122,273,23
136,30,23
136,88,23
136,278,23
136,279,23
141,232,23
143,50,23
143,64,23
151,66,23
153,34,23
158,226,23
180,302,23
194,225,23
196,276,23
200,250,23
215,10,23
221,69,23
225,194,23
226,158,23
232,141,23
235,311,23
239,111,23
246,318,23
248,25,23
250,200,23
263,283,23
273,122,23
276,196,23
278,88,23
278,136,23
278,279,23
279,30,23
279,136,23
279,278,23
283,28,23
283,263,23
284,120,23
284,195,23
302,96,23
302,180,23
311,235,23
5,135,24
13,261,24
23,208,24
25,193,24
25,294,24
30,136,24
30,278,24
34,308,24
40,314,24
61,157,24
62,201,24
135,5,24
136,30,24
143,50,24
153,258,24
153,274,24
157,61,24
159,55,24
159,266,24
160,206,24
193,25,24
201,62,24
206,160,24
258,153,24
261,13,24
274,153,24
278,30,24
278,88,24
284,120,24
284,125,24
294,25,24
302,96,24
308,34,24
314,40,24
13,52,25
23,205,25
28,92,25
30,88,25
30,278,25
43,44,25
44,43,25
77,265,25
88,30,25
88,279,25
89,298,25
92,28,25
93,322,25
100,181,25
103,113,25
113,103,25
113,128,25
118,325,25
120,125,25
120,195,25
120,284,25
125,120,25
125,284,25
128,113,25
151,318,25
159,55,25
164,229,25
165,51,25
181,100,25
184,201,25
189,321,25
195,120,25
201,184,25
229,164,25
265,77,25
278,30,25
279,88,25
284,120,25
284,125,25
298,89,25
299,45,25
308,210,25
318,151,25
321,189,25
322,93,25
325,118,25
12,91,26
17,99,26
21,48,26
30,88,26
30,278,26
40,275,26
42,186,26
44,290,26
48,21,26
52,261,26
60,271,26
65,272,26
88,30,26
88,278,26
91,12,26
93,315,26
93,322,26
99,17,26
103,128,26
112,131,26
113,103,26
113,128,26
128,103,26
128,113,26
131,112,26
162,211,26
176,213,26
186,42,26
201,258,26
211,162,26
213,176,26
219,292,26
228,288,26
258,201,26
258,274,26
261,52,26
271,60,26
272,65,26
274,258,26
275,40,26
278,88,26
284,120,26
288,228,26
290,44,26
292,219,26
315,322,26
322,315,26
30,207,27
33,293,27
37,80,27
40,314,27
47,256,27
58,69,27
58,167,27
69,58,27
69,167,27
86,153,27
88,136,27
88,278,27
94,285,27
97,116,27
100,71,27
103,113,27
111,288,27
113,103,27
116,97,27
118,282,27
118,325,27
120,125,27
120,195,27
125,120,27
136,88,27
136,279,27
142,143,27
143,142,27
143,146,27
146,143,27
152,240,27
153,86,27
156,223,27
167,58,27
167,69,27
201,184,27
207,30,27
223,156,27
228,277,27
240,152,27
256,47,27
262,301,27
279,136,27
288,111,27
293,33,27
2,70,28
2,148,28
24,95,28
25,193,28
30,278,28
33,243,28
36,217,28
42,129,28
62,318,28
70,2,28
70,148,28
72,144,28
87,313,28
89,6,28
95,24,28
102,285,28
117,145,28
120,125,28
124,204,28
125,195,28
129,42,28
140,306,28
144,72,28
145,117,28
148,2,28
148,70,28
153,258,28
155,250,28
158,164,28
164,158,28
195,125,28
204,124,28
207,278,28
217,36,28
250,155,28
258,153,28
258,274,28
278,30,28
278,207,28
285,102,28
306,140,28
313,87,28
318,62,28
5,148,29
17,310,29
25,294,29
30,207,29
88,136,29
88,279,29
99,310,29
111,239,29
125,120,29
125,195,29
136,88,29
136,279,29
143,142,29
148,2,29
148,5,29
148,70,29
192,319,29
193,248,29
204,202,29
207,30,29
207,278,29
248,193,29
258,153,29
279,88,29
279,136,29
285,94,29
285,102,29
310,99,29
319,192,29
7,231,30
9,87,30
19,212,30
28,290,30
31,295,30
35,79,30
45,72,30
57,317,30
72,45,30
74,220,30
79,35,30
83,160,30
87,9,30
87,313,30
88,136,30
88,279,30
92,263,30
102,121,30
102,285,30
111,288,30
115,22,30
120,254,30
120,312,30
121,102,30
132,269,30
136,88,30
148,5,30
148,70,30
153,274,30
158,226,30
159,266,30
160,83,30
212,19,30
220,74,30
233,307,30
254,120,30
263,92,30
269,132,30
274,153,30
279,88,30
290,28,30
295,31,30
307,233,30
312,120,30
317,57,30
9,313,31
18,243,31
28,92,31
30,278,31
34,258,31
41,300,31
42,327,31
53,124,31
82,210,31
88,136,31
88,207,31
92,28,31
108,114,31
114,108,31
124,53,31
125,254,31
125,312,31
136,279,31
148,5,31
167,58,31
191,301,31
207,88,31
210,82,31
243,18,31
254,125,31
254,312,31
258,34,31
278,30,31
279,136,31
280,291,31
291,280,31
300,41,31
301,191,31
312,125,31
312,254,31
313,9,31
327,42,31
1,22,32
2,5,32
5,2,32
5,148,32
8,275,32
9,87,32
13,261,32
21,54,32
22,1,32
34,210,32
34,308,32
48,151,32
54,21,32
67,80,32
69,221,32
80,67,32
82,258,32
87,9,32
111,239,32
112,276,32
125,254,32
125,312,32
143,50,32
151,48,32
162,213,32
167,69,32
176,211,32
177,204,32
204,177,32
210,34,32
210,258,32
211,176,32
213,162,32
229,298,32
231,291,32
240,171,32
243,33,32
248,319,32
254,125,32
254,312,32
258,82,32
258,210,32
261,13,32
275,8,32
276,112,32
291,231,32
298,229,32
308,34,32
312,120,32
312,125,32
312,254,32
317,139,32
319,248,32
1,115,33
2,148,33
5,124,33
21,151,33
22,115,33
30,320,33
34,258,33
34,308,33
60,134,33
69,167,33
77,316,33
96,149,33
111,228,33
115,1,33
115,22,33
120,254,33
120,312,33
124,5,33
131,276,33
134,60,33
148,2,33
149,96,33
151,21,33
152,283,33
167,58,33
167,69,33
183,107,33
193,319,33
228,111,33
230,253,33
243,18,33
253,230,33
254,120,33
258,34,33
258,210,33
276,131,33
282,325,33
283,152,33
289,106,33
312,120,33
316,77,33
319,193,33
320,30,33
325,282,33
2,70,34
2,148,34
5,148,34
15,44,34
22,267,34
24,260,34
29,282,34
34,258,34
34,308,34
44,15,34
52,263,34
59,252,34
65,141,34
65,272,34
69,221,34
70,2,34
88,279,34
94,197,34
108,195,34
112,321,34
120,254,34
122,293,34
125,254,34
125,312,34
126,241,34
138,324,34
141,65,34
141,272,34
148,5,34
153,86,34
155,220,34
167,58,34
192,250,34
195,108,34
197,94,34
220,155,34
241,126,34
250,192,34
252,59,34
254,125,34
256,168,34
258,34,34
260,24,34
263,52,34
267,22,34
272,141,34
279,88,34
279,136,34
282,29,34
293,122,34
312,125,34
321,112,34
324,138,34
2,70,35
2,148,35
52,92,35
65,141,35
65,272,35
70,148,35
87,245,35
92,52,35
103,147,35
114,195,35
118,282,35
120,312,35
141,65,35
145,212,35
147,103,35
147,236,35
148,2,35
148,5,35
148,70,35
149,302,35
153,184,35
184,153,35
195,114,35
201,318,35
212,145,35
245,87,35
272,65,35
279,88,35
282,118,35
302,149,35
312,120,35
318,201,35
319,248,35
2,70,36
29,55,36
41,324,36
45,144,36
54,239,36
55,29,36
65,141,36
65,272,36
70,2,36
90,134,36
91,303,36
97,189,36
108,114,36
108,195,36
114,108,36
123,241,36
134,90,36
137,294,36
141,272,36
144,45,36
149,96,36
158,164,36
189,97,36
195,108,36
211,213,36
213,211,36
239,54,36
241,123,36
258,210,36
272,141,36
294,137,36
303,91,36
319,193,36
324,41,36
9,313,37
18,122,37
28,44,37
30,278,37
38,205,37
44,28,37
70,148,37
72,144,37
82,266,37
96,302,37
103,128,37
103,236,37
117,150,37
122,18,37
122,273,37
127,206,37
128,103,37
141,175,37
144,72,37
145,227,37
150,117,37
159,258,37
160,260,37
162,211,37
175,141,37
179,202,37
202,179,37
202,297,37
205,38,37
206,127,37
211,162,37
211,213,37
227,145,37
236,103,37
243,33,37
258,159,37
258,210,37
260,160,37
266,82,37
272,65,37
297,202,37
302,96,37
319,248,37
324,138,37
2,148,38
24,160,38
24,260,38
69,167,38
69,221,38
94,102,38
102,94,38
103,128,38
103,236,38
114,120,38
120,114,38
136,207,38
148,2,38
154,279,38
160,24,38
160,260,38
167,69,38
171,191,38
191,171,38
200,233,38
202,179,38
207,136,38
211,162,38
233,200,38
241,126,38
247,257,38
254,312,38
257,247,38
260,24,38
260,160,38
263,283,38
277,281,38
279,154,38
281,277,38
283,263,38
312,254,38
324,41,38
12,223,39
15,28,39
28,15,39
41,138,39
43,98,39
47,168,39
61,91,39
64,116,39
88,154,39
91,61,39
91,303,39
98,43,39
103,128,39
116,64,39
119,270,39
120,312,39
124,297,39
138,41,39
148,5,39
152,263,39
152,283,39
154,88,39
161,256,39
168,47,39
177,179,39
179,177,39
200,220,39
220,200,39
223,12,39
236,147,39
241,289,39
247,270,39
256,161,39
263,152,39
270,119,39
270,247,39
283,152,39
289,241,39
297,124,39
312,120,39
312,254,39
319,193,39
7,125,40
13,52,40
22,115,40
35,162,40
45,299,40
52,13,40
86,184,40
88,207,40
91,61,40
114,195,40
125,7,40
128,236,40
145,212,40
148,2,40
152,263,40
152,283,40
162,35,40
184,86,40
195,114,40
197,285,40
207,88,40
207,136,40
212,227,40
227,212,40
233,262,40
236,128,40
241,123,40
241,289,40
258,159,40
262,233,40
263,283,40
266,325,40
268,323,40
270,119,40
283,263,40
285,197,40
312,120,40
323,268,40
325,266,40
15,81,41
34,153,41
54,181,41
70,124,41
78,143,41
80,37,41
81,15,41
82,325,41
94,197,41
112,276,41
122,293,41
123,289,41
124,70,41
139,198,41
142,146,41
143,78,41
146,142,41
153,34,41
156,185,41
181,54,41
181,239,41
185,156,41
197,94,41
197,285,41
198,139,41
207,88,41
220,233,41
233,220,41
233,262,41
239,181,41
241,123,41
254,284,41
273,324,41
276,112,41
283,152,41
283,263,41
284,254,41
289,123,41
324,273,41
325,82,41
28,44,42
63,129,42
67,253,42
77,234,42
86,153,42
86,184,42
94,102,42
96,149,42
102,285,42
109,206,42
120,195,42
123,241,42
129,63,42
153,86,42
153,184,42
154,279,42
184,153,42
195,120,42
206,109,42
221,267,42
234,77,42
237,274,42
244,248,42
247,257,42
248,244,42
253,67,42
267,221,42
274,237,42
283,152,42
283,263,42
285,102,42
285,197,42
6,287,43
17,136,43
18,41,43
34,308,43
39,79,43
41,18,43
41,138,43
47,292,43
55,118,43
77,265,43
79,39,43
86,153,43
96,232,43
102,197,43
102,285,43
118,55,43
125,280,43
128,147,43
134,271,43
136,17,43
147,128,43
153,86,43
167,214,43
195,114,43
197,102,43
211,213,43
214,167,43
232,96,43
234,265,43
265,234,43
271,134,43
280,125,43
283,152,43
285,102,43
287,6,43
289,106,43
292,47,43
2,70,44
3,240,44
18,225,44
31,315,44
34,184,44
34,308,44
41,18,44
70,2,44
77,234,44
83,109,44
93,267,44
102,197,44
104,278,44
109,83,44
112,321,44
118,282,44
119,218,44
164,298,44
184,34,44
184,308,44
191,283,44
200,233,44
218,119,44
222,309,44
225,18,44
233,200,44
234,77,44
240,3,44
267,93,44
267,221,44
278,104,44
283,191,44
298,164,44
308,184,44
309,222,44
315,31,44
12,303,45
18,41,45
18,225,45
19,273,45
41,225,45
65,84,45
84,65,45
94,285,45
109,206,45
126,289,45
159,325,45
160,306,45
174,187,45
179,297,45
187,174,45
225,41,45
273,19,45
285,94,45
289,126,45
297,179,45
303,12,45
306,160,45
325,159,45
1,127,46
13,263,46
73,111,46
93,244,46
94,105,46
96,149,46
98,290,46
105,94,46
106,286,46
109,83,46
109,206,46
111,73,46
127,1,46
148,5,46
191,240,46
191,283,46
225,18,46
225,41,46
239,288,46
240,191,46
240,283,46
244,93,46
263,13,46
276,321,46
283,240,46
286,106,46
288,239,46
290,98,46
321,276,46
325,82,46
2,124,47
8,100,47
23,320,47
55,282,47
100,8,47
100,71,47
115,221,47
124,2,47
131,321,47
157,256,47
191,240,47
221,115,47
225,18,47
233,220,47
240,191,47
256,157,47
260,24,47
276,131,47
282,55,47
282,118,47
320,23,47
321,112,47
321,131,47
8,9,48
9,8,48
18,324,48
32,51,48
34,210,48
51,32,48
83,206,48
112,276,48
115,267,48
202,297,48
206,83,48
206,109,48
210,34,48
221,267,48
244,322,48
267,115,48
267,221,48
276,112,48
297,202,48
322,244,48
324,18,48
42,63,49
50,116,49
51,165,49
55,118,49
63,42,49
68,194,49
93,115,49
93,221,49
94,285,49
108,120,49
112,321,49
115,93,49
115,248,49
116,50,49
118,55,49
120,108,49
134,90,49
155,250,49
165,323,49
194,68,49
212,247,49
212,257,49
221,93,49
221,267,49
238,249,49
247,212,49
247,257,49
248,115,49
249,238,49
250,155,49
257,212,49
257,247,49
321,112,49
323,165,49
2,179,50
2,204,50
23,205,50
24,306,50
32,323,50
44,166,50
60,314,50
64,196,50
70,135,50
92,261,50
112,131,50
112,321,50
131,112,50
131,279,50
132,255,50
135,70,50
150,294,50
151,304,50
159,258,50
166,44,50
179,2,50
196,64,50
204,2,50
205,23,50
221,93,50
225,324,50
227,247,50
227,257,50
247,227,50
247,257,50
255,132,50
257,227,50
257,247,50
261,92,50
279,131,50
294,150,50
304,151,50
306,24,50
306,160,50
314,60,50
323,32,50
323,165,50
324,225,50
2,202,51
2,204,51
24,160,51
34,308,51
44,28,51
54,239,51
69,167,51
82,282,51
83,109,51
83,206,51
86,184,51
93,115,51
109,83,51
109,206,51
115,93,51
115,221,51
118,201,51
133,302,51
160,24,51
160,306,51
167,69,51
184,86,51
201,118,51
202,2,51
206,83,51
206,109,51
221,115,51
221,267,51
239,54,51
270,326,51
282,82,51
302,133,51
308,34,51
314,40,51
318,62,51
326,270,51
11,130,52
17,207,52
36,140,52
54,288,52
59,75,52
68,231,52
75,59,52
83,109,52
109,83,52
112,131,52
115,93,52
130,11,52
131,112,52
131,321,52
133,180,52
139,317,52
140,36,52
160,24,52
180,133,52
202,204,52
204,202,52
207,17,52
231,68,52
254,312,52
265,316,52
288,54,52
312,254,52
316,265,52
321,131,52
2,202,53
2,204,53
5,57,53
32,165,53
40,60,53
55,282,53
57,5,53
60,40,53
112,321,53
124,204,53
128,236,53
147,236,53
165,32,53
165,323,53
179,202,53
202,2,53
202,179,53
202,204,53
204,2,53
204,124,53
204,202,53
212,218,53
218,212,53
225,41,53
227,247,53
236,147,53
247,227,53
252,280,53
255,294,53
277,283,53
279,321,53
280,252,53
282,55,53
283,277,53
294,255,53
321,112,53
321,131,53
321,279,53
324,18,53
2,179,54
3,283,54
9,87,54
55,29,54
63,186,54
71,181,54
87,9,54
97,154,54
115,248,54
122,243,54
124,179,54
128,147,54
128,236,54
132,294,54
133,302,54
147,128,54
154,97,54
158,182,54
165,32,54
179,2,54
179,124,54
179,204,54
181,71,54
182,158,54
185,223,54
186,63,54
193,264,54
204,179,54
216,269,54
220,262,54
223,185,54
228,281,54
236,128,54
243,122,54
262,220,54
264,193,54
269,216,54
281,228,54
283,3,54
294,132,54
321,112,54
12,61,55
20,203,55
38,320,55
60,314,55
61,12,55
66,100,55
68,194,55
100,66,55
112,276,55
115,93,55
123,286,55
125,7,55
144,251,55
179,124,55
197,285,55
203,20,55
251,144,55
285,197,55
286,123,55
314,60,55
320,38,55
321,131,55
6,327,56
8,275,56
36,217,56
47,81,56
72,299,56
81,47,56
84,107,56
93,248,56
94,121,56
107,84,56
113,326,56
114,254,56
119,145,56
121,94,56
131,279,56
131,321,56
145,119,56
150,309,56
197,102,56
204,202,56
220,233,56
248,93,56
254,114,56
279,131,56
279,321,56
286,106,56
298,229,56
299,72,56
309,150,56
321,279,56
326,113,56
327,6,56
6,287,57
42,129,57
55,82,57
60,40,57
82,55,57
87,313,57
114,195,57
114,254,57
129,42,57
147,236,57
152,277,57
180,302,57
210,308,57
225,243,57
227,257,57
236,147,57
240,283,57
243,225,57
257,227,57
277,152,57
283,240,57
302,180,57
308,210,57
313,87,57
6,327,58
13,152,58
24,206,58
40,314,58
55,325,58
60,314,58
73,271,58
93,115,58
103,236,58
135,174,58
145,326,58
152,13,58
165,51,58
174,135,58
201,282,58
206,24,58
236,103,58
236,147,58
247,270,58
270,247,58
271,73,58
282,201,58
314,40,58
314,60,58
325,55,58
326,145,58
6,287,59
6,327,59
13,277,59
17,136,59
21,48,59
35,39,59
39,35,59
40,60,59
48,21,59
55,29,59
55,82,59
60,40,59
60,314,59
64,116,59
68,231,59
93,214,59
103,147,59
105,285,59
109,206,59
114,195,59
116,64,59
135,70,59
135,174,59
137,293,59
147,103,59
156,303,59
206,109,59
214,93,59
250,267,59
254,284,59
267,250,59
277,13,59
285,105,59
293,137,59
303,156,59
6,287,60
13,52,60
16,203,60
24,109,60
26,211,60
28,90,60
30,88,60
51,323,60
54,71,60
55,29,60
55,82,60
71,54,60
88,30,60
90,28,60
103,128,60
109,24,60
128,103,60
131,196,60
132,269,60
135,70,60
135,174,60
152,277,60
177,202,60
196,131,60
199,304,60
202,177,60
203,16,60
211,26,60
240,191,60
269,132,60
277,152,60
283,3,60
304,199,60
323,51,60
13,152,61
24,306,61
51,165,61
52,171,61
55,29,61
70,174,61
81,168,61
93,115,61
93,214,61
93,248,61
103,236,61
147,236,61
152,13,61
152,277,61
168,81,61
170,280,61
171,52,61
174,70,61
174,135,61
195,284,61
236,103,61
236,147,61
280,170,61
284,195,61
284,254,61
306,24,61
326,113,61
10,102,62
38,104,62
43,95,62
58,307,62
61,185,62
79,80,62
80,79,62
90,277,62
93,214,62
93,248,62
95,43,62
102,10,62
104,38,62
105,169,62
112,189,62
114,312,62
115,221,62
118,318,62
120,312,62
136,310,62
138,300,62
140,160,62
152,13,62
160,140,62
169,105,62
185,61,62
188,260,62
189,112,62
190,275,62
191,301,62
195,254,62
195,284,62
221,115,62
227,270,62
236,103,62
254,195,62
254,284,62
260,188,62
266,282,62
270,227,62
275,190,62
276,321,62
277,90,62
280,252,62
282,266,62
284,195,62
284,254,62
287,327,62
299,45,62
300,138,62
307,58,62
310,136,62
312,114,62
312,120,62
318,118,62
321,276,62
327,287,62
28,263,63
29,82,63
34,210,63
47,168,63
49,315,63
54,288,63
61,223,63
71,288,63
72,176,63
81,47,63
82,29,63
114,284,63
114,312,63
136,17,63
155,167,63
164,226,63
167,155,63
168,47,63
176,72,63
194,295,63
195,254,63
195,284,63
210,34,63
223,61,63
226,164,63
254,195,63
254,284,63
254,312,63
256,316,63
263,28,63
284,114,63
284,195,63
284,254,63
284,312,63
288,71,63
295,194,63
312,114,63
312,254,63
312,284,63
315,49,63
316,256,63
318,62,63
1,83,64
12,91,64
39,80,64
69,200,64
70,135,64
80,39,64
80,79,64
82,237,64
83,1,64
90,152,64
91,12,64
114,254,64
118,246,64
123,241,64
135,70,64
152,90,64
163,198,64
165,27,64
195,312,64
198,163,64
200,69,64
217,306,64
221,248,64
237,82,64
246,118,64
248,221,64
254,114,64
254,284,64
284,254,64
284,312,64
306,217,64
312,195,64
312,284,64
3,240,65
8,9,65
9,8,65
10,197,65
14,21,65
21,14,65
32,323,65
46,265,65
74,262,65
80,39,65
81,168,65
83,206,65
87,275,65
90,277,65
106,251,65
122,294,65
136,310,65
146,182,65
168,81,65
182,146,65
194,315,65
197,10,65
206,83,65
221,322,65
236,147,65
240,3,65
251,106,65
254,114,65
254,284,65
262,74,65
265,46,65
275,87,65
280,170,65
284,254,65
292,219,65
294,122,65
312,195,65
315,194,65
322,221,65
323,32,65
2,204,66
3,301,66
8,190,66
9,190,66
19,138,66
29,55,66
31,68,66
47,81,66
68,31,66
80,79,66
81,47,66
81,290,66
97,125,66
108,154,66
114,120,66
114,254,66
120,114,66
125,97,66
136,17,66
136,310,66
138,19,66
154,108,66
179,202,66
190,8,66
190,9,66
198,317,66
202,179,66
204,2,66
219,260,66
241,286,66
254,114,66
260,219,66
286,241,66
290,81,66
301,3,66
315,49,66
317,198,66
8,9,67
9,8,67
10,102,67
17,310,67
29,325,67
55,325,67
64,131,67
64,196,67
96,302,67
100,118,67
103,147,67
106,123,67
118,100,67
123,106,67
131,64,67
131,196,67
144,299,67
147,103,67
152,277,67
165,323,67
172,191,67
191,172,67
196,64,67
196,131,67
198,163,67
213,242,67
227,247,67
242,213,67
243,273,67
246,318,67
247,227,67
253,230,67
254,284,67
273,243,67
277,152,67
299,144,67
302,96,67
310,17,67
318,246,67
323,165,67
325,29,67
325,55,67
9,73,68
9,190,68
13,52,68
18,19,68
19,18,68
25,319,68
29,55,68
45,56,68
49,194,68
52,13,68
54,239,68
55,29,68
56,45,68
61,160,68
63,110,68
73,9,68
95,188,68
110,63,68
112,276,68
113,119,68
119,113,68
125,7,68
132,216,68
160,61,68
163,317,68
179,124,68
188,95,68
194,49,68
198,317,68
216,132,68
254,114,68
254,284,68
276,112,68
317,163,68
317,198,68
319,25,68
7,97,69
7,125,69
29,325,69
55,325,69
88,320,69
97,7,69
114,284,69
117,227,69
187,212,69
212,187,69
227,117,69
227,247,69
254,312,69
284,114,69
284,254,69
306,24,69
310,99,69
312,254,69
317,163,69
320,88,69
325,29,69
325,55,69
326,145,69
3,283,70
9,8,70
22,221,70
29,55,70
46,157,70
55,29,70
100,184,70
112,131,70
126,251,70
131,112,70
149,232,70
157,46,70
166,263,70
184,100,70
194,295,70
196,64,70
210,308,70
214,248,70
221,22,70
232,149,70
248,214,70
251,126,70
254,284,70
254,312,70
263,166,70
276,321,70
293,294,70
294,293,70
317,198,70
7,97,71
7,125,71
8,73,71
17,136,71
34,308,71
37,79,71
44,77,71
55,325,71
64,131,71
69,127,71
73,8,71
74,216,71
77,44,71
79,37,71
115,244,71
127,69,71
131,64,71
136,17,71
153,190,71
169,285,71
190,153,71
201,246,71
214,250,71
216,74,71
244,115,71
246,201,71
250,214,71
254,284,71
254,312,71
284,312,71
285,169,71
308,34,71
312,284,71
317,163,71
2,300,72
7,97,72
7,125,72
8,271,72
9,73,72
9,271,72
70,204,72
73,9,72
73,271,72
79,80,72
97,108,72
106,251,72
108,97,72
111,239,72
122,293,72
165,27,72
204,70,72
230,101,72
239,111,72
251,106,72
271,8,72
271,9,72
271,73,72
293,122,72
300,2,72
7,108,73
9,181,73
16,238,73
17,99,73
18,41,73
19,41,73
29,159,73
37,80,73
38,320,73
41,18,73
41,19,73
62,118,73
64,196,73
80,37,73
80,79,73
81,256,73
94,285,73
99,17,73
103,128,73
103,147,73
106,123,73
108,7,73
108,97,73
109,188,73
115,193,73
118,62,73
128,147,73
132,269,73
138,324,73
147,128,73
159,29,73
159,258,73
163,198,73
181,9,73
187,218,73
188,109,73
193,115,73
198,163,73
207,278,73
217,36,73
218,187,73
238,16,73
251,126,73
256,81,73
258,308,73
278,207,73
284,114,73
285,94,73
308,210,73
308,258,73
320,38,73
324,138,73
7,125,74
10,197,74
13,171,74
30,279,74
41,18,74
41,19,74
58,155,74
75,85,74
80,37,74
85,75,74
91,105,74
105,91,74
123,126,74
123,251,74
126,123,74
126,251,74
131,112,74
140,306,74
155,58,74
159,29,74
171,13,74
173,316,74
174,179,74
179,174,74
251,123,74
251,126,74
279,30,74
306,140,74
308,210,74
316,173,74
8,73,75
10,102,75
10,197,75
18,19,75
19,18,75
20,238,75
37,79,75
37,80,75
42,89,75
52,283,75
56,144,75
58,233,75
64,112,75
73,8,75
74,262,75
79,37,75
87,245,75
89,42,75
99,136,75
102,197,75
106,126,75
106,251,75
112,64,75
115,244,75
124,202,75
126,106,75
126,251,75
134,152,75
136,99,75
137,294,75
144,56,75
145,218,75
152,134,75
159,210,75
166,277,75
167,220,75
197,102,75
202,124,75
210,159,75
218,145,75
220,167,75
225,235,75
231,295,75
233,58,75
235,225,75
238,20,75
243,294,75
251,106,75
251,126,75
277,166,75
283,52,75
294,137,75
294,243,75
295,231,75
312,195,75
12,105,76
16,20,76
18,41,76
20,16,76
29,210,76
41,18,76
45,144,76
63,205,76
64,196,76
68,115,76
68,244,76
96,180,76
105,12,76
106,126,76
115,68,76
126,106,76
144,45,76
147,103,76
147,236,76
155,167,76
167,155,76
168,256,76
180,96,76
198,317,76
200,267,76
205,63,76
210,29,76
210,159,76
218,247,76
244,68,76
247,218,76
256,168,76
267,200,76
312,254,76
317,198,76
2,70,77
9,271,77
17,136,77
20,238,77
41,138,77
68,115,77
70,2,77
82,246,77
84,272,77
100,274,77
105,91,77
131,321,77
136,17,77
136,99,77
138,41,77
138,324,77
145,326,77
147,103,77
147,236,77
195,254,77
195,312,77
197,10,77
197,102,77
198,163,77
198,317,77
214,248,77
246,82,77
254,195,77
254,312,77
271,9,77
272,84,77
274,100,77
294,137,77
312,195,77
312,254,77
321,131,77
1,206,78
15,263,78
41,324,78
54,288,78
63,110,78
68,244,78
71,111,78
77,166,78
81,47,78
82,100,78
82,246,78
100,82,78
100,274,78
111,71,78
112,131,78
112,321,78
126,251,78
131,112,78
131,321,78
136,17,78
138,41,78
138,324,78
166,77,78
166,277,78
192,216,78
198,163,78
198,317,78
202,300,78
206,1,78
210,308,78
216,192,78
263,15,78
282,325,78
288,54,78
300,202,78
308,258,78
321,112,78
321,131,78
324,41,78
324,138,78
325,282,78
2,124,79
2,202,79
2,300,79
3,301,79
9,181,79
18,137,79
34,210,79
34,308,79
41,138,79
41,324,79
50,189,79
64,88,79
68,115,79
77,263,79
77,277,79
82,100,79
88,64,79
94,121,79
100,82,79
100,246,79
112,131,79
121,285,79
124,2,79
131,112,79
131,321,79
136,99,79
137,18,79
138,41,79
157,161,79
161,157,79
166,77,79
166,277,79
185,303,79
187,227,79
189,50,79
192,262,79
197,10,79
202,2,79
202,300,79
210,34,79
210,258,79
218,227,79
227,187,79
227,218,79
246,100,79
248,322,79
258,210,79
262,192,79
263,77,79
277,77,79
277,166,79
285,121,79
300,2,79
300,202,79
303,185,79
308,34,79
322,248,79
324,41,79
2,124,80
10,102,80
10,197,80
21,48,80
29,258,80
33,225,80
34,210,80
41,138,80
45,56,80
56,45,80
63,205,80
73,271,80
77,263,80
82,246,80
88,196,80
90,152,80
93,262,80
102,10,80
106,251,80
110,205,80
121,94,80
121,285,80
124,202,80
124,300,80
138,297,80
147,103,80
152,90,80
155,220,80
156,158,80
156,185,80
158,156,80
163,317,80
167,220,80
185,156,80
195,254,80
196,88,80
198,163,80
202,124,80
202,300,80
205,110,80
210,34,80
220,155,80
220,167,80
225,33,80
227,187,80
246,82,80
251,106,80
251,126,80
254,195,80
258,29,80
262,93,80
263,277,80
271,73,80
277,263,80
297,138,80
300,124,80
300,202,80
302,133,80
317,163,80
321,276,80
2,202,81
4,249,81
10,102,81
16,270,81
18,19,81
18,294,81
20,270,81
34,258,81
59,85,81
82,100,81
85,59,81
100,82,81
100,246,81
102,197,81
106,123,81
114,312,81
119,128,81
123,106,81
128,119,81
133,180,81
152,134,81
156,158,81
156,185,81
158,185,81
159,258,81
160,292,81
165,314,81
180,133,81
185,158,81
197,102,81
202,2,81
202,300,81
205,63,81
210,258,81
210,308,81
216,262,81
220,155,81
246,100,81
249,4,81
258,34,81
258,159,81
258,210,81
262,216,81
263,77,81
270,16,81
270,20,81
277,166,81
292,160,81
294,18,81
300,124,81
300,202,81
308,210,81
312,114,81
314,165,81
321,131,81
3,13,82
13,3,82
24,83,82
27,323,82
29,34,82
29,159,82
34,29,82
45,144,82
46,161,82
52,228,82
59,75,82
75,59,82
83,24,82
102,10,82
102,197,82
133,215,82
144,305,82
145,218,82
156,158,82
156,303,82
158,156,82
159,29,82
161,46,82
161,157,82
184,274,82
187,218,82
215,133,82
218,145,82
218,187,82
228,52,82
270,16,82
274,184,82
287,6,82
300,124,82
303,156,82
305,144,82
323,27,82
2,124,83
2,202,83
7,97,83
9,271,83
19,138,83
35,79,83
59,85,83
68,244,83
75,85,83
79,35,83
85,75,83
93,192,83
97,7,83
102,10,83
102,197,83
109,206,83
124,2,83
131,112,83
138,19,83
155,167,83
155,220,83
156,158,83
159,258,83
159,308,83
167,155,83
187,227,83
192,93,83
201,318,83
202,2,83
206,109,83
218,145,83
245,275,83
246,318,83
248,214,83
258,159,83
258,308,83
271,9,83
275,245,83
308,159,83
308,258,83
318,201,83
318,246,83
27,259,84
27,323,84
29,258,84
29,308,84
34,55,84
40,87,84
45,56,84
55,34,84
85,59,84
87,40,84
88,64,84
100,237,84
100,246,84
106,251,84
132,319,84
133,180,84
145,227,84
155,167,84
158,303,84
159,29,84
159,258,84
159,308,84
192,262,84
193,322,84
196,321,84
198,317,84
227,145,84
237,100,84
237,246,84
246,100,84
246,237,84
248,322,84
251,106,84
258,29,84
258,159,84
258,308,84
259,27,84
262,192,84
303,158,84
308,29,84
308,159,84
308,258,84
317,198,84
318,201,84
319,132,84
321,196,84
322,193,84
322,248,84
3,301,85
19,137,85
19,138,85
29,159,85
29,308,85
30,136,85
45,305,85
70,135,85
85,75,85
101,209,85
106,123,85
106,251,85
111,239,85
126,286,85
136,30,85
137,19,85
139,177,85
145,218,85
153,245,85
155,220,85
159,29,85
159,308,85
168,316,85
177,139,85
192,93,85
192,262,85
209,101,85
245,153,85
270,20,85
286,126,85
305,45,85
308,29,85
308,159,85
316,168,85
322,193,85
8,28,86
12,91,86
18,19,86
18,137,86
19,18,86
19,138,86
28,8,86
29,159,86
35,37,86
37,35,86
68,115,86
71,239,86
91,12,86
106,123,86
111,71,86
112,154,86
131,196,86
133,302,86
137,18,86
150,255,86
154,112,86
155,167,86
158,185,86
159,29,86
192,93,86
196,131,86
197,285,86
216,269,86
233,267,86
239,71,86
246,100,86
255,150,86
267,233,86
269,216,86
285,197,86
1,109,87
3,288,87
3,301,87
14,48,87
18,294,87
28,73,87
30,310,87
41,324,87
48,14,87
57,174,87
61,158,87
62,201,87
71,111,87
71,239,87
73,28,87
81,92,87
92,81,87
109,1,87
117,270,87
126,251,87
127,206,87
136,310,87
155,220,87
158,61,87
174,57,87
201,62,87
201,246,87
206,127,87
219,306,87
246,201,87
251,126,87
262,269,87
269,262,87
270,117,87
288,3,87
306,219,87
310,30,87
310,136,87
17,30,88
17,136,88
23,110,88
30,17,88
61,182,88
62,100,88
62,201,88
87,275,88
100,62,88
101,230,88
110,23,88
119,147,88
121,169,88
128,147,88
136,17,88
136,310,88
139,163,88
147,119,88
147,128,88
163,139,88
169,121,88
182,61,88
196,321,88
201,62,88
209,230,88
230,209,88
244,322,88
269,216,88
275,87,88
322,244,88
3,288,89
17,30,89
18,19,89
18,138,89
19,18,89
19,138,89
38,207,89
56,176,89
62,100,89
62,201,89
71,111,89
87,245,89
88,116,89
94,285,89
101,209,89
111,239,89
116,88,89
117,238,89
117,309,89
124,202,89
138,18,89
138,19,89
152,281,89
155,233,89
157,256,89
166,263,89
176,56,89
193,250,89
196,131,89
196,321,89
202,124,89
207,38,89
209,101,89
209,230,89
223,303,89
233,155,89
233,267,89
238,117,89
238,309,89
239,111,89
245,87,89
250,193,89
253,67,89
256,157,89
263,166,89
281,152,89
285,94,89
288,301,89
301,288,89
303,223,89
309,117,89
309,238,89
3,301,90
5,179,90
17,136,90
18,19,90
18,138,90
19,18,90
20,117,90
29,258,90
35,79,90
45,144,90
57,148,90
59,311,90
62,100,90
62,201,90
72,305,90
93,167,90
98,260,90
111,71,90
116,207,90
117,20,90
131,276,90
136,17,90
138,18,90
144,45,90
148,57,90
150,270,90
151,199,90
167,93,90
168,234,90
179,5,90
181,190,90
190,181,90
199,151,90
207,116,90
209,101,90
209,230,90
216,262,90
233,155,90
233,267,90
234,168,90
258,29,90
260,98,90
262,216,90
270,150,90
276,131,90
285,197,90
301,3,90
301,288,90
305,72,90
311,59,90
3,288,91
19,137,91
24,109,91
29,159,91
29,258,91
30,310,91
47,157,91
71,239,91
94,197,91
94,285,91
109,24,91
114,252,91
117,150,91
117,270,91
131,189,91
131,276,91
137,19,91
150,117,91
150,270,91
157,47,91
157,256,91
163,177,91
177,163,91
189,131,91
192,250,91
197,94,91
197,285,91
201,318,91
209,101,91
239,71,91
250,192,91
252,114,91
267,200,91
270,117,91
270,150,91
270,309,91
285,94,91
285,197,91
288,3,91
288,301,91
309,270,91
310,30,91
14,199,92
15,77,92
25,262,92
28,8,92
41,204,92
47,256,92
64,99,92
71,111,92
77,15,92
99,64,92
116,88,92
117,150,92
117,238,92
117,270,92
117,309,92
126,286,92
131,189,92
150,117,92
150,270,92
150,309,92
155,267,92
157,47,92
157,256,92
193,248,92
194,231,92
195,252,92
199,14,92
201,62,92
201,318,92
204,41,92
220,233,92
231,194,92
233,155,92
233,220,92
238,117,92
238,270,92
248,193,92
252,195,92
256,47,92
256,157,92
259,323,92
262,25,92
267,155,92
270,117,92
270,150,92
270,238,92
282,266,92
309,117,92
309,150,92
323,259,92
1,24,93
14,48,93
14,199,93
24,1,93
31,115,93
35,80,93
47,157,93
47,265,93
48,199,93
80,35,93
93,192,93
103,128,93
103,147,93
111,239,93
114,195,93
114,252,93
115,31,93
128,103,93
128,147,93
135,212,93
146,298,93
147,103,93
147,128,93
152,90,93
157,47,93
157,265,93
159,258,93
192,93,93
195,114,93
195,252,93
199,48,93
201,62,93
201,318,93
212,135,93
218,227,93
227,218,93
239,111,93
252,114,93
252,195,93
258,159,93
262,216,93
265,47,93
265,157,93
267,200,93
270,309,93
279,321,93
298,146,93
309,117,93
309,150,93
309,270,93
321,279,93
13,240,94
25,216,94
30,112,94
30,310,94
37,79,94
71,239,94
79,37,94
112,30,94
117,238,94
117,309,94
119,236,94
122,132,94
131,196,94
132,122,94
134,171,94
156,226,94
166,171,94
171,134,94
171,166,94
172,288,94
172,301,94
196,131,94
199,14,94
200,220,94
200,267,94
216,25,94
218,247,94
220,200,94
220,233,94
226,156,94
236,119,94
238,117,94
238,309,94
239,71,94
239,111,94
240,13,94
252,114,94
288,172,94
288,301,94
294,243,94
301,172,94
301,288,94
309,117,94
309,238,94
20,270,95
45,72,95
45,305,95
62,210,95
65,183,95
72,45,95
96,215,95
97,120,95
100,318,95
112,154,95
120,97,95
134,166,95
134,171,95
147,236,95
166,134,95
166,171,95
171,134,95
171,166,95
172,288,95
174,300,95
183,65,95
200,220,95
210,62,95
215,96,95
218,227,95
218,247,95
220,200,95
225,243,95
225,294,95
227,247,95
236,147,95
243,225,95
247,227,95
248,250,95
250,248,95
254,312,95
265,47,95
270,20,95
288,172,95
288,301,95
294,225,95
300,174,95
305,45,95
312,254,95
318,100,95
16,150,96
29,308,96
35,79,96
46,157,96
79,35,96
86,274,96
103,128,96
103,147,96
103,236,96
128,103,96
128,147,96
128,236,96
132,255,96
147,103,96
147,128,96
150,16,96
156,164,96
157,46,96
164,156,96
167,262,96
218,227,96
227,218,96
227,247,96
236,103,96
236,128,96
255,132,96
262,167,96
274,86,96
308,29,96
9,153,97
14,48,97
19,243,97
21,66,97
23,205,97
41,324,97
48,14,97
51,323,97
58,283,97
66,21,97
103,119,97
103,236,97
114,195,97
114,252,97
115,194,97
116,207,97
119,103,97
134,152,97
134,171,97
152,134,97
153,9,97
162,213,97
171,134,97
194,115,97
195,114,97
205,23,97
213,162,97
236,103,97
239,71,97
243,19,97
283,58,97
323,51,97
12,105,98
28,153,98
35,37,98
37,35,98
71,111,98
82,210,98
87,181,98
103,119,98
103,236,98
105,12,98
111,71,98
111,239,98
113,128,98
114,195,98
114,252,98
128,113,98
142,189,98
147,236,98
150,238,98
152,171,98
153,28,98
158,185,98
171,152,98
181,87,98
187,326,98
189,142,98
192,248,98
195,252,98
207,278,98
210,82,98
225,243,98
236,147,98
238,150,98
238,270,98
239,111,98
243,225,98
248,192,98
248,250,98
252,195,98
253,266,98
266,253,98
270,238,98
288,172,98
288,301,98
326,187,98
19,225,99
19,243,99
41,138,99
67,266,99
68,194,99
71,239,99
90,171,99
104,320,99
106,126,99
107,183,99
110,205,99
115,68,99
115,194,99
115,295,99
126,106,99
134,263,99
137,293,99
138,41,99
153,9,99
153,28,99
171,90,99
183,107,99
192,250,99
194,68,99
194,115,99
200,267,99
205,110,99
216,262,99
218,145,99
225,19,99
225,243,99
236,103,99
238,309,99
239,71,99
243,19,99
243,225,99
248,192,99
248,250,99
250,192,99
250,248,99
253,67,99
255,319,99
262,216,99
263,134,99
266,67,99
275,314,99
288,3,99
288,172,99
293,137,99
295,115,99
314,275,99
319,255,99
320,104,99
9,28,100
9,153,100
21,100,100
28,9,100
28,153,100
29,82,100
41,324,100
44,73,100
73,44,100
76,151,100
82,29,100
100,21,100
115,194,100
115,295,100
119,236,100
132,319,100
133,215,100
151,76,100
153,9,100
153,28,100
161,256,100
172,301,100
193,221,100
205,23,100
215,133,100
221,193,100
236,119,100
238,270,100
253,266,100
256,161,100
261,290,100
266,253,100
284,312,100
288,3,100
290,261,100
301,172,100
312,284,100
319,132,100
