4,8,1
8,4,1
34,47,1
34,98,1
38,115,1
43,105,1
47,34,1
47,98,1
51,89,1
76,114,1
89,51,1
97,122,1
98,34,1
98,47,1
105,43,1
110,150,1
114,76,1
115,38,1
122,97,1
126,129,1
129,126,1
150,110,1
10,41,2
34,47,2
34,98,2
41,10,2
47,34,2
53,139,2
57,127,2
58,134,2
64,99,2
98,34,2
99,64,2
127,57,2
134,58,2
139,53,2
42,145,3
145,42,3
8,110,4
77,109,4
109,77,4
110,8,4
110,123,4
123,110,4
3,70,5
37,52,5
52,37,5
70,3,5
8,123,6
21,113,6
113,21,6
123,8,6
30,126,7
126,30,7
7,44,8
44,7,8
107,135,8
135,107,8
8,4,9
22,26,9
26,22,9
33,131,9
35,129,9
121,124,9
124,121,9
129,35,9
131,33,9
4,123,10
28,130,10
123,4,10
130,28,10
100,119,11
119,100,11
5,58,12
7,95,12
9,153,12
13,87,12
17,46,12
46,17,12
58,5,12
87,13,12
95,7,12
153,9,12
68,145,13
78,152,13
93,124,13
124,93,13
145,68,13
152,78,13
39,132,14
98,139,14
132,39,14
139,98,14
41,112,15
44,95,15
95,44,15
112,41,15
52,53,16
53,52,16
131,151,16
145,42,16
151,131,16
10,120,17
65,86,17
81,89,17
86,65,17
89,81,17
120,10,17
134,141,17
141,134,17
145,68,18
2,152,19
48,138,19
87,88,19
88,87,19
138,48,19
152,2,19
15,46,20
42,81,20
46,15,20
81,42,20
11,37,21
37,11,21
46,17,21
59,147,21
95,7,21
147,59,21
3,101,22
13,88,22
23,132,22
30,148,22
52,71,22
71,52,22
87,13,22
88,13,22
101,3,22
132,23,22
148,30,22
2,66,23
17,57,23
18,115,23
30,126,23
50,145,23
57,17,23
66,2,23
115,18,23
145,50,23
2,152,24
17,46,24
29,150,24
30,148,24
46,15,24
46,17,24
75,94,24
94,75,24
150,29,24
2,66,25
2,152,25
6,70,25
13,87,25
27,142,25
34,47,25
46,15,25
70,6,25
142,27,25
18,109,26
28,142,26
33,44,26
44,33,26
108,134,26
109,18,26
134,108,26
142,28,26
15,17,27
17,15,27
32,67,27
67,32,27
82,90,27
90,82,27
30,126,28
33,128,28
44,128,28
126,148,28
127,128,28
128,33,28
128,44,28
128,127,28
148,126,28
33,44,29
33,127,29
33,128,29
44,33,29
44,128,29
127,33,29
127,128,29
128,33,29
128,44,29
128,127,29
134,141,29
152,78,29
2,66,30
30,148,30
33,44,30
33,128,30
44,33,30
69,131,30
128,33,30
131,69,30
148,30,30
30,126,31
30,148,31
126,30,31
2,152,32
8,108,32
30,126,32
30,148,32
32,85,32
34,139,32
51,53,32
53,51,32
81,89,32
85,32,32
87,88,32
88,87,32
108,8,32
117,134,32
134,117,32
136,156,32
139,34,32
152,2,32
156,136,32
32,67,33
79,132,33
126,148,33
132,79,33
148,126,33
34,61,34
61,34,34
117,141,34
141,117,34
4,108,35
20,94,35
94,20,35
108,4,35
108,8,35
4,8,36
8,4,36
44,128,36
82,91,36
91,82,36
128,44,36
2,78,37
2,152,37
30,126,37
33,44,37
33,128,37
44,33,37
44,128,37
54,97,37
78,2,37
78,152,37
97,54,37
109,77,37
126,30,37
126,148,37
128,33,37
128,44,37
152,78,37
2,66,38
2,78,38
30,148,38
33,44,38
34,139,38
35,126,38
35,148,38
44,33,38
66,78,38
66,152,38
78,2,38
78,66,38
117,134,38
117,141,38
126,35,38
126,148,38
134,141,38
141,134,38
148,30,38
148,35,38
148,126,38
152,66,38
2,66,39
8,123,39
34,61,39
34,139,39
60,99,39
61,139,39
66,2,39
67,85,39
85,67,39
90,91,39
91,90,39
95,151,39
99,60,39
123,8,39
139,61,39
141,117,39
141,134,39
148,30,39
151,95,39
35,126,40
38,121,40
67,32,40
121,38,40
126,35,40
139,34,40
139,61,40
6,65,41
65,6,41
73,147,41
95,127,41
119,145,41
127,95,41
129,130,41
130,129,41
141,117,41
141,134,41
145,119,41
147,73,41
55,62,42
62,55,42
141,117,42
14,60,43
50,68,43
51,98,43
60,14,43
68,50,43
77,124,43
95,7,43
98,51,43
124,77,43
34,61,44
46,87,44
61,34,44
87,46,44
8,4,45
35,148,45
42,72,45
62,97,45
72,42,45
97,62,45
147,59,45
148,35,45
30,35,46
30,148,46
35,30,46
35,148,46
50,81,46
55,122,46
81,50,46
122,55,46
148,30,46
148,35,46
8,108,47
23,80,47
31,135,47
54,122,47
80,23,47
95,127,47
122,54,47
122,55,47
135,31,47
63,79,48
79,63,48
122,54,48
126,148,48
127,151,48
140,152,48
148,126,48
151,127,48
152,140,48
12,24,49
24,12,49
78,152,49
95,7,49
97,122,49
122,97,49
152,78,49
62,122,50
86,143,50
95,127,50
109,18,50
122,62,50
122,97,50
127,95,50
143,86,50
147,73,50
29,110,51
34,139,51
35,126,51
59,73,51
73,59,51
73,147,51
95,7,51
95,127,51
110,29,51
122,55,51
126,35,51
139,34,51
7,127,52
53,101,52
62,97,52
66,152,52
81,89,52
95,7,52
95,127,52
97,62,52
101,53,52
126,148,52
127,7,52
127,95,52
152,66,52
7,95,53
7,127,53
95,7,53
127,7,53
4,12,54
12,4,54
78,140,54
91,82,54
96,144,54
97,122,54
122,97,54
140,78,54
144,96,54
10,118,55
30,35,55
35,30,55
50,68,55
118,10,55
5,27,56
14,99,56
27,5,56
69,129,56
87,88,56
97,62,56
99,14,56
129,69,56
19,43,57
43,19,57
141,134,57
8,123,58
27,142,58
36,61,58
44,128,58
61,36,58
87,46,58
112,116,58
116,112,58
128,129,58
129,128,58
140,152,58
142,27,58
152,140,58
4,24,59
14,60,59
24,4,59
52,102,59
74,104,59
102,52,59
104,74,59
122,55,59
8,12,60
12,8,60
14,99,61
30,148,61
52,94,61
54,62,61
62,54,61
94,52,61
108,110,61
110,108,61
148,30,61
12,24,62
12,123,62
14,60,62
17,127,62
24,12,62
24,123,62
30,35,62
34,36,62
36,34,62
60,99,62
77,93,62
93,77,62
99,60,62
123,12,62
123,24,62
127,17,62
129,69,62
148,126,62
8,123,63
14,99,63
30,126,63
60,14,63
60,99,63
97,122,63
99,14,63
99,60,63
122,97,63
123,8,63
123,24,63
124,154,63
126,30,63
128,44,63
154,124,63
2,115,64
8,12,64
8,123,64
12,8,64
12,123,64
14,60,64
33,128,64
34,61,64
52,102,64
60,14,64
61,34,64
94,102,64
102,94,64
115,2,64
123,8,64
123,12,64
128,33,64
128,44,64
8,24,65
8,123,65
12,24,65
12,123,65
24,8,65
24,12,65
24,123,65
94,75,65
102,52,65
123,8,65
123,12,65
123,24,65
128,33,65
133,149,65
149,133,65
8,24,66
24,8,66
24,123,66
44,129,66
129,44,66
24,8,67
27,5,68
27,142,68
127,7,68
129,69,68
8,12,69
8,24,69
8,123,69
12,8,69
12,24,69
12,123,69
24,12,69
24,123,69
26,49,69
27,5,69
49,26,69
53,98,69
60,99,69
98,53,69
123,8,69
123,12,69
123,24,69
8,12,70
8,24,70
12,8,70
12,24,70
24,8,70
24,12,70
24,123,70
31,107,70
39,79,70
79,39,70
107,31,70
8,12,71
8,123,71
12,8,71
12,24,71
24,12,71
31,135,71
58,117,71
93,124,71
107,135,71
117,58,71
123,8,71
124,93,71
135,107,71
8,24,72
24,8,72
24,12,72
28,129,72
31,107,72
107,31,72
107,135,72
108,117,72
117,108,72
129,28,72
8,123,73
64,136,73
82,90,73
90,82,73
107,31,73
108,110,73
136,64,73
14,99,74
28,69,74
33,57,74
57,33,74
69,28,74
99,14,74
129,131,74
131,129,74
16,60,75
22,78,75
28,44,75
28,69,75
28,129,75
33,128,75
44,28,75
44,129,75
52,94,75
53,89,75
53,101,75
60,16,75
61,139,75
69,129,75
78,22,75
89,53,75
89,101,75
94,52,75
101,89,75
108,117,75
129,28,75
129,44,75
129,69,75
139,61,75
4,12,76
12,4,76
13,46,76
20,47,76
28,44,76
41,125,76
44,28,76
44,69,76
46,13,76
47,20,76
69,44,76
91,144,76
110,117,76
117,110,76
125,41,76
144,91,76
2,38,77
11,42,77
12,24,77
38,2,77
42,11,77
44,28,77
65,70,77
70,65,77
93,154,77
154,93,77
20,75,78
28,129,78
32,85,78
75,20,78
78,151,78
85,32,78
129,28,78
151,78,78
60,99,79
69,128,79
99,60,79
101,53,79
117,108,79
128,69,79
5,142,80
20,94,80
94,20,80
142,5,80
20,75,82
57,69,82
69,57,82
75,94,82
78,131,82
83,143,82
94,75,82
131,78,82
143,83,82
16,144,83
17,57,83
24,123,83
57,17,83
57,69,83
78,151,83
123,24,83
144,16,83
3,70,84
44,69,84
44,128,84
57,17,84
67,85,84
68,100,84
69,44,84
69,128,84
70,3,84
78,131,84
83,86,84
85,67,84
86,83,84
100,68,84
128,44,84
128,69,84
6,86,85
19,149,85
44,69,85
48,136,85
69,44,85
69,128,85
70,65,85
83,143,85
86,6,85
136,48,85
149,19,85
3,65,86
16,99,86
43,114,86
50,53,86
53,50,86
65,3,86
65,70,86
78,95,86
82,91,86
91,82,86
95,78,86
99,16,86
114,43,86
3,70,87
53,89,87
57,128,87
65,3,87
65,70,87
70,3,87
70,65,87
83,86,87
83,143,87
86,83,87
86,143,87
89,53,87
99,144,87
108,141,87
128,57,87
131,151,87
141,108,87
143,86,87
144,99,87
151,131,87
3,65,88
3,70,88
16,144,88
44,57,88
57,44,88
57,128,88
65,3,88
70,3,88
75,20,88
83,86,88
86,83,88
94,52,88
99,16,88
129,130,88
144,16,88
30,148,89
51,89,89
65,70,89
70,65,89
86,143,89
89,51,89
148,30,89
3,65,90
4,141,90
28,78,90
65,3,90
78,28,90
78,95,90
141,4,90
2,115,91
19,114,91
22,151,91
38,115,91
108,117,91
114,19,91
115,38,91
151,22,91
2,38,92
6,83,92
8,12,92
12,8,92
20,52,92
22,131,92
28,95,92
36,139,92
37,138,92
38,2,92
52,20,92
57,69,92
69,57,92
83,6,92
95,28,92
131,22,92
138,37,92
139,36,92
3,70,93
65,70,93
70,3,93
70,65,93
11,51,94
28,78,94
51,11,94
58,108,94
58,117,94
70,3,94
78,28,94
83,86,94
86,83,94
108,58,94
108,117,94
117,58,94
117,108,94
118,120,94
120,118,94
83,6,95
117,58,95
78,95,96
95,78,96
53,81,97
81,53,97
81,89,97
89,81,97
152,66,97
14,60,98
22,151,98
25,74,98
60,14,98
70,65,98
74,25,98
11,72,99
72,11,99
98,103,99
103,98,99
114,133,99
128,129,99
129,128,99
133,114,99
2,93,100
10,120,100
19,43,100
43,19,100
53,72,100
72,53,100
83,86,100
93,2,100
120,10,100
