1,158,1
5,208,1
7,52,1
13,234,1
19,203,1
21,46,1
26,32,1
31,127,1
32,26,1
33,162,1
36,185,1
46,21,1
51,58,1
52,7,1
58,51,1
74,112,1
74,129,1
89,255,1
95,104,1
99,200,1
103,203,1
104,95,1
111,166,1
112,74,1
118,192,1
127,31,1
128,188,1
129,74,1
131,209,1
132,164,1
132,245,1
133,248,1
134,276,1
135,260,1
137,272,1
144,159,1
148,282,1
158,1,1
159,144,1
160,199,1
162,33,1
164,132,1
164,245,1
165,263,1
166,111,1
182,195,1
185,36,1
188,128,1
192,118,1
195,182,1
199,160,1
200,99,1
203,19,1
203,103,1
208,5,1
209,131,1
210,239,1
234,13,1
239,210,1
245,132,1
245,164,1
248,133,1
248,258,1
255,89,1
258,248,1
259,265,1
260,135,1
263,165,1
265,259,1
272,137,1
276,134,1
282,148,1
6,33,2
16,217,2
21,183,2
25,162,2
33,6,2
41,250,2
53,264,2
74,112,2
99,134,2
134,99,2
134,276,2
136,282,2
147,193,2
150,250,2
162,25,2
183,21,2
193,147,2
193,243,2
207,264,2
217,16,2
238,269,2
243,193,2
248,133,2
250,41,2
250,150,2
264,53,2
264,207,2
269,238,2
282,136,2
1,41,3
1,150,3
1,250,3
25,33,3
25,162,3
33,25,3
33,162,3
41,1,3
41,250,3
51,62,3
56,98,3
62,51,3
67,76,3
69,113,3
71,107,3
74,129,3
76,67,3
92,97,3
93,94,3
94,93,3
97,92,3
98,56,3
99,200,3
107,71,3
110,279,3
111,263,3
113,69,3
130,141,3
141,130,3
145,274,3
150,1,3
150,250,3
161,179,3
162,33,3
179,161,3
184,281,3
203,240,3
205,206,3
206,205,3
207,257,3
207,264,3
240,203,3
250,1,3
250,41,3
250,150,3
257,207,3
263,111,3
263,165,3
274,145,3
279,110,3
281,184,3
1,150,4
21,46,4
25,71,4
25,162,4
27,220,4
32,198,4
39,277,4
42,233,4
43,91,4
51,58,4
63,97,4
65,202,4
71,25,4
71,107,4
71,162,4
84,214,4
91,43,4
97,63,4
142,197,4
146,226,4
147,243,4
150,1,4
162,25,4
162,71,4
186,273,4
197,142,4
198,32,4
202,65,4
214,84,4
220,27,4
226,146,4
233,42,4
243,147,4
243,193,4
250,41,4
263,111,4
263,165,4
273,186,4
277,39,4
1,41,5
1,150,5
25,33,5
25,71,5
29,118,5
33,25,5
33,71,5
33,162,5
35,229,5
40,81,5
41,1,5
41,150,5
49,120,5
51,62,5
71,25,5
71,33,5
81,40,5
82,202,5
86,173,5
111,165,5
118,29,5
120,49,5
144,216,5
145,237,5
150,41,5
162,33,5
165,111,5
165,263,5
173,86,5
188,253,5
189,280,5
194,270,5
200,276,5
202,82,5
216,144,5
229,35,5
237,145,5
253,188,5
270,194,5
276,200,5
280,189,5
1,41,6
1,250,6
6,162,6
23,141,6
25,33,6
31,170,6
33,25,6
41,1,6
41,250,6
58,62,6
62,58,6
83,138,6
100,151,6
106,215,6
122,281,6
123,210,6
130,219,6
138,83,6
141,23,6
145,274,6
151,100,6
162,6,6
170,31,6
188,190,6
190,188,6
203,103,6
210,123,6
215,106,6
219,130,6
248,258,6
250,1,6
250,41,6
281,122,6
1,150,7
13,73,7
32,26,7
36,118,7
58,155,7
62,51,7
65,82,7
65,202,7
71,107,7
73,13,7
80,196,7
82,65,7
82,202,7
88,126,7
118,36,7
126,88,7
150,1,7
155,58,7
196,80,7
202,65,7
202,82,7
203,240,7
1,41,8
3,12,8
6,107,8
6,162,8
10,122,8
12,3,8
13,250,8
31,61,8
33,113,8
41,1,8
41,250,8
60,222,8
61,31,8
62,136,8
65,213,8
71,162,8
74,112,8
82,213,8
100,157,8
107,6,8
107,162,8
113,33,8
113,69,8
120,268,8
122,10,8
136,62,8
139,243,8
151,256,8
157,100,8
162,71,8
162,107,8
180,238,8
206,209,8
209,206,8
213,65,8
213,82,8
222,60,8
238,180,8
243,139,8
250,13,8
250,41,8
256,151,8
268,120,8
1,94,9
1,150,9
2,37,9
21,236,9
23,219,9
25,71,9
32,198,9
33,71,9
37,2,9
39,48,9
40,176,9
48,39,9
71,25,9
71,33,9
94,1,9
94,150,9
105,228,9
120,49,9
121,149,9
134,264,9
136,282,9
139,211,9
139,243,9
149,121,9
150,94,9
152,204,9
162,6,9
171,272,9
176,40,9
177,268,9
188,253,9
202,227,9
204,152,9
211,139,9
211,243,9
219,23,9
227,202,9
228,105,9
236,21,9
237,274,9
243,211,9
248,133,9
264,134,9
268,177,9
272,171,9
274,237,9
1,94,10
1,226,10
23,130,10
23,219,10
33,69,10
33,71,10
33,113,10
65,82,10
65,213,10
66,242,10
68,135,10
69,33,10
71,25,10
71,33,10
81,186,10
82,65,10
82,213,10
94,1,10
94,150,10
108,172,10
113,33,10
130,23,10
135,68,10
139,211,10
172,108,10
186,81,10
211,139,10
211,243,10
213,65,10
213,82,10
226,1,10
242,66,10
274,145,10
1,94,11
12,267,11
13,41,11
21,183,11
21,236,11
25,113,11
34,119,11
39,277,11
41,13,11
65,82,11
65,213,11
82,65,11
94,1,11
94,150,11
94,226,11
113,25,11
119,34,11
121,140,11
136,62,11
138,213,11
140,121,11
150,226,11
183,236,11
211,139,11
211,243,11
213,65,11
213,138,11
226,94,11
226,150,11
227,265,11
236,183,11
265,227,11
267,12,11
6,107,12
6,162,12
13,73,12
18,147,12
21,183,12
23,130,12
23,219,12
25,33,12
25,113,12
33,25,12
48,277,12
65,82,12
69,113,12
83,213,12
88,232,12
94,150,12
107,6,12
107,162,12
113,69,12
116,169,12
120,268,12
121,149,12
134,257,12
147,18,12
150,94,12
151,270,12
162,107,12
169,116,12
183,21,12
185,241,12
202,265,12
213,83,12
213,138,12
218,248,12
232,88,12
237,263,12
241,185,12
248,218,12
257,134,12
263,237,12
265,202,12
265,227,12
268,120,12
270,151,12
277,48,12
6,107,13
13,226,13
19,135,13
23,130,13
24,70,13
25,33,13
40,137,13
41,73,13
41,226,13
51,136,13
63,92,13
70,24,13
71,113,13
73,41,13
76,175,13
79,100,13
92,63,13
94,1,13
100,79,13
107,6,13
113,71,13
135,19,13
136,51,13
137,40,13
159,207,13
161,217,13
175,76,13
207,159,13
213,83,13
213,138,13
217,161,13
225,264,13
226,13,13
226,41,13
264,225,13
265,202,13
1,150,14
3,267,14
15,178,14
23,219,14
43,251,14
51,58,14
58,51,14
61,261,14
66,112,14
67,175,14
68,260,14
76,67,14
76,175,14
94,150,14
109,253,14
112,66,14
123,254,14
131,206,14
134,264,14
150,1,14
150,94,14
175,67,14
175,76,14
178,15,14
206,131,14
211,139,14
213,83,14
226,13,14
248,133,14
251,43,14
253,109,14
254,123,14
260,68,14
261,61,14
264,134,14
267,3,14
267,12,14
1,146,15
1,150,15
24,114,15
37,224,15
66,242,15
71,107,15
78,124,15
84,160,15
107,71,15
112,242,15
114,24,15
118,185,15
124,78,15
127,261,15
133,218,15
133,248,15
134,273,15
146,1,15
146,150,15
150,1,15
150,146,15
160,84,15
175,67,15
175,76,15
185,118,15
218,133,15
218,248,15
224,37,15
242,112,15
248,218,15
261,127,15
264,273,15
267,3,15
273,134,15
273,264,15
1,94,16
1,146,16
1,150,16
6,162,16
20,87,16
46,199,16
59,178,16
61,31,16
61,261,16
66,112,16
85,238,16
87,20,16
93,203,16
94,1,16
94,150,16
112,66,16
123,210,16
123,229,16
133,218,16
134,264,16
146,1,16
146,150,16
150,1,16
150,94,16
150,146,16
162,6,16
174,259,16
178,59,16
199,46,16
203,93,16
218,133,16
218,248,16
226,41,16
229,123,16
238,85,16
245,132,16
252,258,16
258,252,16
259,174,16
261,61,16
264,134,16
1,146,17
6,107,17
10,281,17
11,56,17
21,236,17
31,127,17
41,150,17
53,147,17
56,11,17
64,138,17
73,94,17
94,73,17
100,151,17
107,6,17
111,263,17
123,210,17
126,195,17
127,31,17
133,248,17
134,176,17
138,64,17
146,1,17
147,53,17
147,257,17
150,41,17
151,100,17
158,192,17
176,134,17
192,158,17
195,126,17
218,133,17
236,21,17
248,133,17
257,147,17
263,111,17
263,237,17
281,10,17
282,148,17
1,103,18
3,12,18
12,3,18
16,283,18
18,53,18
21,183,18
21,236,18
41,94,18
41,150,18
41,250,18
51,136,18
53,18,18
58,155,18
64,252,18
81,264,18
90,277,18
94,41,18
94,250,18
103,1,18
107,162,18
115,217,18
149,214,18
161,179,18
162,107,18
185,241,18
214,149,18
217,115,18
250,94,18
252,64,18
263,111,18
264,81,18
277,90,18
283,16,18
1,150,19
8,62,19
17,208,19
36,243,19
41,94,19
53,257,19
62,8,19
74,129,19
94,41,19
94,226,19
111,237,19
127,261,19
141,235,19
150,1,19
208,17,19
218,248,19
225,273,19
226,94,19
235,141,19
237,111,19
243,36,19
248,218,19
257,53,19
261,127,19
268,177,19
273,225,19
15,59,20
18,257,20
41,250,20
45,170,20
59,15,20
65,227,20
92,107,20
103,146,20
103,150,20
107,92,20
117,178,20
127,31,20
146,103,20
150,103,20
151,270,20
170,45,20
178,117,20
227,65,20
244,259,20
250,41,20
257,18,20
259,244,20
268,269,20
269,268,20
1,226,21
2,15,21
2,59,21
13,158,21
13,192,21
15,2,21
22,80,21
59,2,21
62,282,21
64,138,21
66,74,21
69,71,21
71,69,21
74,66,21
74,129,21
80,22,21
99,271,21
103,146,21
103,150,21
118,241,21
131,148,21
143,220,21
146,150,21
146,198,21
148,131,21
148,282,21
150,146,21
150,198,21
158,13,21
185,118,21
185,241,21
192,13,21
198,146,21
198,150,21
210,229,21
220,143,21
226,1,21
229,210,21
241,118,21
241,185,21
246,256,21
256,246,21
271,99,21
282,62,21
282,148,21
2,15,22
4,70,22
13,158,22
15,59,22
35,239,22
59,15,22
63,107,22
66,129,22
70,4,22
73,250,22
74,66,22
79,256,22
81,225,22
81,264,22
107,63,22
107,92,22
118,185,22
123,229,22
129,66,22
131,282,22
146,150,22
150,146,22
167,181,22
181,167,22
185,118,22
189,213,22
195,182,22
210,123,22
210,229,22
213,189,22
221,272,22
225,81,22
225,273,22
229,123,22
229,210,22
239,35,22
250,73,22
256,79,22
272,221,22
282,62,22
282,131,22
16,117,23
30,277,23
45,70,23
45,170,23
46,160,23
53,193,23
62,131,23
62,282,23
63,92,23
69,113,23
70,45,23
70,170,23
80,235,23
83,189,23
92,63,23
94,146,23
94,150,23
102,238,23
112,212,23
112,242,23
113,69,23
117,16,23
123,210,23
130,219,23
131,62,23
131,282,23
134,225,23
138,265,23
146,94,23
146,150,23
147,159,23
150,94,23
150,146,23
157,163,23
159,147,23
159,207,23
160,46,23
163,157,23
170,70,23
185,241,23
189,83,23
189,213,23
192,234,23
193,53,23
210,123,23
210,229,23
212,112,23
219,130,23
225,134,23
234,192,23
235,80,23
238,102,23
265,138,23
277,30,23
282,62,23
282,131,23
1,94,24
1,150,24
25,271,24
62,131,24
66,212,24
69,71,24
69,113,24
72,177,24
94,1,24
112,129,24
112,212,24
112,242,24
129,112,24
131,62,24
131,282,24
147,207,24
150,1,24
159,147,24
159,207,24
177,72,24
177,268,24
183,236,24
192,226,24
207,147,24
207,159,24
210,123,24
212,66,24
212,112,24
225,273,24
226,192,24
230,272,24
235,141,24
236,183,24
268,177,24
268,269,24
271,25,24
272,230,24
1,94,25
1,150,25
2,59,25
5,281,25
24,167,25
59,2,25
59,15,25
62,282,25
69,71,25
69,113,25
70,4,25
72,268,25
83,213,25
94,192,25
109,190,25
117,283,25
131,62,25
131,282,25
147,159,25
159,147,25
166,263,25
167,24,25
177,72,25
177,268,25
190,109,25
192,94,25
192,234,25
213,83,25
263,166,25
268,72,25
268,177,25
269,278,25
273,276,25
276,273,25
278,269,25
281,5,25
282,62,25
282,131,25
283,117,25
1,198,26
6,162,26
18,53,26
19,248,26
33,69,26
43,91,26
53,18,26
57,149,26
59,2,26
59,124,26
62,131,26
69,33,26
69,71,26
71,113,26
81,134,26
81,176,26
83,189,26
84,214,26
93,240,26
113,71,26
124,59,26
131,62,26
131,282,26
134,81,26
134,176,26
149,57,26
155,233,26
159,207,26
162,6,26
175,255,26
176,81,26
176,134,26
189,83,26
198,1,26
198,226,26
212,66,26
214,84,26
226,198,26
233,155,26
238,85,26
240,93,26
248,19,26
255,175,26
268,72,26
4,170,27
15,124,27
34,106,27
41,146,27
44,223,27
59,15,27
69,33,27
73,150,27
83,161,27
106,34,27
124,15,27
146,41,27
148,209,27
150,73,27
161,83,27
170,4,27
176,225,27
192,94,27
192,234,27
209,148,27
223,44,27
225,176,27
225,273,27
273,225,27
1,226,28
2,37,28
13,139,28
35,229,28
37,2,28
62,282,28
70,170,28
121,214,28
122,281,28
139,13,28
144,148,28
148,144,28
151,194,28
161,217,28
164,247,28
170,70,28
194,151,28
198,1,28
198,226,28
214,121,28
217,161,28
226,1,28
226,198,28
229,35,28
247,164,28
281,122,28
282,62,28
1,198,29
1,226,29
2,162,29
9,106,29
25,272,29
29,234,29
30,90,29
82,265,29
83,217,29
90,30,29
98,182,29
98,195,29
100,256,29
106,9,29
143,164,29
143,247,29
162,2,29
164,143,29
164,247,29
170,4,29
170,70,29
176,81,29
182,98,29
182,195,29
195,98,29
195,182,29
198,1,29
217,83,29
217,161,29
226,1,29
234,29,29
247,143,29
247,164,29
250,266,29
252,258,29
256,100,29
265,82,29
266,250,29
272,25,29
1,192,30
1,226,30
1,234,30
2,6,30
2,162,30
4,70,30
6,2,30
6,162,30
16,283,30
29,94,30
31,61,30
33,71,30
61,31,30
62,8,30
70,4,30
71,33,30
79,246,30
80,22,30
94,29,30
99,221,30
99,271,30
106,34,30
123,254,30
126,232,30
143,220,30
143,247,30
148,216,30
162,6,30
192,1,30
192,226,30
192,234,30
216,148,30
217,83,30
217,161,30
220,247,30
221,99,30
226,192,30
226,234,30
232,126,30
234,1,30
234,192,30
234,226,30
246,79,30
247,143,30
247,164,30
247,220,30
271,99,30
283,16,30
37,59,31
59,37,31
61,127,31
63,113,31
65,259,31
70,170,31
85,180,31
99,221,31
113,63,31
127,61,31
161,189,31
161,213,31
162,2,31
162,6,31
180,85,31
185,118,31
189,161,31
198,32,31
213,161,31
234,1,31
247,143,31
247,164,31
259,65,31
2,6,32
2,162,32
5,10,32
5,281,32
6,2,32
6,162,32
9,34,32
10,5,32
34,9,32
36,241,32
65,238,32
65,259,32
72,177,32
94,226,32
98,191,32
100,246,32
150,192,32
162,2,32
162,6,32
164,220,32
177,72,32
191,98,32
192,150,32
194,270,32
210,239,32
220,164,32
220,247,32
226,94,32
238,65,32
238,259,32
239,210,32
241,36,32
246,100,32
247,220,32
259,238,32
270,194,32
276,200,32
281,5,32
18,147,33
21,199,33
23,130,33
30,48,33
48,30,33
73,250,33
86,115,33
94,29,33
94,226,33
115,86,33
121,236,33
130,23,33
147,18,33
162,2,33
162,6,33
164,247,33
185,280,33
199,21,33
200,273,33
220,164,33
220,247,33
225,257,33
236,121,33
246,79,33
247,164,33
247,220,33
248,133,33
250,73,33
250,266,33
257,225,33
259,65,33
259,238,33
273,200,33
280,185,33
283,117,33
1,29,34
1,234,34
29,1,34
30,277,34
38,135,34
90,109,34
109,90,34
134,137,34
135,38,34
137,134,34
144,209,34
209,144,34
209,216,34
216,209,34
231,242,34
242,231,34
246,100,34
250,73,34
259,65,34
2,113,35
33,271,35
63,69,35
69,63,35
81,134,35
111,165,35
113,2,35
115,178,35
134,81,35
145,237,35
165,111,35
178,115,35
192,234,35
200,276,35
209,144,35
214,236,35
232,88,35
234,192,35
236,214,35
237,145,35
271,33,35
1,226,36
1,234,36
10,75,36
23,219,36
28,147,36
35,239,36
41,250,36
75,10,36
86,178,36
94,139,36
98,195,36
105,274,36
108,128,36
115,86,36
115,178,36
121,214,36
123,155,36
128,108,36
134,137,36
139,94,36
147,28,36
155,123,36
178,86,36
178,115,36
192,226,36
195,98,36
203,218,36
209,216,36
214,121,36
214,236,36
218,203,36
219,23,36
226,1,36
226,192,36
226,234,36
234,1,36
234,226,36
239,35,36
250,41,36
274,105,36
14,278,37
36,118,37
49,95,37
49,268,37
69,92,37
79,100,37
86,115,37
92,69,37
93,266,37
95,49,37
100,79,37
115,86,37
115,178,37
118,36,37
124,78,37
133,168,37
150,226,37
150,234,37
155,233,37
168,133,37
211,257,37
225,264,37
226,150,37
226,234,37
234,150,37
234,226,37
234,250,37
250,234,37
257,211,37
264,225,37
266,93,37
268,49,37
272,230,37
278,14,37
1,13,38
1,29,38
4,170,38
8,58,38
13,1,38
13,29,38
14,180,38
29,13,38
58,8,38
86,178,38
103,240,38
109,190,38
150,226,38
150,234,38
150,250,38
155,123,38
155,233,38
170,4,38
170,70,38
178,86,38
178,115,38
180,14,38
226,150,38
226,234,38
234,150,38
234,226,38
240,103,38
246,256,38
250,150,38
256,246,38
1,13,39
1,192,39
1,234,39
13,1,39
13,29,39
13,234,39
25,230,39
65,227,39
68,135,39
84,121,39
121,84,39
121,214,39
129,242,39
135,68,39
150,234,39
155,123,39
170,4,39
170,70,39
192,1,39
192,234,39
214,121,39
230,25,39
230,272,39
234,1,39
234,13,39
234,150,39
234,192,39
242,129,39
1,13,40
1,234,40
4,70,40
4,170,40
9,186,40
13,1,40
13,192,40
13,234,40
36,241,40
49,95,40
49,268,40
58,62,40
60,110,40
60,279,40
62,58,40
70,4,40
70,170,40
84,214,40
94,250,40
95,268,40
110,60,40
115,201,40
121,84,40
121,214,40
124,15,40
148,193,40
170,4,40
170,70,40
186,9,40
192,13,40
192,234,40
193,148,40
201,115,40
214,84,40
214,121,40
225,273,40
234,1,40
234,13,40
234,150,40
234,192,40
250,94,40
268,95,40
273,225,40
279,60,40
1,13,41
1,192,41
1,234,41
13,1,41
13,29,41
13,192,41
13,234,41
14,278,41
21,160,41
29,139,41
29,192,41
84,121,41
86,115,41
109,277,41
115,86,41
121,84,41
139,29,41
155,233,41
160,21,41
192,1,41
192,13,41
192,29,41
234,1,41
234,13,41
247,164,41
277,109,41
1,13,42
1,150,42
8,62,42
13,1,42
13,150,42
18,211,42
31,48,42
48,31,42
49,95,42
62,8,42
62,58,42
73,146,42
74,212,42
86,178,42
95,49,42
115,201,42
123,254,42
134,81,42
146,73,42
148,206,42
150,1,42
150,13,42
150,192,42
178,86,42
192,150,42
206,148,42
209,144,42
211,18,42
211,257,42
212,74,42
218,248,42
248,218,42
1,13,43
4,45,43
6,59,43
13,1,43
25,71,43
29,139,43
29,192,43
33,272,43
40,81,43
40,134,43
43,102,43
45,4,43
59,6,43
64,189,43
71,25,43
73,234,43
81,40,43
100,246,43
102,43,43
118,198,43
134,40,43
146,234,43
148,193,43
180,269,43
184,208,43
189,64,43
192,29,43
198,118,43
208,184,43
213,280,43
234,73,43
234,146,43
246,100,43
269,180,43
272,33,43
280,213,43
1,226,44
12,142,44
13,192,44
31,39,44
31,48,44
35,229,44
35,239,44
37,224,44
39,31,44
39,48,44
44,184,44
48,39,44
50,242,44
61,261,44
69,71,44
71,69,44
84,214,44
131,144,44
139,150,44
142,12,44
142,197,44
144,131,44
144,209,44
146,266,44
150,139,44
184,44,44
192,13,44
214,84,44
226,1,44
234,73,44
242,50,44
244,278,44
261,61,44
266,146,44
278,244,44
1,192,45
2,162,45
4,24,45
12,197,45
13,139,45
24,4,45
24,45,45
25,33,45
33,25,45
38,240,45
45,24,45
53,159,45
77,158,45
81,134,45
92,107,45
95,267,45
125,254,45
134,81,45
139,13,45
139,192,45
142,12,45
142,197,45
147,207,45
158,77,45
159,53,45
162,2,45
177,180,45
180,177,45
192,1,45
192,139,45
197,12,45
197,142,45
207,147,45
229,239,45
239,229,45
240,38,45
254,125,45
267,95,45
7,46,46
12,142,46
18,257,46
19,68,46
25,230,46
37,78,46
45,170,46
46,7,46
68,19,46
78,37,46
81,264,46
113,162,46
134,137,46
140,149,46
142,12,46
142,197,46
149,140,46
162,113,46
170,45,46
206,216,46
216,206,46
230,25,46
239,35,46
239,229,46
252,265,46
257,18,46
258,265,46
264,81,46
265,252,46
265,258,46
278,14,46
4,45,47
13,150,47
24,4,47
24,45,47
31,39,47
37,224,47
39,31,47
45,4,47
45,24,47
46,214,47
73,150,47
73,234,47
78,224,47
115,178,47
123,233,47
142,12,47
150,13,47
150,73,47
178,115,47
184,208,47
186,205,47
194,151,47
205,186,47
214,46,47
224,78,47
233,123,47
242,129,47
265,252,47
2,71,48
4,24,48
11,196,48
24,4,48
30,48,48
33,271,48
37,78,48
46,7,48
48,30,48
58,279,48
71,2,48
73,150,48
78,37,48
114,119,48
119,114,48
127,261,48
143,220,48
143,247,48
146,234,48
146,266,48
196,11,48
203,248,48
220,143,48
220,247,48
232,281,48
234,146,48
247,143,48
247,164,48
247,220,48
248,203,48
261,127,48
278,244,48
279,58,48
281,232,48
6,283,49
18,211,49
19,240,49
33,272,49
37,224,49
40,81,49
58,282,49
61,127,49
80,141,49
81,40,49
104,135,49
115,201,49
127,61,49
127,261,49
135,104,49
141,80,49
143,220,49
146,234,49
146,266,49
164,220,49
164,247,49
173,243,49
192,198,49
193,206,49
193,216,49
198,192,49
206,193,49
211,18,49
211,257,49
216,193,49
220,143,49
220,164,49
224,37,49
240,19,49
243,173,49
247,164,49
257,211,49
259,238,49
278,14,49
278,244,49
279,282,49
282,58,49
282,279,49
283,6,49
7,214,50
18,257,50
21,183,50
25,107,50
25,230,50
33,271,50
33,272,50
54,108,50
58,279,50
81,264,50
90,190,50
103,234,50
107,25,50
107,230,50
108,54,50
117,201,50
127,61,50
129,231,50
129,242,50
152,202,50
154,175,50
175,154,50
177,72,50
183,21,50
190,90,50
192,1,50
192,198,50
193,206,50
193,216,50
201,117,50
202,152,50
206,216,50
211,18,50
211,257,50
214,7,50
216,206,50
220,143,50
230,107,50
231,129,50
231,242,50
234,103,50
242,231,50
257,18,50
257,211,50
271,272,50
272,271,50
279,58,50
279,282,50
24,170,51
30,277,51
32,226,51
33,271,51
36,118,51
58,282,51
69,107,51
70,114,51
76,154,51
81,176,51
81,264,51
91,259,51
94,150,51
107,69,51
107,92,51
114,70,51
114,119,51
118,36,51
127,261,51
150,94,51
154,76,51
154,175,51
164,220,51
170,24,51
177,180,51
192,1,51
193,206,51
193,216,51
206,193,51
216,193,51
220,164,51
226,32,51
230,25,51
259,91,51
271,33,51
277,30,51
278,14,51
279,58,51
279,282,51
282,58,51
282,279,51
6,59,52
7,46,52
18,211,52
24,4,52
29,139,52
31,45,52
41,158,52
45,31,52
63,92,52
63,97,52
76,175,52
84,149,52
85,244,52
92,63,52
92,97,52
94,250,52
94,266,52
97,92,52
107,69,52
108,128,52
127,61,52
139,29,52
141,235,52
149,84,52
149,140,52
150,266,52
158,41,52
158,77,52
169,247,52
175,76,52
177,72,52
183,199,52
199,183,52
211,18,52
211,257,52
244,85,52
244,278,52
247,169,52
250,266,52
266,94,52
266,150,52
266,250,52
278,244,52
281,5,52
40,137,53
46,214,53
69,71,53
69,230,53
71,69,53
94,250,53
94,266,53
98,191,53
131,148,53
137,40,53
148,131,53
148,216,53
151,157,53
157,151,53
158,41,53
182,191,53
191,182,53
211,18,53
214,46,53
216,148,53
228,274,53
230,69,53
250,94,53
266,94,53
274,228,53
2,162,54
4,45,54
22,141,54
22,235,54
25,69,54
28,225,54
45,4,54
45,31,54
63,107,54
68,240,54
69,25,54
71,113,54
81,176,54
81,264,54
96,209,54
107,63,54
113,71,54
115,117,54
117,115,54
121,236,54
131,216,54
141,22,54
150,250,54
158,77,54
162,2,54
184,44,54
191,98,54
201,283,54
209,96,54
216,131,54
225,28,54
235,22,54
236,121,54
240,68,54
250,150,54
268,269,54
269,268,54
275,280,54
280,275,54
283,201,54
7,160,55
22,141,55
31,277,55
39,45,55
45,39,55
50,129,55
80,235,55
107,230,55
108,54,55
115,201,55
115,283,55
117,201,55
129,50,55
131,148,55
131,216,55
136,209,55
141,235,55
148,131,55
149,84,55
150,266,55
160,7,55
176,264,55
183,21,55
191,182,55
201,115,55
201,117,55
201,283,55
206,216,55
209,136,55
216,206,55
220,247,55
230,107,55
234,250,55
235,80,55
235,141,55
239,35,55
247,220,55
250,234,55
264,176,55
266,150,55
277,31,55
283,115,55
283,201,55
4,31,56
4,45,56
16,86,56
28,147,56
31,4,56
31,45,56
45,4,56
45,31,56
86,16,56
98,182,56
98,191,56
115,117,56
117,115,56
141,22,56
147,28,56
147,225,56
148,216,56
182,98,56
182,191,56
191,98,56
191,182,56
209,96,56
216,148,56
216,206,56
225,147,56
4,24,57
8,279,57
19,68,57
22,235,57
24,31,57
24,277,57
31,24,57
31,39,57
31,277,57
32,36,57
36,32,57
39,31,57
39,45,57
40,106,57
40,137,57
45,39,57
68,19,57
98,182,57
98,191,57
100,163,57
106,40,57
118,198,57
126,149,57
147,28,57
147,225,57
149,126,57
163,100,57
169,116,57
182,98,57
182,191,57
191,98,57
191,182,57
198,118,57
216,148,57
235,22,57
235,80,57
264,81,57
273,276,57
276,273,57
277,24,57
277,31,57
279,8,57
19,93,58
19,240,58
22,141,58
24,39,58
30,109,58
39,24,58
63,71,58
63,107,58
71,63,58
81,176,58
90,253,58
93,19,58
98,182,58
107,63,58
107,230,58
109,30,58
137,215,58
149,84,58
149,126,58
175,154,58
176,81,58
182,98,58
182,191,58
200,273,58
200,276,58
215,137,58
240,19,58
240,38,58
248,218,58
253,90,58
273,200,58
276,200,58
22,80,59
22,141,59
22,235,59
25,71,59
26,133,59
31,45,59
39,45,59
45,31,59
45,39,59
60,282,59
63,71,59
63,107,59
68,240,59
70,167,59
71,25,59
71,63,59
80,22,59
80,141,59
80,235,59
100,246,59
107,63,59
107,230,59
133,26,59
137,40,59
137,215,59
141,80,59
141,235,59
146,234,59
149,84,59
167,70,59
167,181,59
192,226,59
226,192,59
227,259,59
234,146,59
235,22,59
235,80,59
235,141,59
240,68,59
259,227,59
266,94,59
266,150,59
282,60,59
4,31,60
4,277,60
7,199,60
22,141,60
28,257,60
31,4,60
31,39,60
39,31,60
58,249,60
71,25,60
73,234,60
80,141,60
93,240,60
94,150,60
94,266,60
115,283,60
120,238,60
131,193,60
141,22,60
141,80,60
143,260,60
150,94,60
150,266,60
158,41,60
167,70,60
179,204,60
193,131,60
199,7,60
204,179,60
234,73,60
238,120,60
240,93,60
249,58,60
257,28,60
259,91,60
259,227,60
260,143,60
266,94,60
266,150,60
277,4,60
283,115,60
12,197,61
22,235,61
24,45,61
25,69,61
27,270,61
45,24,61
46,140,61
48,127,61
53,216,61
63,230,61
64,218,61
81,147,61
81,176,61
94,150,61
115,117,61
127,48,61
140,46,61
141,22,61
141,80,61
141,235,61
147,81,61
150,94,61
150,266,61
165,256,61
178,243,61
197,12,61
216,53,61
218,64,61
222,249,61
230,63,61
235,22,61
235,141,61
243,178,61
249,222,61
256,165,61
270,27,61
283,201,61
8,60,62
22,141,62
25,107,62
36,280,62
58,108,62
60,8,62
63,113,62
70,181,62
73,146,62
73,192,62
84,126,62
94,266,62
107,25,62
108,58,62
110,282,62
112,212,62
113,63,62
115,283,62
126,84,62
138,251,62
140,214,62
141,22,62
146,73,62
150,94,62
159,211,62
167,181,62
177,180,62
181,70,62
181,167,62
189,258,62
192,73,62
192,234,62
207,257,62
211,159,62
212,112,62
214,140,62
234,192,62
240,38,62
240,93,62
251,138,62
257,207,62
258,189,62
266,94,62
280,36,62
282,110,62
283,115,62
283,201,62
50,101,63
58,222,63
70,167,63
71,107,63
90,190,63
95,269,63
101,50,63
107,71,63
113,230,63
115,117,63
115,201,63
115,283,63
141,235,63
164,247,63
167,70,63
192,73,63
201,115,63
222,58,63
230,113,63
247,164,63
269,95,63
283,115,63
5,10,64
10,5,64
17,44,64
17,184,64
24,39,64
24,45,64
25,71,64
25,107,64
26,103,64
37,78,64
39,24,64
39,277,64
44,17,64
44,184,64
58,108,64
71,25,64
71,107,64
81,106,64
103,26,64
106,81,64
107,25,64
107,71,64
108,249,64
115,201,64
141,22,64
150,266,64
184,17,64
184,44,64
201,283,64
249,108,64
266,150,64
277,39,64
283,201,64
28,207,65
33,69,65
49,268,65
66,231,65
68,104,65
69,33,65
104,68,65
107,25,65
131,206,65
134,264,65
145,256,65
176,273,65
184,17,65
184,44,65
201,115,65
206,131,65
207,28,65
231,66,65
256,145,65
264,134,65
268,49,65
273,176,65
26,133,66
30,45,66
39,31,66
45,30,66
59,283,66
109,172,66
115,283,66
127,61,66
131,148,66
148,131,66
167,181,66
172,109,66
184,17,66
207,257,66
222,249,66
249,222,66
280,275,66
283,59,66
283,115,66
1,32,67
1,146,67
32,1,67
36,275,67
67,157,67
103,133,67
108,54,67
108,249,67
116,132,67
132,116,67
133,103,67
138,259,67
146,1,67
157,67,67
173,178,67
178,173,67
192,250,67
211,257,67
234,250,67
249,108,67
250,192,67
250,234,67
257,211,67
259,138,67
275,36,67
1,32,68
1,146,68
1,192,68
6,115,68
17,44,68
24,31,68
28,257,68
31,24,68
31,39,68
42,136,68
43,91,68
44,17,68
54,249,68
70,181,68
81,134,68
91,43,68
108,54,68
108,249,68
115,6,68
121,160,68
125,155,68
131,193,68
134,81,68
136,42,68
146,192,68
155,125,68
160,121,68
170,277,68
181,70,68
181,167,68
192,1,68
192,73,68
192,146,68
249,54,68
249,108,68
257,28,68
277,170,68
1,234,69
6,201,69
13,47,69
28,207,69
28,257,69
31,24,69
31,39,69
47,13,69
50,262,69
57,126,69
73,146,69
81,106,69
106,134,69
111,166,69
126,57,69
134,106,69
146,73,69
166,111,69
168,258,69
192,234,69
201,6,69
203,218,69
207,28,69
218,203,69
234,1,69
234,192,69
249,54,69
258,168,69
262,50,69
1,32,70
1,234,70
24,39,70
27,256,70
28,207,70
31,24,70
32,146,70
33,107,70
34,147,70
39,24,70
50,101,70
54,108,70
64,252,70
67,268,70
70,167,70
70,181,70
84,149,70
106,81,70
107,33,70
108,54,70
109,253,70
125,254,70
141,235,70
146,32,70
146,73,70
147,34,70
163,175,70
167,70,70
167,181,70
175,163,70
181,70,70
181,167,70
207,257,70
208,223,70
223,208,70
234,1,70
252,64,70
253,109,70
256,27,70
257,207,70
257,211,70
268,67,70
1,32,71
26,103,71
32,1,71
32,73,71
38,260,71
42,96,71
48,61,71
49,67,71
54,249,71
59,124,71
61,48,71
64,168,71
64,252,71
64,258,71
67,49,71
67,268,71
70,167,71
70,181,71
73,32,71
81,215,71
85,238,71
95,180,71
96,42,71
103,26,71
108,222,71
109,172,71
112,129,71
113,63,71
116,164,71
123,239,71
124,59,71
125,155,71
127,261,71
129,112,71
148,193,71
164,116,71
167,70,71
168,64,71
168,258,71
180,95,71
181,70,71
193,148,71
215,81,71
222,108,71
231,242,71
234,192,71
238,85,71
239,123,71
258,64,71
258,168,71
260,38,71
277,4,71
1,234,72
19,250,72
21,158,72
32,192,72
35,123,72
44,184,72
54,108,72
60,62,72
62,60,72
64,168,72
67,49,72
90,188,72
94,240,72
103,133,72
108,54,72
109,253,72
123,35,72
152,179,72
158,21,72
168,64,72
179,152,72
184,44,72
188,90,72
192,32,72
192,234,72
193,131,72
234,1,72
234,192,72
238,244,72
240,94,72
244,238,72
250,19,72
252,258,72
256,145,72
258,252,72
274,105,72
1,73,73
1,192,73
31,39,73
32,73,73
32,192,73
39,31,73
53,257,73
64,265,73
70,167,73
73,1,73
73,32,73
73,192,73
95,177,73
104,260,73
144,216,73
168,252,73
168,258,73
177,95,73
183,245,73
192,1,73
192,32,73
192,73,73
216,144,73
238,85,73
245,183,73
252,168,73
252,258,73
257,53,73
258,168,73
258,252,73
260,104,73
265,64,73
1,234,74
31,45,74
39,24,74
45,31,74
68,93,74
70,181,74
78,224,74
81,106,74
93,68,74
123,239,74
145,246,74
145,256,74
153,231,74
158,183,74
168,252,74
168,258,74
183,158,74
183,245,74
192,32,74
192,73,74
200,273,74
207,211,74
211,207,74
211,257,74
224,78,74
231,153,74
234,1,74
244,278,74
246,145,74
246,256,74
252,168,74
256,246,74
257,211,74
258,168,74
258,265,74
265,258,74
273,200,74
16,178,75
53,211,75
53,257,75
71,92,75
71,113,75
92,71,75
92,113,75
93,104,75
102,120,75
104,93,75
111,228,75
113,71,75
113,92,75
116,132,75
120,102,75
125,233,75
139,150,75
145,246,75
145,256,75
150,139,75
158,21,75
178,16,75
192,32,75
211,53,75
211,257,75
228,111,75
233,125,75
246,145,75
246,256,75
252,258,75
256,145,75
256,246,75
257,53,75
257,211,75
258,168,75
258,252,75
258,265,75
31,39,76
39,31,76
43,227,76
53,211,76
53,257,76
65,259,76
67,157,76
71,92,76
71,113,76
92,71,76
92,113,76
100,79,76
109,172,76
113,71,76
113,92,76
125,155,76
145,246,76
146,226,76
211,53,76
211,257,76
226,146,76
227,43,76
246,145,76
257,53,76
257,211,76
258,168,76
259,65,76
1,73,77
14,269,77
17,184,77
39,127,77
49,268,77
53,211,77
53,216,77
62,136,77
67,151,77
71,92,77
73,1,77
92,71,77
109,253,77
117,283,77
127,39,77
132,169,77
136,62,77
151,67,77
168,265,77
169,132,77
184,17,77
185,243,77
189,252,77
211,53,77
211,216,77
215,225,77
216,53,77
216,211,77
225,215,77
243,185,77
252,189,77
258,265,77
265,168,77
265,258,77
268,49,77
269,14,77
283,117,77
10,281,78
22,219,78
31,127,78
60,136,78
62,60,78
68,104,78
104,68,78
106,176,78
109,172,78
127,31,78
127,39,78
136,60,78
161,173,78
168,258,78
173,161,78
176,106,78
192,266,78
216,53,78
219,22,78
258,168,78
266,192,78
281,10,78
6,115,79
24,31,79
31,24,79
32,266,79
52,216,79
60,62,79
60,136,79
62,136,79
67,267,79
105,228,79
108,249,79
123,35,79
126,149,79
132,116,79
136,62,79
149,126,79
192,32,79
192,226,79
192,266,79
216,52,79
226,192,79
226,266,79
228,105,79
249,108,79
266,32,79
266,192,79
266,226,79
267,67,79
42,60,80
60,42,80
60,136,80
71,97,80
97,71,80
100,263,80
131,148,80
132,169,80
136,60,80
144,148,80
148,131,80
148,144,80
192,226,80
216,53,80
221,273,80
226,192,80
236,245,80
239,254,80
245,236,80
254,239,80
263,100,80
273,221,80
6,283,81
7,46,81
14,177,81
42,62,81
46,7,81
60,42,81
60,62,81
62,42,81
62,60,81
62,96,81
92,113,81
96,62,81
100,79,81
138,251,81
140,160,81
148,131,81
160,140,81
177,14,81
178,243,81
241,243,81
243,178,81
243,241,81
283,6,81
19,94,82
42,60,82
53,159,82
56,98,82
60,42,82
75,245,82
81,176,82
94,19,82
98,56,82
115,283,82
148,144,82
157,267,82
159,53,82
162,264,82
176,81,82
178,241,82
211,257,82
228,111,82
241,178,82
245,75,82
264,162,82
267,157,82
273,200,82
283,115,82
19,135,83
43,91,83
71,92,83
92,71,83
106,134,83
123,233,83
135,19,83
160,214,83
178,243,83
180,269,83
214,160,83
233,123,83
243,178,83
267,67,83
269,180,83
2,107,84
6,117,84
15,59,84
19,94,84
19,135,84
59,15,84
79,263,84
91,227,84
94,250,84
98,235,84
107,2,84
111,166,84
117,6,84
138,174,84
140,214,84
174,138,84
214,140,84
227,91,84
235,98,84
250,94,84
263,79,84
12,3,85
19,94,85
19,135,85
25,63,85
35,233,85
45,190,85
63,25,85
73,234,85
79,100,85
79,263,85
94,19,85
98,56,85
108,54,85
130,219,85
144,257,85
165,237,85
190,45,85
202,204,85
204,202,85
217,275,85
219,130,85
233,35,85
234,73,85
237,165,85
257,144,85
266,32,85
275,217,85
279,282,85
282,279,85
19,94,86
19,135,86
34,206,86
35,239,86
36,118,86
54,90,86
54,108,86
73,1,86
90,54,86
90,108,86
98,235,86
108,90,86
118,36,86
144,148,86
144,257,86
148,257,86
152,202,86
152,204,86
202,152,86
204,152,86
206,34,86
233,123,86
239,35,86
257,148,86
4,127,87
19,94,87
19,250,87
21,41,87
32,192,87
32,266,87
33,63,87
41,21,87
43,251,87
54,90,87
58,90,87
58,108,87
63,33,87
68,93,87
73,234,87
76,154,87
77,240,87
90,54,87
90,58,87
90,108,87
93,68,87
94,250,87
98,56,87
100,263,87
108,58,87
108,90,87
119,277,87
127,4,87
132,116,87
144,148,87
146,192,87
148,144,87
151,267,87
154,76,87
192,32,87
192,146,87
192,226,87
202,204,87
204,202,87
221,264,87
226,266,87
240,77,87
250,19,87
250,94,87
251,43,87
263,100,87
264,221,87
265,280,87
266,226,87
267,151,87
277,119,87
280,265,87
2,272,88
19,94,88
19,250,88
28,29,88
29,28,88
43,91,88
43,227,88
58,90,88
58,108,88
72,95,88
85,244,88
90,58,88
91,43,88
93,260,88
94,19,88
94,250,88
95,72,88
102,251,88
108,58,88
115,117,88
117,115,88
121,236,88
134,200,88
173,213,88
192,146,88
200,134,88
213,173,88
227,43,88
236,121,88
244,85,88
250,19,88
250,94,88
251,102,88
260,93,88
263,79,88
272,2,88
19,94,89
24,30,89
30,24,89
31,39,89
32,192,89
39,31,89
43,91,89
43,227,89
68,135,89
91,227,89
94,19,89
123,229,89
123,233,89
134,106,89
135,68,89
138,259,89
192,32,89
207,276,89
227,91,89
229,123,89
241,243,89
243,241,89
259,138,89
276,207,89
1,226,90
24,31,90
24,39,90
24,61,90
27,164,90
29,207,90
31,24,90
31,39,90
39,24,90
39,31,90
43,251,90
45,109,90
49,151,90
61,24,90
75,160,90
90,108,90
91,251,90
106,200,90
108,90,90
109,45,90
121,183,90
121,236,90
151,49,90
160,75,90
164,27,90
183,121,90
183,236,90
200,106,90
207,29,90
226,1,90
227,251,90
236,183,90
251,43,90
251,91,90
251,227,90
8,136,91
18,150,91
25,33,91
29,28,91
32,226,91
33,25,91
33,63,91
36,275,91
39,61,91
41,199,91
45,190,91
61,39,91
91,227,91
92,97,91
95,244,91
97,92,91
106,221,91
107,272,91
115,283,91
121,183,91
123,229,91
131,144,91
136,8,91
144,131,91
145,163,91
150,18,91
162,221,91
163,145,91
164,165,91
165,164,91
175,263,91
183,121,91
183,236,91
199,41,91
221,106,91
221,162,91
226,32,91
227,91,91
244,95,91
251,43,91
263,175,91
267,67,91
272,107,91
275,36,91
1,32,92
29,207,92
32,1,92
41,21,92
45,109,92
45,190,92
94,240,92
102,120,92
106,200,92
109,190,92
110,249,92
163,246,92
164,237,92
178,273,92
183,121,92
190,109,92
192,266,92
237,164,92
240,94,92
246,163,92
249,110,92
266,192,92
273,178,92
1,192,93
1,266,93
19,77,93
19,94,93
21,199,93
34,148,93
36,118,93
37,224,93
41,199,93
43,91,93
43,251,93
56,235,93
59,156,93
66,74,93
74,66,93
77,19,93
81,147,93
91,43,93
94,19,93
100,175,93
147,81,93
148,34,93
148,206,93
156,59,93
162,200,93
162,221,93
175,100,93
190,45,93
190,109,93
192,1,93
192,266,93
199,21,93
199,41,93
200,162,93
206,148,93
224,37,93
235,56,93
266,1,93
266,192,93
1,32,94
1,226,94
19,77,94
21,41,94
21,199,94
24,39,94
27,247,94
39,24,94
41,21,94
41,121,94
43,91,94
43,227,94
43,251,94
81,176,94
91,227,94
91,251,94
98,235,94
115,117,94
121,41,94
123,233,94
145,194,94
192,146,94
192,226,94
194,145,94
199,21,94
200,106,94
200,221,94
207,276,94
221,200,94
226,1,94
226,192,94
227,43,94
227,91,94
235,98,94
247,27,94
251,91,94
21,41,95
21,199,95
31,61,95
41,21,95
41,199,95
56,98,95
61,31,95
72,85,95
81,147,95
81,176,95
85,72,95
98,56,95
98,235,95
113,201,95
125,229,95
144,257,95
147,176,95
151,267,95
155,229,95
155,233,95
176,147,95
199,41,95
201,113,95
221,162,95
221,200,95
229,125,95
229,155,95
233,155,95
257,144,95
267,151,95
281,122,95
1,32,96
71,97,96
77,94,96
91,227,96
94,77,96
97,71,96
102,251,96
120,251,96
121,199,96
123,155,96
123,233,96
127,167,96
155,123,96
155,233,96
167,127,96
199,121,96
207,29,96
211,276,96
221,162,96
229,125,96
233,123,96
233,155,96
251,102,96
251,120,96
276,211,96
10,5,97
34,215,97
41,236,97
68,250,97
77,19,97
91,120,97
102,120,97
102,251,97
107,264,97
120,91,97
120,102,97
120,227,97
127,4,97
131,193,97
134,200,97
135,250,97
148,34,97
200,134,97
215,34,97
226,266,97
227,120,97
236,41,97
250,68,97
250,135,97
251,102,97
264,107,97
266,226,97
25,63,98
41,183,98
63,25,98
68,135,98
68,250,98
79,100,98
90,188,98
91,227,98
98,56,98
100,79,98
105,232,98
106,134,98
118,198,98
120,91,98
120,227,98
121,183,98
121,199,98
134,106,98
134,200,98
135,68,98
135,250,98
164,165,98
183,41,98
183,121,98
183,199,98
199,183,98
227,91,98
227,120,98
232,105,98
250,68,98
250,135,98
267,157,98
2,33,99
32,266,99
33,2,99
35,229,99
41,236,99
45,109,99
49,267,99
61,261,99
77,240,99
81,147,99
109,45,99
121,183,99
121,199,99
123,155,99
147,81,99
155,123,99
174,259,99
183,121,99
186,206,99
199,121,99
206,186,99
229,35,99
240,77,99
250,68,99
250,135,99
259,174,99
261,61,99
266,32,99
267,49,99
267,157,99
19,220,100
35,233,100
60,136,100
71,113,100
79,163,100
88,208,100
108,58,100
113,71,100
118,265,100
121,183,100
121,199,100
133,280,100
136,60,100
138,174,100
163,79,100
174,138,100
174,259,100
192,146,100
207,276,100
208,88,100
215,276,100
220,19,100
229,239,100
233,35,100
239,229,100
265,118,100
276,207,100
276,215,100
280,133,100
