2,90,1
17,106,1
21,62,1
30,45,1
45,30,1
46,110,1
59,144,1
62,21,1
63,81,1
68,138,1
73,82,1
79,89,1
81,63,1
81,111,1
82,73,1
89,79,1
90,2,1
106,17,1
110,46,1
111,81,1
138,68,1
144,59,1
11,66,2
46,120,2
66,11,2
78,145,2
81,63,2
85,96,2
96,85,2
120,46,2
145,78,2
15,137,3
29,69,3
59,64,3
64,59,3
69,29,3
87,128,3
89,113,3
112,118,3
113,89,3
118,112,3
128,87,3
137,15,3
59,144,4
63,111,4
111,63,4
7,36,5
36,7,5
47,134,5
52,125,5
62,116,5
68,77,5
77,68,5
77,138,5
108,117,5
116,62,5
117,108,5
125,52,5
134,47,5
138,77,5
139,147,5
147,139,5
68,138,6
89,79,6
132,149,6
138,68,6
149,132,6
35,143,7
143,35,7
10,148,8
24,146,8
46,110,8
100,135,8
135,100,8
146,24,8
148,10,8
36,145,9
54,141,9
58,89,9
86,124,9
89,58,9
124,86,9
141,54,9
145,36,9
64,144,10
89,79,10
96,108,10
96,117,10
108,96,10
108,117,10
117,96,10
117,108,10
144,64,10
22,36,11
36,22,11
96,108,11
108,96,11
10,24,12
24,10,12
98,105,12
105,98,12
108,117,12
7,22,13
7,36,13
10,148,13
22,7,13
22,36,13
24,148,13
36,7,13
36,22,13
52,86,13
86,52,13
89,58,13
110,120,13
120,110,13
148,24,13
7,22,14
10,24,14
10,148,14
22,7,14
24,10,14
46,120,14
79,92,14
92,79,14
110,46,14
110,120,14
118,126,14
120,46,14
120,110,14
126,118,14
148,10,14
21,116,15
36,145,15
49,88,15
66,102,15
82,141,15
88,49,15
102,66,15
116,21,15
141,82,15
2,151,16
58,79,16
79,58,16
151,2,16
21,62,17
62,21,17
105,139,17
139,105,17
43,83,19
52,125,19
71,149,19
81,111,19
83,43,19
111,81,19
149,71,19
7,78,20
9,30,20
12,18,20
18,12,20
22,145,20
30,9,20
54,85,20
78,7,20
85,54,20
94,114,20
114,94,20
145,22,20
9,44,22
11,13,22
13,11,22
25,105,22
44,9,22
62,116,22
105,25,22
116,62,22
21,116,23
62,21,23
62,116,23
116,21,23
116,62,23
9,30,24
63,107,24
107,63,24
103,146,26
121,124,26
124,121,26
146,103,26
20,35,27
35,20,27
14,57,28
38,68,28
57,14,28
66,125,28
68,38,28
125,66,28
84,102,29
102,84,29
145,36,29
3,33,30
33,3,30
75,134,30
89,113,30
134,75,30
123,137,31
137,123,31
2,90,32
62,111,32
111,62,32
21,91,33
22,36,33
36,22,33
91,21,33
109,134,33
134,109,33
36,145,34
37,113,34
82,85,34
85,82,34
101,129,34
113,37,34
129,101,34
30,45,35
37,89,36
61,144,36
89,37,36
134,75,36
144,61,36
34,110,37
58,92,37
92,58,37
110,34,37
6,119,38
28,77,38
30,9,38
59,64,38
64,59,38
74,91,38
77,28,38
91,74,38
119,6,38
10,146,39
37,113,39
146,10,39
4,46,40
46,4,40
22,78,42
37,89,42
59,135,42
78,22,42
89,113,42
113,89,42
135,59,42
64,135,43
80,85,43
85,80,43
135,64,43
59,64,44
64,59,44
83,122,44
122,83,44
12,21,45
21,12,45
31,65,45
65,31,45
8,73,46
47,120,46
73,8,46
108,96,46
114,133,46
120,47,46
133,114,46
37,113,47
48,126,47
55,66,47
57,131,47
59,135,47
64,135,47
66,55,47
113,37,47
126,48,47
131,57,47
135,59,47
135,64,47
17,128,48
25,98,48
28,75,48
59,64,48
59,135,48
64,59,48
64,135,48
75,28,48
98,25,48
128,17,48
135,59,48
135,64,48
14,114,49
25,49,49
25,98,49
49,25,49
54,82,49
59,64,49
64,59,49
82,54,49
114,14,49
12,91,50
25,49,50
25,98,50
49,98,50
63,81,50
63,111,50
81,63,50
91,12,50
98,49,50
111,63,50
25,49,51
30,141,51
49,25,51
49,98,51
63,81,51
63,111,51
141,30,51
25,98,52
35,148,52
63,81,52
98,25,52
114,131,52
131,114,52
148,35,52
4,132,53
25,49,53
25,98,53
49,25,53
49,98,53
98,49,53
132,4,53
98,25,54
4,115,55
37,46,55
46,37,55
115,4,55
14,131,56
46,113,56
58,89,56
78,145,56
81,111,56
89,58,56
111,81,56
113,46,56
131,14,56
145,78,56
25,49,57
26,68,57
49,25,57
49,98,57
68,26,57
98,49,57
134,109,57
14,57,58
14,114,58
25,98,58
37,113,58
57,14,58
65,88,58
71,122,58
87,106,58
88,65,58
98,25,58
106,87,58
113,37,58
113,46,58
114,14,58
122,71,58
6,32,59
32,6,59
37,46,59
46,37,59
111,116,59
116,111,59
12,74,60
21,111,60
28,109,60
37,113,60
74,12,60
81,63,60
109,28,60
111,21,60
113,37,60
21,116,61
23,117,61
30,44,61
44,30,61
46,113,61
55,125,61
113,46,61
116,21,61
117,23,61
125,55,61
145,36,61
4,120,62
37,89,62
89,37,62
111,116,62
116,111,62
120,4,62
37,113,63
64,150,63
77,109,63
109,77,63
113,37,63
118,137,63
137,118,63
150,64,63
18,91,64
21,111,64
37,46,64
37,89,64
37,113,64
46,37,64
91,18,64
111,21,64
7,145,65
12,91,65
21,116,65
23,108,65
59,135,65
62,107,65
89,113,65
91,12,65
107,62,65
108,23,65
109,28,65
113,89,65
116,21,65
135,59,65
145,7,65
145,36,65
23,117,66
37,46,66
72,86,66
74,91,66
76,106,66
86,72,66
91,74,66
106,76,66
11,148,67
23,108,67
30,141,67
106,87,67
137,123,67
148,11,67
24,142,68
90,137,68
109,77,68
118,123,68
123,118,68
137,90,68
142,24,68
23,117,69
28,77,69
28,109,69
31,39,69
39,31,69
62,63,69
62,107,69
63,62,69
77,28,69
109,28,69
54,80,70
80,54,70
46,89,71
58,113,71
89,46,71
113,58,71
123,137,71
137,123,71
37,132,72
81,116,72
116,81,72
132,37,72
145,7,72
16,36,73
36,16,73
43,71,73
46,58,73
57,114,73
58,46,73
71,43,73
81,111,73
111,81,73
114,57,73
139,147,73
28,75,74
44,141,74
48,123,74
123,48,74
137,90,74
141,44,74
47,132,75
132,47,75
43,122,76
75,109,76
107,111,76
109,75,76
111,107,76
122,43,76
1,137,77
25,105,77
31,88,77
62,111,77
88,31,77
107,62,77
107,111,77
111,62,77
111,81,77
111,107,77
123,118,77
137,1,77
28,77,78
31,39,78
31,88,78
62,107,78
62,111,78
70,104,78
81,116,78
85,143,78
104,70,78
107,62,78
111,62,78
111,81,78
123,48,78
123,118,78
143,85,78
1,48,79
1,90,79
6,101,79
48,1,79
48,90,79
48,137,79
62,81,79
62,107,79
62,111,79
81,62,79
81,116,79
90,1,79
90,48,79
101,6,79
111,62,79
116,21,79
116,81,79
137,48,79
1,48,80
1,90,80
19,140,80
37,95,80
39,88,80
48,1,80
48,90,80
62,81,80
62,116,80
81,62,80
88,39,80
90,1,80
90,48,80
90,137,80
95,37,80
116,21,80
116,62,80
137,90,80
140,19,80
3,136,81
31,39,81
31,88,81
39,31,81
39,88,81
62,107,81
81,107,81
88,31,81
88,39,81
90,1,81
107,81,81
116,21,81
136,3,81
62,81,82
62,107,82
81,62,82
88,31,82
90,2,82
107,62,82
33,69,83
62,81,83
62,107,83
69,33,83
81,107,83
107,81,83
62,81,84
62,107,84
72,142,84
81,62,84
81,107,84
107,62,84
107,81,84
114,14,84
142,72,84
2,123,85
6,130,85
54,82,85
62,81,85
62,107,85
63,111,85
72,135,85
76,87,85
81,62,85
81,107,85
87,76,85
90,123,85
107,62,85
107,81,85
111,63,85
123,2,85
123,90,85
130,6,85
135,72,85
148,35,85
1,60,86
10,35,86
35,10,86
35,148,86
45,73,86
45,98,86
56,149,86
60,1,86
62,81,86
62,107,86
62,111,86
72,86,86
72,135,86
72,142,86
73,45,86
73,98,86
81,62,86
86,142,86
98,45,86
98,73,86
107,62,86
111,62,86
142,86,86
149,56,86
35,10,87
45,73,87
48,126,87
73,45,87
73,98,87
75,138,87
81,107,87
107,81,87
124,127,87
127,124,87
138,75,87
45,98,88
73,45,88
98,45,88
45,73,89
45,98,89
59,142,89
62,63,89
63,62,89
63,111,89
72,86,89
86,72,89
86,135,89
89,95,89
95,89,89
99,131,89
111,63,89
111,116,89
114,131,89
116,111,89
123,2,89
131,99,89
131,114,89
135,86,89
135,142,89
142,59,89
142,135,89
14,131,90
72,135,90
72,142,90
86,72,90
86,142,90
89,132,90
90,151,90
114,14,90
131,14,90
132,89,90
135,72,90
142,59,90
142,72,90
142,86,90
151,90,90
25,139,91
59,86,91
72,135,91
74,116,91
86,59,91
111,63,91
116,74,91
139,25,91
47,89,92
47,132,92
86,135,92
89,47,92
89,132,92
132,47,92
132,89,92
135,86,92
14,114,93
14,131,93
34,50,93
48,118,93
50,34,93
63,74,93
63,116,93
73,98,93
74,63,93
86,59,93
98,73,93
116,63,93
118,48,93
131,99,93
132,47,93
132,89,93
135,72,93
14,99,94
14,114,94
46,113,94
61,64,94
64,61,94
72,86,94
72,135,94
74,116,94
86,72,94
86,135,94
99,14,94
100,146,94
113,46,94
116,74,94
135,86,94
146,100,94
14,99,95
47,89,95
89,47,95
89,132,95
98,45,95
98,73,95
8,30,96
30,8,96
39,51,96
40,122,96
51,39,96
57,131,96
59,135,96
68,138,96
77,109,96
86,59,96
86,135,96
89,47,96
98,45,96
98,73,96
109,77,96
122,40,96
131,57,96
135,59,96
135,86,96
138,68,96
9,45,97
45,9,97
89,132,97
99,114,97
108,96,97
114,99,97
11,20,98
11,35,98
20,11,98
21,81,98
22,106,98
35,11,98
72,86,98
81,21,98
86,72,98
99,14,98
106,22,98
4,38,99
38,4,99
45,98,99
98,45,99
116,63,99
116,74,99
13,80,100
14,114,100
37,132,100
63,74,100
74,63,100
74,116,100
80,13,100
114,14,100
132,37,100
