2,217,1
3,110,1
4,311,1
9,279,1
11,163,1
12,163,1
13,166,1
15,248,1
25,275,1
30,187,1
37,229,1
45,65,1
45,94,1
48,216,1
51,289,1
52,75,1
56,154,1
60,286,1
65,45,1
65,314,1
69,83,1
71,283,1
75,52,1
76,219,1
77,202,1
78,302,1
80,295,1
83,69,1
94,45,1
98,138,1
104,310,1
110,3,1
112,201,1
120,317,1
124,276,1
126,266,1
132,300,1
138,98,1
140,233,1
140,259,1
154,56,1
160,262,1
161,177,1
163,11,1
163,12,1
166,13,1
171,271,1
177,161,1
187,30,1
198,280,1
198,294,1
201,112,1
202,77,1
216,48,1
217,2,1
219,76,1
222,258,1
229,37,1
233,140,1
245,269,1
248,15,1
258,222,1
259,140,1
261,313,1
262,160,1
264,323,1
266,126,1
269,245,1
270,284,1
271,171,1
274,315,1
275,25,1
276,124,1
279,9,1
280,198,1
280,294,1
283,71,1
284,270,1
286,60,1
289,51,1
294,198,1
294,280,1
295,80,1
300,132,1
302,78,1
310,104,1
311,4,1
313,261,1
314,65,1
315,274,1
317,120,1
323,264,1
11,12,2
11,163,2
12,11,2
12,163,2
16,160,2
22,78,2
23,155,2
26,227,2
27,125,2
29,36,2
35,288,2
36,29,2
40,48,2
42,237,2
44,277,2
45,65,2
48,40,2
48,216,2
49,281,2
60,197,2
60,286,2
64,115,2
65,45,2
74,136,2
78,22,2
90,313,2
92,145,2
99,127,2
113,252,2
115,64,2
125,27,2
127,99,2
134,218,2
134,317,2
136,74,2
139,318,2
140,233,2
145,92,2
146,318,2
150,174,2
150,291,2
155,23,2
160,16,2
163,11,2
163,12,2
174,150,2
175,208,2
177,321,2
184,240,2
197,60,2
198,224,2
198,280,2
206,226,2
208,175,2
209,228,2
210,297,2
212,294,2
215,239,2
218,134,2
224,198,2
226,206,2
227,26,2
228,209,2
237,42,2
239,215,2
240,184,2
252,113,2
277,44,2
280,198,2
281,49,2
288,35,2
291,150,2
294,212,2
297,210,2
313,90,2
317,134,2
318,139,2
318,146,2
321,177,2
2,101,3
17,27,3
27,17,3
27,304,3
40,216,3
42,126,3
42,237,3
42,266,3
43,66,3
48,40,3
48,216,3
51,97,3
53,88,3
60,197,3
61,181,3
66,43,3
88,53,3
97,51,3
99,124,3
101,2,3
103,231,3
104,283,3
124,99,3
124,276,3
126,42,3
134,218,3
134,317,3
150,174,3
150,291,3
153,220,3
161,321,3
177,161,3
177,321,3
181,61,3
213,253,3
216,40,3
216,48,3
218,317,3
220,153,3
231,103,3
253,213,3
263,283,3
266,42,3
277,287,3
283,104,3
283,263,3
287,277,3
304,27,3
317,218,3
321,161,3
321,177,3
27,17,4
41,172,4
42,126,4
42,237,4
42,266,4
44,116,4
54,193,4
94,226,4
101,272,4
116,44,4
124,99,4
126,266,4
163,11,4
163,12,4
172,41,4
193,54,4
203,249,4
216,40,4
220,228,4
223,253,4
226,94,4
226,206,4
228,220,4
230,310,4
233,259,4
249,203,4
253,223,4
259,233,4
266,126,4
272,101,4
283,71,4
283,263,4
310,230,4
5,114,5
17,304,5
27,304,5
69,191,5
71,263,5
91,307,5
94,206,5
101,314,5
107,194,5
108,284,5
114,5,5
148,291,5
157,226,5
163,11,5
163,12,5
164,182,5
168,278,5
182,164,5
191,69,5
194,107,5
198,254,5
206,94,5
206,226,5
226,157,5
226,206,5
253,213,5
254,198,5
263,71,5
278,168,5
283,104,5
284,108,5
291,148,5
304,17,5
304,27,5
307,91,5
314,101,5
4,67,6
6,322,6
11,12,6
11,163,6
12,11,6
12,163,6
17,125,6
35,59,6
40,48,6
48,40,6
59,35,6
67,4,6
73,277,6
85,95,6
95,85,6
105,274,6
125,17,6
150,174,6
163,11,6
163,12,6
206,94,6
222,234,6
226,157,6
234,222,6
274,105,6
277,73,6
322,6,6
35,301,7
42,126,7
62,262,7
76,95,7
95,76,7
122,292,7
126,42,7
127,319,7
137,306,7
149,320,7
157,245,7
163,11,7
171,246,7
213,223,7
213,253,7
222,258,7
223,213,7
223,253,7
236,311,7
245,157,7
246,171,7
253,223,7
262,62,7
292,122,7
301,35,7
306,137,7
311,236,7
319,127,7
320,149,7
11,12,8
11,163,8
12,11,8
12,163,8
16,262,8
31,63,8
45,101,8
63,31,8
72,289,8
93,227,8
100,143,8
101,45,8
102,217,8
111,252,8
120,218,8
143,100,8
163,12,8
170,171,8
171,170,8
213,223,8
213,253,8
217,102,8
218,120,8
223,213,8
223,253,8
227,93,8
228,320,8
252,111,8
253,213,8
253,223,8
262,16,8
262,62,8
273,303,8
289,72,8
303,273,8
320,228,8
321,161,8
8,216,9
16,62,9
16,262,9
62,16,9
62,262,9
71,104,9
71,230,9
95,293,9
98,184,9
101,272,9
104,71,9
141,182,9
144,153,9
153,144,9
182,141,9
184,98,9
216,8,9
228,220,9
230,71,9
262,16,9
262,62,9
293,95,9
321,177,9
7,282,10
10,43,10
16,62,10
28,132,10
31,66,10
34,243,10
43,10,10
44,277,10
45,272,10
51,289,10
62,16,10
62,262,10
66,31,10
71,104,10
75,185,10
76,85,10
85,76,10
85,219,10
90,268,10
101,45,10
101,272,10
126,266,10
132,28,10
161,177,10
177,161,10
185,75,10
198,224,10
219,85,10
233,140,10
234,258,10
243,34,10
258,234,10
268,90,10
272,45,10
272,101,10
277,44,10
279,315,10
282,7,10
289,51,10
315,279,10
11,12,11
12,11,11
26,86,11
45,101,11
55,225,11
65,312,11
75,52,11
75,185,11
76,95,11
86,26,11
89,113,11
94,299,11
95,76,11
95,293,11
98,240,11
101,45,11
104,230,11
113,89,11
135,190,11
161,321,11
190,135,11
193,264,11
193,323,11
220,320,11
225,55,11
230,104,11
240,98,11
264,193,11
299,94,11
312,65,11
320,220,11
321,161,11
323,193,11
45,272,12
46,128,12
69,83,12
69,191,12
76,85,12
76,219,12
85,76,12
85,219,12
101,312,12
116,277,12
125,304,12
128,46,12
129,249,12
187,289,12
219,76,12
219,85,12
249,129,12
257,296,12
267,306,12
272,45,12
277,116,12
280,322,12
289,187,12
296,257,12
304,125,12
306,267,12
312,101,12
317,134,12
322,280,12
11,72,13
17,27,13
27,17,13
35,288,13
57,308,13
59,215,13
65,101,13
68,189,13
69,83,13
69,191,13
71,263,13
72,11,13
76,95,13
76,219,13
95,76,13
95,219,13
101,65,13
101,312,13
121,299,13
131,195,13
136,197,13
137,175,13
175,137,13
184,257,13
189,68,13
195,131,13
197,136,13
215,59,13
219,76,13
219,95,13
257,184,13
257,296,13
274,279,13
277,44,13
279,274,13
299,121,13
308,57,13
12,163,14
30,38,14
33,196,14
38,30,14
44,73,14
67,142,14
69,83,14
69,191,14
72,97,14
73,44,14
86,194,14
97,72,14
101,65,14
101,312,14
142,67,14
142,188,14
149,228,14
160,262,14
170,201,14
170,246,14
188,142,14
194,86,14
196,33,14
201,170,14
228,149,14
246,170,14
257,184,14
261,316,14
262,160,14
316,261,14
31,43,15
40,247,15
43,31,15
52,185,15
62,160,15
75,119,15
86,107,15
90,130,15
101,65,15
107,86,15
112,246,15
119,75,15
130,90,15
160,62,15
160,262,15
170,201,15
170,246,15
185,52,15
205,302,15
224,254,15
246,112,15
246,170,15
247,40,15
254,224,15
254,322,15
302,205,15
322,254,15
52,75,16
52,185,16
57,164,16
60,265,16
62,262,16
63,66,16
65,226,16
66,63,16
75,52,16
75,119,16
75,185,16
90,268,16
101,226,16
101,312,16
121,138,16
130,268,16
137,267,16
138,121,16
159,273,16
160,62,16
160,262,16
164,57,16
175,235,16
176,301,16
185,75,16
201,246,16
220,228,16
222,297,16
226,65,16
226,101,16
226,312,16
228,220,16
235,175,16
246,201,16
253,213,16
257,296,16
262,62,16
262,160,16
265,60,16
267,137,16
268,130,16
273,159,16
277,116,16
297,222,16
301,176,16
312,226,16
2,208,17
20,21,17
21,20,17
39,151,17
57,308,17
65,312,17
75,119,17
77,100,17
84,118,17
94,240,17
100,77,17
105,315,17
112,171,17
118,84,17
121,299,17
135,182,17
140,259,17
151,39,17
171,112,17
182,135,17
208,2,17
233,259,17
240,94,17
259,140,17
259,233,17
262,62,17
262,160,17
272,314,17
312,65,17
312,101,17
314,272,17
315,105,17
2,33,18
2,208,18
33,2,18
33,196,18
56,229,18
66,199,18
100,143,18
120,133,18
133,120,18
138,299,18
145,256,18
198,212,18
199,66,18
212,198,18
220,320,18
222,234,18
222,297,18
228,320,18
229,56,18
234,222,18
234,297,18
256,145,18
297,234,18
299,138,18
320,228,18
36,108,19
36,274,19
63,260,19
74,197,19
85,95,19
90,130,19
95,85,19
108,36,19
108,274,19
120,317,19
130,90,19
197,74,19
205,303,19
259,140,19
260,63,19
274,36,19
274,108,19
299,121,19
299,138,19
302,303,19
303,205,19
303,302,19
312,226,19
317,120,19
320,220,19
10,31,20
31,10,20
36,108,20
54,319,20
57,135,20
63,199,20
67,311,20
76,168,20
78,237,20
84,176,20
85,154,20
101,157,20
105,108,20
108,36,20
108,105,20
110,253,20
111,113,20
113,111,20
135,57,20
139,146,20
146,139,20
154,85,20
157,101,20
168,76,20
176,84,20
178,278,20
199,63,20
199,66,20
205,302,20
210,258,20
212,294,20
237,78,20
253,110,20
258,210,20
268,305,20
277,287,20
278,178,20
282,306,20
299,121,20
302,205,20
302,303,20
305,268,20
306,282,20
311,67,20
311,236,20
319,54,20
320,228,20
24,155,21
26,227,21
51,163,21
62,286,21
71,104,21
71,230,21
87,272,21
95,154,21
104,71,21
104,230,21
130,305,21
133,317,21
154,95,21
155,24,21
163,51,21
199,63,21
227,26,21
230,71,21
230,104,21
236,271,21
253,213,21
271,236,21
271,311,21
272,87,21
286,62,21
305,130,21
305,268,21
311,271,21
317,133,21
16,197,22
34,72,22
35,301,22
58,186,22
65,226,22
70,309,22
72,34,22
111,252,22
117,233,22
162,219,22
163,12,22
163,51,22
184,296,22
186,58,22
188,281,22
197,16,22
212,198,22
219,162,22
226,65,22
233,117,22
240,299,22
253,110,22
253,213,22
257,184,22
257,296,22
270,315,22
281,188,22
296,184,22
296,257,22
299,240,22
301,35,22
305,130,22
309,70,22
315,270,22
317,120,22
320,220,22
49,145,23
65,312,23
73,277,23
90,305,23
101,245,23
121,138,23
138,121,23
145,49,23
157,245,23
163,12,23
163,51,23
183,237,23
185,52,23
198,294,23
226,312,23
237,183,23
245,101,23
245,157,23
253,110,23
277,73,23
294,198,23
305,90,23
305,130,23
312,65,23
312,226,23
320,228,23
14,80,24
36,274,24
48,293,24
65,157,24
65,226,24
74,136,24
80,14,24
86,227,24
94,299,24
101,157,24
108,315,24
135,182,24
136,74,24
157,65,24
157,101,24
167,179,24
179,167,24
182,190,24
184,257,24
188,236,24
190,182,24
226,65,24
227,86,24
230,310,24
236,188,24
257,184,24
257,296,24
263,283,24
272,314,24
274,36,24
283,263,24
293,48,24
299,94,24
305,90,24
315,108,24
317,134,24
13,68,25
23,275,25
68,13,25
90,130,25
90,305,25
105,274,25
108,105,25
111,113,25
112,281,25
130,90,25
130,305,25
134,304,25
138,240,25
163,12,25
230,104,25
240,138,25
274,105,25
275,23,25
281,112,25
304,134,25
304,317,25
305,130,25
317,120,25
317,304,25
19,255,26
41,311,26
91,203,26
101,245,26
107,227,26
120,285,26
120,317,26
144,228,26
144,320,26
152,311,26
153,209,26
157,245,26
159,303,26
182,135,26
186,189,26
189,186,26
203,91,26
209,153,26
223,288,26
227,107,26
228,144,26
228,320,26
245,101,26
245,157,26
255,19,26
285,120,26
285,304,26
288,223,26
303,159,26
304,285,26
304,317,26
305,90,26
311,41,26
311,152,26
317,120,26
317,304,26
320,144,26
320,228,26
6,118,27
8,90,27
14,273,27
35,176,27
36,279,27
37,115,27
52,69,27
52,185,27
69,52,27
74,197,27
86,107,27
90,8,27
97,243,27
100,77,27
105,108,27
107,86,27
115,37,27
118,6,27
121,240,27
138,121,27
144,228,27
146,151,27
151,146,27
159,302,27
159,303,27
176,35,27
193,263,27
197,74,27
200,221,27
221,200,27
228,144,27
228,320,27
240,121,27
243,97,27
247,313,27
263,193,27
273,14,27
279,36,27
302,159,27
302,303,27
303,302,27
313,247,27
7,42,28
8,305,28
25,148,28
25,275,28
42,7,28
69,185,28
80,195,28
90,130,28
91,260,28
99,276,28
113,252,28
121,138,28
124,145,28
125,134,28
126,159,28
128,133,28
130,90,28
133,128,28
134,125,28
135,164,28
135,308,28
138,240,28
144,320,28
145,124,28
148,25,28
151,39,28
151,146,28
159,126,28
164,135,28
164,308,28
172,298,28
185,69,28
193,310,28
195,80,28
222,234,28
228,144,28
228,320,28
234,222,28
240,138,28
252,113,28
260,91,28
275,25,28
276,99,28
298,172,28
305,8,28
308,135,28
308,164,28
310,193,28
320,144,28
320,228,28
40,316,29
47,153,29
47,209,29
50,70,29
52,69,29
69,52,29
70,50,29
90,305,29
98,257,29
113,225,29
135,164,29
138,121,29
148,275,29
150,282,29
151,39,29
153,47,29
155,220,29
161,177,29
164,135,29
209,47,29
220,155,29
220,228,29
225,113,29
228,220,29
257,98,29
275,148,29
282,150,29
305,90,29
316,40,29
320,144,29
1,106,30
3,301,30
30,210,30
46,218,30
61,280,30
100,166,30
104,310,30
106,1,30
112,171,30
112,281,30
135,190,30
155,228,30
159,303,30
164,190,30
166,100,30
180,192,30
190,135,30
190,164,30
192,180,30
210,30,30
212,254,30
218,46,30
220,155,30
220,228,30
228,155,30
228,220,30
254,212,30
272,87,30
280,61,30
282,306,30
301,3,30
303,159,30
310,104,30
13,202,31
25,291,31
62,259,31
66,260,31
74,136,31
95,219,31
104,230,31
104,310,31
108,274,31
112,171,31
112,281,31
150,306,31
193,264,31
202,13,31
212,322,31
219,95,31
230,310,31
259,62,31
259,140,31
260,66,31
274,108,31
277,116,31
282,150,31
282,306,31
291,25,31
306,150,31
306,282,31
310,230,31
322,212,31
3,6,32
6,3,32
8,90,32
28,300,32
29,234,32
34,177,32
35,59,32
59,35,32
65,312,32
73,44,32
75,221,32
89,287,32
90,8,32
104,230,32
110,223,32
139,309,32
150,282,32
164,308,32
170,201,32
177,34,32
201,170,32
212,254,32
221,75,32
223,110,32
230,104,32
234,29,32
259,62,32
259,140,32
260,91,32
282,150,32
287,89,32
300,28,32
309,139,32
311,41,32
312,65,32
17,18,33
18,17,33
31,269,33
40,305,33
66,91,33
71,310,33
83,318,33
87,102,33
90,130,33
91,66,33
102,87,33
104,310,33
135,308,33
158,171,33
159,126,33
171,158,33
205,303,33
206,299,33
230,310,33
240,299,33
269,31,33
272,314,33
282,306,33
299,206,33
299,240,33
303,205,33
305,40,33
308,135,33
308,164,33
310,71,33
310,104,33
310,230,33
318,83,33
35,207,34
36,298,34
37,229,34
38,74,34
38,136,34
74,38,34
74,136,34
81,214,34
86,227,34
87,272,34
118,280,34
125,304,34
133,218,34
135,182,34
135,308,34
136,38,34
136,74,34
144,228,34
176,207,34
203,260,34
206,240,34
207,35,34
207,176,34
214,81,34
218,133,34
227,86,34
228,144,34
228,220,34
229,37,34
240,206,34
259,62,34
260,203,34
272,87,34
280,118,34
298,36,34
298,172,34
304,125,34
308,135,34
310,71,34
6,301,35
8,216,35
19,163,35
36,172,35
36,298,35
45,208,35
56,154,35
121,296,35
125,134,35
136,38,35
136,74,35
144,320,35
154,56,35
159,266,35
163,19,35
164,182,35
172,36,35
172,298,35
182,164,35
206,299,35
207,35,35
208,45,35
222,258,35
240,299,35
258,222,35
263,310,35
266,159,35
296,121,35
298,36,35
298,172,35
299,206,35
299,240,35
301,6,35
310,263,35
30,74,36
36,172,36
36,298,36
62,140,36
71,263,36
71,310,36
74,30,36
121,138,36
125,304,36
135,164,36
135,308,36
136,38,36
140,62,36
164,135,36
164,182,36
172,36,36
172,298,36
193,230,36
205,266,36
218,46,36
230,193,36
263,71,36
266,205,36
272,314,36
274,315,36
278,316,36
298,36,36
298,172,36
310,71,36
315,274,36
316,278,36
29,251,37
46,133,37
46,218,37
71,264,37
71,310,37
79,311,37
85,219,37
87,314,37
94,206,37
94,240,37
94,299,37
95,154,37
112,142,37
120,134,37
133,46,37
133,218,37
134,120,37
140,259,37
142,112,37
144,180,37
154,95,37
159,126,37
163,12,37
180,144,37
194,292,37
197,231,37
201,246,37
206,94,37
206,240,37
206,299,37
207,176,37
218,133,37
219,85,37
226,245,37
231,197,37
240,94,37
240,206,37
240,299,37
245,226,37
247,305,37
251,29,37
253,213,37
259,140,37
264,71,37
264,310,37
272,87,37
292,194,37
299,94,37
299,206,37
299,240,37
305,247,37
310,264,37
311,79,37
314,87,37
31,43,38
31,269,38
43,269,38
51,243,38
64,318,38
87,272,38
94,184,38
94,240,38
94,296,38
122,165,38
144,320,38
154,56,38
165,122,38
184,94,38
184,296,38
218,46,38
218,133,38
227,26,38
238,267,38
240,94,38
243,51,38
267,238,38
269,43,38
296,94,38
296,184,38
299,206,38
310,71,38
318,64,38
9,274,39
9,315,39
20,99,39
21,84,39
31,43,39
31,269,39
32,250,39
40,247,39
43,31,39
43,269,39
49,246,39
56,95,39
56,154,39
62,259,39
65,314,39
66,203,39
74,136,39
84,21,39
94,184,39
95,56,39
95,154,39
99,20,39
105,279,39
125,134,39
134,125,39
134,304,39
136,74,39
144,180,39
144,209,39
154,95,39
184,94,39
203,66,39
209,144,39
224,280,39
234,258,39
240,299,39
246,49,39
247,40,39
247,305,39
250,32,39
258,234,39
259,62,39
261,278,39
269,31,39
269,43,39
274,9,39
274,315,39
278,261,39
279,105,39
280,224,39
299,240,39
304,134,39
310,264,39
314,65,39
315,9,39
315,274,39
11,97,40
26,86,40
31,43,40
43,31,40
62,140,40
71,264,40
74,30,40
86,26,40
86,227,40
97,11,40
130,268,40
132,182,40
135,190,40
140,62,40
144,180,40
154,56,40
171,281,40
182,132,40
190,135,40
222,297,40
223,239,40
227,86,40
239,223,40
247,40,40
247,305,40
261,316,40
264,71,40
268,130,40
274,108,40
281,171,40
285,317,40
297,222,40
315,9,40
316,261,40
317,285,40
7,282,41
17,22,41
22,17,41
26,227,41
74,136,41
77,202,41
78,266,41
82,189,41
94,296,41
136,38,41
136,74,41
170,290,41
178,261,41
184,296,41
189,82,41
202,77,41
218,260,41
227,26,41
227,86,41
230,310,41
233,259,41
247,40,41
257,288,41
258,297,41
259,233,41
260,218,41
261,178,41
261,316,41
266,78,41
266,303,41
282,7,41
288,257,41
290,170,41
296,94,41
296,184,41
297,258,41
299,206,41
303,266,41
310,230,41
3,224,42
16,160,42
37,115,42
56,95,42
71,263,42
78,303,42
95,56,42
121,184,42
125,304,42
136,38,42
147,277,42
160,16,42
171,158,42
184,121,42
184,296,42
202,13,42
224,3,42
227,26,42
233,117,42
261,278,42
266,78,42
277,147,42
303,78,42
304,125,42
304,134,42
66,129,43
77,104,43
90,247,43
104,77,43
115,229,43
117,140,43
117,233,43
129,66,43
138,292,43
140,117,43
184,240,43
218,46,43
229,115,43
240,184,43
245,157,43
247,90,43
292,138,43
304,125,43
8,162,44
27,303,44
31,101,44
40,90,44
55,113,44
69,139,44
87,217,44
90,40,44
90,247,44
101,31,44
113,55,44
139,69,44
140,233,44
162,8,44
217,87,44
230,193,44
233,140,44
240,296,44
296,240,44
303,27,44
304,134,44
19,255,45
30,210,45
65,272,45
65,314,45
66,232,45
67,142,45
70,146,45
90,40,45
95,154,45
108,315,45
142,67,45
146,70,45
148,291,45
154,95,45
232,66,45
263,264,45
264,263,45
272,65,45
291,148,45
292,194,45
315,108,45
13,104,46
38,231,46
43,169,46
65,272,46
65,314,46
67,236,46
89,111,46
90,247,46
93,214,46
104,13,46
111,89,46
121,194,46
129,232,46
139,309,46
169,43,46
178,278,46
183,306,46
192,273,46
194,121,46
194,292,46
204,311,46
214,93,46
226,312,46
231,38,46
232,129,46
236,67,46
249,304,46
263,310,46
273,192,46
278,178,46
278,261,46
291,25,46
291,148,46
292,138,46
292,194,46
304,249,46
306,183,46
310,263,46
311,204,46
312,226,46
16,262,47
18,27,47
27,18,47
38,136,47
42,306,47
46,133,47
85,95,47
90,40,47
95,85,47
95,154,47
104,264,47
122,292,47
125,285,47
128,249,47
133,46,47
138,194,47
140,286,47
157,206,47
157,240,47
181,322,47
194,121,47
194,138,47
203,260,47
206,157,47
240,157,47
246,201,47
249,128,47
260,203,47
262,16,47
264,104,47
280,301,47
285,125,47
286,140,47
292,122,47
301,280,47
303,78,47
306,42,47
322,181,47
30,74,48
31,43,48
43,31,48
47,228,48
49,158,48
62,259,48
65,272,48
66,129,48
74,30,48
95,85,48
104,13,48
121,292,48
125,317,48
127,186,48
129,66,48
158,49,48
171,281,48
186,127,48
194,121,48
194,292,48
228,47,48
233,117,48
259,62,48
266,205,48
292,121,48
292,194,48
296,94,48
317,125,48
1,178,49
5,241,49
9,270,49
15,123,49
16,160,49
34,88,49
43,169,49
49,246,49
69,318,49
85,154,49
88,34,49
95,154,49
109,152,49
111,225,49
115,37,49
121,194,49
121,292,49
122,194,49
122,292,49
123,15,49
124,158,49
145,319,49
151,200,49
152,109,49
154,85,49
154,95,49
158,124,49
159,192,49
178,1,49
182,164,49
192,159,49
192,273,49
194,121,49
194,122,49
194,292,49
199,215,49
200,151,49
206,299,49
215,199,49
225,111,49
225,287,49
226,245,49
228,220,49
241,5,49
245,226,49
246,49,49
270,9,49
278,313,49
285,304,49
287,225,49
292,121,49
292,122,49
292,194,49
304,285,49
309,318,49
313,278,49
318,69,49
318,309,49
319,145,49
14,80,50
30,210,50
31,10,50
49,158,50
49,246,50
61,118,50
71,193,50
73,277,50
80,14,50
90,247,50
98,288,50
118,61,50
121,194,50
137,235,50
158,49,50
178,278,50
192,159,50
193,71,50
194,121,50
235,137,50
272,312,50
277,73,50
278,178,50
285,317,50
288,98,50
312,272,50
317,285,50
7,183,51
9,108,51
9,315,51
36,105,51
40,247,51
49,124,51
49,158,51
52,211,51
67,142,51
90,40,51
90,247,51
101,169,51
105,36,51
108,9,51
108,315,51
118,280,51
122,165,51
122,194,51
123,248,51
124,49,51
124,158,51
124,171,51
129,232,51
132,164,51
138,292,51
144,159,51
151,39,51
158,124,51
159,144,51
159,192,51
164,132,51
164,182,51
169,101,51
171,124,51
178,313,51
183,7,51
192,273,51
194,122,51
211,52,51
218,307,51
246,201,51
247,40,51
247,90,51
248,123,51
277,116,51
280,118,51
285,304,51
291,25,51
292,138,51
304,317,51
307,218,51
313,178,51
315,9,51
315,108,51
317,304,51
18,205,52
25,148,52
27,303,52
31,169,52
40,90,52
40,247,52
49,171,52
71,310,52
87,314,52
88,177,52
90,40,52
90,305,52
94,184,52
94,296,52
110,239,52
114,241,52
118,61,52
118,280,52
122,227,52
124,281,52
136,231,52
148,25,52
158,49,52
158,171,52
159,144,52
163,167,52
164,132,52
165,194,52
167,163,52
169,31,52
169,43,52
171,49,52
171,124,52
171,158,52
177,88,52
179,289,52
184,94,52
194,165,52
195,131,52
205,18,52
212,322,52
227,122,52
231,136,52
239,110,52
241,114,52
247,40,52
278,313,52
281,124,52
289,179,52
303,27,52
304,285,52
305,90,52
310,71,52
313,278,52
314,87,52
322,212,52
27,205,53
49,124,53
49,171,53
59,176,53
69,139,53
70,50,53
73,44,53
73,277,53
76,162,53
89,287,53
95,293,53
100,202,53
118,61,53
122,194,53
124,49,53
139,69,53
149,275,53
150,267,53
162,76,53
169,31,53
169,101,53
171,49,53
176,59,53
178,1,53
194,122,53
202,100,53
205,27,53
225,111,53
255,283,53
267,150,53
272,65,53
275,149,53
277,73,53
283,255,53
287,89,53
293,95,53
9,270,54
18,27,54
27,18,54
29,234,54
40,90,54
49,158,54
49,201,54
52,75,54
73,44,54
75,52,54
82,221,54
90,40,54
90,305,54
104,263,54
123,15,54
123,248,54
124,171,54
133,285,54
142,281,54
154,229,54
158,49,54
171,124,54
181,261,54
189,221,54
194,165,54
201,49,54
221,82,54
221,189,54
228,47,54
229,154,54
234,29,54
261,181,54
263,104,54
272,314,54
277,116,54
281,142,54
285,133,54
285,304,54
314,272,54
43,101,55
60,140,55
61,213,55
74,210,55
82,189,55
82,221,55
101,43,55
111,292,55
118,280,55
123,15,55
140,60,55
162,293,55
163,12,55
189,82,55
201,246,55
207,35,55
210,74,55
213,61,55
214,239,55
221,82,55
239,214,55
242,251,55
244,253,55
251,242,55
253,244,55
261,278,55
278,261,55
292,111,55
293,162,55
11,177,56
13,264,56
18,120,56
23,148,56
34,72,56
40,130,56
49,171,56
53,263,56
82,189,56
85,219,56
87,272,56
111,138,56
111,292,56
120,18,56
130,40,56
131,295,56
138,111,56
148,23,56
171,49,56
177,11,56
177,88,56
183,306,56
239,110,56
263,53,56
264,13,56
272,87,56
285,133,56
295,131,56
306,183,56
9,108,57
31,43,57
37,64,57
43,31,57
46,203,57
64,37,57
108,9,57
111,138,57
112,236,57
131,195,57
137,291,57
147,308,57
153,220,57
167,289,57
171,124,57
203,46,57
220,153,57
236,112,57
261,181,57
261,322,57
278,322,57
289,167,57
291,137,57
308,147,57
312,314,57
314,312,57
322,261,57
322,278,57
4,112,58
8,56,58
9,270,58
29,271,58
36,274,58
47,209,58
49,158,58
50,68,58
53,255,58
56,8,58
65,299,58
68,50,58
70,146,58
74,222,58
79,172,58
111,287,58
112,4,58
112,236,58
125,134,58
129,260,58
131,295,58
134,125,58
156,249,58
172,79,58
174,235,58
177,11,58
181,278,58
195,295,58
209,47,58
222,74,58
227,26,58
235,174,58
239,214,58
245,314,58
249,156,58
255,53,58
260,129,58
261,181,58
262,286,58
271,29,58
274,36,58
278,181,58
278,322,58
286,262,58
287,111,58
295,195,58
299,65,58
314,245,58
314,312,58
11,88,59
51,88,59
56,293,59
72,177,59
74,210,59
88,11,59
88,51,59
112,4,59
144,155,59
144,159,59
151,318,59
155,144,59
158,171,59
163,167,59
167,163,59
171,158,59
177,72,59
181,261,59
181,278,59
181,322,59
222,258,59
242,297,59
258,222,59
278,181,59
278,322,59
293,56,59
297,242,59
318,151,59
322,181,59
322,278,59
4,236,60
5,114,60
9,315,60
13,77,60
13,230,60
19,283,60
30,74,60
30,210,60
40,247,60
49,171,60
56,8,60
56,293,60
70,82,60
71,193,60
74,30,60
77,13,60
77,230,60
81,93,60
82,70,60
88,11,60
89,111,60
93,81,60
94,157,60
111,89,60
114,5,60
117,140,60
123,195,60
124,142,60
124,158,60
140,117,60
142,124,60
144,237,60
155,159,60
157,94,60
158,124,60
159,155,60
159,237,60
162,76,60
163,12,60
164,308,60
171,49,60
172,271,60
181,261,60
181,322,60
195,123,60
210,30,60
230,13,60
230,77,60
236,4,60
237,144,60
237,159,60
251,297,60
255,263,60
261,322,60
263,255,60
271,172,60
283,19,60
297,251,60
304,317,60
306,42,60
308,164,60
315,9,60
318,309,60
322,181,60
322,261,60
4,112,61
4,236,61
13,77,61
29,79,61
29,271,61
44,116,61
47,228,61
65,226,61
75,211,61
77,13,61
77,230,61
79,29,61
84,232,61
88,51,61
93,98,61
94,240,61
98,93,61
116,44,61
116,277,61
124,171,61
136,265,61
144,155,61
144,159,61
155,144,61
157,240,61
158,171,61
159,144,61
171,124,61
171,158,61
177,161,61
184,296,61
210,222,61
211,75,61
222,210,61
224,280,61
226,65,61
232,84,61
235,175,61
239,257,61
240,94,61
240,157,61
257,239,61
265,136,61
271,29,61
272,314,61
280,224,61
296,184,61
303,78,61
314,272,61
318,151,61
1,254,62
4,112,62
9,270,62
25,149,62
29,79,62
34,177,62
38,197,62
39,146,62
40,90,62
40,247,62
48,56,62
51,72,62
52,200,62
56,48,62
56,76,62
56,293,62
72,51,62
76,56,62
77,13,62
79,172,62
85,95,62
88,11,62
89,225,62
90,40,62
93,81,62
94,157,62
95,85,62
116,44,62
123,295,62
144,273,62
146,39,62
149,25,62
157,94,62
160,197,62
172,79,62
177,34,62
177,161,62
197,38,62
197,160,62
200,52,62
222,258,62
224,301,62
225,89,62
236,281,62
254,1,62
264,310,62
273,144,62
281,236,62
295,123,62
301,224,62
308,147,62
310,264,62
322,278,62
9,315,63
10,43,63
10,63,63
17,120,63
30,74,63
43,10,63
48,76,63
51,88,63
57,147,63
63,10,63
64,115,63
69,191,63
76,48,63
82,189,63
88,51,63
90,247,63
107,244,63
115,64,63
120,17,63
122,165,63
144,155,63
144,273,63
147,57,63
150,235,63
155,159,63
155,273,63
159,155,63
159,273,63
165,122,63
181,278,63
187,210,63
210,187,63
232,260,63
235,150,63
244,107,63
247,90,63
260,232,63
273,155,63
273,159,63
278,181,63
10,43,64
10,63,64
12,167,64
17,18,64
18,17,64
19,71,64
20,92,64
22,120,64
30,222,64
48,293,64
51,72,64
62,262,64
65,206,64
65,226,64
71,19,64
76,293,64
82,70,64
82,189,64
92,20,64
120,22,64
140,259,64
144,155,64
144,237,64
146,200,64
155,144,64
155,273,64
167,12,64
178,212,64
189,221,64
193,310,64
197,38,64
199,232,64
200,146,64
206,65,64
206,226,64
212,178,64
221,189,64
222,30,64
222,258,64
226,206,64
232,199,64
237,144,64
245,312,64
259,140,64
261,278,64
262,62,64
273,155,64
278,261,64
290,319,64
293,48,64
293,76,64
297,242,64
310,193,64
312,245,64
319,290,64
3,99,65
4,281,65
10,43,65
10,63,65
17,22,65
18,120,65
22,17,65
23,149,65
24,183,65
30,258,65
45,169,65
48,76,65
48,293,65
76,48,65
79,234,65
81,98,65
82,70,65
82,189,65
85,154,65
98,81,65
99,3,65
120,18,65
138,184,65
144,192,65
144,237,65
149,23,65
154,85,65
155,159,65
159,155,65
169,45,65
172,234,65
177,34,65
183,24,65
184,138,65
187,289,65
189,82,65
189,221,65
192,144,65
192,237,65
197,160,65
200,52,65
234,79,65
234,172,65
237,192,65
245,272,65
245,312,65
258,30,65
258,222,65
259,286,65
263,264,65
264,263,65
272,245,65
272,312,65
281,4,65
286,259,65
289,187,65
293,48,65
312,272,65
4,112,66
4,281,66
23,25,66
23,149,66
25,23,66
29,298,66
30,222,66
46,307,66
48,76,66
48,293,66
56,162,66
57,225,66
66,91,66
70,146,66
72,88,66
74,231,66
76,293,66
82,70,66
88,72,66
89,147,66
89,225,66
104,264,66
106,185,66
108,270,66
124,246,66
129,203,66
140,286,66
142,246,66
146,70,66
147,89,66
155,273,66
162,56,66
185,106,66
195,295,66
203,129,66
210,222,66
220,320,66
222,30,66
222,210,66
225,57,66
225,89,66
226,65,66
231,74,66
235,267,66
245,314,66
246,124,66
246,142,66
247,305,66
264,104,66
264,263,66
267,235,66
270,108,66
286,140,66
286,259,66
293,76,66
295,195,66
298,29,66
305,247,66
307,46,66
314,245,66
320,220,66
1,119,67
8,95,67
17,18,67
18,17,67
23,25,67
35,199,67
35,207,67
38,160,67
49,145,67
55,252,67
70,82,67
70,146,67
70,189,67
82,189,67
90,316,67
95,8,67
119,1,67
126,192,67
130,322,67
133,317,67
145,49,67
150,175,67
151,309,67
151,318,67
156,282,67
160,38,67
175,150,67
181,268,67
189,70,67
189,82,67
192,126,67
199,35,67
199,207,67
207,199,67
209,228,67
222,30,67
222,210,67
228,209,67
237,144,67
252,55,67
261,313,67
264,104,67
268,181,67
282,156,67
286,140,67
293,48,67
309,151,67
313,261,67
316,90,67
317,133,67
322,130,67
4,112,68
17,120,68
23,291,68
35,199,68
93,121,68
98,214,68
111,287,68
120,17,68
121,93,68
146,189,68
147,225,68
151,309,68
181,253,68
181,268,68
189,146,68
199,35,68
208,2,68
214,98,68
225,147,68
249,285,68
253,181,68
254,261,68
261,254,68
285,249,68
291,23,68
8,162,69
10,31,69
10,63,69
17,18,69
27,78,69
31,10,69
31,63,69
63,31,69
74,222,69
78,27,69
82,221,69
85,229,69
98,81,69
98,214,69
101,169,69
103,160,69
133,304,69
160,103,69
162,8,69
169,101,69
172,298,69
193,264,69
193,310,69
221,82,69
222,74,69
222,210,69
229,85,69
232,260,69
247,316,69
264,193,69
298,172,69
304,133,69
316,247,69
17,22,70
23,25,70
34,161,70
47,209,70
63,10,70
65,272,70
65,299,70
67,311,70
68,221,70
71,193,70
74,210,70
78,303,70
82,146,70
98,81,70
120,266,70
123,15,70
146,82,70
146,189,70
153,180,70
161,34,70
172,234,70
180,153,70
193,71,70
201,319,70
209,47,70
210,74,70
214,239,70
221,68,70
225,57,70
226,299,70
239,214,70
256,307,70
266,120,70
272,65,70
299,226,70
307,256,70
311,67,70
319,201,70
17,18,71
17,22,71
18,22,71
22,18,71
23,291,71
56,76,71
61,118,71
65,226,71
70,82,71
70,146,71
76,56,71
81,239,71
82,70,71
85,154,71
87,102,71
90,313,71
118,61,71
132,135,71
135,132,71
145,319,71
146,70,71
151,191,71
151,309,71
182,308,71
191,151,71
212,278,71
225,147,71
226,65,71
237,273,71
239,81,71
247,313,71
247,316,71
258,297,71
272,312,71
273,237,71
278,212,71
297,258,71
308,182,71
313,90,71
313,247,71
319,145,71
319,201,71
10,238,72
17,18,72
18,17,72
23,25,72
23,291,72
25,291,72
30,187,72
35,207,72
36,105,72
51,88,72
52,82,72
70,82,72
82,52,72
82,70,72
88,51,72
90,247,72
103,197,72
126,273,72
140,259,72
160,197,72
187,30,72
188,311,72
197,103,72
197,160,72
206,296,72
207,35,72
210,222,72
216,313,72
238,10,72
247,90,72
247,313,72
259,140,72
264,104,72
268,322,72
273,126,72
291,25,72
296,206,72
311,188,72
313,216,72
313,247,72
319,145,72
322,268,72
6,59,73
10,63,73
10,238,73
11,53,73
23,25,73
23,291,73
25,23,73
25,291,73
35,199,73
37,219,73
45,101,73
52,139,73
53,11,73
57,308,73
59,6,73
63,238,73
68,82,73
78,27,73
82,68,73
82,70,73
90,216,73
93,98,73
98,93,73
101,45,73
103,160,73
130,268,73
139,52,73
140,233,73
140,259,73
160,103,73
185,294,73
187,297,73
191,309,73
210,74,73
214,288,73
216,90,73
219,37,73
233,140,73
238,63,73
259,262,73
262,259,73
268,130,73
288,214,73
290,323,73
291,23,73
291,25,73
294,185,73
297,187,73
308,57,73
309,191,73
311,67,73
311,188,73
323,290,73
10,63,74
12,289,74
22,205,74
23,25,74
25,23,74
39,139,74
63,10,74
63,238,74
85,95,74
91,260,74
94,214,74
95,85,74
118,198,74
126,237,74
139,39,74
139,52,74
140,233,74
140,259,74
146,189,74
150,267,74
160,197,74
176,224,74
198,118,74
205,22,74
214,94,74
224,176,74
233,259,74
233,262,74
237,126,74
247,316,74
259,140,74
259,233,74
260,91,74
262,233,74
267,150,74
268,322,74
289,12,74
319,201,74
19,263,75
31,238,75
32,114,75
67,188,75
67,311,75
70,146,75
70,189,75
91,232,75
93,121,75
103,197,75
111,182,75
114,32,75
123,295,75
140,233,75
140,259,75
146,70,75
146,189,75
173,270,75
178,198,75
182,111,75
188,67,75
188,311,75
189,70,75
189,146,75
197,103,75
198,178,75
218,317,75
222,231,75
231,222,75
232,91,75
233,140,75
233,259,75
238,31,75
238,63,75
259,140,75
259,233,75
263,19,75
270,173,75
295,123,75
295,195,75
309,151,75
309,191,75
311,67,75
311,188,75
317,218,75
3,54,76
8,95,76
11,88,76
12,163,76
30,74,76
31,63,76
43,63,76
44,217,76
47,320,76
53,88,76
54,3,76
61,198,76
63,31,76
63,43,76
63,238,76
67,188,76
70,75,76
70,189,76
74,30,76
75,70,76
85,154,76
88,11,76
88,53,76
95,8,76
188,67,76
189,70,76
198,61,76
214,288,76
215,260,76
217,44,76
234,298,76
260,215,76
262,62,76
298,234,76
307,46,76
309,151,76
319,145,76
319,201,76
320,47,76
11,53,77
18,128,77
25,149,77
31,43,77
43,31,77
44,87,77
44,217,77
53,11,77
65,157,77
65,226,77
72,177,77
77,264,77
81,257,77
87,44,77
87,217,77
89,308,77
124,171,77
128,18,77
129,304,77
140,262,77
144,192,77
148,208,77
149,25,77
151,168,77
157,65,77
157,226,77
164,277,77
168,151,77
171,124,77
171,236,77
177,72,77
181,244,77
187,251,77
188,311,77
192,144,77
198,118,77
208,148,77
217,87,77
226,157,77
236,171,77
244,181,77
251,187,77
257,81,77
262,140,77
264,77,77
267,235,77
277,164,77
304,129,77
308,89,77
319,145,77
319,201,77
6,224,78
20,99,78
27,120,78
35,91,78
44,87,78
47,209,78
50,139,78
68,139,78
73,116,78
87,44,78
91,35,78
94,288,78
99,20,78
112,188,78
116,73,78
120,27,78
121,239,78
132,141,78
139,50,78
139,68,78
141,132,78
147,308,78
154,219,78
155,220,78
178,294,78
188,112,78
219,154,78
220,155,78
224,6,78
226,65,78
239,121,78
258,279,78
262,62,78
279,258,78
288,94,78
294,178,78
308,147,78
1,90,79
25,275,79
44,102,79
80,273,79
89,147,79
90,1,79
94,214,79
96,203,79
102,44,79
145,170,79
147,89,79
151,191,79
170,145,79
187,242,79
191,151,79
191,309,79
203,96,79
208,291,79
212,322,79
214,94,79
216,261,79
223,257,79
224,176,79
242,187,79
247,313,79
249,317,79
257,223,79
261,216,79
262,140,79
273,80,79
275,25,79
291,137,79
291,208,79
298,29,79
309,191,79
317,249,79
322,212,79
10,43,80
14,273,80
25,23,80
25,275,80
30,251,80
37,154,80
40,130,80
43,10,80
44,314,80
50,68,80
68,50,80
68,139,80
70,75,80
130,40,80
140,259,80
140,262,80
153,220,80
154,37,80
168,318,80
170,201,80
178,278,80
188,311,80
191,151,80
197,160,80
201,170,80
208,148,80
220,153,80
251,30,80
259,140,80
273,14,80
278,178,80
289,297,80
297,289,80
314,44,80
318,168,80
11,88,81
16,103,81
25,23,81
37,219,81
47,320,81
59,176,81
61,118,81
68,50,81
81,223,81
81,257,81
88,11,81
89,308,81
95,162,81
100,143,81
103,16,81
112,311,81
118,61,81
145,201,81
149,291,81
162,95,81
170,319,81
176,59,81
178,185,81
179,265,81
185,178,81
201,145,81
219,37,81
220,155,81
223,81,81
223,257,81
257,81,81
257,223,81
259,233,81
264,310,81
265,179,81
291,149,81
308,89,81
310,264,81
311,112,81
319,170,81
38,222,82
43,63,82
44,87,82
63,43,82
70,189,82
81,223,82
85,115,82
95,8,82
115,85,82
120,192,82
137,149,82
145,170,82
145,201,82
149,137,82
150,235,82
151,309,82
154,219,82
170,145,82
170,319,82
184,206,82
192,120,82
206,184,82
208,291,82
219,154,82
222,38,82
223,81,82
225,308,82
235,150,82
291,208,82
308,225,82
309,151,82
311,188,82
11,51,83
14,126,83
21,203,83
26,93,83
27,205,83
43,238,83
51,11,83
56,313,83
59,280,83
65,272,83
68,139,83
73,111,83
78,120,83
89,147,83
93,26,83
95,162,83
103,197,83
111,73,83
120,78,83
126,14,83
171,124,83
171,236,83
197,103,83
203,21,83
205,27,83
220,153,83
222,231,83
238,43,83
263,283,83
272,65,83
280,59,83
283,263,83
309,318,83
313,56,83
317,218,83
317,249,83
318,309,83
14,273,84
16,197,84
30,74,84
61,185,84
69,83,84
83,69,84
95,8,84
103,16,84
124,236,84
157,272,84
159,306,84
171,124,84
171,256,84
185,61,84
193,310,84
197,16,84
209,320,84
236,124,84
240,292,84
256,171,84
262,62,84
272,157,84
292,240,84
306,159,84
310,193,84
320,209,84
17,128,85
25,137,85
44,217,85
47,209,85
47,320,85
59,176,85
65,226,85
74,279,85
128,17,85
137,25,85
188,67,85
209,47,85
209,320,85
216,316,85
217,44,85
227,86,85
279,74,85
295,123,85
296,299,85
299,296,85
316,216,85
320,47,85
320,209,85
14,126,86
16,103,86
39,168,86
44,87,86
44,217,86
46,96,86
56,95,86
68,221,86
73,164,86
79,258,86
82,221,86
95,56,86
96,46,86
129,307,86
145,246,86
149,208,86
163,167,86
164,73,86
164,277,86
167,163,86
168,39,86
169,312,86
176,280,86
193,264,86
197,160,86
208,149,86
221,82,86
235,267,86
246,145,86
258,79,86
263,19,86
264,193,86
280,176,86
307,129,86
312,169,86
43,10,87
50,139,87
65,272,87
74,30,87
74,279,87
94,288,87
118,185,87
124,256,87
139,50,87
159,183,87
163,243,87
182,287,87
183,159,87
184,292,87
185,118,87
221,68,87
221,82,87
242,297,87
243,163,87
256,124,87
272,65,87
272,157,87
287,182,87
292,184,87
297,242,87
320,47,87
320,209,87
3,301,88
38,103,88
44,87,88
44,217,88
68,82,88
68,221,88
82,68,88
82,221,88
88,283,88
96,307,88
103,38,88
104,263,88
147,308,88
170,201,88
201,170,88
210,289,88
221,68,88
221,82,88
263,104,88
283,88,88
289,210,88
292,240,88
301,3,88
307,96,88
308,147,88
320,47,88
1,278,89
3,54,89
3,301,89
30,258,89
31,63,89
46,307,89
47,209,89
47,320,89
50,82,89
55,113,89
56,305,89
61,118,89
63,31,89
69,151,89
74,258,89
82,50,89
95,313,89
96,46,89
96,307,89
110,198,89
118,61,89
130,181,89
134,285,89
149,275,89
151,69,89
181,130,89
198,110,89
209,47,89
214,269,89
231,279,89
234,315,89
236,281,89
258,30,89
258,74,89
269,214,89
275,149,89
278,1,89
279,231,89
281,236,89
285,134,89
292,184,89
305,56,89
307,46,89
307,96,89
313,95,89
315,234,89
3,54,90
3,301,90
25,175,90
47,209,90
47,320,90
55,225,90
68,82,90
79,251,90
82,68,90
101,169,90
119,278,90
127,230,90
147,225,90
150,267,90
161,177,90
169,101,90
175,25,90
177,161,90
208,275,90
225,55,90
225,147,90
230,127,90
251,79,90
258,30,90
267,150,90
275,208,90
278,119,90
307,129,90
311,112,90
3,54,91
22,125,91
24,25,91
25,24,91
43,238,91
50,221,91
68,221,91
70,75,91
77,255,91
82,50,91
82,68,91
82,221,91
96,129,91
96,307,91
106,294,91
125,22,91
129,96,91
129,307,91
175,235,91
176,224,91
189,200,91
200,189,91
208,291,91
212,254,91
220,306,91
221,50,91
221,68,91
221,82,91
235,175,91
254,212,91
255,77,91
275,149,91
290,319,91
294,106,91
306,220,91
307,96,91
307,129,91
319,290,91
1,119,92
3,301,92
11,72,92
30,74,92
31,43,92
37,154,92
43,31,92
43,238,92
50,82,92
72,11,92
74,30,92
78,205,92
79,187,92
79,297,92
82,50,92
82,221,92
98,110,92
110,98,92
110,198,92
119,1,92
131,250,92
133,236,92
140,60,92
154,37,92
187,79,92
187,297,92
205,78,92
209,320,92
214,299,92
223,257,92
236,133,92
250,131,92
258,279,92
279,258,92
297,79,92
297,187,92
299,214,92
307,96,92
320,209,92
6,280,93
8,76,93
23,174,93
31,63,93
43,31,93
43,63,93
50,68,93
50,82,93
50,221,93
55,147,93
59,224,93
63,43,93
68,50,93
68,82,93
76,8,93
79,187,93
82,50,93
82,68,93
82,221,93
104,193,93
118,178,93
147,55,93
174,23,93
176,59,93
178,118,93
187,79,93
187,297,93
193,104,93
221,50,93
221,82,93
224,59,93
280,6,93
307,129,93
312,314,93
313,316,93
314,312,93
316,313,93
320,47,93
320,209,93
14,144,94
19,88,94
21,46,94
24,175,94
46,21,94
50,68,94
55,252,94
68,50,94
68,82,94
68,221,94
71,323,94
74,251,94
79,105,94
82,68,94
82,221,94
88,19,94
89,308,94
97,163,94
104,263,94
105,79,94
116,277,94
117,321,94
144,14,94
147,252,94
163,97,94
167,289,94
175,24,94
221,68,94
221,82,94
224,280,94
251,74,94
252,147,94
256,281,94
277,116,94
279,231,94
280,224,94
281,256,94
289,167,94
308,89,94
313,95,94
321,117,94
323,71,94
14,273,95
23,24,95
24,23,95
24,175,95
31,43,95
43,31,95
43,63,95
50,52,95
52,50,95
55,147,95
65,157,95
68,82,95
68,221,95
74,258,95
79,187,95
79,297,95
82,68,95
82,221,95
95,316,95
104,193,95
110,98,95
122,227,95
142,281,95
147,55,95
157,65,95
175,235,95
179,210,95
179,265,95
187,79,95
187,297,95
210,179,95
210,265,95
221,68,95
221,82,95
227,122,95
231,222,95
245,272,95
258,74,95
265,210,95
272,245,95
281,142,95
281,256,95
297,79,95
297,187,95
313,316,95
316,95,95
316,313,95
322,268,95
1,293,96
4,133,96
4,281,96
6,224,96
8,162,96
21,203,96
23,174,96
24,235,96
25,175,96
31,63,96
38,222,96
43,31,96
47,209,96
51,53,96
51,283,96
52,82,96
53,51,96
53,283,96
55,194,96
61,185,96
63,31,96
81,199,96
82,52,96
82,221,96
95,313,96
95,316,96
104,263,96
117,161,96
117,321,96
129,232,96
133,4,96
144,237,96
148,149,96
149,148,96
157,272,96
161,117,96
162,8,96
175,24,96
175,25,96
184,138,96
185,61,96
194,55,96
199,81,96
209,47,96
211,309,96
221,68,96
221,82,96
222,38,96
224,6,96
224,280,96
232,129,96
233,262,96
235,24,96
237,144,96
247,316,96
249,304,96
262,233,96
265,179,96
265,210,96
269,288,96
272,157,96
272,245,96
281,4,96
281,256,96
283,51,96
283,53,96
288,269,96
293,1,96
304,249,96
309,211,96
313,95,96
313,316,96
316,95,96
316,247,96
316,313,96
8,76,97
14,144,97
17,18,97
18,17,97
23,24,97
23,174,97
24,23,97
24,174,97
34,321,97
39,318,97
69,83,97
69,219,97
79,187,97
83,219,97
95,247,97
110,198,97
117,161,97
120,205,97
134,218,97
144,14,97
144,237,97
144,273,97
152,302,97
168,318,97
174,24,97
175,235,97
179,210,97
187,79,97
187,297,97
205,120,97
210,179,97
210,265,97
218,134,97
219,69,97
219,83,97
221,68,97
221,82,97
224,6,97
225,252,97
235,175,97
237,273,97
247,95,97
252,225,97
272,157,97
273,144,97
273,237,97
281,4,97
302,152,97
318,39,97
318,168,97
321,34,97
24,235,98
25,174,98
39,168,98
39,318,98
41,67,98
56,247,98
67,41,98
72,283,98
79,297,98
83,191,98
83,219,98
93,165,98
104,193,98
138,182,98
144,14,98
165,93,98
168,39,98
168,318,98
174,25,98
174,175,98
174,235,98
175,174,98
175,235,98
182,138,98
191,83,98
193,263,98
206,296,98
210,179,98
210,265,98
235,24,98
235,174,98
235,175,98
247,56,98
263,193,98
283,72,98
296,206,98
297,79,98
297,187,98
318,39,98
318,168,98
3,280,99
24,175,99
36,298,99
39,168,99
49,319,99
83,191,99
87,102,99
102,87,99
104,263,99
168,39,99
172,271,99
174,25,99
175,24,99
175,235,99
183,205,99
193,104,99
205,183,99
217,300,99
218,285,99
222,231,99
263,104,99
271,172,99
273,306,99
277,287,99
280,3,99
285,218,99
287,277,99
297,79,99
298,36,99
300,217,99
306,273,99
319,49,99
3,301,100
11,53,100
21,46,100
38,197,100
39,318,100
48,106,100
50,82,100
53,11,100
82,50,100
105,297,100
106,48,100
130,316,100
175,24,100
197,38,100
206,277,100
214,245,100
214,299,100
245,214,100
245,299,100
277,206,100
297,105,100
299,245,100
316,130,100
318,39,100
