3,47,1
5,32,1
9,190,1
16,259,1
21,82,1
22,258,1
29,163,1
32,5,1
32,166,1
40,206,1
47,3,1
48,51,1
51,48,1
59,253,1
60,100,1
72,160,1
79,288,1
80,93,1
82,21,1
82,139,1
84,272,1
93,80,1
93,149,1
93,216,1
97,208,1
100,60,1
103,269,1
122,131,1
130,215,1
131,122,1
139,82,1
141,282,1
144,235,1
149,93,1
149,216,1
151,239,1
154,219,1
160,72,1
161,218,1
163,29,1
166,32,1
169,280,1
170,246,1
190,9,1
202,282,1
206,40,1
208,97,1
209,224,1
215,130,1
216,93,1
216,149,1
218,161,1
219,154,1
224,209,1
235,144,1
239,151,1
246,170,1
253,59,1
258,22,1
259,16,1
269,103,1
272,84,1
280,169,1
282,141,1
282,202,1
288,79,1
7,12,2
7,63,2
12,7,2
12,63,2
13,160,2
21,139,2
23,135,2
23,199,2
28,86,2
32,5,2
41,229,2
52,123,2
63,7,2
63,12,2
65,128,2
82,21,2
85,212,2
86,28,2
93,80,2
93,216,2
94,176,2
102,284,2
121,197,2
123,52,2
128,65,2
133,264,2
134,273,2
135,23,2
139,21,2
141,202,2
141,282,2
158,222,2
158,230,2
160,13,2
160,72,2
163,271,2
175,260,2
176,94,2
191,221,2
197,121,2
199,23,2
202,141,2
202,282,2
212,85,2
216,93,2
221,191,2
222,158,2
222,230,2
229,41,2
230,158,2
230,222,2
260,175,2
264,133,2
271,163,2
273,134,2
282,141,2
282,202,2
284,102,2
5,105,3
7,12,3
12,7,3
32,105,3
54,282,3
78,179,3
86,135,3
88,250,3
99,106,3
105,5,3
105,32,3
106,99,3
107,164,3
124,152,3
135,86,3
152,124,3
158,222,3
158,230,3
163,29,3
164,107,3
179,78,3
194,277,3
197,235,3
216,149,3
218,278,3
222,158,3
222,230,3
230,158,3
230,222,3
235,197,3
250,88,3
277,194,3
278,218,3
282,54,3
282,141,3
2,201,4
5,32,4
5,105,4
7,225,4
9,182,4
10,204,4
12,225,4
23,114,4
32,5,4
32,105,4
33,217,4
33,290,4
44,202,4
54,141,4
60,231,4
70,236,4
71,205,4
75,125,4
85,254,4
105,5,4
105,32,4
112,152,4
114,23,4
124,194,4
125,75,4
141,54,4
144,197,4
152,112,4
152,124,4
154,187,4
160,13,4
182,9,4
187,154,4
190,287,4
194,124,4
194,277,4
197,144,4
201,2,4
202,44,4
204,10,4
205,71,4
217,33,4
218,161,4
218,278,4
225,7,4
225,12,4
231,60,4
236,70,4
254,85,4
262,289,4
287,190,4
289,262,4
290,33,4
5,15,5
6,74,5
15,5,5
36,121,5
36,259,5
40,100,5
49,188,5
56,79,5
60,210,5
74,6,5
79,56,5
82,147,5
86,28,5
100,40,5
112,124,5
118,258,5
121,36,5
124,112,5
124,152,5
147,82,5
160,72,5
188,49,5
188,242,5
210,60,5
210,231,5
218,161,5
225,7,5
225,12,5
231,210,5
238,274,5
242,188,5
257,260,5
258,118,5
259,36,5
260,257,5
274,238,5
6,191,6
9,268,6
31,193,6
34,270,6
36,121,6
40,231,6
54,282,6
96,129,6
111,124,6
121,235,6
124,111,6
124,112,6
128,166,6
129,96,6
145,167,6
166,128,6
167,145,6
178,281,6
187,219,6
191,6,6
193,31,6
210,60,6
217,290,6
219,187,6
225,7,6
230,158,6
231,40,6
235,121,6
245,265,6
258,22,6
265,245,6
268,9,6
270,34,6
281,178,6
282,54,6
290,217,6
5,32,7
9,182,7
12,285,7
15,32,7
15,105,7
28,135,7
32,5,7
32,15,7
32,105,7
54,262,7
54,282,7
60,231,7
61,159,7
62,256,7
68,158,7
79,284,7
105,15,7
105,32,7
112,152,7
121,36,7
124,111,7
135,28,7
139,251,7
141,202,7
152,112,7
152,277,7
158,68,7
159,61,7
197,235,7
202,141,7
231,60,7
235,197,7
251,139,7
256,62,7
258,118,7
262,54,7
277,152,7
277,194,7
284,79,7
285,12,7
7,12,8
12,7,8
15,32,8
15,105,8
23,86,8
24,81,8
28,86,8
28,135,8
30,69,8
32,15,8
32,105,8
56,265,8
60,210,8
69,30,8
71,150,8
79,56,8
79,245,8
79,265,8
79,284,8
81,24,8
86,23,8
86,28,8
102,245,8
105,15,8
105,32,8
112,277,8
117,263,8
121,197,8
123,170,8
146,261,8
150,71,8
152,112,8
170,123,8
197,121,8
210,231,8
231,40,8
231,210,8
245,79,8
245,102,8
245,265,8
261,146,8
263,117,8
265,56,8
265,79,8
265,245,8
277,112,8
277,194,8
4,188,9
10,247,9
13,171,9
15,32,9
15,105,9
26,192,9
29,271,9
32,15,9
37,144,9
48,194,9
54,262,9
56,79,9
56,265,9
56,288,9
66,212,9
79,56,9
79,265,9
79,288,9
86,23,9
96,217,9
105,15,9
112,152,9
116,285,9
121,36,9
121,259,9
136,169,9
144,37,9
148,289,9
165,186,9
169,136,9
171,13,9
184,260,9
186,165,9
188,4,9
192,26,9
194,48,9
212,66,9
217,96,9
243,269,9
247,10,9
259,121,9
260,184,9
265,56,9
265,79,9
265,245,9
269,243,9
271,29,9
284,288,9
285,116,9
288,56,9
288,79,9
288,284,9
289,148,9
4,115,10
7,225,10
15,32,10
54,282,10
56,265,10
56,284,10
56,288,10
87,143,10
104,206,10
115,4,10
121,36,10
121,197,10
121,259,10
143,87,10
163,271,10
201,210,10
206,104,10
210,201,10
265,56,10
265,245,10
265,288,10
271,163,10
284,56,10
288,56,10
288,265,10
8,136,11
29,73,11
53,183,11
56,265,11
56,284,11
66,108,11
73,29,11
79,102,11
87,211,11
88,186,11
102,79,11
103,178,11
108,66,11
136,8,11
155,230,11
178,103,11
183,53,11
186,88,11
201,231,11
202,282,11
211,87,11
230,155,11
231,201,11
265,56,11
265,284,11
282,202,11
284,265,11
5,105,12
12,63,12
14,110,12
15,157,12
20,185,12
25,227,12
56,102,12
56,265,12
56,284,12
60,231,12
66,212,12
67,228,12
85,268,12
94,242,12
96,290,12
99,266,12
102,56,12
102,245,12
103,281,12
105,5,12
110,14,12
112,194,12
115,188,12
121,36,12
121,197,12
123,246,12
157,15,12
178,281,12
185,20,12
188,115,12
194,112,12
197,259,12
201,210,12
227,25,12
228,67,12
231,60,12
242,94,12
245,102,12
246,123,12
252,276,12
259,197,12
265,56,12
265,284,12
265,288,12
266,99,12
268,85,12
276,252,12
281,103,12
281,178,12
284,56,12
284,265,12
284,288,12
288,284,12
290,96,12
25,178,13
39,107,13
56,102,13
56,265,13
64,144,13
67,237,13
82,111,13
87,143,13
90,258,13
93,80,13
102,56,13
102,265,13
105,128,13
107,39,13
108,244,13
111,82,13
121,36,13
121,197,13
128,105,13
128,166,13
129,290,13
131,218,13
144,64,13
149,190,13
170,252,13
178,25,13
187,189,13
189,187,13
189,219,13
190,149,13
197,121,13
204,247,13
218,131,13
218,161,13
219,189,13
237,67,13
244,108,13
245,284,13
247,204,13
252,170,13
258,90,13
265,56,13
265,102,13
265,288,13
284,245,13
284,288,13
288,265,13
288,284,13
290,129,13
3,55,14
21,82,14
25,281,14
35,118,14
36,234,14
55,3,14
55,152,14
56,89,14
56,265,14
57,116,14
60,100,14
60,231,14
67,228,14
67,237,14
82,21,14
89,56,14
89,265,14
90,174,14
100,60,14
101,143,14
102,245,14
102,284,14
103,178,14
105,166,14
115,4,14
116,57,14
118,35,14
121,36,14
121,234,14
123,170,14
136,209,14
143,101,14
152,55,14
154,219,14
166,105,14
170,123,14
174,90,14
178,103,14
178,227,14
182,232,14
209,136,14
218,131,14
219,154,14
219,189,14
227,178,14
232,182,14
234,36,14
234,121,14
245,102,14
245,284,14
252,276,14
265,56,14
265,89,14
265,288,14
281,25,14
284,102,14
284,245,14
288,265,14
3,152,15
5,166,15
23,122,15
36,121,15
45,82,15
54,262,15
56,89,15
81,108,15
82,45,15
87,101,15
87,143,15
89,56,15
101,87,15
102,245,15
102,284,15
102,288,15
108,81,15
112,277,15
121,36,15
122,23,15
129,151,15
143,87,15
151,129,15
152,3,15
166,5,15
166,105,15
201,231,15
202,141,15
202,282,15
231,201,15
245,102,15
245,284,15
245,288,15
260,175,15
277,112,15
284,102,15
284,245,15
284,288,15
288,102,15
288,245,15
288,284,15
14,37,16
14,110,16
20,233,16
25,178,16
25,281,16
30,168,16
36,234,16
37,14,16
37,110,16
48,112,16
56,288,16
57,285,16
73,163,16
89,265,16
102,265,16
110,37,16
112,48,16
112,194,16
119,247,16
131,161,16
152,55,16
161,131,16
163,73,16
166,5,16
166,105,16
168,30,16
178,25,16
178,281,16
217,279,16
219,154,16
233,20,16
234,36,16
245,284,16
247,119,16
265,89,16
265,102,16
265,288,16
279,217,16
281,178,16
284,245,16
285,57,16
288,56,16
288,265,16
4,188,17
12,184,17
14,37,17
14,42,17
14,110,17
18,76,17
37,14,17
37,110,17
39,92,17
42,14,17
69,238,17
76,18,17
92,39,17
100,231,17
102,288,17
108,244,17
110,14,17
110,37,17
112,48,17
115,188,17
128,250,17
135,199,17
184,12,17
188,4,17
188,115,17
197,259,17
199,135,17
219,189,17
231,100,17
238,69,17
250,128,17
265,102,17
278,280,17
280,278,17
288,102,17
290,96,17
5,105,18
7,187,18
7,225,18
14,42,18
15,32,18
31,275,18
42,110,18
48,277,18
58,64,18
62,140,18
64,58,18
78,166,18
85,287,18
105,5,18
106,249,18
108,81,18
108,244,18
110,42,18
117,272,18
134,191,18
136,169,18
136,209,18
137,139,18
139,137,18
140,62,18
158,256,18
162,213,18
166,78,18
169,209,18
187,7,18
187,225,18
188,242,18
191,134,18
208,253,18
209,169,18
213,162,18
219,154,18
219,189,18
225,187,18
242,188,18
249,106,18
253,208,18
256,158,18
272,117,18
275,31,18
277,48,18
287,85,18
14,110,19
15,78,19
20,185,19
23,86,19
53,286,19
78,15,19
80,149,19
85,268,19
105,128,19
108,81,19
110,14,19
110,37,19
110,42,19
112,277,19
128,105,19
131,218,19
149,80,19
154,189,19
154,219,19
170,246,19
182,275,19
189,154,19
189,219,19
209,136,19
210,272,19
219,154,19
219,189,19
246,170,19
246,252,19
252,246,19
268,287,19
272,210,19
275,182,19
277,112,19
286,53,19
287,268,19
15,32,20
15,78,20
19,172,20
48,51,20
51,194,20
56,102,20
86,122,20
92,107,20
102,56,20
105,5,20
105,128,20
107,92,20
122,86,20
136,169,20
136,209,20
154,187,20
154,219,20
165,185,20
169,136,20
172,19,20
181,223,20
185,165,20
187,154,20
187,225,20
194,51,20
198,203,20
203,198,20
219,154,20
219,189,20
221,283,20
223,181,20
225,7,20
225,187,20
283,221,20
7,189,21
7,219,21
7,225,21
15,32,21
25,215,21
39,107,21
48,194,21
56,89,21
56,102,21
64,144,21
77,195,21
79,245,21
89,56,21
98,216,21
107,39,21
107,92,21
110,14,21
110,42,21
136,169,21
154,189,21
154,219,21
186,241,21
189,7,21
189,154,21
189,219,21
189,225,21
192,206,21
194,48,21
194,51,21
195,77,21
206,192,21
215,25,21
216,98,21
219,7,21
219,154,21
219,189,21
219,225,21
225,7,21
225,189,21
225,219,21
231,40,21
241,186,21
245,79,21
5,65,22
5,128,22
10,26,22
21,251,22
26,10,22
31,193,22
45,55,22
45,82,22
48,112,22
50,95,22
55,45,22
55,82,22
65,5,22
82,55,22
85,232,22
95,50,22
108,211,22
112,48,22
124,152,22
128,5,22
141,282,22
152,124,22
154,189,22
169,209,22
189,154,22
209,169,22
211,108,22
232,85,22
246,170,22
251,21,22
282,141,22
3,261,23
22,174,23
55,111,23
55,124,23
65,128,23
65,250,23
68,256,23
71,173,23
90,258,23
96,129,23
111,55,23
124,55,23
128,65,23
128,250,23
129,96,23
173,71,23
174,22,23
187,189,23
189,187,23
189,219,23
219,189,23
219,225,23
231,100,23
250,65,23
250,128,23
256,68,23
256,158,23
261,3,23
68,158,24
68,256,24
82,45,24
85,182,24
86,23,24
158,68,24
158,256,24
178,207,24
182,85,24
207,178,24
207,215,24
215,207,24
219,189,24
250,65,24
256,68,24
256,158,24
3,152,25
48,245,25
49,198,25
68,158,25
68,256,25
73,168,25
84,263,25
92,164,25
94,140,25
97,253,25
110,235,25
110,248,25
112,194,25
138,236,25
140,94,25
141,202,25
152,3,25
158,68,25
164,92,25
168,73,25
182,275,25
194,112,25
198,49,25
201,2,25
202,141,25
207,178,25
215,281,25
219,225,25
235,110,25
235,248,25
236,138,25
245,48,25
248,110,25
248,235,25
253,97,25
254,287,25
256,68,25
263,84,25
281,215,25
287,254,25
10,119,26
11,52,26
12,63,26
14,42,26
14,110,26
31,214,26
40,100,26
42,14,26
42,110,26
42,248,26
52,11,26
54,202,26
62,158,26
65,128,26
66,254,26
66,287,26
68,158,26
79,288,26
100,40,26
107,164,26
110,14,26
110,42,26
119,10,26
128,65,26
133,239,26
154,187,26
158,62,26
158,68,26
160,169,26
164,107,26
169,160,26
187,154,26
202,54,26
214,31,26
216,243,26
239,133,26
243,216,26
248,42,26
248,235,26
254,66,26
254,287,26
273,283,26
283,273,26
287,66,26
287,254,26
288,79,26
9,232,27
10,26,27
14,42,27
17,139,27
27,274,27
28,122,27
36,121,27
37,42,27
37,248,27
40,231,27
42,14,27
42,37,27
51,79,27
51,112,27
79,51,27
100,231,27
101,227,27
103,281,27
108,81,27
110,248,27
112,51,27
114,127,27
122,28,27
127,114,27
134,273,27
139,17,27
158,62,27
172,213,27
213,172,27
219,189,27
227,101,27
231,40,27
231,100,27
232,9,27
248,37,27
248,110,27
273,134,27
274,27,27
281,103,27
9,182,28
21,139,28
36,234,28
42,14,28
48,79,28
61,91,28
79,48,28
91,61,28
139,21,28
163,168,28
168,163,28
182,9,28
185,20,28
189,225,28
194,277,28
206,265,28
209,224,28
225,189,28
246,276,28
265,206,28
276,246,28
277,194,28
8,209,29
16,197,29
37,42,29
40,60,29
42,37,29
51,288,29
60,40,29
60,231,29
70,264,29
89,111,29
89,245,29
111,89,29
111,245,29
193,214,29
197,16,29
209,8,29
214,193,29
231,60,29
232,268,29
245,89,29
245,111,29
264,70,29
268,232,29
273,283,29
287,66,29
288,51,29
4,115,30
14,37,30
36,121,30
36,234,30
37,14,30
37,42,30
37,110,30
42,110,30
42,248,30
48,51,30
51,48,30
53,183,30
56,79,30
62,94,30
62,158,30
79,56,30
89,111,30
94,62,30
109,228,30
110,37,30
110,42,30
111,89,30
111,245,30
115,4,30
124,261,30
147,251,30
175,189,30
189,175,30
192,265,30
228,109,30
248,42,30
251,147,30
261,124,30
265,192,30
5,65,31
7,241,31
37,42,31
37,110,31
42,37,31
56,89,31
62,94,31
62,158,31
65,5,31
89,56,31
94,158,31
96,290,31
110,37,31
124,55,31
127,135,31
135,127,31
136,278,31
158,94,31
213,162,31
241,7,31
278,136,31
278,283,31
283,278,31
6,187,32
7,225,32
17,21,32
21,17,32
37,42,32
51,79,32
79,51,32
87,148,32
112,152,32
148,87,32
152,112,32
169,171,32
171,169,32
187,6,32
196,275,32
197,248,32
210,231,32
225,7,32
231,210,32
248,197,32
275,196,32
15,105,33
17,139,33
21,139,33
48,79,33
51,48,33
51,79,33
52,205,33
79,48,33
79,51,33
101,143,33
105,15,33
114,135,33
135,114,33
135,127,33
139,17,33
139,21,33
141,282,33
143,101,33
168,30,33
175,219,33
192,206,33
205,52,33
206,192,33
210,272,33
213,172,33
219,175,33
219,260,33
228,237,33
231,272,33
237,228,33
260,219,33
272,231,33
7,241,34
17,21,34
21,17,34
21,139,34
68,94,34
79,48,34
79,51,34
94,68,34
98,243,34
114,127,34
127,114,34
127,135,34
136,283,34
152,245,34
157,179,34
158,62,34
168,73,34
169,160,34
175,260,34
178,215,34
179,157,34
189,219,34
189,260,34
213,162,34
215,178,34
219,175,34
219,189,34
219,260,34
243,98,34
245,152,34
260,175,34
260,189,34
260,219,34
268,287,34
283,136,34
287,268,34
2,41,35
25,130,35
32,105,35
41,2,35
51,56,35
56,51,35
56,79,35
60,100,35
60,210,35
62,94,35
62,158,35
67,99,35
79,56,35
94,62,35
99,67,35
100,60,35
100,210,35
105,32,35
112,245,35
113,151,35
127,114,35
127,135,35
130,25,35
151,113,35
152,112,35
175,219,35
175,260,35
180,236,35
189,241,35
189,260,35
191,273,35
192,265,35
210,60,35
210,100,35
215,281,35
219,175,35
219,260,35
236,180,35
241,189,35
245,111,35
245,112,35
260,175,35
260,189,35
260,219,35
273,191,35
281,215,35
2,201,36
5,135,36
7,225,36
10,247,36
17,139,36
32,179,36
33,76,36
62,94,36
76,33,36
82,251,36
89,111,36
89,245,36
101,227,36
105,15,36
111,89,36
111,245,36
112,152,36
127,114,36
135,5,36
139,17,36
139,21,36
167,184,36
179,32,36
181,220,36
184,167,36
189,241,36
189,260,36
191,209,36
209,191,36
210,60,36
215,178,36
215,281,36
220,181,36
241,260,36
245,89,36
245,111,36
247,10,36
251,82,36
260,189,36
260,219,36
260,241,36
14,42,37
17,21,37
18,155,37
21,17,37
21,139,37
42,14,37
48,56,37
49,158,37
52,11,37
56,48,37
56,89,37
63,274,37
82,124,37
89,56,37
89,245,37
94,68,37
101,143,37
124,82,37
138,180,37
155,18,37
156,192,37
158,49,37
180,138,37
189,241,37
192,156,37
192,265,37
197,16,37
210,100,37
241,189,37
245,89,37
245,111,37
251,147,37
260,175,37
274,63,37
3,47,38
5,127,38
7,241,38
21,17,38
21,139,38
48,89,38
53,274,38
60,40,38
75,267,38
89,48,38
89,56,38
119,247,38
127,5,38
127,114,38
136,169,38
141,215,38
169,136,38
169,160,38
174,239,38
175,219,38
183,285,38
192,156,38
197,248,38
215,141,38
219,175,38
239,174,38
241,7,38
241,189,38
247,119,38
267,75,38
274,53,38
285,183,38
6,189,39
6,241,39
15,157,39
21,17,39
41,201,39
48,56,39
48,245,39
51,79,39
56,48,39
56,245,39
57,186,39
79,51,39
86,122,39
88,225,39
89,152,39
103,207,39
104,284,39
107,234,39
122,86,39
132,284,39
136,160,39
136,169,39
152,89,39
156,265,39
157,15,39
160,136,39
169,136,39
175,260,39
186,57,39
189,6,39
189,241,39
191,283,39
192,265,39
193,275,39
201,41,39
207,103,39
215,281,39
225,88,39
234,107,39
241,6,39
241,189,39
245,48,39
245,56,39
265,156,39
265,192,39
275,193,39
283,191,39
284,104,39
284,132,39
6,189,40
10,119,40
47,142,40
48,56,40
56,48,40
56,245,40
86,23,40
88,154,40
88,225,40
101,108,40
108,101,40
119,10,40
136,160,40
142,47,40
154,88,40
159,218,40
162,172,40
162,213,40
172,162,40
189,6,40
189,241,40
195,279,40
209,283,40
215,141,40
218,159,40
234,36,40
234,107,40
265,156,40
279,195,40
283,209,40
1,221,41
21,251,41
25,269,41
36,177,41
36,234,41
56,48,41
136,169,41
149,232,41
160,72,41
162,172,41
162,213,41
172,213,41
177,36,41
177,234,41
189,6,41
193,214,41
213,172,41
219,223,41
221,1,41
223,219,41
232,149,41
234,36,41
234,177,41
244,287,41
251,21,41
269,25,41
287,244,41
17,251,42
21,17,42
21,251,42
24,45,42
41,231,42
45,24,42
61,218,42
81,211,42
88,154,42
88,225,42
125,267,42
140,242,42
162,172,42
162,213,42
170,276,42
172,162,42
172,213,42
185,250,42
189,241,42
211,81,42
213,162,42
213,172,42
214,275,42
218,61,42
231,41,42
234,36,42
234,177,42
242,140,42
250,185,42
251,17,42
251,21,42
267,125,42
275,214,42
276,170,42
14,110,43
17,21,43
21,17,43
26,229,43
51,288,43
55,261,43
64,248,43
90,174,43
110,14,43
136,160,43
157,179,43
160,136,43
168,163,43
174,90,43
175,189,43
179,157,43
189,175,43
214,193,43
228,109,43
229,26,43
239,133,43
241,7,43
248,64,43
251,147,43
261,55,43
263,288,43
276,246,43
284,104,43
288,263,43
17,147,44
21,147,44
27,163,44
27,168,44
30,43,44
32,157,44
32,179,44
43,30,44
48,111,44
49,256,44
55,89,44
55,261,44
78,166,44
79,152,44
89,55,44
89,152,44
94,62,44
111,48,44
147,17,44
147,21,44
152,79,44
152,89,44
152,112,44
157,32,44
157,179,44
160,72,44
163,27,44
163,168,44
165,233,44
168,27,44
168,163,44
175,223,44
179,32,44
179,157,44
188,198,44
198,188,44
223,175,44
233,165,44
256,49,44
276,170,44
5,65,45
20,165,45
32,157,45
51,102,45
72,171,45
79,112,45
79,152,45
94,68,45
102,51,45
112,79,45
121,234,45
133,174,45
133,239,45
138,264,45
147,17,45
152,79,45
157,32,45
157,179,45
158,256,45
160,169,45
165,20,45
168,27,45
169,160,45
171,72,45
174,133,45
225,241,45
234,121,45
234,177,45
241,225,45
249,266,45
256,158,45
264,138,45
266,249,45
17,251,46
18,153,46
82,148,46
90,133,46
90,174,46
93,149,46
94,62,46
102,288,46
112,152,46
112,261,46
128,166,46
133,90,46
133,239,46
134,209,46
136,169,46
148,82,46
149,93,46
152,112,46
152,261,46
153,18,46
157,32,46
157,179,46
160,136,46
160,169,46
162,172,46
166,128,46
169,136,46
169,160,46
172,162,46
174,90,46
197,259,46
200,265,46
201,2,46
209,134,46
251,17,46
261,112,46
261,152,46
265,200,46
288,102,46
7,189,47
20,233,47
21,251,47
51,245,47
100,272,47
102,263,47
102,288,47
124,148,47
148,124,47
175,241,47
189,7,47
223,219,47
233,20,47
241,175,47
241,225,47
245,51,47
251,21,47
261,112,47
263,102,47
272,100,47
283,191,47
5,135,48
12,260,48
36,141,48
48,148,48
82,251,48
91,159,48
102,263,48
102,288,48
141,36,48
148,48,48
148,251,48
159,91,48
165,183,48
165,233,48
175,225,48
183,165,48
201,231,48
202,262,48
225,175,48
231,201,48
233,165,48
251,82,48
251,148,48
260,12,48
262,202,48
275,196,48
5,65,49
5,135,49
7,175,49
14,39,49
23,122,49
24,146,49
37,144,49
39,14,49
48,251,49
55,89,49
60,272,49
89,55,49
102,263,49
114,280,49
122,23,49
144,37,49
146,24,49
148,48,49
170,246,49
175,7,49
175,225,49
214,275,49
246,170,49
251,48,49
272,60,49
275,214,49
280,114,49
287,66,49
7,189,50
21,147,50
48,148,50
61,159,50
61,218,50
64,259,50
68,256,50
82,124,50
84,277,50
85,268,50
87,282,50
102,245,50
118,236,50
124,82,50
139,202,50
147,21,50
149,190,50
156,200,50
156,265,50
157,32,50
159,61,50
159,91,50
165,183,50
166,78,50
200,156,50
202,139,50
225,241,50
236,118,50
238,286,50
245,102,50
245,263,50
256,68,50
259,64,50
263,245,50
265,156,50
268,85,50
275,196,50
277,84,50
282,87,50
286,238,50
7,225,51
11,205,51
57,116,51
61,91,51
61,159,51
66,211,51
66,287,51
91,61,51
91,159,51
102,206,51
102,245,51
102,263,51
136,191,51
141,215,51
142,194,51
159,61,51
159,91,51
172,213,51
177,197,51
177,259,51
191,136,51
194,142,51
197,177,51
197,259,51
205,11,51
206,102,51
211,66,51
225,7,51
225,241,51
245,102,51
259,177,51
259,197,51
263,102,51
7,175,52
20,183,52
40,104,52
45,55,52
45,124,52
48,111,52
55,45,52
55,89,52
64,107,52
66,211,52
68,158,52
68,256,52
71,145,52
96,217,52
104,40,52
107,64,52
120,242,52
124,45,52
136,278,52
141,36,52
141,215,52
145,71,52
158,68,52
158,256,52
159,218,52
162,188,52
166,128,52
175,7,52
177,197,52
183,20,52
187,189,52
188,162,52
189,187,52
197,177,52
217,96,52
218,159,52
234,121,52
240,279,52
242,120,52
256,158,52
278,136,52
279,240,52
16,110,53
29,30,53
30,29,53
32,105,53
48,148,53
51,263,53
56,112,53
68,158,53
98,269,53
102,206,53
105,32,53
107,177,53
110,16,53
112,56,53
141,36,53
158,68,53
159,204,53
165,233,53
177,107,53
202,262,53
204,159,53
206,245,53
245,206,53
263,51,53
269,98,53
7,189,54
11,52,54
12,186,54
13,169,54
20,255,54
42,110,54
45,82,54
45,124,54
48,251,54
64,234,54
69,163,54
75,125,54
82,45,54
82,124,54
107,64,54
110,42,54
124,82,54
125,75,54
163,69,54
169,13,54
175,225,54
186,12,54
186,260,54
189,7,54
211,268,54
211,287,54
225,175,54
231,272,54
234,64,54
255,20,54
260,186,54
268,211,54
272,231,54
287,211,54
48,148,55
56,152,55
56,261,55
88,189,55
107,177,55
112,152,55
114,135,55
114,280,55
124,45,55
135,114,55
152,56,55
152,112,55
157,179,55
173,235,55
189,88,55
214,193,55
231,41,55
235,173,55
261,56,55
268,85,55
4,242,56
12,260,56
48,251,56
60,231,56
66,244,56
66,268,56
70,216,56
112,263,56
116,185,56
136,160,56
152,263,56
158,256,56
160,136,56
160,278,56
185,116,56
186,12,56
186,260,56
195,240,56
216,70,56
231,60,56
240,195,56
242,4,56
244,66,56
260,12,56
260,186,56
263,112,56
263,152,56
268,66,56
278,160,56
12,186,57
12,260,57
21,289,57
32,157,57
47,81,57
48,148,57
49,158,57
58,273,57
62,140,57
70,264,57
81,47,57
85,287,57
96,290,57
100,210,57
107,259,57
110,16,57
116,57,57
116,185,57
140,62,57
157,32,57
158,49,57
160,136,57
172,19,57
186,12,57
211,254,57
225,241,57
231,41,57
237,249,57
249,237,57
254,211,57
259,107,57
260,12,57
264,70,57
268,85,57
273,58,57
287,85,57
289,21,57
21,147,58
32,179,58
48,251,58
85,268,58
86,199,58
158,188,58
179,32,58
188,158,58
199,86,58
242,120,58
261,263,58
263,112,58
263,261,58
7,187,59
17,21,59
17,147,59
21,17,59
21,147,59
24,101,59
32,157,59
72,265,59
87,178,59
87,282,59
98,243,59
101,24,59
105,157,59
112,152,59
112,261,59
147,17,59
147,21,59
152,112,59
157,105,59
178,87,59
178,282,59
186,260,59
187,7,59
188,162,59
201,272,59
260,186,59
261,112,59
264,138,59
265,72,59
272,201,59
282,178,59
23,199,60
55,56,60
55,89,60
56,55,60
56,89,60
62,94,60
70,138,60
87,178,60
89,56,60
101,108,60
106,271,60
112,152,60
112,261,60
116,57,60
133,151,60
138,70,60
147,17,60
147,21,60
151,133,60
152,261,60
155,230,60
166,78,60
171,278,60
178,87,60
199,23,60
202,54,60
212,244,60
218,131,60
225,175,60
231,60,60
244,212,60
260,12,60
261,152,60
271,106,60
278,171,60
16,259,61
23,86,61
41,201,61
49,188,61
51,245,61
55,56,61
56,55,61
56,89,61
57,250,61
58,209,61
68,140,61
69,73,61
73,69,61
86,23,61
98,269,61
107,177,61
112,152,61
112,261,61
116,250,61
133,239,61
135,5,61
138,264,61
140,68,61
152,112,61
186,241,61
188,49,61
201,41,61
209,58,61
241,186,61
245,51,61
250,57,61
250,116,61
259,16,61
261,112,61
277,288,61
288,277,61
19,198,62
20,233,62
25,243,62
51,102,62
51,245,62
93,268,62
98,227,62
98,269,62
102,51,62
107,197,62
148,251,62
149,244,62
170,123,62
197,107,62
198,19,62
227,98,62
227,269,62
233,20,62
234,121,62
243,25,62
244,149,62
244,212,62
246,276,62
251,148,62
268,93,62
269,227,62
276,246,62
20,165,63
21,262,63
51,102,63
51,245,63
55,261,63
65,136,63
85,287,63
98,227,63
98,269,63
102,245,63
111,137,63
113,239,63
136,65,63
137,111,63
149,212,63
149,244,63
165,20,63
165,183,63
182,275,63
183,165,63
212,149,63
227,98,63
227,269,63
234,64,63
239,113,63
242,4,63
244,149,63
245,102,63
261,55,63
262,21,63
269,98,63
269,227,63
275,182,63
277,84,63
16,248,64
20,233,64
21,147,64
41,60,64
41,201,64
51,102,64
51,245,64
60,41,64
60,201,64
78,179,64
100,231,64
102,51,64
102,245,64
127,283,64
133,258,64
149,212,64
149,244,64
151,239,64
158,162,64
162,158,64
165,20,64
179,78,64
201,60,64
223,241,64
223,260,64
231,100,64
239,151,64
241,223,64
245,51,64
245,102,64
248,16,64
258,133,64
260,223,64
269,98,64
269,227,64
275,196,64
283,127,64
21,262,65
54,139,65
62,140,65
116,154,65
122,199,65
139,54,65
140,62,65
149,212,65
149,244,65
154,116,65
199,122,65
211,287,65
212,244,65
223,241,65
244,212,65
245,51,65
245,102,65
261,112,65
287,211,65
4,120,66
16,107,66
16,234,66
60,100,66
85,211,66
85,287,66
94,176,66
100,60,66
100,231,66
107,16,66
112,152,66
120,4,66
127,191,66
149,212,66
175,219,66
188,256,66
191,127,66
211,85,66
211,287,66
212,149,66
212,244,66
219,175,66
234,16,66
245,51,66
256,188,66
269,98,66
277,288,66
287,85,66
287,211,66
1,74,67
16,107,67
40,60,67
55,152,67
55,263,67
60,40,67
60,100,67
68,158,67
74,1,67
96,113,67
96,133,67
100,60,67
100,231,67
107,234,67
113,96,67
113,133,67
121,202,67
124,148,67
131,159,67
133,96,67
133,113,67
144,220,67
148,124,67
152,55,67
158,68,67
159,131,67
178,215,67
201,272,67
202,121,67
212,149,67
213,242,67
215,178,67
220,144,67
234,107,67
242,213,67
250,57,67
263,55,67
287,85,67
287,211,67
15,78,68
22,129,68
37,248,68
55,261,68
66,287,68
68,120,68
78,15,68
85,211,68
85,287,68
96,113,68
96,133,68
100,60,68
107,16,68
112,261,68
113,96,68
120,68,68
129,22,68
133,96,68
134,273,68
147,282,68
157,32,68
169,224,68
211,85,68
224,169,68
234,248,68
248,37,68
248,234,68
261,55,68
261,112,68
273,134,68
282,147,68
287,66,68
287,85,68
14,197,69
32,105,69
32,157,69
37,234,69
40,272,69
47,3,69
49,158,69
57,116,69
63,185,69
77,240,69
84,288,69
93,287,69
105,32,69
109,249,69
110,42,69
113,133,69
113,239,69
116,57,69
124,251,69
133,113,69
156,192,69
158,49,69
185,63,69
192,156,69
197,14,69
234,37,69
239,113,69
240,77,69
241,260,69
249,109,69
249,237,69
251,124,69
260,241,69
272,40,69
287,93,69
288,84,69
32,105,70
32,157,70
45,251,70
66,85,70
84,277,70
85,66,70
93,211,70
96,239,70
105,157,70
107,220,70
124,148,70
130,281,70
157,105,70
190,287,70
201,2,70
211,93,70
211,268,70
220,107,70
220,144,70
239,96,70
251,45,70
268,211,70
277,84,70
281,130,70
287,190,70
25,281,71
40,60,71
41,272,71
60,40,71
96,133,71
107,248,71
120,162,71
122,218,71
133,96,71
162,120,71
218,122,71
220,248,71
226,255,71
248,107,71
248,220,71
255,226,71
261,55,71
272,41,71
281,25,71
5,28,72
17,45,72
28,5,72
32,105,72
36,54,72
37,121,72
45,17,72
54,36,72
57,250,72
66,93,72
66,268,72
82,148,72
93,66,72
96,113,72
96,133,72
105,32,72
105,157,72
113,96,72
121,37,72
121,141,72
124,82,72
124,148,72
141,121,72
141,202,72
148,82,72
148,124,72
154,189,72
176,230,72
189,154,72
202,141,72
212,287,72
220,144,72
220,248,72
222,279,72
230,176,72
234,248,72
244,287,72
248,234,72
249,109,72
268,66,72
268,211,72
279,222,72
281,130,72
287,212,72
287,244,72
3,56,73
23,199,73
55,152,73
56,3,73
58,134,73
58,209,73
66,93,73
66,268,73
82,124,73
85,93,73
85,268,73
93,85,73
93,268,73
96,113,73
105,32,73
105,157,73
109,228,73
111,169,73
112,124,73
124,82,73
124,112,73
133,151,73
134,58,73
136,171,73
151,133,73
158,256,73
169,111,73
171,136,73
176,94,73
178,207,73
182,211,73
190,212,73
199,23,73
207,178,73
211,182,73
212,190,73
220,144,73
245,102,73
256,158,73
268,66,73
268,85,73
268,93,73
7,186,74
23,86,74
28,114,74
64,103,74
66,85,74
85,66,74
85,93,74
89,146,74
93,85,74
103,64,74
112,261,74
114,28,74
133,258,74
137,169,74
146,89,74
148,251,74
153,155,74
155,153,74
169,137,74
186,7,74
251,148,74
261,112,74
3,79,75
10,229,75
18,246,75
23,199,75
75,126,75
79,3,75
85,66,75
93,268,75
111,224,75
116,250,75
118,216,75
126,75,75
141,121,75
141,202,75
182,196,75
196,182,75
209,273,75
216,118,75
224,111,75
229,10,75
246,18,75
250,116,75
256,188,75
273,209,75
19,172,76
25,130,76
57,116,76
77,195,76
93,212,76
93,268,76
96,290,76
112,251,76
113,133,76
116,57,76
116,250,76
120,140,76
121,202,76
122,171,76
122,218,76
130,25,76
130,281,76
133,113,76
134,273,76
140,120,76
141,121,76
171,122,76
171,218,76
190,244,76
195,77,76
197,259,76
202,121,76
212,93,76
212,268,76
218,171,76
223,260,76
244,190,76
251,112,76
256,158,76
259,197,76
260,223,76
268,212,76
273,134,76
273,209,76
16,259,77
23,86,77
27,73,77
49,162,77
51,102,77
57,250,77
65,191,77
73,27,77
102,51,77
116,57,77
116,250,77
121,141,77
162,49,77
171,136,77
171,218,77
191,65,77
191,127,77
197,14,77
222,230,77
230,222,77
230,240,77
240,230,77
250,57,77
250,116,77
259,16,77
14,259,78
17,148,78
43,99,78
55,245,78
57,116,78
57,250,78
58,273,78
79,142,78
99,43,78
116,57,78
116,250,78
129,217,78
142,79,78
148,17,78
152,261,78
171,136,78
172,198,78
191,65,78
197,259,78
198,172,78
217,129,78
218,122,78
228,237,78
237,228,78
244,287,78
245,55,78
250,57,78
250,116,78
259,14,78
259,197,78
261,152,78
273,58,78
53,63,79
62,94,79
63,53,79
64,177,79
66,212,79
68,158,79
68,162,79
94,62,79
96,239,79
112,261,79
118,236,79
158,68,79
158,162,79
162,68,79
162,158,79
177,64,79
212,66,79
231,272,79
244,190,79
261,112,79
261,152,79
263,277,79
272,231,79
273,209,79
277,263,79
14,197,80
19,198,80
40,41,80
41,40,80
56,146,80
57,189,80
58,209,80
58,273,80
62,120,80
77,176,80
118,216,80
118,236,80
119,229,80
120,62,80
135,280,80
146,56,80
158,256,80
159,91,80
162,49,80
162,68,80
176,77,80
189,57,80
189,154,80
197,14,80
198,19,80
198,172,80
209,58,80
222,279,80
229,119,80
260,241,80
273,58,80
280,135,80
11,67,81
24,112,81
28,5,81
32,157,81
39,259,81
57,154,81
57,189,81
67,11,81
68,158,81
86,199,81
107,110,81
110,107,81
112,24,81
120,140,81
143,269,81
152,263,81
154,57,81
157,32,81
158,68,81
158,162,81
162,158,81
166,179,81
179,166,81
182,212,81
189,57,81
191,127,81
198,19,81
199,86,81
212,182,81
223,241,81
223,260,81
241,223,81
241,260,81
259,39,81
260,223,81
260,241,81
263,152,81
269,143,81
16,107,82
16,110,82
17,112,82
23,122,82
25,281,82
36,215,82
37,234,82
68,162,82
107,16,82
107,110,82
110,16,82
110,107,82
112,17,82
112,24,82
118,216,82
118,236,82
122,23,82
131,204,82
158,68,82
158,162,82
162,68,82
162,158,82
204,131,82
209,273,82
215,36,82
222,230,82
222,279,82
223,241,82
230,222,82
234,37,82
241,223,82
273,209,82
277,84,82
281,25,82
4,49,83
14,177,83
49,4,83
50,270,83
57,154,83
101,287,83
112,17,83
144,181,83
144,220,83
154,189,83
175,223,83
175,260,83
177,14,83
181,144,83
189,154,83
214,254,83
223,175,83
254,214,83
260,175,83
270,50,83
273,58,83
273,209,83
287,101,83
4,213,84
50,95,84
63,274,84
79,3,84
110,16,84
110,107,84
144,181,84
144,220,84
169,13,84
181,220,84
213,4,84
220,181,84
230,240,84
243,281,84
273,58,84
274,63,84
281,243,84
23,86,85
28,105,85
34,238,85
86,23,85
89,289,85
93,182,85
105,28,85
110,16,85
134,283,85
149,190,85
149,244,85
182,93,85
190,149,85
190,244,85
198,172,85
220,144,85
223,241,85
238,34,85
244,149,85
244,190,85
258,290,85
283,134,85
289,89,85
290,258,85
4,49,86
4,213,86
6,221,86
16,197,86
19,158,86
19,162,86
24,146,86
63,53,86
107,197,86
113,239,86
120,62,86
146,24,86
158,19,86
158,162,86
162,19,86
162,158,86
197,16,86
197,107,86
202,234,86
212,66,86
221,6,86
233,255,86
234,202,86
239,113,86
241,260,86
255,233,86
260,241,86
268,287,86
287,268,86
4,49,87
10,61,87
16,107,87
16,197,87
17,251,87
24,89,87
24,146,87
39,177,87
39,259,87
47,79,87
50,270,87
61,10,87
79,47,87
89,24,87
100,272,87
106,266,87
107,16,87
107,110,87
107,197,87
110,107,87
112,261,87
128,179,87
146,56,87
149,190,87
149,244,87
162,19,87
171,265,87
171,278,87
175,223,87
177,39,87
179,128,87
179,166,87
190,149,87
197,16,87
197,107,87
211,212,87
212,211,87
223,175,87
244,149,87
251,17,87
261,112,87
265,171,87
266,106,87
272,100,87
7,225,88
17,261,88
21,147,88
24,56,88
39,177,88
50,95,88
55,263,88
56,24,88
57,189,88
68,158,88
84,142,88
90,180,88
97,208,88
128,166,88
128,179,88
142,84,88
147,21,88
158,68,88
166,128,88
179,128,88
180,90,88
189,57,88
197,16,88
208,97,88
223,241,88
225,7,88
241,223,88
241,260,88
261,17,88
263,55,88
273,209,88
17,251,89
23,199,89
24,152,89
39,259,89
44,181,89
68,256,89
107,110,89
110,197,89
118,216,89
120,140,89
121,215,89
128,166,89
136,218,89
141,202,89
152,24,89
166,179,89
179,166,89
181,44,89
197,110,89
199,23,89
202,141,89
215,121,89
218,136,89
223,175,89
256,68,89
2,231,90
14,197,90
23,122,90
23,199,90
33,164,90
53,154,90
62,140,90
66,93,90
68,158,90
93,66,90
110,107,90
122,199,90
128,179,90
140,62,90
140,120,90
154,53,90
158,162,90
162,158,90
164,33,90
179,128,90
179,166,90
193,254,90
197,14,90
199,122,90
217,279,90
231,2,90
245,206,90
254,193,90
279,217,90
4,19,91
16,110,91
19,4,91
20,238,91
23,122,91
25,70,91
40,119,91
50,270,91
53,63,91
68,162,91
70,25,91
75,267,91
84,102,91
102,84,91
110,16,91
110,197,91
119,40,91
122,23,91
122,199,91
130,243,91
140,62,91
158,68,91
162,68,91
197,110,91
223,241,91
227,236,91
228,109,91
234,37,91
236,227,91
238,20,91
241,223,91
243,130,91
251,261,91
261,251,91
267,75,91
2,60,92
21,45,92
21,148,92
45,21,92
56,146,92
60,2,92
68,158,92
68,162,92
78,179,92
89,101,92
95,270,92
101,89,92
110,16,92
122,23,92
129,222,92
139,234,92
148,21,92
149,287,92
179,78,92
179,166,92
222,129,92
234,139,92
270,95,92
287,149,92
4,49,93
16,144,93
21,45,93
45,148,93
50,95,93
63,154,93
66,182,93
68,158,93
68,162,93
73,163,93
86,161,93
95,50,93
100,210,93
102,277,93
110,197,93
126,198,93
139,248,93
143,281,93
144,16,93
148,45,93
154,63,93
158,162,93
161,86,93
162,158,93
163,73,93
165,233,93
165,255,93
175,184,93
177,259,93
182,66,93
184,175,93
186,219,93
188,246,93
198,126,93
200,284,93
219,186,93
233,165,93
233,255,93
246,188,93
248,139,93
255,165,93
255,233,93
259,177,93
277,102,93
281,143,93
284,200,93
3,81,94
21,148,94
45,21,94
45,148,94
51,117,94
81,3,94
107,197,94
110,107,94
110,197,94
114,280,94
116,255,94
117,51,94
133,151,94
145,271,94
148,21,94
148,45,94
162,68,94
197,107,94
197,110,94
255,116,94
255,165,94
265,72,94
271,145,94
280,114,94
22,217,95
28,5,95
50,270,95
58,209,95
68,256,95
95,270,95
108,289,95
162,158,95
165,250,95
185,274,95
190,244,95
197,107,95
209,58,95
209,273,95
217,22,95
244,190,95
244,287,95
250,165,95
270,50,95
270,95,95
274,185,95
287,244,95
289,108,95
23,160,96
50,95,96
51,245,96
58,273,96
85,93,96
89,146,96
93,85,96
95,50,96
95,270,96
104,284,96
137,192,96
139,202,96
146,89,96
148,251,96
158,256,96
160,23,96
179,78,96
182,196,96
190,287,96
192,137,96
202,139,96
209,58,96
245,51,96
251,148,96
255,116,96
256,158,96
273,58,96
284,104,96
287,149,96
287,190,96
3,47,97
33,177,97
35,133,97
36,178,97
42,257,97
47,3,97
58,209,97
95,50,97
133,35,97
149,268,97
149,287,97
158,162,97
164,177,97
177,33,97
177,164,97
178,36,97
192,156,97
257,42,97
268,149,97
287,149,97
12,185,98
17,263,98
30,71,98
33,164,98
33,177,98
34,286,98
50,270,98
51,102,98
58,273,98
59,97,98
59,208,98
71,30,98
72,171,98
97,59,98
97,208,98
98,211,98
102,51,98
117,142,98
139,141,98
141,139,98
142,117,98
148,45,98
149,268,98
164,33,98
164,177,98
171,72,98
176,240,98
177,33,98
177,164,98
185,12,98
197,110,98
208,59,98
208,97,98
209,273,98
211,98,98
240,176,98
263,17,98
270,50,98
273,209,98
284,200,98
286,34,98
287,190,98
1,225,99
4,19,99
8,283,99
15,166,99
17,82,99
33,164,99
44,58,99
44,209,99
50,95,99
52,109,99
58,44,99
82,17,99
109,52,99
116,250,99
116,255,99
139,202,99
148,251,99
152,263,99
158,256,99
164,33,99
166,15,99
170,276,99
209,44,99
217,279,99
225,1,99
250,116,99
250,255,99
255,250,99
263,152,99
276,170,99
283,8,99
2,231,100
21,251,100
24,47,100
44,58,100
45,251,100
46,213,100
47,24,100
56,89,100
56,146,100
64,164,100
89,56,100
89,101,100
105,280,100
116,250,100
146,56,100
148,21,100
158,162,100
164,64,100
176,77,100
213,46,100
250,116,100
251,21,100
251,45,100
280,105,100
