10,221,1
27,53,1
28,279,1
29,230,1
35,272,1
38,221,1
43,75,1
53,27,1
56,220,1
60,102,1
66,277,1
68,128,1
75,43,1
80,280,1
86,87,1
87,86,1
88,201,1
92,205,1
95,222,1
95,264,1
100,258,1
101,125,1
102,60,1
103,147,1
106,131,1
107,194,1
119,176,1
125,101,1
126,216,1
128,68,1
131,106,1
133,226,1
143,257,1
147,103,1
163,226,1
169,247,1
175,219,1
176,119,1
189,224,1
194,107,1
196,207,1
201,88,1
205,92,1
207,196,1
213,248,1
216,126,1
219,175,1
220,56,1
221,10,1
221,38,1
222,95,1
222,264,1
224,189,1
226,133,1
226,163,1
230,29,1
230,261,1
247,169,1
248,213,1
257,143,1
258,100,1
261,230,1
264,95,1
264,222,1
272,35,1
277,66,1
279,28,1
280,80,1
17,276,2
21,109,2
31,172,2
42,174,2
43,99,2
45,194,2
57,215,2
61,197,2
62,152,2
67,252,2
85,153,2
99,43,2
109,21,2
151,236,2
152,62,2
153,85,2
157,183,2
160,259,2
172,31,2
174,42,2
183,157,2
194,45,2
197,61,2
203,269,2
215,57,2
220,245,2
221,10,2
236,151,2
245,220,2
252,67,2
259,160,2
264,95,2
264,222,2
269,203,2
276,17,2
27,39,3
27,53,3
29,261,3
38,232,3
39,27,3
45,124,3
51,206,3
56,245,3
60,160,3
60,259,3
67,107,3
67,252,3
68,84,3
84,68,3
85,232,3
95,222,3
107,67,3
121,286,3
124,45,3
160,60,3
160,259,3
180,181,3
181,180,3
206,51,3
207,282,3
220,56,3
222,95,3
222,264,3
228,280,3
230,29,3
231,242,3
232,38,3
232,85,3
242,231,3
245,56,3
259,60,3
259,160,3
261,29,3
280,228,3
282,207,3
286,121,3
28,145,4
29,230,4
38,85,4
38,232,4
56,220,4
60,160,4
64,123,4
67,107,4
67,252,4
72,258,4
78,149,4
85,38,4
107,252,4
123,64,4
124,162,4
141,199,4
145,28,4
146,237,4
149,78,4
160,60,4
162,124,4
187,209,4
191,219,4
199,141,4
207,253,4
207,282,4
209,187,4
219,191,4
221,232,4
232,38,4
232,221,4
237,146,4
252,107,4
253,207,4
258,72,4
1,287,5
2,211,5
15,212,5
25,210,5
28,279,5
30,230,5
32,100,5
36,77,5
43,75,5
44,192,5
55,282,5
60,259,5
62,262,5
67,107,5
67,194,5
77,36,5
100,32,5
107,67,5
107,252,5
122,235,5
124,45,5
130,241,5
134,146,5
145,279,5
146,134,5
164,219,5
181,202,5
192,44,5
194,67,5
202,181,5
207,253,5
210,25,5
211,2,5
212,15,5
219,164,5
222,95,5
230,30,5
232,38,5
235,122,5
241,130,5
259,60,5
262,62,5
279,145,5
282,55,5
287,1,5
13,52,6
18,197,6
27,39,6
28,145,6
45,194,6
52,13,6
60,102,6
60,259,6
67,107,6
67,194,6
72,233,6
72,258,6
74,179,6
76,263,6
84,278,6
102,259,6
107,67,6
107,194,6
116,151,6
124,252,6
133,137,6
137,133,6
145,28,6
151,116,6
179,74,6
193,249,6
194,45,6
194,67,6
194,107,6
197,18,6
207,282,6
217,239,6
221,10,6
222,264,6
233,72,6
233,258,6
239,217,6
249,193,6
252,124,6
253,282,6
258,233,6
259,102,6
263,76,6
271,272,6
272,271,6
278,84,6
280,80,6
282,207,6
282,253,6
32,244,7
38,221,7
38,232,7
45,107,7
45,252,7
46,64,7
53,208,7
60,102,7
60,259,7
64,46,7
66,160,7
67,124,7
80,228,7
80,280,7
102,60,7
107,45,7
107,124,7
107,252,7
124,67,7
124,107,7
124,252,7
132,152,7
134,237,7
138,239,7
145,173,7
152,132,7
159,216,7
160,66,7
173,145,7
186,235,7
207,253,7
208,53,7
216,159,7
221,38,7
221,232,7
222,95,7
222,264,7
228,80,7
228,280,7
232,221,7
235,186,7
237,134,7
239,138,7
244,32,7
252,45,7
252,107,7
252,124,7
253,207,7
258,72,7
258,233,7
259,60,7
280,228,7
5,215,8
11,56,8
11,220,8
15,39,8
18,61,8
30,261,8
32,251,8
33,110,8
34,55,8
39,15,8
44,147,8
55,34,8
56,11,8
56,220,8
61,18,8
61,197,8
76,281,8
80,228,8
85,232,8
88,139,8
88,201,8
93,113,8
110,33,8
113,93,8
122,186,8
122,235,8
133,226,8
139,88,8
139,201,8
140,233,8
146,237,8
147,44,8
151,236,8
186,122,8
197,61,8
201,139,8
215,5,8
219,175,8
220,11,8
220,56,8
226,133,8
228,80,8
232,85,8
233,140,8
233,258,8
235,122,8
237,146,8
251,32,8
252,45,8
252,124,8
261,30,8
281,76,8
26,193,9
30,230,9
36,99,9
49,111,9
55,207,9
60,102,9
62,158,9
78,94,9
80,280,9
84,223,9
84,278,9
94,78,9
99,36,9
111,49,9
126,159,9
151,116,9
158,62,9
159,126,9
160,277,9
193,26,9
207,55,9
219,164,9
220,11,9
222,95,9
223,84,9
223,278,9
228,280,9
230,261,9
232,38,9
237,134,9
237,146,9
253,263,9
258,72,9
261,230,9
263,253,9
277,160,9
278,223,9
280,80,9
280,228,9
11,56,10
26,249,10
29,30,10
30,29,10
38,221,10
38,232,10
55,282,10
56,11,10
59,65,10
61,18,10
62,262,10
65,59,10
67,252,10
72,233,10
80,228,10
115,142,10
124,67,10
124,252,10
142,115,10
145,28,10
146,148,10
146,237,10
148,146,10
159,216,10
164,175,10
164,219,10
175,164,10
175,219,10
193,249,10
201,88,10
207,282,10
219,175,10
221,38,10
228,80,10
231,240,10
233,72,10
233,258,10
240,231,10
244,251,10
249,26,10
249,193,10
251,244,10
252,67,10
252,124,10
258,233,10
264,281,10
281,264,10
282,55,10
282,207,10
25,139,11
27,53,11
32,100,11
34,207,11
44,192,11
53,27,11
72,258,11
75,96,11
84,223,11
84,278,11
86,176,11
96,75,11
98,146,11
108,186,11
122,186,11
126,216,11
139,25,11
146,98,11
148,237,11
159,126,11
159,216,11
164,175,11
164,191,11
175,164,11
175,191,11
176,86,11
186,108,11
186,122,11
191,164,11
191,175,11
204,205,11
205,204,11
207,34,11
216,126,11
216,159,11
221,10,11
223,84,11
223,278,11
233,72,11
237,148,11
239,217,11
249,26,11
258,72,11
278,84,11
278,223,11
8,185,12
16,233,12
29,261,12
36,77,12
55,207,12
58,153,12
87,176,12
106,225,12
120,284,12
126,159,12
126,216,12
153,58,12
159,126,12
159,216,12
169,184,12
176,87,12
181,180,12
181,202,12
184,169,12
184,247,12
185,8,12
191,164,12
207,55,12
216,126,12
216,159,12
225,106,12
233,16,12
247,184,12
261,29,12
278,84,12
284,120,12
8,38,13
8,185,13
9,203,13
11,220,13
14,189,13
25,101,13
38,8,13
101,25,13
101,139,13
102,277,13
106,131,13
107,194,13
116,236,13
122,235,13
129,150,13
139,101,13
149,267,13
150,129,13
163,232,13
176,86,13
176,87,13
181,180,13
186,108,13
189,14,13
194,242,13
203,9,13
207,34,13
207,55,13
216,126,13
216,159,13
232,163,13
236,116,13
242,194,13
263,281,13
267,149,13
277,102,13
281,263,13
8,38,14
15,27,14
16,72,14
24,222,14
27,15,14
29,259,14
32,244,14
34,253,14
38,185,14
72,16,14
75,77,14
77,75,14
84,223,14
86,87,14
86,176,14
87,86,14
87,176,14
113,172,14
122,186,14
172,113,14
176,86,14
176,87,14
180,202,14
182,224,14
185,38,14
186,122,14
189,224,14
194,107,14
202,180,14
207,34,14
222,24,14
223,84,14
224,182,14
224,189,14
240,252,14
244,32,14
252,240,14
253,34,14
259,29,14
16,233,15
21,227,15
38,8,15
59,273,15
72,258,15
77,36,15
77,75,15
86,87,15
87,86,15
87,176,15
90,255,15
100,244,15
115,213,15
163,185,15
185,163,15
213,115,15
227,21,15
232,85,15
244,100,15
252,124,15
252,240,15
255,90,15
273,59,15
34,207,16
65,279,16
72,233,16
72,258,16
84,68,16
84,223,16
114,229,16
145,173,16
175,219,16
180,181,16
229,114,16
233,72,16
233,258,16
258,233,16
279,65,16
9,216,17
17,218,17
26,193,17
38,185,17
41,170,17
72,233,17
77,36,17
94,177,17
95,188,17
98,159,17
108,122,17
122,108,17
159,98,17
161,219,17
170,41,17
171,249,17
177,94,17
185,38,17
188,95,17
193,26,17
216,9,17
218,17,17
219,161,17
233,72,17
233,258,17
249,171,17
22,152,18
23,52,18
25,201,18
42,280,18
52,23,18
55,253,18
59,279,18
72,258,18
82,192,18
97,205,18
152,22,18
192,82,18
201,25,18
205,97,18
207,281,18
221,287,18
224,182,18
246,269,18
253,55,18
254,270,18
258,72,18
269,246,18
270,254,18
279,59,18
280,42,18
281,207,18
287,221,18
8,185,19
10,287,19
12,265,19
16,140,19
21,109,19
21,227,19
79,131,19
117,118,19
118,117,19
122,186,19
131,79,19
140,16,19
151,229,19
163,232,19
185,8,19
229,151,19
232,163,19
252,124,19
252,240,19
265,12,19
273,279,19
279,273,19
287,10,19
9,126,20
15,39,20
21,109,20
58,85,20
66,102,20
77,75,20
84,130,20
85,58,20
89,255,20
102,66,20
114,151,20
124,240,20
124,252,20
126,9,20
130,84,20
151,114,20
177,188,20
188,177,20
231,252,20
240,124,20
252,124,20
252,231,20
255,89,20
261,230,20
279,65,20
281,264,20
287,221,20
10,221,21
10,287,21
21,227,21
23,31,21
31,23,21
68,128,21
71,143,21
79,212,21
122,108,21
138,217,21
143,71,21
212,79,21
217,138,21
221,10,21
221,287,21
252,124,21
252,231,21
287,10,21
287,221,21
9,216,22
10,221,22
10,287,22
15,27,22
15,39,22
27,39,22
39,27,22
48,273,22
56,75,22
58,163,22
67,115,22
68,105,22
68,128,22
75,56,22
75,77,22
85,163,22
105,68,22
105,128,22
115,67,22
124,240,22
125,139,22
128,105,22
137,256,22
139,125,22
140,180,22
145,28,22
163,58,22
163,85,22
179,243,22
180,140,22
181,202,22
202,181,22
221,10,22
243,179,22
256,137,22
263,271,22
271,263,22
273,48,22
281,207,22
287,10,22
10,221,23
10,287,23
23,52,23
31,52,23
39,15,23
52,31,23
58,232,23
65,273,23
75,56,23
102,277,23
108,186,23
116,229,23
124,231,23
140,16,23
144,170,23
163,232,23
170,144,23
186,108,23
222,281,23
229,116,23
231,124,23
231,252,23
232,58,23
232,163,23
272,283,23
273,65,23
281,222,23
281,264,23
283,272,23
10,38,24
10,287,24
13,23,24
13,52,24
15,101,24
23,13,24
26,174,24
27,79,24
35,137,24
35,256,24
38,10,24
39,27,24
39,79,24
44,82,24
52,13,24
52,31,24
69,164,24
77,36,24
79,27,24
79,39,24
82,44,24
101,15,24
122,186,24
137,35,24
154,282,24
163,85,24
164,69,24
174,26,24
177,94,24
182,189,24
184,169,24
186,122,24
189,182,24
205,204,24
207,34,24
256,35,24
258,233,24
271,283,24
273,48,24
281,222,24
281,264,24
282,154,24
283,271,24
283,272,24
13,23,25
27,101,25
27,139,25
35,137,25
63,88,25
79,27,25
79,39,25
88,63,25
94,188,25
101,27,25
114,229,25
126,203,25
137,256,25
139,27,25
139,125,25
188,94,25
203,126,25
221,287,25
229,114,25
232,58,25
256,137,25
271,272,25
272,271,25
272,283,25
273,65,25
287,221,25
1,61,26
32,100,26
35,256,26
38,232,26
44,192,26
50,260,26
54,236,26
61,1,26
78,177,26
100,32,26
101,15,26
109,227,26
137,35,26
137,256,26
138,239,26
177,78,26
186,108,26
192,44,26
227,109,26
232,38,26
233,238,26
236,54,26
238,233,26
239,138,26
256,35,26
256,137,26
260,50,26
13,31,27
15,79,27
15,101,27
27,39,27
31,13,27
32,244,27
36,245,27
38,287,27
39,27,27
79,15,27
79,101,27
86,266,27
101,79,27
106,284,27
160,259,27
194,252,27
232,287,27
244,32,27
245,36,27
252,194,27
259,160,27
263,272,27
266,86,27
272,263,27
272,283,27
284,106,27
287,38,27
287,232,27
15,39,28
16,254,28
27,212,28
35,137,28
39,15,28
43,227,28
59,65,28
65,59,28
69,214,28
94,95,28
95,94,28
100,244,28
103,146,28
108,122,28
112,203,28
122,108,28
128,68,28
130,241,28
137,35,28
142,213,28
146,103,28
160,230,28
203,112,28
205,97,28
212,27,28
213,142,28
214,69,28
221,232,28
227,43,28
227,109,28
230,160,28
232,221,28
244,100,28
254,16,28
287,38,28
13,52,29
15,212,29
20,22,29
22,20,29
22,152,29
23,52,29
25,79,29
25,101,29
36,56,29
38,221,29
38,232,29
43,109,29
43,227,29
52,13,29
52,23,29
56,36,29
79,25,29
79,101,29
98,134,29
101,25,29
101,79,29
109,43,29
109,227,29
123,168,29
134,98,29
158,262,29
164,214,29
168,123,29
208,254,29
212,15,29
212,27,29
214,164,29
221,38,29
221,232,29
221,287,29
227,43,29
227,109,29
230,259,29
232,38,29
232,221,29
254,208,29
259,230,29
262,158,29
263,283,29
283,263,29
287,221,29
5,57,30
13,23,30
13,52,30
15,27,30
15,39,30
15,212,30
23,13,30
23,52,30
27,15,30
27,39,30
27,212,30
35,133,30
35,137,30
38,221,30
38,287,30
39,27,30
52,13,30
52,23,30
57,5,30
69,164,30
93,172,30
94,188,30
101,25,30
133,35,30
133,137,30
137,133,30
161,175,30
164,69,30
164,214,30
172,93,30
175,161,30
180,202,30
195,270,30
202,180,30
207,222,30
212,15,30
212,27,30
221,38,30
221,232,30
221,287,30
222,207,30
229,116,30
270,195,30
272,271,30
287,38,30
287,221,30
12,235,31
15,79,31
15,131,31
25,125,31
25,139,31
34,188,31
36,75,31
39,79,31
42,199,31
49,91,31
56,75,31
75,36,31
75,56,31
77,245,31
79,15,31
79,39,31
91,49,31
101,139,31
125,25,31
131,15,31
131,212,31
137,35,31
139,25,31
139,101,31
161,214,31
164,69,31
188,34,31
188,94,31
199,42,31
212,131,31
214,161,31
221,232,31
222,264,31
227,43,31
235,12,31
245,77,31
264,222,31
287,38,31
5,64,32
13,23,32
15,79,32
15,131,32
23,13,32
23,31,32
31,23,32
56,77,32
64,5,32
75,36,32
77,56,32
79,15,32
79,212,32
80,141,32
83,121,32
84,278,32
99,245,32
108,186,32
110,111,32
111,110,32
121,83,32
131,15,32
134,159,32
138,217,32
141,80,32
143,285,32
159,134,32
161,175,32
164,214,32
179,74,32
188,34,32
210,273,32
212,27,32
212,79,32
214,164,32
245,99,32
259,277,32
263,271,32
271,263,32
273,210,32
277,259,32
285,143,32
13,31,33
23,52,33
31,13,33
43,109,33
65,273,33
72,140,33
94,95,33
94,177,33
95,177,33
109,43,33
114,186,33
131,212,33
134,98,33
139,25,33
140,72,33
150,249,33
157,255,33
161,164,33
161,175,33
164,161,33
164,214,33
177,94,33
177,95,33
186,114,33
205,204,33
212,131,33
249,150,33
255,157,33
273,65,33
3,268,34
48,210,34
51,63,34
63,51,34
69,161,34
69,175,34
78,149,34
82,192,34
94,95,34
94,177,34
95,94,34
95,177,34
98,203,34
100,233,34
109,227,34
134,159,34
149,78,34
152,132,34
161,69,34
167,191,34
175,69,34
177,94,34
177,95,34
188,207,34
191,167,34
192,82,34
203,98,34
206,208,34
207,188,34
208,206,34
210,48,34
227,109,34
233,100,34
268,3,34
5,57,35
10,91,35
12,265,35
15,212,35
19,113,35
35,163,35
43,227,35
88,201,35
91,10,35
91,190,35
109,43,35
113,19,35
118,253,35
132,211,35
146,148,35
148,146,35
163,35,35
190,91,35
201,88,35
210,273,35
211,132,35
212,15,35
227,43,35
230,160,35
244,32,35
253,118,35
273,210,35
5,64,36
9,98,36
21,83,36
27,79,36
29,230,36
43,109,36
43,227,36
45,107,36
73,245,36
79,27,36
83,21,36
98,9,36
107,45,36
128,133,36
130,278,36
133,128,36
145,155,36
146,103,36
155,145,36
161,191,36
163,85,36
174,249,36
180,181,36
180,202,36
181,180,36
191,161,36
212,131,36
230,29,36
240,257,36
245,73,36
249,174,36
257,240,36
263,283,36
278,130,36
5,57,37
5,64,37
11,36,37
29,160,37
36,11,37
40,161,37
40,167,37
45,194,37
73,77,37
73,245,37
77,73,37
81,268,37
98,159,37
159,98,37
160,29,37
160,230,37
161,40,37
161,191,37
167,40,37
180,181,37
181,202,37
194,45,37
202,181,37
217,239,37
230,160,37
239,217,37
268,81,37
273,65,37
273,210,37
5,57,38
11,75,38
24,264,38
29,230,38
34,199,38
39,101,38
40,161,38
43,109,38
43,227,38
44,275,38
59,279,38
75,11,38
87,119,38
98,9,38
101,39,38
101,125,38
105,223,38
107,194,38
109,227,38
119,87,38
122,235,38
125,101,38
126,216,38
146,237,38
159,134,38
161,40,38
161,167,38
163,35,38
167,161,38
174,193,38
175,191,38
191,175,38
193,174,38
194,107,38
199,34,38
216,126,38
217,138,38
223,105,38
227,109,38
230,29,38
235,122,38
237,146,38
264,24,38
273,65,38
275,44,38
279,59,38
5,64,39
6,81,39
10,49,39
11,36,39
11,75,39
16,140,39
21,121,39
40,167,39
42,280,39
43,109,39
49,10,39
73,77,39
81,6,39
93,274,39
101,139,39
105,130,39
109,43,39
112,126,39
121,21,39
126,112,39
126,203,39
126,216,39
130,105,39
139,101,39
140,16,39
161,175,39
164,191,39
167,40,39
167,161,39
175,161,39
191,164,39
203,126,39
203,216,39
216,203,39
225,258,39
241,278,39
258,225,39
274,93,39
278,241,39
2,21,40
2,83,40
11,36,40
15,101,40
15,139,40
21,2,40
21,83,40
36,75,40
43,227,40
75,36,40
80,117,40
83,2,40
83,21,40
85,287,40
89,182,40
101,15,40
101,139,40
117,80,40
126,112,40
126,216,40
132,152,40
132,211,40
139,15,40
139,101,40
167,175,40
175,167,40
182,89,40
186,108,40
186,114,40
206,254,40
210,48,40
216,126,40
216,203,40
222,272,40
227,43,40
230,160,40
254,206,40
272,222,40
287,85,40
1,18,41
9,203,41
9,216,41
10,197,41
11,47,41
15,39,41
15,101,41
18,1,41
21,121,41
36,11,41
36,75,41
38,85,41
38,163,41
38,287,41
39,15,41
47,11,41
65,279,41
80,141,41
81,268,41
83,2,41
84,241,41
85,38,41
85,163,41
91,153,41
101,15,41
113,172,41
115,144,41
132,152,41
132,211,41
133,283,41
140,72,41
144,115,41
152,211,41
153,91,41
163,38,41
163,85,41
167,40,41
167,175,41
172,113,41
197,10,41
203,9,41
203,216,41
211,152,41
216,9,41
216,203,41
217,239,41
241,84,41
241,278,41
279,65,41
283,133,41
283,263,41
287,38,41
11,36,42
15,39,42
27,125,42
28,59,42
36,11,42
36,75,42
38,163,42
59,28,42
95,188,42
125,27,42
138,239,42
139,25,42
163,38,42
163,85,42
170,41,42
178,276,42
188,95,42
211,132,42
216,9,42
225,238,42
238,225,42
239,138,42
241,84,42
241,278,42
243,244,42
244,243,42
276,178,42
5,57,43
10,190,43
16,72,43
16,140,43
27,79,43
35,85,43
36,11,43
36,75,43
72,16,43
72,140,43
83,121,43
85,35,43
85,163,43
98,134,43
110,234,43
111,190,43
121,83,43
133,263,43
134,98,43
140,16,43
140,72,43
151,229,43
160,259,43
163,38,43
163,85,43
167,40,43
180,270,43
190,10,43
190,111,43
204,215,43
215,204,43
229,151,43
230,259,43
234,110,43
241,84,43
259,160,43
259,230,43
263,133,43
270,180,43
9,126,44
9,216,44
10,49,44
10,190,44
10,197,44
11,75,44
36,11,44
38,85,44
38,163,44
40,175,44
48,279,44
56,73,44
62,132,44
73,56,44
75,11,44
79,125,44
80,117,44
85,38,44
85,163,44
125,79,44
126,9,44
126,216,44
130,223,44
132,62,44
140,254,44
146,148,44
163,38,44
163,85,44
167,175,44
175,40,44
175,167,44
177,264,44
186,108,44
190,10,44
190,197,44
197,190,44
216,126,44
219,261,44
223,130,44
232,287,44
254,140,44
259,160,44
261,219,44
264,177,44
279,48,44
287,232,44
1,61,45
10,49,45
38,85,45
38,163,45
49,111,45
53,254,45
59,145,45
73,77,45
85,38,45
85,163,45
95,177,45
98,159,45
106,131,45
111,49,45
131,106,45
145,59,45
159,98,45
163,38,45
163,85,45
176,282,45
177,95,45
177,264,45
216,9,45
216,126,45
225,258,45
232,58,45
254,53,45
263,283,45
282,176,45
2,121,46
15,101,46
21,156,46
38,85,46
38,163,46
43,245,46
49,10,46
49,111,46
53,206,46
55,196,46
56,99,46
63,206,46
65,273,46
85,38,46
89,255,46
95,264,46
99,56,46
111,190,46
121,2,46
132,211,46
133,283,46
156,21,46
163,38,46
175,69,46
175,167,46
182,255,46
190,111,46
190,197,46
196,55,46
206,53,46
206,63,46
207,281,46
244,32,46
245,43,46
254,140,46
255,89,46
255,182,46
264,95,46
264,177,46
281,207,46
283,133,46
283,263,46
17,23,47
23,17,47
38,85,47
38,163,47
40,69,47
59,28,47
63,51,47
69,40,47
89,182,47
111,49,47
111,190,47
116,151,47
121,83,47
151,116,47
151,229,47
182,89,47
182,255,47
190,111,47
190,197,47
264,95,47
1,18,48
15,139,48
26,193,48
39,125,48
40,191,48
53,63,48
63,53,48
80,141,48
95,188,48
101,139,48
103,127,48
105,223,48
112,246,48
125,39,48
127,103,48
130,105,48
139,15,48
139,101,48
146,237,48
182,89,48
191,40,48
193,26,48
206,254,48
208,270,48
223,105,48
244,243,48
246,112,48
254,206,48
270,208,48
283,133,48
9,126,49
9,216,49
15,25,49
15,139,49
25,15,49
25,139,49
28,145,49
40,164,49
40,191,49
59,145,49
69,161,49
98,203,49
104,119,49
119,104,49
126,9,49
136,138,49
137,256,49
138,136,49
139,15,49
139,25,49
145,28,49
145,59,49
148,237,49
152,158,49
155,250,49
158,152,49
161,69,49
164,40,49
164,191,49
174,249,49
191,164,49
203,98,49
216,9,49
237,148,49
250,155,49
259,230,49
4,184,50
12,37,50
15,101,50
16,254,50
18,238,50
37,12,50
40,164,50
40,191,50
60,66,50
66,60,50
77,245,50
101,15,50
120,248,50
126,216,50
133,263,50
164,40,50
164,191,50
184,4,50
191,40,50
191,164,50
216,126,50
237,146,50
238,18,50
245,77,50
248,120,50
249,171,50
254,16,50
263,133,50
10,111,51
45,67,51
63,51,51
67,45,51
83,286,51
111,10,51
111,221,51
124,240,51
127,148,51
148,127,51
148,237,51
154,196,51
196,154,51
198,246,51
216,9,51
221,111,51
237,148,51
240,124,51
246,198,51
254,258,51
258,254,51
286,83,51
5,286,52
6,268,52
10,221,52
31,110,52
38,128,52
40,69,52
40,164,52
40,191,52
54,265,52
69,40,52
72,258,52
73,245,52
83,121,52
110,31,52
111,197,52
111,221,52
127,237,52
128,38,52
145,28,52
148,127,52
164,40,52
164,167,52
164,175,52
164,191,52
167,164,52
167,191,52
171,174,52
174,171,52
175,164,52
181,195,52
189,228,52
191,40,52
191,164,52
191,167,52
195,181,52
197,111,52
212,213,52
213,212,52
221,10,52
221,111,52
228,189,52
237,127,52
245,73,52
245,77,52
258,72,52
265,54,52
268,6,52
286,5,52
10,111,53
31,52,53
31,110,53
40,69,53
43,227,53
52,31,53
52,110,53
58,153,53
83,286,53
95,264,53
110,52,53
111,10,53
111,221,53
127,148,53
127,237,53
139,201,53
148,237,53
153,58,53
160,277,53
175,191,53
180,208,53
191,164,53
191,175,53
196,281,53
201,139,53
208,180,53
232,287,53
237,148,53
258,254,53
277,102,53
277,160,53
281,196,53
286,83,53
3,81,54
32,33,54
33,32,54
40,164,54
46,168,54
46,242,54
53,270,54
58,232,54
69,167,54
71,124,54
71,240,54
74,233,54
81,3,54
110,31,54
110,52,54
111,197,54
124,71,54
127,146,54
146,127,54
164,40,54
167,69,54
168,46,54
185,284,54
197,221,54
221,197,54
232,58,54
232,287,54
233,74,54
240,71,54
241,278,54
242,46,54
270,53,54
277,102,54
284,185,54
5,83,55
15,139,55
31,52,55
52,31,55
52,110,55
57,123,55
58,287,55
71,124,55
83,5,55
91,190,55
123,57,55
127,237,55
133,137,55
137,133,55
139,15,55
146,237,55
150,171,55
150,174,55
151,235,55
166,195,55
171,150,55
171,174,55
174,150,55
174,171,55
190,91,55
195,166,55
204,205,55
235,151,55
237,127,55
237,146,55
287,58,55
7,46,56
29,102,56
29,277,56
46,7,56
58,163,56
58,232,56
79,212,56
83,286,56
84,130,56
94,264,56
102,29,56
102,277,56
127,146,56
127,237,56
130,84,56
137,256,56
146,127,56
146,237,56
150,171,56
163,58,56
166,181,56
166,195,56
171,150,56
171,174,56
181,166,56
181,195,56
195,181,56
199,280,56
201,88,56
212,79,56
232,58,56
237,127,56
237,146,56
244,251,56
264,94,56
267,285,56
277,29,56
277,102,56
280,199,56
285,267,56
29,102,57
29,277,57
47,134,57
51,53,57
53,51,57
55,253,57
58,163,57
68,130,57
94,95,57
94,264,57
95,94,57
102,29,57
102,259,57
106,212,57
125,212,57
127,146,57
127,237,57
130,68,57
134,47,57
145,59,57
146,127,57
152,211,57
165,268,57
166,181,57
171,150,57
181,166,57
181,195,57
207,272,57
211,152,57
212,106,57
212,125,57
237,127,57
240,257,57
253,55,57
254,206,57
259,102,57
263,283,57
268,165,57
272,207,57
277,29,57
277,160,57
283,263,57
8,284,58
16,72,58
29,160,58
29,277,58
42,135,58
72,16,58
79,125,58
107,252,58
111,221,58
125,79,58
135,42,58
146,237,58
153,287,58
160,29,58
160,277,58
166,195,58
181,166,58
181,195,58
189,255,58
195,166,58
195,181,58
221,111,58
227,245,58
237,146,58
239,217,58
245,227,58
252,107,58
253,281,58
254,258,58
255,189,58
268,6,58
277,29,58
277,160,58
281,253,58
284,8,58
285,143,58
287,153,58
58,287,59
94,95,59
102,160,59
107,194,59
112,126,59
115,213,59
116,229,59
118,282,59
126,112,59
127,146,59
127,237,59
134,216,59
146,127,59
146,237,59
152,158,59
160,102,59
189,228,59
212,106,59
213,115,59
216,134,59
229,116,59
237,127,59
237,146,59
277,29,59
282,118,59
284,185,59
287,58,59
8,185,60
8,284,60
94,264,60
121,2,60
132,262,60
163,287,60
171,174,60
185,8,60
185,284,60
262,132,60
284,8,60
284,185,60
287,163,60
1,131,61
7,83,61
8,185,61
13,251,61
25,39,61
37,122,61
39,25,61
40,69,61
47,216,61
52,31,61
69,40,61
69,164,61
83,7,61
103,148,61
117,188,61
122,37,61
131,1,61
134,47,61
134,216,61
148,103,61
149,285,61
160,219,61
164,69,61
185,8,61
188,117,61
216,47,61
216,134,61
219,160,61
251,13,61
264,272,61
272,264,61
285,149,61
5,46,62
14,182,62
15,201,62
19,179,62
29,102,62
29,160,62
34,280,62
35,137,62
35,256,62
46,5,62
46,242,62
53,140,62
79,212,62
80,188,62
85,287,62
102,29,62
102,160,62
103,127,62
111,10,62
111,221,62
127,103,62
137,35,62
137,256,62
140,53,62
160,29,62
160,102,62
164,167,62
167,164,62
179,19,62
182,14,62
188,80,62
201,15,62
212,79,62
219,261,62
256,35,62
256,137,62
280,34,62
287,85,62
8,284,63
10,190,63
11,99,63
35,137,63
35,256,63
36,47,63
43,96,63
47,36,63
55,118,63
83,156,63
96,43,63
99,11,63
101,170,63
111,10,63
111,190,63
118,55,63
118,281,63
127,148,63
137,35,63
137,283,63
148,127,63
156,83,63
170,101,63
188,117,63
190,10,63
190,111,63
215,286,63
216,220,63
220,216,63
229,236,63
236,229,63
246,269,63
256,35,63
264,94,63
281,118,63
283,137,63
284,8,63
286,215,63
4,169,64
10,111,64
10,221,64
13,244,64
16,254,64
25,88,64
29,219,64
35,137,64
68,105,64
69,40,64
69,164,64
69,167,64
79,125,64
84,232,64
88,25,64
90,141,64
105,68,64
111,10,64
113,209,64
118,55,64
118,281,64
127,103,64
134,220,64
137,35,64
137,283,64
139,170,64
141,90,64
164,69,64
164,167,64
167,69,64
167,164,64
169,4,64
170,139,64
195,166,64
209,113,64
216,134,64
219,29,64
219,261,64
220,134,64
221,10,64
232,84,64
244,13,64
254,16,64
259,261,64
261,259,64
287,153,64
3,230,65
10,111,65
10,221,65
15,88,65
25,39,65
29,259,65
29,261,65
33,234,65
40,167,65
52,251,65
55,282,65
69,164,65
69,167,65
85,153,65
88,15,65
102,277,65
103,148,65
111,221,65
113,172,65
118,55,65
118,282,65
127,146,65
128,163,65
146,127,65
148,103,65
153,85,65
160,277,65
163,128,65
164,69,65
167,40,65
167,69,65
185,284,65
216,220,65
220,216,65
221,111,65
230,3,65
234,33,65
251,52,65
254,258,65
259,29,65
261,29,65
261,219,65
277,102,65
277,160,65
282,55,65
282,118,65
284,185,65
7,21,66
9,203,66
10,111,66
10,221,66
18,225,66
21,7,66
35,256,66
35,283,66
38,263,66
40,69,66
55,118,66
63,140,66
69,40,66
69,167,66
98,127,66
105,223,66
111,10,66
111,197,66
118,55,66
118,282,66
127,98,66
127,237,66
140,63,66
164,214,66
170,101,66
171,249,66
197,111,66
203,9,66
206,258,66
207,253,66
207,272,66
220,134,66
221,10,66
225,18,66
237,127,66
253,207,66
258,206,66
258,254,66
261,29,66
263,38,66
272,207,66
277,102,66
283,35,66
283,137,66
5,83,67
31,251,67
43,227,67
52,31,67
52,251,67
55,90,67
61,111,67
69,40,67
75,99,67
79,101,67
83,5,67
90,55,67
94,272,67
99,75,67
101,79,67
101,170,67
111,61,67
118,281,67
125,142,67
127,98,67
132,152,67
142,125,67
152,132,67
153,287,67
159,237,67
160,219,67
160,261,67
171,174,67
171,249,67
207,253,67
219,160,67
219,261,67
227,43,67
237,159,67
251,31,67
251,52,67
261,160,67
261,219,67
272,94,67
2,286,68
10,111,68
14,42,68
14,182,68
42,14,68
42,182,68
52,244,68
64,92,68
68,130,68
69,164,68
69,214,68
76,271,68
84,223,68
92,64,68
101,79,68
111,10,68
111,197,68
132,158,68
158,132,68
160,219,68
164,69,68
164,167,68
167,164,68
174,249,68
182,42,68
214,69,68
219,160,68
219,261,68
223,84,68
225,233,68
233,225,68
244,52,68
249,174,68
254,16,68
271,76,68
286,2,68
2,121,69
6,165,69
13,52,69
13,244,69
23,178,69
41,139,69
52,13,69
53,208,69
79,142,69
81,268,69
101,170,69
114,229,69
132,152,69
132,158,69
139,41,69
142,79,69
155,173,69
165,6,69
171,174,69
173,155,69
174,171,69
178,23,69
182,14,69
207,272,69
208,53,69
219,277,69
229,114,69
244,13,69
255,157,69
261,277,69
268,81,69
272,207,69
277,219,69
277,261,69
285,267,69
22,96,70
31,244,70
53,180,70
53,208,70
79,125,70
96,22,70
112,250,70
119,176,70
124,257,70
125,79,70
132,152,70
153,85,70
176,119,70
180,53,70
190,287,70
197,221,70
219,160,70
219,277,70
220,216,70
221,197,70
223,232,70
232,223,70
244,31,70
250,112,70
257,124,70
277,219,70
277,261,70
287,190,70
7,215,71
9,47,71
9,203,71
27,72,71
47,9,71
48,247,71
53,180,71
53,208,71
58,232,71
69,164,71
69,167,71
72,27,71
142,170,71
152,158,71
154,207,71
155,275,71
158,152,71
164,69,71
164,167,71
167,69,71
167,164,71
170,142,71
207,154,71
215,7,71
219,160,71
219,277,71
232,58,71
232,223,71
244,243,71
247,48,71
275,155,71
277,219,71
7,21,72
10,61,72
15,201,72
26,267,72
61,10,72
61,238,72
69,164,72
69,167,72
85,287,72
93,110,72
103,146,72
110,93,72
115,125,72
116,151,72
121,286,72
125,115,72
146,103,72
151,116,72
152,132,72
156,215,72
160,277,72
164,69,72
164,167,72
167,69,72
167,164,72
174,249,72
180,208,72
181,202,72
208,180,72
215,156,72
238,61,72
267,26,72
277,160,72
281,282,72
282,281,72
286,121,72
287,85,72
1,185,73
5,46,73
10,111,73
25,88,73
45,162,73
46,5,73
51,270,73
79,142,73
85,153,73
85,287,73
88,25,73
105,130,73
111,10,73
130,105,73
132,158,73
142,79,73
152,158,73
158,132,73
158,152,73
160,261,73
160,277,73
162,45,73
166,181,73
181,166,73
185,1,73
251,274,73
261,160,73
270,51,73
274,251,73
14,228,74
17,52,74
21,215,74
46,83,74
52,17,74
60,160,74
80,117,74
83,46,74
85,153,74
85,287,74
98,237,74
117,80,74
126,198,74
132,152,74
152,132,74
152,158,74
153,287,74
160,60,74
160,261,74
164,214,74
166,202,74
173,275,74
198,126,74
202,166,74
214,164,74
215,21,74
228,14,74
232,58,74
237,98,74
275,173,74
287,153,74
9,237,75
28,247,75
51,180,75
53,63,75
60,261,75
63,53,75
66,277,75
71,231,75
73,75,75
75,73,75
85,153,75
85,287,75
92,97,75
97,92,75
98,127,75
98,237,75
149,177,75
153,85,75
168,242,75
177,149,75
180,51,75
194,240,75
231,71,75
237,9,75
237,98,75
240,194,75
242,168,75
247,28,75
261,60,75
277,66,75
287,85,75
10,61,76
10,238,76
35,137,76
35,256,76
55,281,76
57,92,76
61,10,76
61,238,76
63,140,76
92,57,76
111,190,76
134,203,76
137,35,76
151,236,76
157,189,76
180,208,76
181,195,76
189,157,76
190,111,76
195,181,76
196,207,76
203,134,76
207,196,76
236,151,76
238,10,76
238,61,76
261,160,76
261,277,76
277,261,76
281,55,76
13,274,77
18,33,77
33,18,77
35,137,77
35,256,77
39,88,77
46,5,77
51,208,77
88,39,77
93,172,77
112,126,77
112,250,77
126,112,77
126,250,77
160,277,77
162,210,77
172,93,77
180,51,77
190,197,77
197,190,77
208,51,77
210,162,77
222,271,77
238,10,77
238,61,77
243,274,77
244,13,77
244,243,77
244,274,77
250,126,77
261,60,77
271,222,77
274,13,77
274,243,77
274,244,77
277,160,77
13,17,78
13,244,78
17,13,78
18,234,78
32,74,78
46,83,78
59,198,78
63,53,78
74,32,78
85,153,78
107,240,78
132,158,78
158,132,78
160,219,78
160,277,78
198,59,78
219,160,78
234,18,78
238,10,78
238,61,78
240,107,78
244,13,78
281,282,78
10,61,79
10,238,79
18,33,79
21,7,79
51,180,79
51,208,79
52,274,79
55,141,79
60,277,79
61,10,79
61,238,79
63,140,79
67,252,79
68,278,79
73,99,79
99,73,79
117,188,79
118,141,79
141,55,79
141,118,79
178,241,79
187,218,79
218,187,79
238,10,79
238,61,79
241,178,79
244,274,79
252,67,79
274,52,79
274,244,79
277,60,79
278,68,79
9,98,80
20,62,80
33,49,80
33,234,80
42,171,80
46,5,80
46,83,80
49,33,80
49,234,80
51,180,80
55,281,80
60,261,80
62,20,80
76,222,80
78,95,80
87,176,80
90,141,80
90,281,80
95,78,80
98,9,80
141,55,80
141,90,80
141,281,80
167,214,80
171,42,80
176,87,80
180,208,80
208,180,80
214,167,80
222,76,80
234,33,80
234,49,80
241,278,80
244,13,80
244,274,80
278,241,80
281,55,80
281,90,80
281,141,80
5,83,81
11,47,81
13,274,81
22,43,81
33,49,81
35,78,81
43,22,81
47,11,81
49,33,81
49,234,81
50,194,81
55,141,81
55,281,81
78,35,81
79,125,81
83,5,81
103,148,81
125,79,81
125,115,81
138,262,81
141,55,81
141,281,81
194,50,81
206,254,81
207,272,81
254,206,81
262,138,81
274,13,81
281,55,81
281,141,81
9,203,82
13,52,82
19,113,82
21,156,82
33,91,82
33,234,82
35,256,82
36,134,82
48,279,82
49,33,82
49,234,82
52,13,82
53,180,82
60,160,82
66,261,82
83,46,82
91,33,82
94,264,82
113,19,82
114,116,82
115,213,82
116,114,82
125,79,82
134,36,82
137,133,82
156,21,82
160,60,82
168,252,82
180,53,82
181,202,82
202,181,82
203,9,82
234,33,82
234,49,82
250,112,82
252,168,82
261,66,82
14,157,83
33,91,83
56,216,83
61,190,83
76,271,83
104,183,83
118,176,83
157,14,83
176,118,83
180,51,83
183,104,83
190,61,83
215,286,83
216,56,83
271,76,83
286,215,83
13,251,84
13,274,84
33,49,84
49,33,84
49,234,84
60,261,84
62,211,84
94,117,84
101,131,84
115,125,84
117,94,84
117,188,84
125,115,84
131,101,84
156,215,84
156,286,84
190,197,84
211,62,84
215,156,84
251,13,84
261,60,84
261,66,84
274,244,84
286,156,84
26,143,85
33,234,85
43,227,85
49,33,85
49,234,85
51,181,85
54,259,85
60,160,85
61,238,85
69,214,85
94,264,85
117,94,85
143,26,85
156,21,85
156,286,85
166,195,85
181,51,85
181,202,85
181,270,85
195,166,85
214,69,85
234,33,85
234,49,85
259,54,85
270,181,85
274,13,85
5,46,86
33,49,86
33,234,86
46,5,86
49,33,86
52,251,86
55,282,86
79,115,86
79,125,86
90,119,86
94,117,86
110,243,86
115,79,86
115,125,86
119,90,86
125,79,86
125,115,86
151,265,86
154,253,86
156,21,86
156,286,86
181,51,86
181,270,86
190,111,86
215,286,86
234,33,86
243,110,86
251,52,86
253,154,86
265,151,86
274,244,86
282,55,86
286,215,86
10,197,87
17,244,87
21,286,87
33,91,87
33,234,87
49,91,87
51,270,87
66,219,87
72,101,87
89,199,87
91,49,87
95,256,87
101,72,87
101,131,87
116,151,87
121,204,87
125,79,87
125,115,87
146,148,87
148,146,87
151,116,87
156,21,87
156,215,87
156,286,87
181,51,87
185,212,87
197,10,87
199,89,87
204,121,87
212,185,87
215,156,87
219,66,87
222,271,87
241,178,87
244,17,87
244,274,87
252,67,87
256,95,87
261,277,87
270,51,87
271,222,87
277,261,87
286,21,87
286,156,87
6,268,88
13,52,88
17,274,88
21,156,88
21,286,88
24,133,88
33,49,88
33,234,88
49,33,88
49,91,88
49,234,88
52,13,88
52,251,88
54,236,88
60,219,88
87,119,88
94,264,88
115,213,88
119,87,88
125,79,88
133,24,88
143,149,88
149,143,88
156,21,88
156,215,88
156,286,88
160,261,88
178,278,88
215,286,88
219,60,88
234,49,88
236,54,88
236,259,88
259,236,88
261,160,88
268,6,88
274,17,88
278,178,88
286,21,88
286,156,88
286,215,88
15,48,89
22,96,89
26,149,89
27,233,89
33,49,89
48,15,89
49,33,89
49,234,89
52,13,89
77,99,89
91,234,89
99,77,89
100,244,89
115,125,89
125,115,89
128,223,89
139,170,89
143,26,89
143,149,89
149,26,89
149,143,89
156,215,89
170,139,89
178,241,89
178,278,89
215,156,89
223,128,89
233,27,89
234,91,89
241,278,89
244,100,89
278,241,89
11,75,90
14,228,90
26,143,90
26,149,90
36,216,90
46,242,90
47,75,90
49,33,90
49,91,90
75,11,90
75,47,90
80,199,90
91,49,90
125,79,90
125,115,90
125,213,90
134,216,90
141,176,90
143,26,90
143,149,90
149,26,90
149,143,90
154,207,90
154,253,90
166,202,90
176,141,90
178,241,90
178,278,90
199,80,90
202,166,90
207,154,90
213,125,90
214,167,90
216,36,90
216,134,90
241,178,90
242,46,90
278,178,90
286,21,90
14,224,91
26,143,91
30,167,91
45,210,91
49,234,91
60,160,91
88,101,91
101,88,91
122,186,91
125,115,91
143,26,91
151,265,91
160,60,91
163,232,91
167,30,91
181,270,91
186,122,91
189,255,91
207,196,91
210,45,91
221,276,91
224,14,91
232,163,91
234,49,91
241,278,91
255,189,91
270,181,91
276,221,91
278,241,91
26,34,92
34,26,92
39,101,92
42,150,92
51,166,92
56,134,92
56,216,92
66,160,92
77,220,92
88,131,92
101,39,92
125,213,92
131,88,92
134,56,92
134,216,92
135,165,92
150,42,92
160,66,92
165,135,92
166,51,92
166,202,92
215,286,92
216,56,92
216,134,92
220,77,92
223,232,92
232,223,92
236,54,92
286,215,92
10,111,93
14,228,93
56,134,93
62,158,93
74,202,93
85,163,93
111,10,93
116,265,93
125,115,93
134,56,93
134,216,93
157,228,93
158,62,93
163,85,93
202,74,93
226,284,93
228,157,93
252,168,93
265,116,93
265,151,93
284,226,93
26,143,94
53,258,94
55,141,94
55,281,94
110,251,94
111,190,94
116,236,94
125,213,94
134,56,94
135,171,94
141,55,94
141,176,94
160,60,94
160,66,94
166,51,94
166,202,94
171,135,94
175,194,94
194,175,94
202,166,94
215,156,94
225,238,94
228,14,94
228,157,94
232,58,94
232,223,94
236,116,94
238,225,94
251,110,94
258,53,94
277,102,94
281,55,94
1,197,95
5,83,95
8,197,95
16,27,95
27,16,95
57,161,95
74,166,95
83,5,95
115,213,95
125,115,95
125,213,95
135,165,95
160,60,95
161,57,95
166,74,95
197,1,95
197,8,95
213,115,95
213,125,95
14,157,96
14,228,96
24,137,96
25,39,96
26,34,96
39,25,96
49,91,96
51,270,96
58,223,96
58,232,96
74,254,96
128,276,96
137,24,96
157,14,96
166,254,96
180,258,96
186,108,96
188,282,96
193,280,96
213,115,96
213,125,96
223,58,96
223,232,96
228,14,96
232,58,96
232,223,96
254,74,96
254,166,96
258,180,96
269,273,96
270,51,96
273,269,96
276,128,96
280,193,96
282,188,96
1,8,97
1,197,97
8,1,97
8,197,97
13,244,97
26,143,97
42,171,97
45,162,97
58,223,97
58,232,97
60,277,97
99,73,97
139,201,97
160,219,97
162,45,97
171,42,97
197,1,97
197,8,97
201,139,97
219,160,97
223,58,97
223,232,97
232,58,97
232,223,97
244,13,97
277,60,97
11,47,98
14,157,98
14,228,98
47,11,98
50,175,98
51,74,98
74,51,98
80,89,98
89,80,98
121,2,98
129,268,98
175,50,98
185,238,98
195,202,98
197,1,98
202,195,98
232,58,98
232,223,98
238,185,98
268,129,98
27,233,99
48,145,99
51,270,99
55,117,99
61,190,99
80,199,99
101,131,99
106,120,99
114,265,99
117,55,99
120,106,99
131,101,99
145,48,99
154,264,99
176,255,99
186,122,99
190,61,99
223,276,99
255,176,99
258,53,99
263,283,99
264,154,99
265,114,99
276,223,99
283,263,99
13,251,100
47,75,100
48,112,100
53,180,100
53,258,100
58,223,100
62,211,100
112,48,100
128,178,100
157,228,100
178,128,100
180,53,100
180,258,100
197,8,100
223,58,100
228,157,100
232,276,100
251,13,100
258,180,100
276,232,100
