11,66,1
12,113,1
15,72,1
15,164,1
16,107,1
21,46,1
22,172,1
26,83,1
35,86,1
45,185,1
46,21,1
57,105,1
58,197,1
66,11,1
72,15,1
72,164,1
82,116,1
83,26,1
86,35,1
105,57,1
107,16,1
113,12,1
116,82,1
134,170,1
164,15,1
164,72,1
170,134,1
170,177,1
172,22,1
177,170,1
185,45,1
197,58,1
35,114,2
56,163,2
69,126,2
76,196,2
98,102,2
99,172,2
102,98,2
104,125,2
114,35,2
119,149,2
125,104,2
126,69,2
149,119,2
162,185,2
163,56,2
164,15,2
164,72,2
172,99,2
185,162,2
196,76,2
3,141,3
8,88,3
42,165,3
44,184,3
71,104,3
71,125,3
82,188,3
86,114,3
88,8,3
102,109,3
104,71,3
104,125,3
109,102,3
111,179,3
114,86,3
120,140,3
125,71,3
125,104,3
127,133,3
133,127,3
140,120,3
141,3,3
164,15,3
165,42,3
170,134,3
170,177,3
172,22,3
179,111,3
184,44,3
188,82,3
7,154,4
11,13,4
13,11,4
14,139,4
27,142,4
66,192,4
71,104,4
71,125,4
104,71,4
104,125,4
114,35,4
114,86,4
125,71,4
125,104,4
139,14,4
142,27,4
154,7,4
170,134,4
192,66,4
28,77,5
64,171,5
77,28,5
114,35,5
164,181,5
171,64,5
181,164,5
6,90,6
84,170,6
90,6,6
112,195,6
164,15,6
164,181,6
170,84,6
185,186,6
186,185,6
195,112,6
4,28,7
14,101,7
15,181,7
18,110,7
20,58,7
23,46,7
25,50,7
28,4,7
29,88,7
35,86,7
46,23,7
50,25,7
58,20,7
63,99,7
86,35,7
88,29,7
95,121,7
99,63,7
101,14,7
110,18,7
121,95,7
126,182,7
156,189,7
170,134,7
181,15,7
182,126,7
189,156,7
2,10,8
10,2,8
13,192,8
15,164,8
63,146,8
115,128,8
128,115,8
146,63,8
164,15,8
164,181,8
170,178,8
178,170,8
181,164,8
192,13,8
1,14,9
14,1,9
15,181,9
21,23,9
23,21,9
84,178,9
162,166,9
166,162,9
170,134,9
178,84,9
181,15,9
181,164,9
15,164,10
15,181,10
25,93,10
53,182,10
68,136,10
70,71,10
71,70,10
93,25,10
98,109,10
109,98,10
113,174,10
130,150,10
136,68,10
141,190,10
150,130,10
152,196,10
164,15,10
171,197,10
174,113,10
181,15,10
182,53,10
190,141,10
196,152,10
197,171,10
76,152,11
106,191,11
140,155,11
152,76,11
155,140,11
191,106,11
11,31,12
31,11,12
32,75,12
35,114,12
75,32,12
80,89,12
89,80,12
112,157,12
157,112,12
170,178,12
178,170,12
37,62,13
62,37,13
85,159,13
93,186,13
98,153,13
129,203,13
153,98,13
159,85,13
186,93,13
203,129,13
3,190,14
5,113,14
48,151,14
93,25,14
109,153,14
113,5,14
117,164,14
120,155,14
151,48,14
153,109,14
155,120,14
164,117,14
186,185,14
190,3,14
21,46,15
43,140,15
46,21,15
65,77,15
77,65,15
140,43,15
178,84,15
51,147,16
60,197,16
66,199,16
101,139,16
139,101,16
147,51,16
197,60,16
197,171,16
199,66,16
9,111,17
49,115,17
84,170,17
84,178,17
111,9,17
115,49,17
170,84,17
170,178,17
178,170,17
197,60,17
197,171,17
4,30,18
13,96,18
13,192,18
23,46,18
30,4,18
46,23,18
57,85,18
57,159,18
85,57,18
96,13,18
96,192,18
131,160,18
159,57,18
160,131,18
192,96,18
57,85,19
60,171,19
60,197,19
73,150,19
84,170,19
84,178,19
116,129,19
129,116,19
150,73,19
150,130,19
170,84,19
171,60,19
171,197,19
178,84,19
197,60,19
197,171,19
14,54,20
39,140,20
54,14,20
60,171,20
77,139,20
89,119,20
91,204,20
102,199,20
116,147,20
119,89,20
134,177,20
139,77,20
140,39,20
147,116,20
171,60,20
171,197,20
177,134,20
192,13,20
199,102,20
204,91,20
5,148,21
52,204,21
54,203,21
84,170,21
118,168,21
148,5,21
168,118,21
203,54,21
204,52,21
204,91,21
41,191,22
63,87,22
87,63,22
191,41,22
15,72,23
28,30,23
30,28,23
44,199,23
72,15,23
118,143,23
143,118,23
198,201,23
199,44,23
201,198,23
26,48,24
33,132,24
37,64,24
39,43,24
43,39,24
48,26,24
52,59,24
59,52,24
64,37,24
81,97,24
86,187,24
97,81,24
132,33,24
134,170,24
170,134,24
172,179,24
179,172,24
187,86,24
11,192,25
46,21,25
58,171,25
116,129,25
118,168,25
171,58,25
171,197,25
192,11,25
192,13,25
11,31,26
14,203,26
32,193,26
43,140,26
46,23,26
47,63,26
59,204,26
63,47,26
66,102,26
79,171,26
87,146,26
102,66,26
113,176,26
140,43,26
146,87,26
153,98,26
171,58,26
171,79,26
176,113,26
185,45,26
185,186,26
193,32,26
203,14,26
203,54,26
204,59,26
44,102,27
52,204,27
58,79,27
58,171,27
59,52,27
59,204,27
79,58,27
102,44,27
116,147,27
167,184,27
171,58,27
184,167,27
185,45,27
204,52,27
204,59,27
19,20,28
20,19,28
24,95,28
95,24,28
4,28,29
6,11,29
11,6,29
11,192,29
28,4,29
43,39,29
46,21,29
79,197,29
185,186,29
192,11,29
197,79,29
11,6,30
28,30,30
52,59,30
59,52,30
92,93,30
93,92,30
98,162,30
153,162,30
162,98,30
162,153,30
185,45,30
6,31,31
31,6,31
38,67,31
46,23,31
48,83,31
52,204,31
59,204,31
67,38,31
70,205,31
83,48,31
98,166,31
162,98,31
166,98,31
204,52,31
204,59,31
205,70,31
7,39,32
39,7,32
39,43,32
53,187,32
88,8,32
88,29,32
94,115,32
98,162,32
98,166,32
99,107,32
107,99,32
115,94,32
118,143,32
153,109,32
162,166,32
166,162,32
187,53,32
19,177,33
31,192,33
39,7,33
44,144,33
45,186,33
53,182,33
55,201,33
72,143,33
88,8,33
98,162,33
100,178,33
143,72,33
144,44,33
162,98,33
177,19,33
178,100,33
186,45,33
192,31,33
201,55,33
53,187,34
74,133,34
133,74,34
171,60,34
172,22,34
182,187,34
187,182,34
21,23,35
23,21,35
31,6,35
45,185,35
45,186,35
74,194,35
77,110,35
110,77,35
171,197,35
187,86,35
187,182,35
194,74,35
197,171,35
1,81,36
2,163,36
11,31,36
13,96,36
31,11,36
45,185,36
58,197,36
59,91,36
69,158,36
74,133,36
74,194,36
81,1,36
91,59,36
96,13,36
137,161,36
158,69,36
161,137,36
163,2,36
187,86,36
195,202,36
197,58,36
202,195,36
74,133,37
94,128,37
114,201,37
128,94,37
185,186,37
186,185,37
201,114,37
39,43,38
45,93,38
45,185,38
50,169,38
72,118,38
91,204,38
93,45,38
93,185,38
102,66,38
118,72,38
169,50,38
185,45,38
185,93,38
204,91,38
43,140,39
45,93,39
45,185,39
59,204,39
89,80,39
91,59,39
91,204,39
93,45,39
93,185,39
103,156,39
111,179,39
131,190,39
133,194,39
156,103,39
179,111,39
185,45,39
185,93,39
187,182,39
190,131,39
194,133,39
203,14,39
204,59,39
204,91,39
1,97,40
72,143,40
97,1,40
97,116,40
116,97,40
133,74,40
133,127,40
1,116,41
15,117,41
17,160,41
20,79,41
51,203,41
59,73,41
72,118,41
72,143,41
73,59,41
79,20,41
116,1,41
117,15,41
160,17,41
203,51,41
10,163,42
23,46,42
65,139,42
72,118,42
88,29,42
129,147,42
139,65,42
147,129,42
148,176,42
153,166,42
163,10,42
166,153,42
176,148,42
21,46,43
39,155,43
43,39,43
43,155,43
46,21,43
105,159,43
155,39,43
155,43,43
159,105,43
171,60,43
204,52,43
37,62,44
67,126,44
103,123,44
109,162,44
117,164,44
123,103,44
126,67,44
153,162,44
153,166,44
155,39,44
162,109,44
162,153,44
201,55,44
1,97,45
42,127,45
43,140,45
97,1,45
107,111,45
111,107,45
127,42,45
133,74,45
162,109,45
187,86,45
14,116,46
22,47,46
46,23,46
47,22,46
64,171,46
84,177,46
89,119,46
109,144,46
109,162,46
116,14,46
144,109,46
146,202,46
171,64,46
177,84,46
202,146,46
1,14,47
1,97,47
1,116,47
14,1,47
67,69,47
69,67,47
80,119,47
100,170,47
116,1,47
117,15,47
118,168,47
119,80,47
119,89,47
124,199,47
127,133,47
133,127,47
144,162,47
162,144,47
170,100,47
199,124,47
204,91,47
1,14,48
7,120,48
14,97,48
21,23,48
23,21,48
23,46,48
31,192,48
67,126,48
69,126,48
80,89,48
80,119,48
81,116,48
89,80,48
89,119,48
97,14,48
116,81,48
119,80,48
119,89,48
120,7,48
126,69,48
135,172,48
151,191,48
172,135,48
191,151,48
1,116,49
38,198,49
47,63,49
60,64,49
64,60,49
64,171,49
67,69,49
69,67,49
69,126,49
80,89,49
89,80,49
89,119,49
109,144,49
116,1,49
144,109,49
198,38,49
20,197,50
67,126,50
69,67,50
69,126,50
80,119,50
107,179,50
116,81,50
119,80,50
119,89,50
126,67,50
126,69,50
179,107,50
197,20,50
3,82,51
44,199,51
67,69,51
67,126,51
69,67,51
69,126,51
74,194,51
82,3,51
107,111,51
119,80,51
126,67,51
126,69,51
168,195,51
194,74,51
195,168,51
199,44,51
1,14,52
14,1,52
38,55,52
55,38,52
197,58,52
17,39,53
24,121,53
39,17,53
53,182,53
121,24,53
126,67,53
144,162,53
182,53,53
201,114,53
20,58,54
20,79,54
47,87,54
58,20,54
67,69,54
69,67,54
87,47,54
107,110,54
110,107,54
27,59,55
46,113,55
47,63,55
55,198,55
59,27,55
74,133,55
74,194,55
80,89,55
82,180,55
89,80,55
113,46,55
118,195,55
133,74,55
133,194,55
155,160,55
160,155,55
180,82,55
180,196,55
194,133,55
195,118,55
196,180,55
198,55,55
3,129,56
47,87,56
50,92,56
52,176,56
92,50,56
99,179,56
109,167,56
129,3,56
167,109,56
176,52,56
179,99,56
180,82,56
194,74,56
194,133,56
20,58,57
47,63,57
75,137,57
81,139,57
137,75,57
139,81,57
194,74,57
16,181,58
18,101,58
77,179,58
101,18,58
177,178,58
178,177,58
179,77,58
181,16,58
9,205,59
24,95,59
38,201,59
39,155,59
51,65,59
65,51,59
74,133,59
77,99,59
77,179,59
99,77,59
109,184,59
110,111,59
111,110,59
133,74,59
133,194,59
142,176,59
155,39,59
176,142,59
184,109,59
194,133,59
201,38,59
205,9,59
15,181,60
20,197,60
24,121,60
52,142,60
58,197,60
95,121,60
98,167,60
121,95,60
142,52,60
167,98,60
181,15,60
197,20,60
197,58,60
2,56,61
4,81,61
20,60,61
20,197,61
23,21,61
56,2,61
60,20,61
60,197,61
77,99,61
81,4,61
108,156,61
121,24,61
133,74,61
133,194,61
156,108,61
197,20,61
197,60,61
201,114,61
10,56,62
20,60,62
20,197,62
22,135,62
44,109,62
56,10,62
60,20,62
60,197,62
107,179,62
109,44,62
110,179,62
121,95,62
133,74,62
133,194,62
135,22,62
179,107,62
179,110,62
197,20,62
197,58,62
197,60,62
1,51,63
4,116,63
22,172,63
32,161,63
51,1,63
56,2,63
73,130,63
81,116,63
81,139,63
89,119,63
116,4,63
116,81,63
119,89,63
121,24,63
121,95,63
130,73,63
133,74,63
133,194,63
161,32,63
172,22,63
179,107,63
179,110,63
197,20,63
197,60,63
4,81,64
15,164,64
24,95,64
59,204,64
81,4,64
94,115,64
95,24,64
95,121,64
133,74,64
133,194,64
164,15,64
204,59,64
8,82,65
25,92,65
47,175,65
74,194,65
82,8,65
92,25,65
95,24,65
135,172,65
155,160,65
172,135,65
175,47,65
181,16,65
194,74,65
17,160,66
20,79,66
21,113,66
24,121,66
58,60,66
60,58,66
60,197,66
63,175,66
74,133,66
74,194,66
113,21,66
121,24,66
133,74,66
138,158,66
143,164,66
158,138,66
160,17,66
164,143,66
175,63,66
12,163,67
24,95,67
24,121,67
74,127,67
95,121,67
121,95,67
127,74,67
133,194,67
160,155,67
163,12,67
175,47,67
194,133,67
16,143,68
16,164,68
21,46,68
24,95,68
34,91,68
38,86,68
44,144,68
46,21,68
60,58,68
74,133,68
86,38,68
91,34,68
91,183,68
95,24,68
103,108,68
108,103,68
109,184,68
115,154,68
129,188,68
133,74,68
133,194,68
143,16,68
143,181,68
144,44,68
154,115,68
160,17,68
164,16,68
179,107,68
181,143,68
183,91,68
188,129,68
1,139,69
15,16,69
16,15,69
21,113,69
27,176,69
50,186,69
54,152,69
66,199,69
74,194,69
94,154,69
133,74,69
133,194,69
139,1,69
141,196,69
143,164,69
143,181,69
152,54,69
154,94,69
155,39,69
164,143,69
176,27,69
186,50,69
194,74,69
194,133,69
196,141,69
199,66,69
16,164,70
17,155,70
19,197,70
21,46,70
34,183,70
74,133,70
74,194,70
81,116,70
82,180,70
94,115,70
94,154,70
97,139,70
115,94,70
115,154,70
133,74,70
139,97,70
143,164,70
153,159,70
154,115,70
155,17,70
159,153,70
164,16,70
164,143,70
183,34,70
183,91,70
194,74,70
197,19,70
16,143,71
34,91,71
34,183,71
47,63,71
63,47,71
67,86,71
74,133,71
74,194,71
86,67,71
91,34,71
91,183,71
94,115,71
115,94,71
115,154,71
139,1,71
139,97,71
142,176,71
143,16,71
155,190,71
176,142,71
183,34,71
183,91,71
190,155,71
1,81,72
1,139,72
8,76,72
27,91,72
76,8,72
81,1,72
82,188,72
89,80,72
91,27,72
113,189,72
139,1,72
139,97,72
141,203,72
172,22,72
188,82,72
189,113,72
203,141,72
1,81,73
8,180,73
24,121,73
34,91,73
72,195,73
91,34,73
115,94,73
118,72,73
121,24,73
133,194,73
143,164,73
144,184,73
180,8,73
184,144,73
194,133,73
195,72,73
1,116,74
4,116,74
8,76,74
8,180,74
81,116,74
91,27,74
107,110,74
110,107,74
116,1,74
116,4,74
116,81,74
118,195,74
195,118,74
1,4,75
1,81,75
4,1,75
4,81,75
13,124,75
47,175,75
74,133,75
81,1,75
81,4,75
81,116,75
82,129,75
100,166,75
110,111,75
124,13,75
129,82,75
133,74,75
143,16,75
166,100,75
183,200,75
200,183,75
1,4,76
4,1,76
13,96,76
14,139,76
21,174,76
27,34,76
27,91,76
34,27,76
62,125,76
84,178,76
95,183,76
96,124,76
110,107,76
110,111,76
124,96,76
125,62,76
127,194,76
139,14,76
144,199,76
174,21,76
178,84,76
183,95,76
194,127,76
199,144,76
25,186,77
96,199,77
131,140,77
140,131,77
143,164,77
170,134,77
186,25,77
199,96,77
199,144,77
1,116,78
18,110,78
26,161,78
44,167,78
44,184,78
76,188,78
95,200,78
107,179,78
110,18,78
116,1,78
161,26,78
167,44,78
178,177,78
184,44,78
188,76,78
199,96,78
199,144,78
200,95,78
4,51,79
8,76,79
24,183,79
34,91,79
42,165,79
51,4,79
76,8,79
76,188,79
91,34,79
96,184,79
96,199,79
100,185,79
109,144,79
144,109,79
144,199,79
183,24,79
184,96,79
185,100,79
199,96,79
199,144,79
1,81,80
24,95,80
24,183,80
27,34,80
34,27,80
70,152,80
81,1,80
95,24,80
96,144,80
144,96,80
144,184,80
152,70,80
184,144,80
6,13,81
13,6,81
19,79,81
34,59,81
34,91,81
35,105,81
40,191,81
59,34,81
59,91,81
79,19,81
91,59,81
96,199,81
105,35,81
106,151,81
151,106,81
178,84,81
188,203,81
191,40,81
199,96,81
203,188,81
1,4,82
4,1,82
34,27,82
34,59,82
59,34,82
62,104,82
74,127,82
74,194,82
76,180,82
104,62,82
127,74,82
180,76,82
194,74,82
15,28,83
15,164,83
24,95,83
24,183,83
28,15,83
28,164,83
37,71,83
59,91,83
69,86,83
71,37,83
74,127,83
80,119,83
81,116,83
86,69,83
96,144,83
109,199,83
116,81,83
119,80,83
129,3,83
133,194,83
144,96,83
144,184,83
164,15,83
164,28,83
172,135,83
194,133,83
199,109,83
27,95,84
44,96,84
74,133,84
95,27,84
96,44,84
96,144,84
96,184,84
133,74,84
142,204,84
144,96,84
144,184,84
166,185,84
184,96,84
184,144,84
185,166,84
204,142,84
1,51,85
19,197,85
31,102,85
44,144,85
51,1,85
74,194,85
96,44,85
96,144,85
96,184,85
102,31,85
127,133,85
133,127,85
144,44,85
144,96,85
184,96,85
194,74,85
195,72,85
3,82,86
9,18,86
18,9,86
20,197,86
27,183,86
46,174,86
82,3,86
144,44,86
164,15,86
174,46,86
183,27,86
185,100,86
197,20,86
18,205,87
20,79,87
20,197,87
27,95,87
27,183,87
39,160,87
72,136,87
72,195,87
79,20,87
95,183,87
102,192,87
136,72,87
155,39,87
160,39,87
183,95,87
192,102,87
205,18,87
4,81,88
19,79,88
20,79,88
20,197,88
59,34,88
72,136,88
79,19,88
79,20,88
81,4,88
81,116,88
108,122,88
114,187,88
118,146,88
122,108,88
146,118,88
177,185,88
185,177,88
187,114,88
196,203,88
203,196,88
4,116,89
15,16,89
16,15,89
18,9,89
27,34,89
27,59,89
33,40,89
34,27,89
34,59,89
40,33,89
56,151,89
59,27,89
59,34,89
79,19,89
81,4,89
116,4,89
124,199,89
151,56,89
185,100,89
199,124,89
8,188,90
25,96,90
25,184,90
27,34,90
27,95,90
28,136,90
34,27,90
34,59,90
77,181,90
81,116,90
95,27,90
96,25,90
96,184,90
116,81,90
129,180,90
133,165,90
136,28,90
136,195,90
137,175,90
140,155,90
155,140,90
165,133,90
175,137,90
180,129,90
181,77,90
184,25,90
184,96,90
188,8,90
195,136,90
4,81,91
12,198,91
20,79,91
27,59,91
27,95,91
28,195,91
34,95,91
56,2,91
59,27,91
59,34,91
59,95,91
79,20,91
79,197,91
81,4,91
91,183,91
95,34,91
95,59,91
96,144,91
144,96,91
146,168,91
168,146,91
183,91,91
195,28,91
197,79,91
198,12,91
7,94,92
27,34,92
34,27,92
87,181,92
94,7,92
121,145,92
145,121,92
155,160,92
160,155,92
166,177,92
177,166,92
181,87,92
1,116,93
25,96,93
34,95,93
51,97,93
80,89,93
95,34,93
96,25,93
96,144,93
97,51,93
102,31,93
109,162,93
116,1,93
127,194,93
142,176,93
162,109,93
194,127,93
27,59,94
27,95,94
59,27,94
59,95,94
78,158,94
81,97,94
95,27,94
95,59,94
96,25,94
96,144,94
97,81,94
109,184,94
118,168,94
140,160,94
158,78,94
160,140,94
162,184,94
168,118,94
168,146,94
181,77,94
184,109,94
184,162,94
27,59,95
59,27,95
59,95,95
102,192,95
109,144,95
118,146,95
144,109,95
146,118,95
166,185,95
185,166,95
198,201,95
201,198,95
2,10,96
8,76,96
10,2,96
11,38,96
28,72,96
38,11,96
39,155,96
59,27,96
72,28,96
72,195,96
76,8,96
92,169,96
97,116,96
100,170,96
109,184,96
116,97,96
126,138,96
138,126,96
155,39,96
169,92,96
170,100,96
177,185,96
184,109,96
185,177,96
195,72,96
2,56,97
8,180,97
28,195,97
34,59,97
59,34,97
97,81,97
103,149,97
107,111,97
107,179,97
111,107,97
118,168,97
127,133,97
127,165,97
133,127,97
133,165,97
137,75,97
149,103,97
165,127,97
165,133,97
168,118,97
180,8,97
195,28,97
25,144,98
27,34,98
28,72,98
28,195,98
34,27,98
34,59,98
72,28,98
76,196,98
97,116,98
107,111,98
111,179,98
124,184,98
127,194,98
144,25,98
148,174,98
165,127,98
174,148,98
179,111,98
184,124,98
196,76,98
7,17,99
10,161,99
17,7,99
28,72,99
28,195,99
96,184,99
161,10,99
184,96,99
27,95,100
62,125,100
95,27,100
155,190,100
194,74,100
