1,144,1
8,230,1
16,26,1
17,294,1
21,133,1
22,59,1
26,16,1
35,277,1
40,150,1
44,318,1
45,272,1
52,192,1
57,251,1
59,22,1
63,99,1
66,195,1
76,317,1
82,99,1
89,265,1
91,261,1
91,296,1
97,326,1
99,63,1
99,82,1
100,278,1
101,119,1
104,327,1
108,239,1
113,274,1
119,101,1
127,197,1
133,21,1
136,275,1
137,175,1
140,215,1
144,1,1
144,174,1
145,187,1
150,40,1
154,299,1
156,223,1
159,161,1
159,291,1
161,159,1
161,291,1
174,144,1
175,137,1
185,254,1
187,145,1
190,191,1
191,190,1
192,52,1
195,66,1
197,127,1
198,255,1
202,330,1
209,216,1
215,140,1
216,209,1
223,156,1
230,8,1
238,265,1
239,108,1
246,309,1
251,57,1
254,185,1
255,198,1
261,91,1
265,89,1
265,238,1
272,45,1
274,113,1
275,136,1
275,301,1
277,35,1
278,100,1
283,324,1
287,297,1
291,159,1
291,161,1
294,17,1
296,91,1
297,287,1
299,154,1
301,275,1
305,312,1
309,246,1
312,305,1
317,76,1
318,44,1
324,283,1
326,97,1
327,104,1
330,202,1
6,111,2
8,273,2
9,197,2
16,319,2
25,209,2
25,216,2
31,279,2
34,318,2
35,232,2
42,216,2
47,141,2
58,127,2
81,271,2
91,221,2
91,296,2
110,142,2
111,6,2
117,331,2
125,325,2
127,58,2
141,47,2
141,333,2
142,110,2
160,210,2
197,9,2
202,319,2
202,330,2
209,25,2
210,160,2
216,25,2
216,42,2
216,264,2
221,91,2
232,35,2
259,300,2
264,216,2
271,81,2
273,8,2
273,305,2
278,306,2
279,31,2
281,290,2
290,281,2
291,159,2
300,259,2
305,273,2
305,312,2
306,278,2
318,34,2
318,44,2
319,16,2
319,202,2
325,125,2
331,117,2
333,141,2
21,41,3
21,133,3
25,209,3
25,216,3
26,227,3
41,21,3
42,176,3
42,216,3
50,88,3
52,213,3
72,223,3
88,50,3
89,222,3
94,317,3
98,255,3
105,325,3
126,240,3
128,138,3
131,254,3
138,128,3
144,1,3
150,235,3
159,161,3
161,159,3
161,291,3
163,194,3
172,281,3
172,290,3
173,270,3
176,42,3
176,216,3
185,186,3
185,254,3
186,185,3
191,270,3
192,213,3
194,163,3
202,319,3
202,330,3
213,52,3
213,192,3
216,25,3
216,42,3
216,176,3
217,292,3
221,296,3
222,89,3
222,262,3
223,72,3
227,26,3
235,150,3
240,126,3
254,131,3
254,185,3
255,98,3
262,222,3
270,173,3
270,191,3
273,8,3
274,293,3
275,136,3
281,172,3
281,290,3
290,172,3
290,281,3
291,161,3
292,217,3
293,274,3
296,221,3
317,94,3
318,34,3
318,44,3
319,330,3
325,105,3
330,319,3
1,174,4
11,61,4
12,227,4
16,26,4
17,280,4
24,62,4
25,209,4
25,216,4
26,16,4
35,277,4
40,235,4
42,176,4
45,319,4
45,330,4
61,11,4
62,24,4
72,77,4
77,72,4
91,221,4
91,296,4
112,171,4
150,40,4
171,112,4
173,191,4
174,1,4
176,42,4
189,203,4
191,173,4
196,269,4
202,319,4
202,330,4
203,189,4
213,52,4
216,25,4
221,91,4
221,296,4
222,89,4
222,262,4
227,12,4
235,40,4
242,293,4
254,131,4
269,196,4
280,17,4
293,242,4
293,274,4
296,91,4
296,221,4
302,327,4
318,34,4
319,45,4
319,202,4
325,125,4
327,302,4
330,45,4
330,202,4
11,267,5
18,152,5
25,209,5
25,216,5
41,133,5
45,319,5
63,82,5
70,191,5
70,270,5
74,310,5
82,63,5
89,262,5
104,114,5
105,125,5
105,325,5
114,104,5
116,170,5
122,151,5
125,105,5
127,332,5
133,41,5
151,122,5
152,18,5
170,116,5
172,281,5
191,70,5
209,216,5
216,209,5
222,89,5
222,262,5
262,89,5
262,222,5
267,11,5
270,70,5
281,172,5
285,287,5
287,285,5
296,91,5
296,221,5
310,74,5
319,45,5
325,105,5
332,127,5
16,105,6
24,313,6
26,105,6
62,268,6
62,313,6
105,16,6
105,26,6
113,293,6
150,235,6
157,259,6
199,263,6
207,243,6
220,238,6
220,265,6
228,334,6
231,327,6
235,150,6
236,331,6
238,220,6
238,265,6
243,207,6
259,157,6
263,199,6
265,220,6
265,238,6
268,62,6
293,113,6
313,24,6
313,62,6
327,231,6
331,236,6
334,228,6
25,209,7
34,44,7
34,318,7
44,34,7
65,225,7
70,191,7
70,270,7
88,200,7
126,259,7
153,159,7
159,153,7
186,212,7
189,210,7
191,270,7
200,88,7
207,332,7
209,25,7
210,189,7
212,186,7
225,65,7
243,332,7
254,185,7
259,126,7
270,191,7
288,308,7
308,288,7
332,207,7
332,243,7
7,134,8
8,49,8
16,26,8
16,125,8
26,16,8
49,8,8
70,191,8
105,325,8
117,236,8
119,180,8
125,16,8
134,7,8
149,218,8
157,300,8
172,290,8
180,119,8
191,70,8
207,243,8
216,264,8
216,330,8
218,149,8
236,117,8
243,207,8
243,332,8
259,157,8
264,330,8
290,172,8
300,157,8
330,216,8
330,264,8
2,30,9
5,80,9
5,111,9
16,26,9
19,260,9
24,62,9
30,2,9
31,154,9
32,74,9
34,44,9
36,224,9
38,226,9
47,333,9
62,24,9
74,32,9
80,5,9
80,111,9
89,108,9
90,113,9
106,306,9
108,89,9
109,275,9
111,5,9
111,80,9
113,90,9
121,148,9
148,121,9
154,31,9
176,202,9
191,270,9
202,176,9
207,332,9
216,264,9
216,330,9
224,36,9
226,38,9
235,40,9
243,207,9
243,332,9
259,300,9
260,19,9
264,216,9
264,330,9
275,109,9
284,307,9
293,274,9
300,259,9
306,106,9
307,284,9
330,216,9
330,264,9
332,207,9
332,243,9
333,47,9
333,141,9
5,80,10
5,111,10
11,213,10
11,267,10
17,154,10
42,202,10
74,280,10
75,219,10
80,5,10
80,111,10
111,5,10
111,80,10
116,175,10
120,238,10
135,181,10
154,17,10
159,161,10
160,296,10
161,159,10
169,303,10
175,116,10
176,42,10
176,202,10
177,329,10
181,135,10
185,212,10
195,259,10
202,42,10
202,176,10
207,243,10
212,185,10
212,186,10
213,11,10
213,267,10
218,281,10
219,75,10
238,120,10
243,207,10
259,195,10
267,213,10
280,74,10
281,218,10
281,290,10
290,281,10
296,160,10
303,169,10
329,177,10
330,216,10
333,47,10
333,141,10
5,80,11
18,24,11
24,18,11
27,118,11
37,149,11
47,141,11
47,333,11
55,132,11
59,121,11
63,99,11
65,332,11
68,197,11
80,5,11
80,111,11
83,97,11
89,239,11
97,83,11
98,198,11
99,63,11
102,214,11
115,308,11
118,27,11
120,239,11
121,59,11
125,227,11
131,245,11
132,55,11
141,47,11
141,333,11
149,37,11
153,261,11
166,263,11
172,281,11
197,68,11
198,98,11
202,42,11
212,185,11
212,186,11
214,102,11
217,248,11
227,125,11
234,249,11
238,239,11
239,89,11
239,120,11
239,238,11
245,131,11
248,217,11
249,234,11
261,153,11
263,166,11
273,305,11
281,172,11
305,273,11
308,115,11
332,65,11
333,47,11
333,141,11
28,48,12
47,141,12
48,28,12
59,22,12
59,121,12
65,225,12
86,304,12
98,251,12
103,229,12
120,238,12
120,239,12
141,47,12
141,333,12
160,203,12
195,66,12
200,204,12
203,160,12
204,200,12
218,290,12
225,332,12
229,103,12
238,120,12
238,239,12
239,89,12
239,120,12
239,238,12
251,98,12
267,11,12
275,301,12
281,290,12
285,297,12
290,218,12
290,281,12
297,285,12
304,86,12
332,225,12
4,261,13
17,31,13
18,152,13
22,121,13
31,17,13
42,216,13
45,272,13
56,135,13
59,22,13
89,108,13
89,239,13
117,331,13
121,22,13
133,220,13
135,56,13
192,242,13
200,88,13
202,176,13
203,221,13
216,42,13
220,133,13
221,203,13
239,89,13
239,120,13
239,238,13
242,192,13
260,266,13
261,4,13
266,260,13
296,91,13
308,288,13
331,117,13
18,24,14
22,59,14
26,319,14
61,113,14
64,325,14
79,312,14
88,204,14
89,108,14
94,141,14
101,250,14
107,199,14
113,61,14
140,222,14
141,47,14
141,94,14
146,182,14
182,146,14
199,107,14
204,88,14
222,140,14
242,274,14
250,101,14
274,242,14
275,109,14
278,317,14
312,79,14
315,318,14
317,278,14
318,315,14
319,26,14
325,64,14
3,29,15
4,153,15
16,227,15
16,319,15
29,3,15
38,297,15
42,202,15
42,330,15
57,255,15
72,194,15
76,132,15
89,120,15
120,89,15
131,254,15
132,76,15
135,181,15
136,193,15
140,215,15
140,222,15
141,47,15
141,94,15
149,183,15
153,4,15
160,296,15
183,149,15
193,136,15
194,72,15
200,204,15
202,42,15
203,261,15
204,200,15
215,222,15
222,215,15
227,16,15
239,265,15
242,192,15
254,131,15
255,57,15
261,203,15
265,239,15
296,160,15
297,38,15
313,320,15
319,16,15
320,313,15
330,42,15
7,179,16
15,219,16
16,227,16
19,333,16
54,246,16
57,251,16
57,255,16
67,329,16
72,77,16
89,108,16
90,274,16
106,317,16
107,263,16
109,301,16
126,300,16
140,215,16
141,47,16
143,154,16
154,143,16
170,310,16
179,7,16
189,261,16
192,293,16
215,140,16
215,222,16
219,15,16
227,125,16
239,238,16
239,265,16
242,293,16
246,54,16
249,303,16
251,57,16
261,189,16
263,107,16
274,90,16
293,192,16
293,242,16
300,126,16
301,109,16
303,249,16
310,170,16
317,106,16
329,67,16
333,19,16
11,299,17
20,298,17
38,285,17
38,297,17
47,317,17
52,90,17
55,96,17
60,192,17
70,162,17
73,235,17
90,52,17
90,274,17
96,55,17
104,327,17
106,306,17
107,199,17
112,178,17
139,167,17
154,294,17
162,70,17
166,199,17
167,139,17
178,112,17
192,60,17
199,166,17
227,319,17
235,73,17
239,238,17
261,203,17
285,38,17
285,297,17
294,154,17
297,285,17
298,20,17
299,11,17
310,322,17
317,47,17
319,227,17
322,310,17
327,104,17
327,231,17
18,152,18
47,94,18
47,317,18
57,251,18
90,113,18
90,274,18
94,47,18
94,141,18
107,263,18
109,136,18
113,90,18
136,109,18
136,210,18
141,94,18
154,143,18
189,203,18
203,189,18
203,261,18
210,136,18
227,125,18
227,319,18
237,298,18
297,38,18
298,237,18
327,104,18
10,326,19
22,121,19
27,146,19
36,316,19
42,45,19
45,42,19
108,120,19
109,256,19
120,108,19
126,259,19
129,171,19
136,109,19
146,27,19
154,294,19
170,228,19
170,310,19
171,129,19
172,290,19
176,330,19
202,330,19
203,189,19
207,225,19
224,316,19
225,207,19
228,170,19
256,109,19
259,126,19
290,172,19
297,285,19
299,315,19
310,170,19
315,299,19
316,36,19
316,224,19
326,10,19
330,176,19
330,202,19
11,315,20
32,280,20
33,289,20
36,224,20
47,94,20
62,313,20
66,157,20
66,195,20
73,150,20
89,120,20
94,47,20
94,141,20
108,89,20
108,120,20
109,136,20
109,256,20
111,182,20
120,89,20
120,108,20
128,268,20
143,294,20
150,73,20
154,143,20
154,294,20
157,66,20
170,228,20
176,202,20
182,111,20
200,276,20
202,176,20
204,276,20
224,36,20
268,128,20
276,200,20
276,204,20
280,32,20
280,74,20
289,33,20
294,143,20
294,154,20
297,38,20
298,20,20
313,62,20
315,11,20
315,299,20
317,333,20
333,317,20
14,199,21
14,263,21
16,125,21
32,74,21
32,280,21
52,293,21
58,192,21
62,152,21
74,32,21
74,280,21
89,108,21
89,120,21
107,199,21
107,263,21
108,89,21
108,120,21
109,136,21
120,89,21
120,108,21
125,16,21
133,238,21
140,222,21
152,62,21
170,310,21
170,322,21
184,257,21
192,58,21
199,14,21
199,107,21
210,301,21
215,140,21
222,140,21
238,133,21
239,265,21
256,301,21
257,184,21
263,14,21
263,107,21
267,213,21
276,200,21
278,306,21
280,32,21
280,74,21
293,52,21
301,210,21
301,256,21
306,278,21
322,170,21
1,100,22
3,198,22
14,199,22
14,263,22
21,156,22
34,318,22
44,318,22
66,157,22
89,108,22
89,120,22
100,1,22
108,89,22
108,262,22
109,210,22
113,274,22
120,89,22
137,320,22
143,154,22
143,294,22
146,182,22
154,143,22
154,294,22
156,21,22
160,203,22
182,146,22
198,3,22
199,14,22
199,263,22
203,160,22
203,189,22
210,109,22
234,303,22
244,247,22
247,244,22
262,108,22
263,14,22
263,107,22
263,199,22
274,113,22
294,143,22
294,154,22
298,237,22
303,234,22
318,34,22
318,44,22
320,137,22
14,199,23
20,237,23
20,298,23
27,118,23
27,146,23
30,93,23
61,90,23
63,253,23
68,207,23
70,270,23
79,86,23
86,79,23
90,61,23
93,30,23
94,333,23
105,319,23
108,120,23
108,262,23
108,265,23
117,236,23
120,108,23
122,185,23
131,151,23
131,254,23
136,160,23
136,203,23
146,27,23
151,131,23
160,136,23
160,203,23
169,249,23
185,122,23
188,193,23
193,188,23
199,14,23
203,136,23
203,160,23
207,68,23
225,65,23
237,20,23
237,298,23
249,169,23
253,63,23
262,265,23
263,107,23
265,108,23
265,262,23
270,70,23
276,204,23
294,143,23
298,20,23
298,237,23
318,34,23
319,105,23
319,227,23
333,94,23
8,86,24
11,299,24
25,286,24
26,45,24
26,272,24
45,26,24
45,272,24
83,208,24
86,8,24
89,108,24
89,120,24
108,89,24
109,160,24
120,89,24
122,186,24
146,182,24
160,109,24
160,203,24
172,283,24
172,290,24
172,324,24
186,122,24
197,201,24
201,197,24
208,83,24
228,310,24
272,26,24
272,45,24
280,32,24
283,172,24
283,290,24
283,324,24
286,25,24
290,283,24
290,324,24
299,11,24
306,106,24
306,317,24
310,228,24
317,306,24
319,105,24
324,172,24
324,283,24
324,290,24
12,16,25
16,12,25
19,269,25
24,152,25
24,313,25
26,45,25
26,272,25
27,118,25
27,182,25
40,73,25
45,26,25
67,177,25
68,211,25
73,40,25
89,108,25
89,120,25
108,120,25
117,158,25
118,182,25
119,297,25
120,108,25
122,185,25
122,186,25
150,235,25
152,24,25
152,313,25
158,117,25
160,189,25
160,203,25
172,283,25
172,324,25
174,240,25
177,67,25
182,27,25
182,118,25
185,186,25
186,185,25
189,160,25
189,203,25
202,330,25
203,189,25
210,256,25
211,68,25
235,150,25
240,174,25
256,210,25
269,19,25
272,26,25
283,172,25
283,324,25
297,119,25
298,20,25
313,24,25
313,152,25
324,172,25
324,283,25
12,125,26
25,209,26
40,235,26
43,176,26
48,289,26
79,190,26
109,193,26
112,184,26
120,89,26
125,12,26
160,109,26
172,283,26
172,290,26
172,324,26
176,43,26
184,112,26
186,122,26
190,79,26
193,109,26
207,225,26
225,207,26
226,305,26
230,273,26
235,40,26
236,331,26
273,230,26
280,74,26
283,172,26
283,324,26
289,48,26
290,172,26
299,315,26
305,226,26
306,278,26
313,24,26
313,152,26
324,172,26
324,283,26
331,236,26
12,319,27
16,125,27
20,237,27
20,298,27
20,309,27
24,152,27
24,313,27
37,101,27
40,73,27
49,167,27
61,113,27
63,75,27
66,195,27
75,63,27
101,37,27
109,160,27
113,61,27
125,16,27
135,56,27
135,181,27
144,314,27
152,24,27
152,313,27
157,327,27
160,193,27
167,49,27
172,283,27
182,27,27
184,257,27
186,185,27
190,191,27
191,190,27
193,160,27
204,271,27
237,20,27
237,298,27
237,309,27
251,255,27
255,251,27
269,196,27
271,204,27
274,307,27
283,172,27
283,324,27
290,324,27
298,237,27
307,274,27
309,20,27
309,237,27
313,24,27
313,152,27
314,144,27
319,12,27
319,227,27
324,290,27
327,157,27
7,134,28
12,227,28
12,319,28
20,298,28
29,124,28
40,235,28
44,213,28
44,267,28
56,181,28
59,148,28
61,90,28
64,222,28
81,145,28
84,297,28
90,113,28
111,146,28
113,90,28
116,322,28
124,29,28
141,333,28
145,81,28
146,111,28
148,59,28
172,324,28
181,56,28
193,210,28
210,193,28
213,44,28
213,267,28
217,329,28
222,64,28
227,12,28
227,272,28
227,319,28
267,44,28
267,213,28
272,227,28
283,172,28
283,324,28
297,84,28
298,20,28
313,24,28
313,152,28
319,12,28
319,227,28
322,116,28
324,172,28
324,283,28
329,217,28
333,141,28
8,304,29
12,227,29
12,319,29
17,34,29
34,17,29
35,232,29
39,124,29
56,135,29
56,181,29
71,97,29
72,194,29
72,223,29
79,191,29
84,119,29
84,297,29
90,61,29
92,323,29
97,71,29
104,157,29
109,188,29
119,84,29
119,297,29
124,39,29
135,56,29
152,320,29
157,104,29
172,283,29
174,259,29
188,109,29
190,79,29
190,191,29
191,79,29
191,173,29
191,190,29
193,160,29
204,276,29
222,140,29
225,65,29
227,12,29
227,319,29
248,329,29
259,174,29
272,26,29
283,172,29
297,119,29
304,8,29
319,12,29
319,227,29
320,152,29
323,92,29
324,290,29
329,248,29
2,117,30
2,331,30
12,279,30
13,14,30
14,13,30
26,227,30
40,50,30
43,194,30
50,40,30
56,135,30
66,259,30
72,194,30
72,223,30
79,190,30
79,191,30
84,119,30
84,297,30
90,113,30
117,2,30
119,84,30
119,297,30
123,314,30
152,313,30
152,320,30
190,79,30
190,191,30
191,79,30
191,190,30
194,43,30
194,72,30
194,223,30
204,271,30
223,194,30
224,316,30
225,332,30
227,26,30
233,290,30
259,66,30
259,174,30
279,12,30
290,233,30
297,84,30
297,119,30
306,317,30
313,320,30
314,123,30
320,313,30
331,2,30
2,117,31
35,212,31
40,150,31
43,72,31
72,43,31
72,223,31
105,325,31
134,241,31
137,188,31
141,196,31
150,40,31
152,313,31
152,320,31
172,324,31
188,137,31
189,193,31
193,189,31
196,141,31
204,276,31
212,35,31
212,277,31
222,64,31
223,72,31
223,194,31
232,277,31
241,134,31
252,311,31
277,212,31
277,232,31
278,317,31
293,242,31
311,252,31
313,152,31
317,278,31
317,306,31
320,152,31
324,172,31
325,105,31
331,236,31
2,331,32
34,318,32
36,316,32
72,43,32
80,5,32
113,293,32
120,168,32
140,176,32
151,171,32
161,291,32
168,120,32
171,151,32
172,283,32
176,140,32
199,166,32
269,19,32
277,212,32
283,324,32
293,113,32
299,11,32
316,36,32
324,283,32
331,2,32
331,236,32
2,236,33
9,211,33
12,16,33
16,12,33
26,272,33
31,42,33
37,183,33
42,31,33
67,248,33
69,330,33
78,229,33
96,132,33
110,284,33
132,96,33
133,220,33
134,7,33
137,320,33
150,235,33
161,159,33
183,37,33
188,320,33
189,203,33
211,9,33
215,262,33
222,325,33
229,78,33
235,150,33
236,2,33
236,331,33
248,67,33
262,215,33
278,333,33
284,110,33
293,242,33
320,137,33
320,188,33
325,222,33
330,69,33
333,278,33
4,136,34
8,305,34
12,279,34
46,147,34
52,58,34
57,255,34
58,52,34
58,192,34
73,200,34
76,306,34
84,287,34
136,4,34
137,188,34
147,46,34
153,296,34
160,301,34
188,137,34
191,79,34
193,203,34
196,269,34
200,73,34
203,193,34
218,250,34
222,64,34
236,2,34
250,218,34
255,57,34
269,196,34
287,84,34
292,311,34
296,153,34
301,160,34
305,8,34
306,76,34
306,317,34
311,292,34
8,226,35
8,305,35
14,245,35
19,94,35
35,277,35
43,77,35
45,319,35
47,76,35
50,235,35
76,47,35
77,43,35
87,270,35
94,19,35
105,319,35
108,265,35
137,320,35
172,250,35
206,244,35
214,241,35
226,8,35
235,50,35
236,331,35
241,214,35
244,206,35
244,247,35
245,14,35
250,172,35
250,218,35
259,66,35
265,108,35
270,87,35
277,35,35
280,32,35
298,309,35
309,298,35
317,333,35
319,45,35
319,105,35
320,137,35
333,317,35
2,331,36
4,261,36
8,226,36
25,216,36
35,212,36
66,195,36
96,55,36
143,154,36
154,143,36
159,221,36
166,263,36
203,189,36
212,35,36
216,25,36
221,159,36
261,4,36
263,166,36
265,239,36
272,319,36
296,91,36
319,272,36
320,152,36
331,2,36
331,236,36
11,315,37
12,227,37
27,118,37
35,277,37
45,105,37
48,312,37
87,224,37
89,238,37
94,278,37
105,45,37
118,27,37
137,188,37
157,327,37
159,161,37
159,221,37
161,221,37
166,199,37
166,263,37
185,254,37
189,193,37
189,203,37
193,189,37
195,259,37
199,263,37
221,161,37
224,87,37
224,316,37
227,12,37
227,279,37
230,301,37
238,89,37
250,172,37
250,218,37
254,185,37
259,195,37
263,199,37
265,108,37
267,318,37
278,94,37
279,227,37
299,315,37
301,230,37
312,48,37
315,11,37
315,299,37
316,224,37
317,306,37
318,267,37
4,136,38
11,299,38
19,278,38
35,232,38
35,277,38
45,319,38
62,320,38
72,223,38
83,289,38
108,133,38
122,185,38
133,108,38
137,152,38
149,281,38
152,137,38
153,261,38
166,199,38
185,122,38
191,190,38
199,166,38
223,72,38
224,87,38
230,273,38
232,35,38
237,298,38
250,172,38
250,218,38
261,153,38
278,19,38
281,149,38
289,83,38
298,237,38
299,11,38
319,45,38
319,272,38
320,62,38
12,16,39
25,286,39
29,39,39
32,284,39
34,17,39
35,232,39
35,277,39
36,224,39
37,295,39
39,29,39
44,213,39
50,147,39
57,251,39
58,60,39
60,58,39
64,215,39
66,259,39
68,197,39
92,139,39
95,219,39
108,265,39
110,307,39
113,90,39
117,331,39
139,92,39
147,50,39
170,228,39
185,254,39
197,68,39
213,44,39
215,64,39
219,95,39
223,194,39
224,36,39
224,87,39
224,270,39
228,170,39
229,103,39
250,172,39
251,57,39
259,66,39
270,224,39
273,312,39
284,32,39
295,37,39
298,309,39
299,315,39
301,160,39
307,110,39
312,273,39
319,45,39
331,117,39
35,212,40
35,277,40
38,119,40
62,188,40
68,201,40
84,297,40
95,282,40
119,38,40
121,130,40
130,121,40
136,203,40
166,263,40
186,232,40
188,62,40
201,68,40
201,207,40
203,136,40
203,189,40
207,201,40
224,87,40
230,312,40
232,186,40
263,166,40
280,284,40
280,307,40
282,95,40
283,290,40
283,324,40
284,280,40
290,283,40
290,324,40
297,84,40
307,280,40
312,230,40
312,273,40
324,290,40
12,105,41
16,279,41
24,320,41
34,267,41
34,318,41
36,87,41
36,224,41
46,50,41
46,147,41
50,46,41
50,147,41
56,181,41
67,329,41
68,207,41
79,190,41
87,36,41
96,141,41
105,12,41
133,220,41
136,4,41
141,96,41
147,46,41
147,50,41
171,254,41
179,180,41
180,179,41
190,79,41
197,201,41
201,197,41
201,207,41
207,68,41
207,201,41
224,36,41
250,324,41
254,171,41
256,312,41
267,34,41
279,16,41
280,284,41
299,11,41
299,315,41
312,256,41
312,273,41
318,34,41
320,24,41
324,250,41
324,290,41
329,67,41
2,158,42
11,315,42
19,94,42
26,31,42
31,26,42
36,316,42
46,50,42
50,46,42
58,252,42
68,201,42
68,207,42
75,271,42
76,141,42
83,208,42
91,153,42
94,19,42
99,258,42
107,184,42
122,212,42
141,76,42
153,91,42
158,2,42
161,291,42
184,107,42
186,212,42
201,68,42
201,197,42
207,68,42
212,122,42
212,186,42
223,72,42
250,172,42
250,324,42
252,58,42
256,273,42
256,301,42
258,99,42
271,75,42
273,256,42
283,290,42
290,283,42
301,256,42
315,11,42
315,299,42
316,36,42
324,250,42
8,305,43
16,105,43
16,272,43
16,279,43
34,267,43
34,318,43
36,87,43
38,285,43
46,147,43
55,132,43
68,201,43
68,207,43
69,209,43
72,77,43
77,72,43
100,240,43
101,218,43
104,164,43
105,16,43
105,279,43
132,55,43
147,46,43
153,296,43
164,104,43
186,277,43
201,68,43
209,69,43
211,274,43
215,222,43
217,248,43
218,101,43
222,215,43
224,316,43
240,100,43
248,217,43
250,172,43
256,273,43
256,301,43
272,16,43
273,301,43
274,211,43
277,186,43
279,105,43
285,38,43
296,153,43
298,237,43
301,273,43
316,224,43
9,274,44
9,293,44
16,272,44
25,69,44
25,209,44
34,267,44
48,86,44
58,60,44
69,25,44
75,63,44
75,271,44
85,260,44
86,48,44
129,151,44
151,129,44
201,207,44
207,201,44
209,25,44
211,9,44
211,274,44
211,293,44
212,122,44
213,318,44
218,250,44
250,218,44
259,195,44
260,85,44
267,318,44
274,9,44
274,211,44
293,9,44
293,211,44
294,299,44
299,294,44
307,310,44
310,307,44
318,213,44
318,267,44
6,80,45
9,211,45
9,293,45
16,227,45
16,272,45
25,69,45
25,209,45
27,70,45
27,118,45
52,113,45
62,320,45
70,27,45
74,165,45
76,96,45
80,6,45
96,76,45
101,250,45
113,52,45
114,261,45
132,196,45
165,74,45
186,232,45
196,132,45
201,284,45
211,9,45
211,293,45
227,16,45
235,150,45
237,309,45
250,101,45
250,172,45
250,218,45
254,185,45
256,273,45
261,114,45
273,256,45
274,293,45
277,35,45
284,201,45
293,9,45
293,211,45
293,274,45
309,237,45
320,62,45
11,294,46
34,318,46
40,321,46
115,249,46
126,300,46
136,167,46
159,161,46
161,159,46
167,136,46
167,193,46
172,281,46
193,167,46
201,207,46
211,274,46
213,267,46
213,318,46
218,324,46
222,325,46
249,115,46
250,101,46
267,213,46
267,318,46
274,211,46
274,293,46
281,172,46
294,11,46
298,309,46
309,298,46
318,34,46
318,213,46
318,267,46
321,40,46
324,218,46
9,274,47
26,319,47
33,208,47
48,92,47
57,111,47
83,289,47
92,48,47
94,269,47
111,57,47
112,178,47
120,262,47
122,232,47
140,194,47
153,203,47
153,296,47
159,291,47
161,291,47
167,136,47
194,140,47
197,207,47
202,222,47
203,153,47
203,189,47
203,296,47
207,197,47
208,33,47
211,293,47
215,325,47
222,202,47
222,215,47
222,325,47
232,122,47
256,275,47
262,120,47
269,94,47
274,9,47
274,211,47
275,256,47
291,159,47
291,161,47
293,211,47
296,203,47
301,160,47
309,237,47
318,34,47
319,26,47
325,215,47
325,222,47
8,84,48
8,297,48
35,186,48
35,277,48
61,315,48
67,95,48
84,8,48
90,211,48
90,293,48
95,67,48
113,242,48
136,193,48
139,230,48
153,203,48
153,296,48
159,161,48
159,291,48
161,159,48
175,221,48
186,35,48
193,136,48
202,215,48
203,153,48
211,90,48
213,267,48
215,202,48
215,222,48
218,250,48
221,175,48
222,215,48
230,139,48
242,113,48
250,218,48
267,213,48
274,9,48
291,159,48
293,90,48
294,315,48
296,153,48
297,8,48
315,61,48
315,294,48
11,315,49
12,64,49
45,105,49
45,279,49
52,211,49
64,12,49
67,219,49
75,63,49
90,274,49
90,293,49
95,282,49
105,45,49
105,279,49
114,161,49
133,163,49
143,299,49
153,203,49
153,296,49
161,114,49
163,133,49
189,296,49
190,305,49
211,52,49
215,202,49
219,67,49
225,65,49
252,311,49
256,273,49
274,90,49
279,45,49
279,105,49
283,324,49
296,189,49
299,143,49
305,190,49
311,252,49
315,11,49
324,283,49
11,267,50
11,315,50
27,70,50
47,96,50
67,95,50
79,305,50
83,273,50
84,226,50
90,274,50
90,293,50
93,166,50
95,67,50
95,282,50
96,47,50
120,168,50
135,181,50
153,203,50
155,174,50
155,302,50
162,270,50
166,93,50
174,155,50
181,135,50
215,325,50
219,329,50
226,84,50
227,272,50
250,101,50
261,296,50
267,11,50
270,162,50
272,227,50
273,83,50
273,256,50
296,261,50
302,155,50
305,79,50
305,190,50
315,61,50
325,215,50
329,219,50
2,117,51
14,13,51
16,227,51
23,317,51
58,252,51
65,332,51
67,219,51
79,190,51
79,305,51
83,256,51
83,273,51
83,312,51
90,211,51
90,274,51
96,76,51
105,272,51
105,279,51
108,163,51
116,334,51
117,2,51
163,108,51
164,327,51
169,257,51
183,295,51
190,79,51
190,305,51
211,90,51
211,274,51
215,202,51
215,325,51
219,67,51
227,16,51
242,274,51
252,58,51
254,171,51
256,83,51
256,273,51
257,169,51
272,105,51
273,83,51
273,256,51
274,211,51
274,242,51
295,183,51
305,79,51
305,190,51
312,83,51
317,23,51
327,164,51
332,65,51
334,116,51
3,57,52
32,154,52
34,213,52
35,212,52
52,274,52
57,3,52
62,188,52
62,320,52
83,256,52
83,312,52
85,130,52
90,242,52
91,159,52
105,272,52
107,169,52
107,257,52
130,85,52
154,32,52
159,91,52
169,107,52
169,257,52
212,35,52
212,232,52
213,34,52
215,202,52
232,212,52
242,90,52
250,218,52
252,311,52
256,83,52
256,273,52
257,107,52
257,169,52
274,52,52
301,312,52
312,301,52
315,11,52
11,61,53
28,289,53
50,276,53
58,60,53
61,11,53
62,152,53
92,230,53
132,55,53
140,222,53
143,154,53
149,172,53
149,281,53
152,62,53
154,143,53
165,228,53
172,149,53
172,281,53
188,320,53
194,223,53
202,325,53
207,284,53
211,293,53
215,325,53
219,329,53
222,140,53
223,194,53
223,330,53
228,165,53
230,92,53
242,274,53
274,242,53
275,301,53
275,312,53
276,50,53
281,149,53
281,172,53
284,207,53
289,28,53
293,211,53
301,275,53
301,312,53
312,83,53
312,275,53
312,301,53
315,294,53
320,188,53
325,202,53
325,215,53
330,223,53
3,111,54
32,228,54
43,265,54
76,196,54
83,301,54
96,196,54
102,181,54
107,169,54
111,3,54
169,107,54
181,102,54
184,199,54
196,76,54
196,96,54
197,201,54
199,184,54
201,197,54
203,296,54
219,282,54
219,329,54
223,194,54
228,32,54
228,165,54
238,239,54
239,238,54
242,90,54
245,263,54
248,282,54
263,245,54
265,43,54
274,52,54
281,149,54
281,172,54
282,219,54
282,248,54
296,203,54
301,83,54
312,275,54
325,202,54
6,146,55
32,143,55
48,226,55
71,235,55
82,127,55
94,141,55
102,135,55
108,265,55
127,82,55
130,260,55
135,102,55
135,181,55
141,94,55
143,32,55
146,6,55
149,172,55
149,281,55
161,261,55
169,257,55
172,149,55
172,218,55
181,135,55
196,76,55
202,215,55
215,202,55
218,172,55
218,250,55
219,248,55
219,282,55
219,329,55
223,330,55
226,48,55
228,299,55
235,71,55
242,274,55
242,293,55
248,219,55
260,130,55
261,161,55
265,108,55
274,242,55
274,293,55
281,149,55
282,219,55
287,323,55
290,233,55
293,242,55
293,274,55
295,37,55
295,183,55
299,228,55
323,287,55
4,167,56
16,17,56
16,227,56
17,16,56
17,227,56
28,173,56
30,117,56
32,165,56
36,78,56
51,291,56
62,313,56
69,286,56
78,36,56
83,273,56
96,47,56
101,179,56
117,30,56
120,262,56
135,328,56
151,171,56
153,296,56
165,32,56
167,4,56
169,107,56
171,151,56
171,254,56
172,281,56
173,28,56
179,101,56
181,328,56
197,284,56
201,207,56
201,284,56
207,201,56
217,282,56
218,172,56
218,281,56
219,248,56
219,282,56
219,329,56
227,17,56
240,278,56
242,90,56
248,329,56
273,83,56
273,256,56
274,52,56
275,301,56
278,240,56
281,172,56
281,218,56
282,217,56
282,219,56
282,329,56
284,197,56
284,201,56
286,69,56
291,51,56
296,153,56
301,275,56
313,62,56
328,135,56
328,181,56
329,248,56
329,282,56
7,180,57
11,34,57
16,17,57
17,16,57
17,227,57
22,85,57
23,53,57
26,45,57
32,299,57
34,11,57
45,26,57
53,23,57
58,311,57
61,315,57
85,22,57
109,160,57
123,302,57
135,102,57
151,254,57
160,109,57
171,151,57
171,254,57
172,218,57
172,250,57
172,281,57
176,222,57
180,7,57
197,201,57
201,197,57
201,280,57
218,172,57
218,281,57
219,248,57
219,282,57
222,176,57
223,194,57
248,219,57
248,282,57
250,172,57
254,151,57
254,171,57
256,301,57
280,201,57
281,172,57
281,218,57
282,219,57
282,248,57
282,329,57
299,32,57
301,256,57
301,275,57
302,123,57
311,58,57
315,61,57
17,16,58
26,272,58
48,92,58
56,102,58
56,135,58
56,328,58
77,223,58
83,301,58
91,291,58
92,48,58
92,230,58
96,333,58
98,111,58
102,56,58
102,135,58
111,98,58
135,56,58
135,102,58
135,328,58
154,294,58
207,284,58
213,44,58
217,329,58
223,77,58
223,194,58
223,330,58
250,281,58
272,26,58
281,250,58
282,219,58
282,248,58
284,207,58
291,91,58
294,154,58
301,83,58
301,275,58
311,252,58
320,322,58
322,320,58
328,56,58
328,135,58
329,217,58
333,96,58
7,304,59
26,45,59
46,73,59
46,147,59
62,152,59
73,46,59
73,147,59
77,194,59
92,48,59
92,230,59
96,47,59
129,171,59
129,254,59
140,176,59
147,73,59
171,129,59
172,218,59
176,140,59
180,304,59
194,77,59
194,223,59
218,172,59
218,250,59
218,281,59
223,194,59
223,330,59
250,218,59
254,129,59
281,218,59
282,219,59
282,248,59
304,7,59
304,180,59
311,58,59
16,105,60
17,31,60
31,17,60
34,61,60
34,315,60
40,147,60
40,321,60
46,73,60
46,147,60
56,135,60
61,34,60
61,315,60
73,46,60
73,147,60
73,321,60
92,48,60
92,230,60
105,16,60
129,171,60
129,254,60
135,56,60
147,40,60
147,46,60
147,73,60
169,249,60
171,254,60
172,250,60
172,281,60
197,207,60
207,197,60
218,172,60
218,281,60
219,329,60
222,262,60
223,194,60
248,329,60
249,169,60
250,172,60
254,171,60
262,222,60
281,172,60
281,218,60
282,219,60
302,155,60
304,7,60
315,34,60
315,61,60
319,325,60
321,73,60
325,319,60
329,219,60
329,248,60
34,61,61
34,267,61
35,277,61
40,147,61
46,73,61
46,321,61
61,34,61
73,46,61
73,321,61
108,163,61
108,265,61
129,171,61
129,254,61
147,40,61
147,321,61
159,221,61
171,129,61
171,254,61
172,250,61
172,281,61
185,212,61
185,232,61
209,330,61
212,185,61
212,232,61
217,219,61
217,248,61
217,329,61
219,217,61
219,282,61
219,329,61
221,159,61
232,185,61
232,212,61
248,217,61
250,281,61
254,129,61
254,171,61
267,34,61
281,172,61
281,250,61
282,329,61
321,46,61
321,73,61
321,147,61
329,217,61
329,219,61
329,282,61
330,209,61
14,263,62
16,227,62
17,227,62
52,242,62
66,261,62
77,216,62
81,271,62
83,312,62
92,48,62
153,161,62
153,296,62
161,153,62
172,250,62
172,281,62
177,219,62
185,212,62
190,297,62
207,284,62
212,185,62
216,77,62
219,177,62
219,282,62
227,16,62
227,17,62
242,52,62
250,172,62
250,281,62
256,273,62
261,66,62
263,14,62
271,81,62
281,172,62
281,250,62
282,219,62
282,329,62
297,190,62
312,83,62
321,73,62
321,147,62
329,217,62
329,282,62
4,203,63
11,315,63
16,105,63
16,227,63
32,143,63
32,154,63
40,73,63
42,74,63
48,230,63
51,126,63
51,291,63
61,267,63
64,125,63
65,258,63
73,40,63
73,147,63
73,321,63
74,42,63
77,330,63
89,168,63
96,333,63
102,214,63
125,64,63
126,51,63
135,102,63
135,214,63
143,154,63
147,73,63
147,321,63
149,179,63
153,161,63
154,32,63
154,143,63
167,203,63
168,89,63
172,250,63
172,281,63
179,149,63
194,330,63
203,4,63
203,167,63
214,102,63
214,135,63
217,282,63
219,177,63
227,16,63
230,48,63
250,172,63
250,281,63
258,65,63
267,61,63
281,172,63
281,250,63
282,217,63
282,329,63
291,51,63
295,37,63
315,11,63
321,73,63
321,147,63
330,77,63
330,194,63
330,209,63
4,189,64
14,13,64
24,322,64
32,143,64
34,61,64
34,267,64
37,183,64
37,295,64
48,92,64
48,230,64
61,34,64
61,267,64
73,40,64
73,147,64
95,177,64
107,249,64
115,169,64
139,160,64
140,222,64
143,32,64
143,154,64
147,73,64
147,321,64
160,139,64
168,239,64
169,115,64
177,95,64
183,37,64
189,4,64
202,223,64
222,140,64
223,202,64
239,168,64
249,107,64
267,34,64
267,61,64
282,217,64
301,312,64
312,301,64
322,24,64
327,157,64
330,77,64
4,167,65
37,183,65
73,40,65
135,56,65
137,320,65
143,32,65
143,154,65
161,296,65
167,4,65
170,310,65
179,101,65
213,267,65
214,102,65
219,329,65
222,262,65
244,206,65
250,283,65
267,213,65
281,172,65
283,250,65
296,161,65
310,170,65
310,307,65
320,137,65
329,219,65
330,194,65
330,209,65
1,278,66
2,331,66
4,153,66
30,331,66
35,186,66
62,137,66
62,152,66
75,88,66
77,209,66
77,330,66
88,75,66
88,99,66
90,113,66
99,88,66
100,300,66
108,239,66
113,90,66
126,291,66
137,62,66
137,320,66
143,32,66
151,185,66
153,4,66
153,161,66
161,153,66
183,295,66
185,151,66
189,193,66
193,189,66
197,201,66
201,197,66
204,321,66
209,77,66
209,330,66
210,275,66
219,282,66
219,329,66
239,108,66
253,292,66
275,210,66
275,312,66
278,1,66
282,219,66
282,329,66
291,126,66
292,253,66
295,183,66
300,100,66
309,298,66
312,275,66
312,301,66
321,204,66
329,282,66
330,77,66
330,194,66
330,209,66
331,2,66
331,30,66
2,231,67
4,161,67
11,267,67
12,140,67
31,264,67
34,61,67
51,91,67
60,311,67
61,34,67
77,209,67
91,51,67
93,199,67
140,12,67
141,269,67
145,276,67
147,204,67
147,321,67
153,167,67
153,296,67
161,4,67
167,153,67
167,296,67
199,93,67
201,207,67
204,147,67
204,321,67
207,201,67
209,77,67
214,241,67
220,238,67
231,2,67
238,220,67
239,168,67
262,120,67
264,31,67
267,11,67
269,141,67
275,210,67
276,145,67
283,324,67
296,153,67
296,167,67
309,237,67
311,60,67
321,147,67
321,204,67
3,80,68
4,296,68
22,260,68
46,150,68
49,226,68
58,60,68
60,58,68
77,330,68
80,3,68
106,174,68
109,210,68
124,246,68
143,307,68
150,46,68
161,296,68
174,106,68
185,212,68
197,280,68
207,284,68
208,301,68
210,109,68
210,275,68
226,49,68
246,124,68
248,329,68
250,324,68
251,255,68
255,251,68
260,22,68
280,197,68
293,315,68
296,4,68
296,153,68
296,161,68
301,208,68
307,143,68
315,293,68
324,250,68
329,248,68
329,282,68
330,77,68
2,30,69
3,111,69
16,17,69
17,16,69
19,22,69
22,19,69
30,2,69
31,228,69
43,133,69
44,267,69
45,105,69
55,216,69
68,225,69
77,209,69
80,146,69
100,106,69
100,300,69
105,45,69
106,100,69
106,174,69
111,3,69
132,196,69
133,43,69
146,80,69
196,132,69
216,55,69
225,68,69
228,31,69
228,264,69
232,122,69
248,282,69
248,329,69
250,283,69
250,324,69
262,222,69
264,228,69
267,44,69
282,248,69
283,250,69
283,324,69
324,283,69
329,248,69
7,180,70
19,260,70
20,181,70
48,92,70
50,75,70
75,50,70
77,330,70
136,189,70
136,193,70
137,188,70
180,7,70
181,20,70
188,137,70
189,136,70
193,136,70
203,296,70
208,275,70
228,31,70
228,264,70
244,323,70
256,301,70
260,19,70
275,208,70
282,329,70
296,203,70
297,8,70
301,256,70
301,312,70
323,244,70
329,282,70
4,161,71
17,227,71
28,118,71
32,307,71
36,316,71
45,26,71
51,126,71
56,328,71
72,176,71
75,88,71
85,260,71
88,75,71
96,47,71
106,240,71
106,300,71
114,203,71
118,28,71
126,51,71
136,189,71
136,193,71
152,320,71
161,4,71
176,72,71
195,261,71
203,114,71
216,330,71
227,17,71
240,106,71
240,300,71
250,283,71
256,312,71
260,85,71
261,195,71
262,120,71
283,250,71
300,106,71
300,240,71
302,314,71
307,32,71
311,252,71
312,256,71
312,301,71
314,302,71
316,36,71
320,152,71
321,147,71
321,204,71
328,56,71
330,216,71
4,296,72
16,228,72
19,85,72
32,299,72
51,91,72
65,82,72
69,209,72
82,65,72
85,19,72
85,260,72
100,240,72
106,174,72
108,163,72
151,232,72
158,234,72
183,37,72
199,184,72
209,69,72
217,329,72
221,175,72
223,319,72
228,16,72
232,151,72
234,158,72
240,100,72
248,282,72
259,261,72
261,259,72
262,222,72
272,279,72
273,289,72
279,272,72
282,248,72
289,273,72
296,4,72
307,143,72
310,170,72
319,223,72
329,217,72
330,77,72
4,161,73
4,296,73
50,200,73
54,124,73
60,311,73
64,223,73
66,203,73
66,296,73
68,284,73
77,216,73
77,330,73
104,157,73
104,164,73
120,222,73
120,262,73
124,54,73
136,189,73
154,211,73
155,314,73
157,104,73
164,104,73
197,207,73
200,50,73
203,66,73
203,296,73
207,197,73
211,154,73
216,77,73
216,330,73
222,120,73
222,262,73
223,64,73
256,301,73
261,195,73
262,120,73
262,222,73
284,68,73
296,66,73
296,203,73
301,256,73
311,60,73
311,252,73
314,155,73
330,216,73
4,161,74
52,113,74
73,147,74
94,96,74
96,94,74
107,115,74
113,52,74
114,195,74
115,107,74
136,193,74
147,73,74
152,188,74
157,164,74
161,296,74
164,157,74
171,178,74
178,171,74
188,152,74
195,114,74
291,317,74
296,161,74
296,203,74
317,291,74
8,230,75
27,182,75
38,206,75
51,126,75
64,319,75
85,19,75
85,260,75
92,230,75
109,312,75
110,142,75
129,178,75
144,278,75
147,204,75
148,186,75
152,320,75
161,4,75
161,296,75
170,299,75
178,129,75
178,171,75
186,148,75
188,137,75
199,93,75
204,147,75
206,38,75
217,248,75
217,329,75
220,265,75
230,8,75
230,92,75
248,217,75
265,220,75
278,144,75
296,161,75
299,170,75
312,109,75
319,64,75
325,330,75
330,325,75
7,84,76
7,180,76
11,61,76
16,17,76
17,16,76
53,291,76
61,11,76
65,258,76
73,40,76
84,7,76
92,190,76
92,230,76
100,300,76
104,157,76
122,277,76
129,171,76
129,178,76
137,152,76
143,170,76
152,137,76
157,104,76
164,231,76
168,89,76
170,143,76
170,299,76
171,129,76
171,178,76
178,129,76
178,171,76
190,92,76
201,307,76
211,293,76
223,319,76
231,164,76
277,122,76
291,53,76
293,211,76
296,153,76
296,161,76
300,100,76
307,201,76
319,223,76
1,144,77
8,190,77
8,230,77
10,40,77
17,227,77
22,260,77
24,221,77
40,10,77
44,315,77
47,94,77
47,96,77
73,147,77
84,180,77
91,126,77
94,47,77
94,96,77
96,47,77
96,94,77
122,232,77
126,91,77
143,310,77
144,1,77
147,73,77
155,302,77
161,4,77
161,296,77
170,143,77
177,219,77
178,129,77
180,84,77
190,8,77
190,230,77
208,210,77
210,208,77
217,282,77
219,177,77
221,24,77
230,8,77
230,190,77
232,122,77
240,300,77
260,22,77
260,85,77
282,217,77
282,329,77
296,153,77
296,161,77
300,240,77
302,155,77
310,143,77
315,44,77
329,282,77
8,190,78
26,105,78
32,143,78
32,170,78
36,102,78
55,132,78
64,215,78
66,203,78
77,132,78
93,331,78
96,47,78
96,94,78
102,36,78
105,26,78
113,242,78
126,317,78
132,55,78
132,77,78
132,196,78
143,32,78
147,204,78
148,59,78
154,293,78
161,4,78
170,32,78
170,299,78
178,171,78
188,208,78
188,210,78
190,8,78
203,66,78
208,188,78
210,188,78
215,64,78
242,113,78
248,292,78
260,22,78
282,217,78
289,301,78
292,248,78
293,154,78
301,289,78
317,126,78
331,93,78
8,230,79
17,16,79
17,227,79
22,85,79
31,294,79
32,299,79
45,227,79
51,91,79
60,58,79
72,120,79
78,229,79
81,88,79
85,22,79
88,81,79
91,51,79
114,261,79
120,72,79
128,200,79
132,55,79
132,77,79
143,201,79
177,329,79
199,331,79
200,128,79
201,143,79
201,307,79
224,251,79
225,284,79
227,45,79
229,78,79
230,8,79
239,262,79
251,224,79
261,114,79
262,239,79
267,213,79
283,290,79
284,225,79
290,283,79
294,31,79
296,153,79
299,32,79
299,170,79
302,314,79
314,302,79
329,177,79
331,199,79
8,190,80
10,73,80
16,105,80
21,266,80
32,143,80
32,299,80
40,73,80
73,10,80
73,40,80
79,297,80
95,282,80
104,231,80
105,16,80
105,227,80
114,195,80
125,223,80
132,55,80
143,32,80
157,164,80
164,157,80
167,320,80
177,219,80
177,329,80
200,50,80
201,310,80
210,275,80
223,125,80
227,105,80
231,104,80
251,255,80
266,21,80
275,210,80
282,95,80
297,79,80
299,32,80
310,201,80
320,167,80
331,93,80
10,71,81
12,72,81
13,245,81
17,45,81
17,227,81
20,135,81
30,184,81
32,143,81
32,299,81
45,17,81
47,94,81
50,128,81
50,200,81
64,140,81
64,215,81
71,10,81
72,12,81
79,84,81
79,297,81
84,79,81
94,47,81
100,174,81
105,16,81
121,144,81
128,50,81
132,77,81
135,20,81
140,64,81
144,121,81
161,296,81
174,100,81
178,129,81
184,30,81
219,329,81
220,238,81
227,17,81
245,13,81
251,224,81
257,288,81
283,250,81
288,257,81
292,253,81
296,161,81
329,219,81
330,216,81
4,51,82
8,230,82
13,14,82
13,245,82
14,245,82
26,223,82
26,319,82
32,143,82
32,201,82
51,4,82
67,329,82
94,96,82
95,217,82
113,52,82
128,332,82
137,320,82
178,171,82
180,7,82
201,32,82
206,244,82
217,95,82
223,26,82
229,316,82
244,206,82
245,14,82
289,273,82
309,298,82
316,229,82
319,26,82
320,137,82
321,326,82
326,321,82
329,67,82
329,219,82
332,128,82
26,223,83
28,86,83
32,299,83
34,213,83
55,77,83
61,293,83
71,73,83
73,71,83
77,55,83
86,28,83
117,199,83
139,152,83
152,139,83
174,240,83
199,117,83
208,275,83
212,277,83
213,34,83
213,267,83
229,78,83
240,174,83
257,308,83
275,208,83
277,212,83
283,290,83
284,68,83
293,61,83
308,257,83
329,67,83
4,296,84
24,91,84
32,201,84
32,299,84
44,113,84
55,132,84
71,138,84
77,132,84
91,24,84
101,218,84
102,103,84
103,102,84
106,300,84
113,44,84
113,52,84
132,55,84
132,77,84
137,188,84
137,320,84
138,71,84
143,310,84
150,187,84
172,324,84
177,282,84
187,150,84
188,137,84
190,230,84
194,202,84
201,299,84
202,194,84
213,34,84
213,267,84
218,101,84
230,190,84
245,13,84
275,210,84
282,177,84
296,4,84
299,201,84
300,106,84
310,143,84
324,172,84
9,197,85
19,130,85
30,117,85
30,199,85
32,143,85
32,201,85
55,77,85
62,110,85
64,72,85
64,215,85
71,10,85
72,64,85
77,55,85
77,132,85
91,153,85
92,190,85
110,62,85
117,30,85
117,199,85
127,205,85
130,19,85
143,32,85
143,201,85
144,278,85
150,46,85
150,187,85
153,91,85
185,277,85
190,92,85
197,9,85
199,30,85
199,117,85
201,32,85
201,143,85
201,299,85
203,296,85
205,127,85
224,255,85
245,14,85
255,224,85
277,185,85
283,324,85
296,203,85
307,310,85
310,307,85
324,283,85
4,51,86
4,296,86
10,138,86
12,64,86
16,272,86
26,125,86
30,117,86
30,199,86
34,267,86
36,270,86
45,105,86
46,187,86
64,12,86
64,215,86
76,141,86
77,55,86
83,109,86
84,149,86
105,45,86
109,83,86
113,44,86
113,52,86
117,30,86
125,26,86
138,10,86
141,76,86
143,299,86
149,84,86
150,46,86
160,312,86
174,300,86
187,46,86
199,30,86
201,32,86
201,143,86
224,251,86
227,318,86
267,34,86
270,36,86
272,16,86
296,4,86
299,143,86
300,174,86
312,160,86
318,227,86
10,71,87
10,73,87
12,215,87
30,117,87
30,199,87
32,143,87
32,170,87
46,150,87
46,187,87
47,269,87
72,215,87
73,10,87
77,132,87
101,179,87
106,174,87
106,300,87
113,44,87
113,52,87
117,199,87
137,188,87
137,210,87
143,32,87
143,201,87
143,299,87
150,187,87
170,32,87
174,106,87
174,300,87
185,212,87
187,150,87
197,207,87
199,117,87
201,299,87
209,330,87
210,137,87
212,185,87
212,277,87
215,12,87
215,72,87
223,272,87
264,319,87
269,47,87
272,223,87
277,212,87
299,201,87
300,106,87
300,174,87
319,264,87
330,209,87
3,80,88
10,71,88
12,64,88
24,153,88
32,143,88
32,170,88
32,201,88
46,150,88
51,296,88
64,12,88
80,3,88
84,101,88
84,149,88
85,260,88
91,161,88
93,231,88
95,253,88
101,84,88
101,179,88
106,174,88
106,300,88
124,246,88
129,171,88
143,32,88
143,170,88
143,201,88
143,299,88
149,218,88
150,46,88
150,187,88
153,24,88
161,91,88
163,168,88
168,163,88
170,143,88
170,201,88
171,129,88
174,106,88
185,277,88
197,9,88
199,30,88
201,32,88
201,143,88
201,170,88
201,299,88
212,185,88
216,325,88
217,292,88
218,149,88
231,93,88
233,241,88
237,298,88
241,233,88
253,95,88
260,85,88
272,16,88
277,185,88
279,318,88
292,217,88
296,51,88
298,237,88
299,143,88
299,201,88
299,307,88
300,106,88
307,299,88
318,279,88
325,216,88
3,5,89
5,3,89
32,143,89
46,235,89
57,198,89
64,72,89
72,64,89
84,101,89
84,149,89
93,236,89
100,300,89
101,84,89
101,179,89
106,174,89
108,262,89
143,32,89
149,84,89
149,218,89
152,193,89
152,275,89
163,238,89
185,212,89
185,277,89
193,152,89
195,261,89
198,57,89
201,307,89
235,46,89
236,93,89
238,163,89
261,195,89
262,108,89
267,315,89
275,152,89
290,324,89
299,201,89
299,307,89
300,100,89
307,201,89
307,299,89
315,267,89
318,227,89
324,290,89
3,80,90
10,138,90
11,274,90
17,31,90
17,294,90
23,240,90
31,17,90
31,294,90
32,299,90
39,198,90
46,150,90
71,73,90
73,71,90
77,55,90
89,163,90
93,231,90
93,236,90
101,218,90
108,120,90
120,108,90
126,259,90
136,160,90
140,330,90
150,46,90
150,235,90
152,160,90
160,136,90
160,152,90
163,89,90
163,168,90
168,238,90
185,212,90
185,277,90
196,266,90
198,39,90
198,57,90
201,170,90
201,299,90
201,307,90
218,101,90
218,149,90
221,175,90
222,239,90
235,150,90
238,168,90
239,222,90
240,23,90
259,126,90
266,196,90
274,11,90
285,287,90
287,285,90
294,17,90
294,31,90
299,32,90
299,201,90
301,256,90
307,201,90
330,140,90
1,278,91
12,72,91
16,105,91
32,201,91
32,299,91
51,203,91
72,12,91
77,132,91
83,190,91
84,101,91
84,218,91
89,168,91
101,84,91
101,218,91
105,16,91
107,249,91
109,190,91
124,54,91
136,152,91
149,180,91
150,46,91
152,136,91
152,160,91
168,89,91
168,238,91
172,283,91
180,149,91
185,212,91
190,83,91
190,109,91
192,242,91
198,39,91
201,32,91
201,170,91
203,51,91
218,84,91
218,101,91
231,236,91
236,231,91
242,192,91
266,21,91
278,1,91
283,172,91
299,32,91
318,279,91
5,111,92
16,279,92
17,31,92
30,93,92
31,17,92
31,294,92
50,75,92
75,50,92
89,238,92
93,30,92
101,149,92
101,218,92
111,5,92
136,160,92
137,275,92
149,101,92
149,218,92
152,136,92
152,160,92
159,306,92
160,136,92
160,152,92
168,89,92
168,238,92
174,300,92
188,320,92
201,299,92
202,209,92
203,296,92
209,202,92
214,233,92
216,330,92
218,149,92
233,214,92
238,89,92
238,168,92
275,137,92
279,16,92
296,203,92
299,201,92
300,174,92
306,159,92
318,227,92
320,188,92
330,216,92
31,17,93
60,252,93
60,311,93
69,74,93
74,69,93
83,109,93
86,173,93
89,168,93
94,141,93
101,149,93
105,223,93
109,83,93
109,190,93
137,193,93
137,275,93
141,94,93
147,326,93
149,101,93
160,136,93
160,152,93
168,89,93
168,238,93
173,86,93
193,137,93
193,275,93
202,194,93
203,51,93
218,84,93
223,105,93
252,60,93
252,311,93
253,329,93
275,193,93
279,318,93
299,32,93
311,60,93
311,252,93
318,279,93
326,147,93
329,253,93
4,91,94
10,204,94
55,132,94
73,138,94
84,285,94
89,163,94
89,238,94
91,4,94
101,180,94
103,229,94
109,83,94
109,190,94
122,212,94
132,55,94
134,172,94
136,137,94
136,193,94
137,136,94
137,193,94
137,275,94
138,73,94
140,215,94
149,180,94
150,187,94
153,161,94
161,153,94
163,89,94
163,168,94
168,163,94
168,238,94
172,134,94
179,281,94
180,101,94
180,149,94
193,136,94
193,137,94
193,275,94
203,296,94
204,10,94
212,122,94
212,277,94
214,241,94
215,140,94
224,255,94
229,103,94
238,89,94
238,168,94
241,214,94
259,317,94
267,213,94
275,137,94
275,193,94
277,212,94
281,179,94
285,84,94
286,333,94
311,60,94
317,259,94
333,286,94
5,57,95
10,138,95
17,294,95
25,165,95
57,5,95
77,133,95
84,218,95
84,285,95
93,231,95
105,45,95
109,83,95
120,222,95
132,196,95
133,77,95
137,193,95
138,10,95
138,73,95
159,333,95
165,25,95
168,163,95
169,308,95
180,101,95
193,137,95
196,132,95
212,122,95
222,120,95
222,262,95
231,93,95
262,222,95
279,16,95
285,287,95
294,17,95
308,169,95
308,257,95
333,159,95
333,286,95
4,114,96
7,323,96
55,196,96
66,195,96
71,138,96
73,204,96
91,114,96
114,4,96
114,91,96
120,108,96
122,277,96
136,160,96
138,71,96
159,286,96
160,136,96
160,152,96
163,238,96
195,66,96
196,55,96
196,132,96
203,51,96
203,296,96
204,73,96
227,294,96
238,163,96
257,288,96
257,308,96
277,122,96
285,84,96
286,159,96
289,301,96
294,227,96
301,289,96
323,7,96
1,144,97
4,91,97
5,39,97
23,300,97
25,74,97
39,5,97
41,266,97
45,318,97
71,73,97
71,138,97
71,204,97
73,71,97
73,204,97
74,25,97
84,287,97
90,242,97
91,4,97
91,114,97
108,222,97
116,143,97
116,334,97
122,212,97
125,202,97
134,304,97
136,152,97
143,116,97
144,1,97
152,136,97
163,168,97
163,238,97
194,216,97
202,125,97
204,71,97
204,73,97
216,194,97
221,306,97
222,108,97
227,228,97
228,227,97
231,236,97
242,90,97
257,288,97
266,41,97
287,84,97
288,308,97
293,211,97
294,17,97
300,23,97
304,134,97
306,221,97
308,288,97
318,45,97
329,219,97
16,272,98
17,227,98
43,176,98
51,296,98
55,132,98
63,99,98
73,138,98
77,196,98
83,190,98
84,295,98
99,63,98
105,279,98
132,55,98
138,73,98
143,334,98
160,193,98
169,288,98
176,43,98
185,186,98
186,185,98
188,210,98
190,83,98
193,160,98
196,77,98
197,207,98
204,71,98
210,188,98
214,233,98
227,17,98
227,228,98
251,255,98
255,251,98
257,308,98
273,301,98
279,105,98
279,318,98
288,169,98
288,308,98
289,273,98
289,301,98
293,61,98
295,84,98
296,51,98
301,273,98
301,289,98
308,257,98
308,288,98
318,279,98
334,143,98
8,92,99
9,280,99
10,71,99
11,293,99
18,33,99
33,18,99
45,105,99
55,196,99
59,144,99
71,10,99
77,133,99
80,111,99
92,8,99
100,278,99
105,45,99
111,80,99
136,137,99
136,193,99
137,136,99
137,193,99
139,208,99
144,59,99
151,245,99
174,106,99
180,149,99
193,136,99
193,137,99
196,55,99
208,139,99
210,320,99
221,175,99
222,262,99
245,151,99
272,279,99
273,289,99
278,100,99
279,272,99
280,9,99
288,169,99
289,273,99
293,11,99
293,61,99
308,257,99
320,210,99
4,114,100
10,204,100
11,61,100
16,279,100
45,223,100
45,279,100
46,147,100
61,11,100
61,293,100
114,4,100
138,204,100
147,46,100
154,170,100
163,168,100
170,154,100
180,101,100
180,149,100
193,136,100
204,10,100
204,138,100
210,188,100
215,264,100
223,45,100
245,14,100
264,215,100
279,16,100
279,45,100
287,295,100
295,287,100
