5,38,1
5,134,1
8,198,1
10,159,1
10,287,1
12,99,1
14,114,1
14,183,1
16,314,1
27,82,1
34,214,1
34,293,1
37,38,1
37,134,1
38,5,1
38,37,1
38,134,1
49,275,1
63,163,1
66,243,1
75,233,1
77,286,1
82,27,1
84,254,1
85,136,1
93,261,1
99,12,1
102,269,1
107,133,1
109,153,1
114,14,1
114,235,1
114,281,1
117,156,1
119,346,1
121,178,1
122,238,1
123,273,1
133,107,1
134,5,1
134,37,1
134,38,1
136,85,1
139,188,1
145,319,1
153,109,1
154,276,1
156,117,1
159,10,1
163,63,1
163,186,1
166,348,1
171,223,1
178,121,1
183,14,1
183,281,1
186,163,1
188,139,1
198,8,1
204,325,1
210,315,1
214,34,1
218,219,1
219,218,1
223,171,1
230,333,1
233,75,1
235,114,1
236,347,1
238,122,1
243,66,1
254,84,1
261,93,1
266,332,1
269,102,1
273,123,1
275,49,1
276,154,1
281,114,1
281,183,1
285,302,1
286,77,1
287,10,1
293,34,1
302,285,1
306,331,1
309,331,1
314,16,1
315,210,1
319,145,1
325,204,1
331,306,1
331,309,1
332,266,1
333,230,1
346,119,1
347,236,1
348,166,1
2,180,2
5,38,2
7,325,2
11,58,2
14,114,2
37,38,2
37,134,2
38,5,2
38,37,2
38,134,2
46,259,2
48,260,2
58,11,2
62,311,2
70,112,2
70,211,2
78,112,2
80,189,2
86,149,2
91,277,2
109,157,2
111,205,2
112,70,2
112,78,2
114,14,2
114,235,2
127,291,2
129,333,2
134,37,2
134,38,2
149,86,2
157,109,2
163,63,2
180,2,2
187,239,2
189,80,2
190,334,2
205,111,2
211,70,2
212,215,2
212,237,2
214,293,2
215,212,2
237,212,2
239,187,2
258,330,2
259,46,2
260,48,2
263,337,2
277,91,2
285,345,2
291,127,2
293,214,2
306,309,2
306,331,2
309,306,2
309,331,2
311,62,2
325,7,2
330,258,2
331,306,2
331,309,2
333,129,2
334,190,2
337,263,2
345,285,2
2,34,3
5,37,3
5,38,3
5,134,3
20,112,3
29,51,3
34,2,3
37,5,3
38,5,3
43,89,3
51,29,3
52,206,3
64,314,3
71,163,3
71,186,3
78,323,3
81,127,3
87,160,3
89,43,3
103,340,3
107,306,3
107,331,3
112,20,3
127,81,3
134,5,3
154,292,3
160,87,3
163,71,3
163,186,3
164,341,3
186,71,3
186,163,3
188,343,3
206,52,3
212,215,3
212,237,3
215,237,3
220,301,3
237,215,3
292,154,3
301,220,3
306,107,3
306,309,3
306,331,3
309,306,3
314,64,3
323,78,3
331,107,3
331,306,3
340,103,3
341,164,3
343,188,3
5,38,4
5,134,4
24,260,4
32,46,4
32,56,4
40,341,4
44,118,4
45,123,4
46,32,4
50,148,4
54,87,4
54,160,4
55,94,4
56,32,4
62,267,4
71,163,4
80,263,4
80,337,4
87,54,4
91,133,4
94,55,4
96,340,4
104,132,4
106,297,4
107,306,4
107,309,4
107,331,4
114,196,4
118,44,4
121,242,4
123,45,4
129,230,4
129,333,4
132,104,4
133,91,4
148,50,4
152,283,4
157,327,4
160,54,4
163,63,4
163,71,4
182,327,4
184,334,4
196,114,4
208,256,4
212,215,4
212,237,4
215,212,4
215,237,4
230,129,4
237,212,4
237,215,4
242,121,4
256,208,4
260,24,4
263,80,4
263,337,4
267,62,4
283,152,4
297,106,4
306,107,4
306,309,4
309,107,4
309,306,4
309,331,4
316,348,4
327,157,4
327,182,4
331,107,4
331,309,4
334,184,4
337,80,4
337,263,4
340,96,4
341,40,4
341,164,4
348,316,4
5,38,5
5,134,5
18,63,5
18,163,5
19,168,5
21,66,5
26,318,5
38,134,5
63,18,5
66,21,5
100,332,5
104,185,5
107,309,5
112,323,5
114,235,5
120,255,5
129,230,5
134,38,5
143,338,5
157,109,5
157,327,5
163,18,5
163,71,5
168,19,5
174,290,5
181,282,5
185,104,5
204,269,5
207,317,5
212,215,5
215,212,5
215,237,5
220,279,5
221,273,5
255,120,5
267,307,5
269,204,5
273,221,5
276,292,5
279,220,5
282,181,5
285,302,5
290,174,5
292,276,5
306,331,5
307,267,5
309,107,5
309,331,5
317,207,5
318,26,5
323,112,5
327,157,5
331,306,5
331,309,5
332,100,5
338,143,5
341,40,5
5,38,6
32,46,6
37,198,6
38,5,6
40,164,6
46,56,6
56,46,6
63,163,6
67,290,6
71,253,6
73,217,6
74,336,6
80,263,6
81,291,6
91,306,6
91,309,6
92,175,6
107,331,6
112,20,6
127,291,6
129,333,6
134,184,6
139,303,6
163,18,6
163,63,6
164,40,6
166,316,6
175,92,6
184,134,6
187,254,6
198,37,6
215,212,6
217,73,6
226,281,6
253,71,6
254,187,6
260,48,6
263,80,6
281,226,6
285,345,6
290,67,6
290,174,6
291,81,6
291,127,6
291,348,6
292,154,6
292,276,6
303,139,6
306,91,6
306,309,6
309,91,6
309,306,6
316,166,6
331,107,6
334,335,6
335,334,6
336,74,6
340,103,6
348,291,6
2,293,7
4,210,7
4,315,7
10,192,7
10,287,7
18,186,7
32,228,7
34,153,7
46,32,7
46,56,7
48,325,7
50,223,7
54,87,7
67,174,7
81,127,7
81,291,7
91,277,7
91,306,7
95,160,7
107,306,7
109,327,7
114,226,7
127,81,7
129,230,7
138,290,7
153,34,7
157,109,7
160,95,7
162,302,7
163,18,7
164,188,7
174,67,7
174,290,7
182,295,7
186,18,7
188,164,7
192,10,7
194,236,7
198,8,7
207,263,7
210,4,7
210,315,7
212,307,7
223,50,7
226,114,7
228,32,7
236,194,7
263,207,7
277,306,7
279,301,7
290,138,7
290,174,7
291,81,7
291,348,7
293,2,7
295,182,7
301,279,7
302,162,7
306,91,7
306,107,7
306,277,7
306,309,7
307,212,7
310,329,7
315,4,7
315,210,7
325,48,7
327,109,7
329,310,7
2,34,8
2,293,8
5,134,8
6,128,8
8,183,8
10,192,8
10,287,8
14,235,8
17,247,8
18,163,8
34,2,8
34,153,8
38,134,8
43,321,8
46,228,8
68,73,8
73,68,8
84,187,8
91,277,8
91,306,8
91,309,8
99,254,8
107,331,8
109,157,8
114,281,8
128,6,8
134,5,8
134,38,8
138,174,8
138,290,8
159,192,8
174,67,8
174,138,8
183,8,8
186,253,8
187,84,8
192,159,8
196,235,8
212,252,8
220,301,8
228,46,8
235,14,8
235,196,8
247,17,8
252,212,8
253,186,8
254,99,8
277,91,8
277,306,8
277,309,8
281,114,8
290,138,8
291,81,8
292,154,8
301,220,8
301,279,8
306,91,8
306,277,8
307,267,8
309,91,8
309,277,8
321,43,8
2,34,9
8,37,9
10,159,9
11,65,9
14,114,9
14,281,9
34,2,9
34,293,9
37,8,9
38,184,9
44,245,9
46,56,9
46,228,9
65,11,9
71,186,9
72,108,9
79,88,9
80,207,9
81,127,9
88,79,9
100,243,9
107,277,9
108,72,9
114,14,9
114,281,9
129,333,9
136,208,9
141,316,9
143,300,9
143,338,9
148,223,9
150,299,9
154,276,9
154,292,9
159,10,9
174,67,9
184,38,9
186,71,9
192,287,9
207,80,9
207,263,9
208,136,9
223,148,9
237,267,9
237,307,9
243,100,9
245,44,9
256,268,9
267,62,9
267,237,9
268,256,9
276,154,9
276,292,9
277,107,9
277,331,9
278,330,9
281,14,9
281,114,9
287,192,9
292,276,9
293,34,9
297,308,9
298,324,9
299,150,9
300,143,9
301,220,9
307,237,9
308,297,9
309,91,9
316,141,9
324,298,9
330,278,9
331,277,9
2,293,10
5,38,10
5,134,10
8,183,10
14,114,10
14,226,10
14,235,10
14,281,10
32,46,10
32,228,10
38,5,10
46,32,10
46,228,10
47,213,10
53,60,10
60,53,10
108,319,10
114,14,10
114,226,10
114,235,10
114,281,10
129,230,10
129,333,10
134,5,10
138,317,10
154,276,10
154,292,10
161,169,10
169,161,10
193,246,10
212,307,10
213,47,10
216,265,10
220,279,10
226,14,10
226,114,10
226,281,10
228,32,10
228,46,10
230,333,10
235,14,10
235,114,10
244,270,10
246,193,10
263,290,10
265,216,10
267,62,10
270,244,10
276,154,10
277,107,10
279,220,10
281,14,10
281,114,10
281,226,10
290,263,10
292,154,10
293,2,10
307,212,10
317,138,10
319,108,10
333,230,10
2,34,11
3,280,11
8,37,11
17,90,11
18,186,11
26,266,11
34,2,11
37,183,11
45,273,11
48,260,11
54,152,11
62,237,11
62,267,11
90,17,11
108,72,11
109,153,11
122,169,11
127,348,11
134,183,11
138,174,11
152,54,11
153,109,11
169,122,11
169,161,11
174,138,11
174,317,11
178,311,11
183,37,11
183,134,11
186,18,11
186,253,11
193,337,11
215,252,11
235,196,11
237,62,11
237,307,11
252,215,11
255,341,11
266,26,11
273,45,11
276,292,11
280,3,11
292,276,11
297,106,11
307,237,11
311,178,11
314,16,11
317,174,11
337,193,11
341,255,11
348,127,11
8,183,12
10,287,12
18,163,12
22,179,12
23,117,12
24,185,12
28,257,12
33,349,12
66,100,12
66,243,12
85,208,12
100,66,12
100,243,12
111,229,12
114,235,12
117,23,12
138,263,12
157,295,12
169,122,12
179,22,12
183,8,12
183,134,12
184,335,12
185,24,12
208,85,12
229,111,12
235,114,12
242,305,12
243,66,12
243,100,12
250,301,12
257,28,12
263,138,12
281,14,12
287,10,12
295,157,12
295,182,12
297,308,12
301,250,12
305,242,12
314,64,12
335,184,12
349,33,12
10,159,13
10,287,13
14,114,13
14,196,13
18,253,13
23,156,13
24,104,13
35,339,13
42,119,13
42,346,13
66,21,13
66,100,13
66,243,13
74,89,13
80,290,13
89,74,13
94,309,13
100,66,13
104,24,13
114,14,13
114,196,13
119,42,13
119,346,13
138,317,13
145,294,13
156,23,13
160,217,13
175,278,13
196,14,13
196,114,13
205,229,13
217,160,13
229,205,13
243,66,13
253,18,13
278,175,13
290,80,13
294,145,13
309,94,13
317,138,13
339,35,13
346,42,13
346,119,13
14,114,14
14,281,14
21,243,14
34,293,14
38,184,14
66,21,14
66,100,14
66,243,14
80,263,14
81,348,14
101,304,14
102,296,14
114,14,14
116,188,14
127,291,14
134,5,14
159,279,14
162,296,14
180,211,14
184,38,14
184,335,14
188,116,14
211,180,14
243,21,14
243,66,14
263,80,14
279,159,14
279,220,14
291,127,14
293,34,14
296,102,14
296,162,14
304,101,14
309,91,14
348,81,14
10,159,15
10,192,15
10,287,15
13,77,15
14,114,15
32,46,15
32,228,15
38,134,15
42,119,15
42,346,15
43,130,15
45,123,15
46,32,15
46,228,15
56,141,15
73,95,15
77,13,15
78,211,15
80,138,15
81,127,15
91,133,15
91,309,15
95,73,15
108,319,15
119,42,15
119,346,15
127,81,15
127,291,15
130,43,15
134,38,15
138,80,15
141,56,15
142,320,15
159,10,15
159,287,15
164,303,15
192,10,15
205,234,15
211,78,15
225,264,15
228,32,15
228,46,15
229,111,15
234,205,15
243,21,15
243,66,15
245,248,15
248,245,15
254,328,15
264,225,15
279,287,15
287,159,15
287,279,15
303,164,15
317,174,15
320,142,15
328,254,15
333,129,15
346,42,15
346,119,15
3,282,16
5,8,16
5,183,16
8,5,16
18,163,16
42,119,16
42,346,16
66,100,16
66,243,16
91,133,16
100,243,16
102,302,16
107,331,16
109,157,16
117,156,16
119,42,16
119,346,16
127,81,16
147,344,16
155,328,16
156,117,16
157,109,16
169,238,16
183,5,16
192,287,16
211,180,16
238,169,16
243,21,16
243,66,16
243,100,16
282,3,16
287,10,16
287,192,16
290,337,16
297,106,16
302,102,16
307,212,16
307,237,16
328,155,16
328,254,16
331,107,16
337,290,16
344,147,16
346,42,16
346,119,16
3,280,17
3,282,17
5,8,17
5,38,17
5,134,17
8,134,17
18,186,17
24,48,17
34,203,17
34,293,17
38,5,17
38,134,17
42,119,17
48,24,17
61,278,17
66,100,17
66,243,17
80,263,17
100,66,17
119,42,17
119,346,17
131,205,17
134,5,17
134,8,17
134,38,17
135,257,17
140,240,17
152,283,17
159,220,17
165,345,17
186,18,17
200,292,17
203,34,17
205,131,17
205,234,17
220,159,17
230,256,17
240,140,17
243,21,17
243,66,17
256,230,17
257,135,17
267,307,17
278,61,17
292,200,17
307,267,17
328,155,17
328,254,17
345,165,17
5,8,18
8,5,18
16,64,18
18,71,18
18,186,18
26,268,18
32,46,18
46,32,18
63,66,18
64,16,18
66,63,18
66,243,18
71,18,18
71,186,18
79,289,18
93,221,18
106,325,18
107,277,18
119,42,18
127,326,18
131,229,18
131,234,18
146,206,18
153,327,18
166,348,18
186,71,18
188,343,18
203,293,18
205,131,18
205,229,18
205,234,18
206,146,18
215,237,18
221,93,18
229,131,18
229,205,18
229,234,18
234,131,18
234,205,18
234,229,18
237,215,18
268,26,18
289,79,18
293,203,18
325,106,18
326,127,18
327,153,18
328,155,18
348,166,18
7,106,19
8,198,19
11,246,19
20,323,19
32,141,19
38,183,19
47,261,19
53,149,19
100,243,19
106,7,19
107,331,19
112,323,19
118,248,19
141,32,19
148,233,19
149,53,19
183,38,19
184,334,19
189,338,19
191,265,19
192,279,19
205,229,19
205,234,19
207,290,19
207,337,19
229,205,19
229,234,19
233,148,19
234,205,19
234,229,19
243,100,19
246,11,19
248,118,19
257,292,19
260,269,19
261,47,19
265,191,19
269,260,19
279,192,19
279,287,19
287,279,19
290,207,19
290,337,19
292,257,19
323,20,19
323,112,19
334,184,19
337,207,19
337,290,19
338,189,19
3,280,20
5,134,20
20,112,20
34,203,20
42,346,20
66,100,20
66,243,20
91,309,20
94,331,20
100,66,20
100,243,20
111,131,20
111,229,20
112,20,20
127,81,20
131,111,20
134,5,20
138,338,20
161,174,20
174,161,20
203,34,20
225,252,20
229,111,20
229,234,20
242,311,20
243,66,20
243,100,20
252,225,20
279,192,20
311,242,20
331,94,20
331,107,20
334,190,20
337,207,20
338,138,20
346,42,20
4,81,21
9,132,21
15,165,21
29,319,21
47,213,21
67,300,21
81,4,21
81,127,21
119,232,21
132,9,21
138,189,21
139,347,21
157,295,21
165,15,21
165,345,21
174,317,21
179,287,21
183,281,21
189,138,21
211,70,21
213,261,21
229,111,21
232,119,21
248,245,21
261,213,21
281,183,21
287,179,21
295,157,21
300,67,21
319,29,21
331,94,21
331,107,21
347,139,21
2,153,22
5,38,22
38,5,22
43,321,22
47,261,22
50,152,22
50,283,22
81,4,22
89,115,22
91,133,22
106,272,22
109,295,22
115,89,22
127,326,22
129,289,22
133,309,22
152,50,22
153,2,22
157,182,22
159,192,22
174,161,22
174,317,22
182,157,22
189,338,22
192,159,22
192,279,22
204,260,22
206,271,22
213,47,22
219,249,22
225,264,22
242,305,22
245,44,22
249,219,22
260,204,22
260,269,22
261,47,22
271,206,22
272,106,22
283,50,22
289,129,22
292,200,22
295,109,22
309,133,22
338,189,22
16,22,23
22,16,23
32,83,23
34,112,23
47,213,23
50,152,23
55,277,23
59,343,23
66,63,23
76,151,23
81,326,23
83,32,23
86,336,23
94,133,23
107,306,23
107,331,23
109,157,23
109,182,23
112,34,23
114,226,23
115,130,23
130,115,23
133,94,23
137,275,23
138,244,23
139,236,23
139,347,23
151,76,23
152,181,23
157,109,23
157,182,23
159,279,23
161,317,23
165,15,23
169,337,23
178,307,23
181,152,23
182,109,23
182,157,23
189,138,23
212,215,23
215,212,23
226,114,23
231,303,23
236,139,23
236,347,23
244,138,23
275,137,23
277,55,23
279,159,23
303,231,23
306,107,23
306,331,23
307,178,23
307,267,23
317,161,23
326,81,23
331,306,23
336,86,23
337,169,23
337,207,23
343,59,23
347,236,23
7,297,24
9,269,24
10,339,24
16,64,24
22,179,24
27,211,24
34,203,24
39,341,24
44,172,24
59,188,24
59,343,24
63,243,24
75,290,24
94,331,24
107,306,24
107,331,24
109,295,24
111,280,24
119,173,24
138,189,24
139,236,24
139,347,24
147,292,24
152,50,24
163,186,24
172,44,24
173,119,24
179,22,24
180,323,24
186,163,24
188,59,24
188,343,24
197,214,24
211,27,24
214,197,24
223,282,24
234,280,24
236,139,24
236,347,24
243,63,24
260,272,24
269,9,24
272,260,24
278,319,24
280,111,24
280,234,24
282,223,24
290,75,24
292,147,24
297,7,24
303,164,24
306,107,24
306,331,24
317,174,24
319,278,24
323,180,24
328,254,24
331,94,24
331,107,24
331,306,24
339,10,24
341,39,24
341,255,24
343,188,24
347,139,24
347,236,24
16,22,25
16,64,25
16,179,25
22,16,25
22,179,25
26,144,25
34,112,25
50,283,25
53,336,25
101,241,25
111,229,25
113,262,25
119,232,25
133,306,25
133,331,25
144,26,25
159,287,25
169,207,25
169,263,25
175,330,25
178,267,25
179,16,25
179,22,25
206,146,25
207,169,25
207,263,25
230,333,25
231,343,25
240,318,25
241,101,25
262,113,25
263,169,25
263,207,25
267,178,25
287,159,25
306,133,25
306,331,25
318,240,25
319,29,25
319,278,25
330,175,25
331,94,25
331,133,25
331,306,25
333,230,25
336,53,25
336,86,25
341,39,25
341,255,25
343,59,25
343,231,25
347,139,25
2,295,26
3,223,26
16,64,26
19,239,26
20,314,26
21,66,26
22,64,26
23,312,26
25,57,26
34,203,26
46,141,26
50,152,26
50,283,26
51,157,26
53,86,26
53,336,26
57,25,26
64,22,26
66,21,26
73,68,26
81,4,26
86,53,26
90,247,26
107,335,26
109,182,26
112,203,26
122,238,26
130,321,26
131,229,26
133,306,26
141,46,26
157,51,26
164,231,26
164,303,26
169,337,26
176,187,26
182,109,26
185,309,26
187,176,26
194,347,26
200,344,26
203,112,26
223,3,26
223,282,26
229,131,26
231,164,26
231,303,26
238,122,26
239,19,26
247,90,26
259,316,26
267,311,26
291,348,26
295,2,26
303,231,26
306,133,26
306,331,26
309,185,26
311,267,26
312,23,26
314,20,26
316,259,26
321,130,26
335,107,26
336,53,26
337,169,26
344,200,26
347,194,26
348,291,26
2,70,27
2,295,27
4,326,27
5,8,27
8,5,27
8,38,27
11,65,27
22,179,27
31,177,27
34,112,27
34,203,27
38,8,27
39,255,27
42,121,27
43,130,27
43,321,27
53,86,27
53,336,27
61,298,27
62,225,27
64,16,27
70,2,27
70,295,27
78,82,27
82,78,27
86,336,27
94,107,27
107,94,27
108,72,27
112,34,27
112,203,27
116,231,27
116,303,27
119,173,27
121,42,27
130,43,27
133,331,27
152,181,27
173,232,27
177,31,27
178,215,27
203,34,27
203,112,27
215,178,27
223,3,27
225,62,27
231,116,27
231,303,27
232,173,27
255,39,27
263,80,27
295,70,27
298,61,27
303,116,27
303,164,27
303,231,27
321,43,27
326,4,27
331,133,27
336,86,27
343,188,27
5,198,28
9,132,28
26,318,28
34,112,28
42,346,28
44,146,28
80,244,28
80,263,28
89,130,28
94,331,28
99,155,28
112,34,28
119,232,28
124,306,28
130,89,28
139,194,28
139,347,28
146,44,28
155,99,28
170,349,28
173,119,28
173,232,28
186,243,28
187,350,28
194,139,28
197,293,28
198,5,28
204,272,28
232,119,28
232,173,28
243,186,28
244,80,28
244,263,28
263,244,28
272,204,28
293,197,28
303,164,28
306,124,28
318,26,28
318,240,28
331,94,28
338,143,28
347,139,28
347,236,28
349,170,28
350,187,28
15,273,29
22,64,29
26,240,29
42,121,29
54,313,29
55,107,29
58,65,29
61,175,29
64,22,29
65,58,29
67,338,29
72,157,29
75,207,29
101,218,29
107,55,29
111,234,29
112,293,29
116,231,29
130,115,29
139,194,29
157,72,29
159,279,29
161,174,29
163,243,29
174,161,29
175,61,29
175,330,29
186,163,29
196,306,29
207,75,29
218,101,29
231,116,29
234,111,29
240,26,29
243,163,29
273,15,29
293,112,29
295,2,29
296,302,29
302,296,29
306,196,29
313,54,29
326,127,29
338,67,29
5,8,30
8,5,30
13,205,30
14,128,30
15,165,30
15,273,30
34,293,30
50,152,30
50,283,30
51,109,30
56,347,30
81,127,30
91,137,30
104,309,30
109,51,30
115,321,30
127,81,30
128,14,30
137,91,30
139,347,30
152,50,30
152,181,30
161,238,30
172,248,30
175,61,30
186,243,30
197,214,30
205,13,30
220,301,30
229,280,30
238,161,30
243,186,30
248,172,30
260,269,30
263,317,30
269,260,30
280,229,30
293,34,30
301,220,30
309,104,30
317,263,30
319,29,30
321,115,30
338,143,30
347,56,30
347,139,30
2,153,31
8,38,31
15,165,31
37,198,31
40,116,31
40,303,31
43,115,31
50,152,31
56,139,31
56,236,31
56,347,31
67,317,31
75,169,31
75,193,31
95,217,31
97,199,31
115,43,31
115,321,31
116,40,31
118,125,31
119,264,31
122,161,31
122,238,31
125,118,31
127,326,31
139,56,31
143,189,31
152,50,31
160,313,31
161,122,31
169,75,31
169,193,31
189,143,31
193,75,31
193,169,31
198,37,31
199,97,31
207,337,31
211,323,31
217,95,31
218,249,31
236,56,31
238,122,31
243,163,31
249,218,31
264,119,31
273,285,31
285,273,31
293,112,31
303,40,31
313,160,31
317,67,31
319,278,31
323,211,31
336,53,31
337,207,31
347,56,31
9,260,32
18,243,32
26,100,32
37,135,32
42,346,32
50,181,32
54,283,32
54,313,32
56,194,32
57,344,32
60,149,32
81,259,32
89,115,32
100,26,32
115,43,32
115,89,32
122,161,32
122,238,32
134,190,32
135,37,32
139,194,32
149,60,32
173,346,32
181,50,32
187,176,32
190,134,32
193,75,32
194,56,32
194,139,32
236,347,32
243,18,32
259,81,32
260,9,32
260,269,32
283,54,32
293,34,32
313,54,32
340,96,32
344,57,32
346,173,32
347,236,32
5,38,33
6,235,33
8,5,33
8,38,33
38,5,33
38,8,33
42,121,33
42,346,33
56,139,33
76,210,33
79,129,33
89,321,33
94,133,33
103,177,33
116,231,33
121,346,33
126,172,33
128,219,33
129,79,33
130,321,33
133,94,33
134,184,33
134,190,33
139,56,33
162,302,33
166,241,33
172,126,33
174,207,33
177,103,33
178,307,33
184,134,33
185,191,33
191,185,33
205,229,33
207,174,33
207,337,33
210,76,33
214,293,33
219,128,33
229,205,33
235,6,33
241,166,33
260,9,33
283,313,33
288,289,33
289,288,33
293,214,33
302,162,33
307,178,33
313,283,33
317,338,33
321,89,33
321,130,33
338,317,33
346,42,33
346,121,33
5,8,34
5,38,34
7,308,34
8,5,34
27,82,34
38,5,34
54,283,34
56,194,34
82,27,34
105,221,34
107,133,34
107,331,34
112,197,34
115,321,34
133,107,34
169,174,34
174,169,34
174,207,34
194,56,34
197,112,34
207,174,34
207,337,34
221,105,34
229,280,34
240,252,34
252,240,34
283,54,34
293,34,34
303,164,34
306,335,34
308,7,34
321,89,34
321,115,34
331,107,34
335,306,34
2,323,35
3,234,35
18,163,35
26,318,35
50,152,35
61,319,35
71,243,35
107,133,35
107,331,35
109,327,35
131,205,35
163,18,35
163,243,35
174,169,35
174,207,35
177,31,35
187,350,35
205,131,35
207,174,35
212,237,35
234,3,35
237,212,35
243,71,35
243,163,35
277,334,35
283,313,35
318,26,35
319,61,35
321,89,35
323,2,35
327,109,35
334,277,35
5,8,36
7,106,36
28,135,36
45,105,36
54,160,36
54,313,36
55,133,36
56,139,36
73,95,36
74,342,36
85,158,36
95,73,36
105,45,36
106,7,36
128,14,36
133,55,36
135,28,36
158,85,36
160,54,36
160,313,36
163,18,36
169,207,36
174,169,36
174,207,36
179,287,36
181,246,36
182,295,36
187,176,36
187,350,36
188,303,36
207,169,36
207,174,36
243,71,36
244,338,36
246,181,36
246,283,36
252,318,36
283,246,36
287,179,36
295,182,36
303,188,36
313,54,36
313,160,36
318,252,36
338,244,36
338,317,36
342,74,36
15,261,37
16,20,37
20,16,37
34,197,37
34,293,37
35,159,37
37,38,37
38,37,37
51,327,37
61,175,37
61,319,37
73,217,37
90,231,37
90,247,37
122,161,37
123,221,37
129,288,37
138,244,37
146,271,37
158,206,37
159,35,37
161,238,37
169,174,37
174,169,37
175,319,37
181,283,37
197,34,37
197,112,37
197,293,37
206,158,37
217,73,37
221,123,37
231,90,37
238,161,37
243,186,37
244,138,37
261,15,37
271,146,37
283,181,37
288,129,37
293,197,37
313,54,37
313,160,37
319,175,37
327,51,37
3,223,38
7,308,38
16,22,38
22,16,38
23,52,38
24,260,38
25,344,38
29,113,38
29,262,38
34,197,38
34,293,38
38,198,38
52,23,38
54,160,38
54,313,38
61,175,38
61,319,38
70,323,38
71,186,38
83,316,38
113,29,38
113,262,38
115,43,38
119,232,38
129,79,38
138,189,38
160,54,38
160,313,38
161,168,38
162,285,38
168,161,38
175,61,38
175,319,38
186,71,38
189,138,38
197,34,38
197,293,38
198,38,38
212,215,38
212,237,38
215,212,38
218,101,38
223,280,38
226,235,38
232,119,38
235,226,38
252,240,38
260,24,38
262,29,38
262,113,38
280,223,38
285,162,38
293,34,38
293,197,38
313,54,38
313,160,38
316,83,38
318,26,38
319,61,38
319,175,38
323,70,38
344,25,38
2,180,39
5,198,39
29,278,39
32,316,39
34,197,39
54,160,39
67,227,39
71,243,39
131,229,39
138,143,39
138,189,39
138,244,39
143,138,39
143,189,39
160,54,39
180,2,39
187,84,39
189,143,39
197,34,39
198,5,39
198,38,39
205,229,39
212,215,39
212,237,39
215,237,39
227,67,39
229,131,39
229,205,39
231,247,39
237,215,39
243,71,39
247,231,39
263,338,39
269,325,39
278,29,39
316,32,39
316,83,39
325,269,39
338,263,39
5,8,40
18,71,40
26,100,40
31,103,40
45,123,40
54,313,40
64,179,40
71,18,40
71,243,40
72,329,40
103,31,40
123,45,40
123,221,40
128,219,40
129,288,40
144,256,40
161,207,40
168,207,40
179,64,40
197,293,40
203,293,40
207,161,40
207,168,40
212,215,40
215,212,40
218,249,40
223,3,40
229,131,40
229,205,40
256,144,40
293,203,40
313,54,40
316,32,40
316,83,40
329,72,40
14,219,41
18,243,41
66,222,41
71,18,41
71,243,41
105,123,41
110,147,41
123,105,41
126,248,41
128,14,41
139,236,41
141,156,41
147,110,41
156,141,41
161,168,41
161,207,41
168,161,41
168,207,41
169,263,41
176,350,41
195,251,41
205,13,41
206,208,41
207,161,41
207,168,41
208,206,41
219,14,41
222,66,41
223,280,41
236,139,41
236,347,41
237,307,41
243,18,41
243,71,41
247,90,41
248,126,41
251,195,41
263,169,41
293,197,41
307,237,41
316,32,41
321,130,41
350,176,41
1,285,42
3,280,42
9,132,42
11,75,42
14,128,42
20,78,42
34,112,42
44,126,42
53,86,42
75,11,42
78,20,42
80,270,42
85,208,42
86,53,42
106,297,42
112,34,42
117,312,42
126,44,42
128,219,42
133,306,42
133,335,42
142,292,42
157,329,42
162,302,42
189,244,42
207,161,42
207,168,42
208,85,42
219,128,42
223,3,42
223,280,42
226,114,42
226,235,42
236,139,42
236,347,42
243,18,42
244,189,42
270,80,42
280,3,42
280,223,42
285,1,42
292,142,42
297,106,42
306,133,42
312,117,42
329,157,42
335,133,42
13,77,43
13,205,43
26,318,43
46,316,43
54,160,43
55,306,43
64,287,43
67,122,43
86,336,43
89,130,43
91,269,43
114,235,43
122,67,43
128,14,43
130,89,43
130,321,43
133,306,43
145,187,43
179,287,43
180,182,43
182,180,43
187,145,43
226,114,43
235,114,43
236,139,43
269,91,43
280,3,43
287,64,43
287,179,43
306,55,43
306,133,43
316,46,43
329,72,43
336,86,43
28,235,44
48,309,44
54,313,44
55,107,44
55,306,44
74,89,44
86,53,44
89,74,44
89,130,44
107,55,44
107,216,44
112,254,44
123,221,44
130,89,44
133,335,44
139,194,44
165,273,44
169,189,44
187,84,44
189,169,44
194,139,44
216,107,44
231,116,44
235,28,44
254,112,44
270,337,44
273,165,44
306,55,44
309,48,44
337,270,44
4,23,45
11,193,45
23,4,45
29,319,45
52,312,45
89,74,45
91,309,45
111,131,45
123,105,45
131,111,45
139,236,45
144,232,45
175,278,45
177,343,45
189,338,45
193,11,45
196,335,45
205,229,45
215,237,45
219,226,45
226,219,45
232,144,45
237,215,45
269,309,45
270,80,45
270,337,45
278,175,45
287,64,45
309,91,45
309,269,45
312,52,45
319,29,45
335,196,45
338,189,45
343,177,45
9,260,46
13,77,46
20,22,46
22,20,46
27,209,46
36,126,46
44,248,46
45,221,46
51,323,46
55,107,46
81,326,46
91,269,46
95,160,46
107,55,46
107,306,46
112,34,46
125,245,46
126,36,46
133,306,46
138,143,46
139,194,46
139,236,46
143,138,46
160,95,46
162,296,46
174,263,46
194,236,46
201,324,46
203,214,46
209,27,46
209,211,46
211,209,46
214,203,46
220,279,46
221,45,46
227,317,46
235,114,46
236,194,46
245,125,46
248,44,46
249,276,46
260,9,46
263,174,46
269,91,46
269,309,46
276,249,46
279,220,46
296,162,46
306,107,46
306,133,46
317,227,46
323,51,46
324,201,46
326,81,46
13,229,47
42,305,47
43,74,47
48,91,47
55,277,47
61,175,47
66,115,47
67,227,47
67,263,47
74,43,47
91,48,47
91,309,47
107,216,47
115,66,47
116,303,47
129,341,47
139,347,47
152,160,47
160,152,47
165,261,47
169,244,47
175,61,47
178,225,47
203,350,47
216,265,47
225,178,47
227,67,47
229,13,47
244,169,47
261,165,47
263,67,47
265,216,47
277,55,47
287,179,47
303,116,47
305,42,47
309,91,47
309,269,47
327,109,47
341,129,47
347,139,47
350,203,47
13,205,48
13,229,48
20,179,48
23,156,48
27,301,48
40,188,48
51,295,48
55,306,48
58,246,48
77,205,48
79,289,48
85,206,48
89,130,48
91,48,48
91,269,48
94,265,48
102,296,48
107,265,48
156,23,48
179,20,48
179,287,48
188,40,48
197,214,48
199,344,48
203,214,48
203,350,48
205,13,48
205,77,48
205,229,48
206,85,48
214,197,48
214,203,48
216,334,48
223,233,48
229,205,48
233,223,48
246,58,48
265,94,48
265,107,48
269,91,48
273,345,48
277,334,48
289,79,48
295,51,48
296,102,48
296,162,48
301,27,48
306,55,48
323,70,48
334,216,48
334,277,48
344,199,48
345,273,48
19,99,49
21,243,49
39,303,49
42,217,49
53,60,49
54,152,49
54,160,49
55,277,49
55,306,49
60,53,49
64,322,49
80,143,49
94,107,49
95,152,49
99,19,49
102,162,49
107,94,49
124,137,49
137,124,49
138,270,49
143,80,49
152,54,49
152,95,49
160,54,49
162,102,49
162,296,49
203,214,49
203,350,49
212,307,49
214,197,49
214,203,49
217,42,49
217,305,49
226,235,49
229,13,49
229,205,49
231,247,49
235,226,49
243,21,49
247,231,49
269,309,49
270,138,49
277,55,49
291,304,49
303,39,49
304,291,49
305,217,49
307,212,49
322,64,49
2,197,50
6,154,50
20,22,50
28,226,50
29,262,50
40,116,50
51,70,50
54,95,50
55,277,50
61,278,50
70,51,50
70,323,50
90,116,50
95,54,50
101,166,50
111,280,50
116,40,50
116,90,50
136,206,50
154,6,50
166,101,50
184,190,50
190,184,50
197,2,50
197,214,50
203,214,50
203,350,50
205,77,50
206,136,50
214,197,50
214,203,50
216,265,50
218,276,50
226,28,50
226,235,50
228,347,50
235,114,50
235,226,50
237,307,50
258,349,50
262,29,50
263,174,50
265,216,50
276,218,50
278,61,50
280,111,50
307,237,50
347,228,50
349,258,50
5,38,51
27,209,51
27,301,51
32,241,51
35,192,51
37,344,51
38,5,51
40,303,51
41,60,51
48,104,51
60,41,51
78,82,51
82,78,51
104,48,51
138,143,51
143,138,51
162,102,51
162,296,51
169,338,51
192,35,51
197,2,51
197,203,51
203,197,51
209,27,51
226,28,51
241,32,51
244,338,51
252,268,51
268,252,51
295,323,51
297,308,51
303,40,51
308,297,51
323,295,51
338,169,51
338,244,51
344,37,51
347,139,51
2,203,52
2,214,52
4,259,52
23,141,52
27,209,52
28,235,52
41,53,52
47,93,52
53,41,52
53,60,52
54,313,52
60,53,52
74,89,52
74,130,52
85,136,52
85,206,52
88,224,52
89,74,52
89,130,52
93,47,52
102,296,52
110,320,52
125,172,52
130,74,52
130,89,52
134,184,52
134,190,52
136,85,52
141,23,52
160,313,52
162,102,52
166,276,52
169,244,52
172,125,52
174,189,52
174,263,52
184,134,52
189,174,52
190,134,52
203,2,52
203,197,52
203,214,52
206,85,52
209,301,52
212,237,52
214,2,52
214,203,52
224,88,52
235,28,52
237,212,52
244,169,52
259,4,52
269,325,52
276,166,52
288,341,52
296,102,52
301,209,52
313,160,52
320,110,52
341,288,52
347,228,52
2,203,53
6,14,53
14,6,53
39,40,53
40,39,53
41,60,53
50,234,53
54,69,53
54,313,53
60,41,53
60,53,53
69,54,53
69,313,53
77,286,53
106,269,53
106,325,53
107,331,53
130,74,53
130,89,53
143,270,53
166,101,53
166,276,53
169,174,53
174,169,53
174,263,53
197,350,53
203,2,53
203,214,53
205,229,53
208,333,53
218,249,53
234,50,53
237,307,53
240,266,53
240,268,53
249,218,53
252,256,53
256,252,53
265,306,53
266,240,53
268,240,53
269,106,53
269,325,53
270,143,53
306,265,53
313,54,53
313,69,53
325,106,53
325,269,53
333,208,53
343,59,53
350,197,53
42,305,54
54,69,54
54,313,54
57,110,54
58,193,54
60,149,54
67,317,54
69,54,54
74,89,54
85,136,54
89,74,54
89,130,54
106,269,54
110,57,54
112,254,54
128,154,54
133,196,54
154,128,54
159,279,54
166,101,54
174,169,54
174,263,54
184,190,54
190,184,54
191,331,54
193,58,54
196,133,54
203,2,54
240,252,54
240,268,54
252,240,54
252,256,54
269,106,54
270,337,54
279,159,54
303,164,54
305,42,54
313,54,54
313,160,54
317,67,54
323,70,54
323,295,54
331,191,54
6,154,55
16,20,55
20,16,55
20,22,55
42,217,55
54,69,55
60,53,55
60,149,55
74,130,55
75,98,55
89,74,55
98,75,55
108,258,55
126,324,55
130,74,55
135,257,55
143,80,55
154,6,55
169,189,55
174,169,55
174,189,55
174,263,55
189,169,55
189,174,55
217,42,55
217,305,55
240,252,55
252,240,55
252,256,55
257,135,55
258,108,55
266,268,55
268,266,55
298,330,55
305,217,55
324,126,55
330,298,55
331,107,55
14,154,56
17,164,56
34,254,56
41,53,56
41,149,56
46,96,56
53,41,56
53,149,56
66,222,56
83,259,56
91,325,56
95,313,56
96,46,56
99,238,56
101,276,56
107,94,56
125,245,56
134,184,56
149,41,56
149,53,56
149,60,56
154,14,56
164,17,56
169,174,56
169,189,56
174,169,56
174,263,56
184,134,56
189,169,56
189,263,56
216,334,56
217,42,56
220,322,56
238,99,56
252,240,56
254,34,56
254,112,56
256,266,56
259,83,56
263,189,56
265,277,56
266,256,56
268,318,56
276,101,56
277,265,56
285,345,56
313,95,56
318,268,56
322,220,56
325,91,56
334,216,56
345,285,56
2,214,57
3,223,57
6,235,57
21,100,57
53,60,57
56,236,57
58,246,57
60,53,57
71,186,57
88,255,57
89,130,57
94,216,57
94,334,57
100,21,57
126,248,57
130,89,57
137,219,57
149,41,57
153,187,57
162,296,57
166,276,57
187,153,57
189,169,57
203,214,57
212,307,57
214,2,57
214,203,57
214,350,57
216,94,57
219,137,57
223,3,57
235,6,57
236,56,57
237,212,57
237,267,57
248,126,57
254,34,57
254,112,57
255,88,57
258,349,57
259,4,57
259,83,57
263,174,57
266,268,57
266,318,57
267,237,57
268,266,57
268,318,57
276,166,57
296,162,57
307,212,57
318,266,57
318,268,57
331,335,57
334,94,57
335,331,57
350,214,57
2,350,58
4,156,58
4,259,58
18,140,58
34,112,58
34,254,58
34,293,58
40,90,58
63,163,58
66,115,58
67,263,58
69,160,58
90,40,58
94,216,58
94,334,58
112,34,58
133,265,58
133,277,58
138,171,58
140,18,58
151,275,58
154,235,58
156,4,58
156,259,58
160,69,58
163,63,58
171,138,58
178,311,58
189,263,58
206,208,58
208,206,58
212,237,58
212,307,58
214,203,58
235,154,58
237,212,58
240,266,58
254,34,58
256,268,58
259,4,58
259,156,58
263,67,58
263,189,58
265,133,58
265,277,58
266,240,58
266,318,58
268,256,58
268,318,58
269,297,58
275,151,58
277,133,58
277,265,58
293,34,58
297,269,58
311,178,58
318,266,58
318,268,58
347,139,58
350,2,58
10,279,59
20,16,59
21,243,59
27,261,59
34,254,59
51,323,59
54,73,59
72,327,59
73,54,59
82,179,59
83,156,59
84,108,59
94,216,59
94,334,59
96,340,59
108,84,59
116,247,59
130,74,59
130,89,59
135,198,59
149,321,59
156,83,59
156,259,59
179,82,59
198,135,59
216,334,59
247,116,59
254,293,59
255,341,59
261,27,59
268,256,59
279,10,59
293,254,59
294,349,59
297,308,59
321,149,59
323,51,59
327,72,59
327,109,59
334,216,59
341,255,59
349,294,59
3,131,60
3,223,60
4,83,60
9,309,60
12,34,60
16,35,60
34,12,60
35,16,60
83,4,60
83,156,60
83,259,60
98,246,60
131,3,60
156,83,60
156,259,60
164,231,60
166,241,60
194,316,60
206,333,60
212,225,60
225,212,60
227,317,60
231,164,60
235,6,60
240,318,60
241,166,60
246,98,60
256,318,60
259,83,60
259,156,60
263,67,60
266,240,60
266,318,60
268,318,60
309,9,60
316,194,60
317,227,60
318,240,60
318,256,60
318,266,60
318,268,60
327,72,60
333,206,60
3,131,61
4,156,61
10,322,61
14,348,61
16,20,61
16,35,61
20,35,61
29,61,61
35,20,61
50,233,61
61,29,61
69,73,61
70,295,61
73,69,61
83,156,61
84,258,61
87,167,61
106,325,61
130,74,61
149,41,61
156,4,61
156,83,61
167,87,61
176,197,61
184,190,61
189,169,61
197,176,61
212,237,61
214,350,61
233,50,61
237,267,61
242,311,61
244,338,61
248,324,61
256,268,61
258,84,61
263,174,61
268,256,61
269,325,61
273,285,61
273,345,61
285,273,61
295,70,61
311,242,61
318,266,61
322,10,61
324,248,61
325,106,61
325,269,61
345,273,61
348,14,61
350,214,61
22,287,62
29,319,62
39,90,62
46,340,62
51,70,62
51,295,62
67,174,62
67,189,62
69,160,62
70,51,62
70,295,62
73,54,62
90,39,62
93,213,62
114,219,62
143,171,62
156,4,62
164,17,62
171,143,62
173,217,62
174,67,62
174,189,62
174,263,62
189,67,62
189,174,62
212,267,62
213,93,62
217,173,62
219,114,62
234,282,62
246,58,62
266,268,62
267,212,62
267,237,62
268,266,62
273,285,62
279,159,62
282,234,62
287,22,62
295,51,62
295,70,62
340,46,62
8,184,63
18,100,63
18,140,63
28,137,63
29,61,63
41,60,63
45,123,63
52,141,63
60,41,63
76,92,63
92,76,63
100,18,63
112,176,63
112,197,63
123,45,63
131,223,63
134,190,63
137,28,63
141,52,63
152,160,63
160,152,63
169,338,63
174,189,63
174,263,63
176,112,63
184,8,63
190,134,63
197,112,63
212,237,63
212,267,63
216,277,63
223,131,63
237,212,63
237,267,63
240,266,63
246,98,63
255,88,63
266,240,63
267,212,63
267,237,63
273,345,63
277,216,63
295,51,63
311,178,63
322,220,63
338,169,63
4,83,64
23,127,64
42,173,64
45,105,64
77,205,64
82,78,64
83,4,64
105,45,64
106,269,64
106,325,64
112,176,64
127,23,64
131,3,64
135,281,64
161,238,64
173,42,64
176,197,64
180,323,64
182,214,64
184,190,64
190,184,64
197,176,64
205,77,64
212,237,64
212,307,64
214,182,64
237,212,64
238,161,64
240,318,64
266,318,64
269,106,64
281,135,64
306,334,64
318,240,64
318,266,64
323,180,64
325,106,64
334,306,64
6,28,65
16,220,65
16,322,65
28,6,65
33,170,65
44,126,65
45,123,65
56,228,65
56,236,65
75,170,65
99,145,65
106,269,65
106,325,65
112,197,65
126,44,65
145,99,65
151,297,65
154,348,65
170,33,65
170,75,65
173,217,65
176,112,65
176,197,65
189,67,65
190,134,65
197,112,65
197,176,65
200,249,65
208,312,65
212,237,65
212,307,65
220,16,65
220,322,65
228,56,65
228,236,65
236,228,65
237,267,65
237,307,65
246,58,65
249,200,65
262,113,65
267,307,65
269,325,65
295,70,65
297,151,65
300,317,65
307,237,65
307,267,65
312,208,65
317,300,65
322,16,65
322,220,65
325,269,65
348,154,65
2,112,66
13,205,66
16,35,66
16,322,66
31,343,66
32,218,66
33,75,66
34,254,66
35,16,66
43,89,66
45,105,66
46,96,66
51,109,66
54,313,66
55,190,66
56,228,66
56,236,66
75,33,66
89,43,66
91,269,66
96,46,66
101,128,66
109,51,66
112,2,66
112,197,66
114,196,66
128,101,66
179,287,66
182,350,66
190,55,66
190,134,66
196,114,66
197,112,66
205,13,66
205,77,66
214,323,66
218,32,66
218,276,66
228,56,66
228,236,66
236,56,66
236,228,66
254,34,66
269,91,66
269,308,66
276,218,66
287,179,66
289,332,66
307,212,66
308,269,66
313,54,66
322,16,66
323,214,66
325,106,66
332,289,66
343,31,66
350,182,66
6,14,67
6,28,67
9,124,67
10,159,67
14,6,67
14,28,67
16,35,67
16,322,67
24,104,67
28,14,67
35,322,67
45,123,67
65,170,67
66,253,67
104,24,67
106,269,67
106,325,67
111,282,67
113,157,67
124,9,67
157,113,67
159,10,67
170,65,67
182,214,67
182,323,67
214,182,67
214,350,67
218,32,67
246,98,67
253,66,67
269,106,67
269,308,67
282,111,67
307,267,67
318,240,67
322,35,67
323,182,67
350,214,67
6,14,68
6,28,68
14,6,68
20,322,68
27,345,68
28,6,68
55,184,68
67,338,68
73,313,68
88,288,68
92,210,68
102,162,68
103,177,68
106,308,68
112,153,68
122,239,68
150,164,68
153,112,68
157,262,68
162,102,68
164,150,68
177,103,68
180,182,68
182,180,68
182,214,68
184,55,68
197,176,68
205,13,68
210,92,68
214,182,68
239,122,68
251,274,68
262,157,68
274,251,68
284,298,68
288,88,68
298,284,68
307,237,68
308,106,68
313,73,68
318,266,68
322,16,68
322,20,68
322,35,68
338,67,68
345,27,68
6,14,69
12,254,69
15,302,69
28,49,69
40,116,69
42,305,69
43,130,69
49,28,69
54,95,69
59,103,69
65,75,69
75,65,69
95,54,69
103,59,69
116,40,69
130,43,69
151,275,69
159,220,69
180,295,69
182,323,69
206,256,69
214,323,69
217,305,69
220,159,69
236,56,69
240,266,69
254,12,69
256,206,69
266,240,69
282,234,69
295,180,69
302,15,69
305,42,69
305,217,69
317,227,69
317,300,69
323,214,69
16,220,70
42,217,70
46,340,70
82,314,70
91,308,70
94,306,70
111,234,70
113,262,70
131,205,70
147,200,70
157,113,70
193,11,70
198,281,70
200,147,70
200,249,70
203,350,70
205,131,70
217,42,70
217,173,70
220,16,70
220,159,70
226,348,70
227,300,70
227,317,70
234,111,70
262,113,70
281,198,70
300,227,70
300,317,70
306,94,70
307,267,70
308,91,70
308,106,70
314,82,70
317,227,70
317,300,70
322,20,70
322,35,70
327,329,70
329,327,70
348,226,70
350,203,70
1,102,71
10,220,71
13,286,71
20,35,71
35,20,71
42,173,71
42,217,71
45,105,71
77,229,71
79,202,71
93,47,71
96,340,71
102,1,71
113,157,71
113,262,71
114,219,71
115,163,71
122,145,71
145,122,71
147,249,71
153,323,71
155,254,71
157,262,71
158,245,71
163,115,71
173,42,71
202,79,71
217,42,71
220,10,71
225,237,71
225,242,71
228,347,71
229,77,71
237,225,71
241,276,71
242,225,71
244,337,71
245,158,71
249,147,71
249,200,71
254,155,71
262,157,71
276,241,71
281,135,71
281,198,71
286,13,71
308,269,71
317,227,71
317,300,71
323,153,71
323,214,71
337,244,71
340,96,71
347,228,71
4,156,72
15,123,72
20,22,72
20,35,72
22,20,72
22,35,72
31,39,72
31,343,72
35,22,72
36,298,72
39,31,72
42,173,72
42,217,72
65,170,72
66,222,72
89,130,72
108,349,72
113,157,72
113,262,72
123,15,72
127,326,72
130,89,72
145,99,72
147,292,72
153,214,72
154,235,72
157,113,72
157,262,72
173,217,72
175,330,72
214,153,72
214,295,72
214,323,72
217,173,72
224,341,72
225,237,72
225,267,72
227,300,72
227,317,72
235,154,72
262,113,72
262,157,72
267,225,72
269,325,72
292,147,72
295,214,72
298,36,72
300,227,72
304,315,72
307,212,72
308,91,72
315,304,72
317,227,72
325,269,72
326,127,72
330,175,72
336,342,72
340,46,72
341,224,72
342,336,72
349,108,72
1,204,73
3,280,73
9,297,73
34,239,73
40,303,73
42,346,73
46,96,73
46,340,73
69,152,73
71,100,73
80,290,73
83,259,73
92,76,73
92,210,73
96,46,73
100,71,73
122,239,73
133,183,73
134,265,73
143,290,73
147,200,73
147,292,73
152,69,73
165,272,73
180,182,73
182,180,73
183,133,73
190,265,73
200,147,73
200,292,73
204,1,73
214,153,73
215,242,73
225,237,73
237,267,73
239,34,73
239,122,73
242,215,73
259,83,73
262,113,73
265,134,73
265,190,73
267,237,73
272,165,73
280,3,73
290,80,73
290,143,73
292,200,73
297,9,73
300,317,73
303,40,73
317,300,73
346,42,73
13,77,74
13,229,74
20,192,74
24,260,74
34,254,74
35,20,74
35,192,74
38,195,74
42,217,74
43,89,74
48,309,74
71,140,74
75,33,74
76,210,74
77,13,74
89,43,74
89,130,74
99,161,74
107,191,74
113,157,74
134,190,74
134,265,74
137,275,74
140,71,74
146,298,74
148,171,74
153,112,74
157,113,74
161,99,74
168,270,74
171,148,74
190,134,74
191,107,74
192,20,74
192,35,74
195,38,74
210,76,74
210,92,74
215,225,74
215,242,74
217,42,74
225,215,74
225,237,74
229,13,74
237,225,74
254,34,74
260,24,74
265,134,74
269,308,74
270,168,74
275,137,74
279,339,74
298,146,74
308,269,74
309,48,74
317,227,74
339,279,74
1,102,75
3,111,75
3,280,75
8,55,75
13,77,75
13,229,75
15,105,75
32,241,75
35,22,75
46,96,75
46,340,75
48,124,75
48,309,75
51,329,75
55,8,75
67,244,75
70,182,75
76,92,75
81,259,75
92,76,75
99,145,75
99,161,75
102,204,75
105,15,75
111,3,75
124,48,75
134,190,75
144,252,75
145,161,75
153,214,75
157,319,75
161,145,75
182,70,75
190,265,75
192,20,75
204,102,75
233,283,75
239,254,75
241,32,75
244,67,75
252,144,75
254,239,75
259,81,75
265,190,75
283,233,75
319,157,75
329,51,75
13,77,76
13,131,76
13,229,76
20,35,76
20,192,76
21,266,76
25,320,76
25,344,76
30,142,76
35,20,76
35,192,76
54,167,76
63,66,76
66,63,76
72,285,76
77,229,76
79,141,76
89,43,76
89,130,76
92,210,76
99,145,76
99,161,76
124,309,76
131,13,76
131,229,76
140,186,76
141,79,76
142,30,76
145,99,76
145,161,76
161,99,76
161,145,76
167,54,76
173,346,76
180,214,76
186,140,76
190,134,76
190,265,76
192,35,76
203,295,76
214,180,76
215,225,76
222,253,76
225,215,76
225,242,76
229,77,76
229,131,76
242,225,76
253,222,76
266,21,76
275,151,76
285,72,76
295,203,76
298,36,76
309,124,76
316,340,76
320,25,76
320,344,76
340,316,76
344,25,76
344,320,76
346,173,76
2,323,77
3,234,77
13,77,77
15,45,77
20,35,77
20,192,77
21,240,77
35,20,77
35,192,77
42,173,77
42,346,77
45,15,77
46,194,77
47,279,77
77,13,77
79,202,77
82,179,77
157,113,77
173,42,77
179,82,77
184,190,77
190,134,77
190,184,77
190,265,77
192,20,77
192,35,77
194,46,77
206,333,77
215,242,77
217,305,77
234,3,77
240,21,77
242,215,77
267,307,77
269,297,77
275,137,77
279,47,77
297,269,77
307,267,77
309,48,77
323,2,77
344,25,77
344,320,77
346,42,77
2,203,78
28,348,78
32,226,78
45,221,78
47,93,78
55,216,78
57,147,78
106,162,78
134,184,78
137,151,78
137,275,78
147,57,78
151,137,78
151,275,78
162,106,78
184,134,78
184,190,78
190,184,78
192,20,78
203,2,78
203,295,78
203,323,78
213,220,78
216,55,78
220,213,78
226,32,78
231,247,78
247,231,78
254,12,78
269,308,78
275,151,78
297,308,78
308,297,78
323,203,78
348,28,78
5,37,79
12,34,79
12,254,79
16,159,79
21,266,79
26,243,79
28,235,79
28,348,79
34,12,79
37,5,79
41,74,79
45,15,79
64,287,79
74,41,79
76,210,79
77,229,79
79,141,79
119,346,79
134,190,79
143,171,79
153,112,79
159,16,79
171,143,79
174,238,79
184,134,79
190,134,79
205,223,79
210,76,79
210,92,79
223,205,79
229,77,79
235,28,79
235,154,79
238,174,79
243,26,79
254,239,79
256,333,79
269,297,79
275,137,79
287,64,79
297,269,79
309,124,79
333,256,79
346,119,79
3,280,80
9,308,80
12,34,80
12,239,80
12,254,80
13,229,80
15,221,80
17,303,80
18,100,80
25,320,80
28,49,80
28,348,80
32,241,80
34,254,80
45,221,80
46,340,80
47,279,80
77,13,80
77,229,80
100,18,80
101,249,80
134,184,80
135,183,80
141,202,80
155,328,80
167,87,80
173,264,80
183,135,80
191,334,80
192,35,80
193,283,80
194,340,80
199,320,80
199,344,80
202,141,80
203,2,80
210,76,80
211,301,80
221,15,80
221,45,80
229,13,80
229,77,80
229,131,80
234,282,80
239,12,80
242,225,80
249,101,80
254,12,80
254,34,80
264,173,80
283,193,80
290,80,80
295,323,80
301,211,80
303,17,80
307,212,80
308,9,80
320,25,80
320,199,80
320,344,80
323,295,80
328,155,80
334,191,80
340,46,80
340,194,80
344,199,80
344,320,80
2,323,81
4,83,81
12,239,81
13,77,81
19,155,81
19,328,81
27,261,81
28,49,81
47,93,81
49,348,81
51,211,81
60,149,81
61,330,81
67,338,81
77,13,81
77,229,81
83,4,81
107,331,81
111,223,81
119,173,81
119,264,81
149,60,81
152,181,81
155,19,81
155,328,81
173,119,81
173,264,81
181,152,81
191,107,81
196,281,81
211,51,81
215,225,81
221,15,81
221,45,81
223,111,81
225,215,81
225,242,81
229,77,81
239,254,81
254,239,81
264,119,81
264,173,81
269,308,81
275,151,81
281,196,81
297,308,81
308,269,81
308,297,81
323,2,81
328,19,81
328,155,81
330,61,81
331,107,81
346,121,81
348,49,81
11,98,82
12,34,82
12,254,82
15,45,82
15,221,82
34,12,82
43,74,82
45,15,82
45,221,82
53,336,82
74,43,82
93,339,82
98,11,82
98,246,82
103,177,82
119,173,82
119,264,82
146,284,82
167,54,82
167,87,82
173,119,82
173,264,82
189,317,82
191,331,82
202,312,82
221,15,82
221,45,82
229,131,82
238,263,82
254,12,82
254,239,82
256,332,82
263,238,82
264,119,82
264,173,82
284,146,82
308,269,82
312,202,82
317,189,82
331,191,82
332,256,82
336,53,82
339,93,82
3,233,83
6,28,83
12,19,83
12,254,83
19,12,83
19,34,83
28,6,83
32,226,83
32,241,83
34,19,83
77,131,83
90,343,83
107,191,83
107,331,83
111,205,83
131,77,83
132,260,83
191,107,83
202,141,83
205,111,83
226,241,83
233,3,83
241,226,83
254,12,83
256,333,83
260,132,83
264,119,83
269,297,83
269,308,83
297,269,83
297,308,83
308,297,83
331,107,83
343,90,83
12,19,84
12,254,84
13,286,84
15,45,84
15,221,84
19,12,84
19,254,84
23,83,84
24,132,84
24,260,84
32,276,84
41,60,84
45,15,84
45,221,84
60,41,84
69,87,84
70,109,84
83,23,84
87,69,84
107,191,84
107,331,84
108,258,84
109,70,84
111,223,84
122,161,84
132,24,84
132,260,84
160,181,84
161,122,84
181,160,84
182,214,84
191,309,84
199,320,84
206,256,84
214,182,84
221,15,84
221,45,84
241,32,84
248,298,84
254,19,84
256,206,84
258,108,84
260,24,84
260,132,84
276,32,84
298,248,84
308,269,84
309,191,84
320,199,84
323,295,84
332,333,84
333,332,84
10,213,85
10,220,85
24,132,85
24,260,85
28,49,85
34,161,85
41,43,85
43,41,85
43,74,85
49,28,85
57,292,85
94,133,85
96,340,85
99,300,85
104,185,85
132,24,85
132,260,85
133,94,85
147,292,85
153,180,85
154,348,85
159,192,85
161,34,85
161,122,85
180,153,85
185,104,85
191,331,85
192,159,85
205,233,85
206,332,85
206,333,85
213,10,85
220,10,85
221,15,85
224,255,85
233,205,85
235,348,85
242,307,85
255,224,85
260,24,85
260,132,85
269,297,85
280,282,85
282,280,85
292,57,85
292,147,85
297,269,85
300,99,85
307,242,85
309,331,85
331,191,85
331,309,85
332,206,85
333,206,85
340,96,85
348,154,85
348,235,85
19,187,86
27,273,86
35,159,86
35,192,86
43,41,86
44,118,86
56,96,86
66,163,86
73,95,86
79,256,86
80,169,86
86,149,86
95,73,86
96,56,86
96,340,86
101,128,86
118,44,86
129,224,86
148,283,86
149,86,86
159,35,86
159,192,86
162,325,86
163,66,86
169,80,86
174,337,86
184,190,86
187,19,86
190,184,86
191,309,86
192,35,86
192,159,86
210,304,86
224,129,86
256,79,86
273,27,86
283,148,86
284,315,86
304,210,86
309,191,86
314,350,86
315,284,86
325,162,86
337,174,86
350,314,86
6,49,87
14,28,87
27,261,87
28,14,87
49,6,87
63,253,87
74,336,87
78,179,87
80,290,87
85,172,87
87,167,87
101,249,87
107,334,87
113,278,87
128,249,87
149,321,87
157,327,87
172,85,87
174,263,87
179,78,87
184,134,87
192,35,87
195,251,87
197,293,87
218,241,87
235,276,87
241,218,87
241,226,87
249,128,87
251,195,87
253,63,87
255,288,87
263,174,87
276,235,87
278,113,87
288,255,87
293,197,87
327,157,87
334,107,87
336,74,87
348,154,87
3,111,88
3,223,88
29,113,88
39,103,88
39,188,88
41,60,88
43,60,88
46,96,88
46,194,88
47,339,88
52,127,88
57,142,88
60,43,88
88,139,88
93,279,88
96,46,88
96,194,88
101,128,88
101,249,88
103,39,88
103,188,88
110,142,88
111,3,88
113,29,88
113,278,88
127,52,88
128,101,88
128,249,88
129,288,88
139,88,88
141,312,88
142,57,88
142,110,88
148,171,88
171,148,88
184,190,88
187,254,88
188,39,88
188,103,88
192,159,88
194,46,88
194,96,88
195,274,88
223,3,88
240,266,88
249,101,88
249,128,88
254,12,88
254,187,88
256,332,88
266,240,88
274,195,88
276,32,88
279,93,88
288,129,88
312,141,88
332,256,88
339,47,88
1,325,89
4,156,89
12,34,89
24,48,89
25,199,89
29,175,89
34,12,89
34,254,89
39,103,89
41,43,89
41,60,89
43,41,89
43,60,89
46,96,89
47,93,89
47,339,89
48,24,89
55,133,89
60,41,89
60,43,89
69,167,89
76,92,89
79,206,89
86,321,89
92,76,89
93,47,89
93,279,89
96,46,89
99,238,89
103,39,89
111,280,89
113,175,89
115,243,89
133,55,89
133,94,89
149,86,89
162,106,89
162,272,89
167,69,89
171,143,89
171,148,89
171,283,89
175,29,89
175,113,89
187,19,89
187,254,89
192,35,89
192,159,89
199,25,89
206,79,89
206,333,89
226,348,89
238,99,89
243,115,89
244,338,89
252,264,89
254,34,89
254,187,89
264,252,89
272,162,89
276,235,89
280,111,89
283,171,89
301,345,89
321,86,89
325,1,89
338,244,89
345,301,89
348,226,89
1,102,90
3,111,90
3,280,90
7,9,90
9,7,90
12,254,90
13,77,90
27,273,90
35,159,90
77,13,90
84,349,90
86,149,90
94,306,90
101,128,90
102,1,90
111,3,90
111,223,90
128,101,90
131,205,90
133,306,90
141,202,90
147,200,90
148,283,90
159,35,90
162,106,90
164,303,90
171,148,90
171,283,90
187,19,90
200,147,90
205,131,90
205,229,90
206,79,90
206,333,90
213,287,90
223,111,90
229,205,90
233,280,90
244,290,90
245,125,90
254,12,90
254,34,90
266,21,90
280,3,90
280,233,90
283,148,90
283,171,90
287,213,90
290,244,90
303,164,90
306,133,90
349,84,90
2,314,91
19,176,91
20,22,91
22,20,91
32,226,91
35,192,91
47,93,91
47,339,91
60,41,91
62,178,91
70,211,91
79,333,91
86,321,91
93,47,91
93,220,91
93,339,91
94,133,91
96,56,91
100,140,91
133,94,91
134,265,91
140,100,91
142,292,91
148,171,91
171,148,91
176,19,91
178,62,91
192,35,91
195,251,91
206,79,91
206,333,91
211,70,91
220,93,91
226,32,91
265,134,91
275,137,91
285,329,91
292,142,91
314,2,91
329,285,91
333,79,91
333,206,91
339,93,91
8,277,92
9,137,92
12,187,92
12,239,92
17,40,92
33,238,92
40,17,92
41,253,92
50,234,92
51,261,92
77,131,92
78,82,92
79,206,92
79,333,92
82,78,92
87,95,92
95,87,92
117,326,92
124,191,92
131,77,92
131,205,92
133,334,92
137,9,92
137,275,92
142,147,92
147,142,92
147,200,92
161,145,92
187,12,92
187,239,92
189,227,92
191,124,92
205,131,92
206,79,92
206,333,92
226,348,92
227,189,92
234,50,92
238,33,92
239,12,92
239,187,92
253,41,92
261,51,92
263,270,92
270,263,92
277,8,92
297,308,92
308,297,92
326,117,92
333,79,92
333,206,92
334,133,92
348,154,92
348,226,92
3,223,93
10,64,93
30,57,93
39,120,93
57,30,93
64,10,93
79,206,93
79,333,93
91,132,93
95,73,93
96,46,93
96,56,93
103,120,93
111,229,93
120,39,93
120,103,93
131,77,93
132,91,93
133,94,93
143,283,93
148,193,93
149,321,93
152,246,93
159,192,93
161,122,93
192,159,93
193,148,93
205,229,93
205,233,93
206,79,93
206,333,93
223,3,93
229,111,93
229,205,93
233,205,93
240,268,93
246,152,93
268,240,93
283,143,93
321,149,93
333,79,93
333,206,93
19,239,94
32,276,94
37,344,94
38,97,94
51,345,94
57,147,94
79,206,94
86,149,94
93,220,94
93,339,94
97,38,94
109,262,94
120,39,94
120,103,94
135,198,94
142,200,94
147,57,94
149,86,94
185,309,94
198,135,94
200,142,94
200,292,94
205,280,94
206,79,94
220,339,94
239,19,94
262,109,94
269,272,94
271,324,94
272,269,94
276,32,94
280,205,94
292,200,94
309,185,94
324,271,94
339,220,94
344,37,94
345,51,94
345,301,94
1,269,95
19,176,95
22,159,95
30,147,95
41,60,95
41,253,95
42,217,95
43,321,95
47,220,95
48,104,95
58,160,95
60,253,95
64,287,95
77,233,95
83,146,95
91,162,95
93,220,95
93,339,95
98,11,95
101,249,95
104,48,95
107,331,95
109,327,95
133,306,95
142,292,95
146,83,95
147,30,95
159,22,95
159,192,95
160,58,95
162,91,95
173,252,95
176,197,95
178,267,95
180,323,95
197,176,95
200,142,95
200,292,95
202,312,95
217,42,95
220,47,95
220,93,95
221,45,95
233,77,95
249,101,95
252,173,95
252,264,95
253,60,95
267,178,95
269,1,95
269,272,95
287,64,95
292,142,95
292,200,95
312,202,95
321,43,95
323,180,95
327,109,95
331,107,95
339,93,95
5,344,96
7,76,96
16,192,96
19,239,96
32,235,96
34,328,96
36,326,96
37,5,96
37,344,96
39,103,96
39,120,96
41,60,96
41,253,96
43,74,96
43,321,96
49,348,96
58,313,96
60,41,96
74,43,96
76,7,96
94,335,96
103,39,96
103,120,96
106,325,96
111,205,96
113,330,96
120,39,96
120,103,96
133,94,96
147,57,96
176,187,96
180,153,96
180,323,96
187,176,96
191,308,96
192,16,96
192,159,96
197,293,96
205,111,96
205,280,96
221,15,96
233,280,96
235,32,96
244,338,96
252,173,96
252,264,96
253,41,96
280,233,96
292,142,96
308,191,96
313,58,96
325,106,96
326,36,96
326,117,96
328,34,96
330,113,96
335,94,96
344,5,96
344,37,96
348,49,96
5,37,97
5,257,97
5,344,97
7,92,97
13,131,97
20,213,97
22,35,97
27,261,97
29,157,97
32,276,97
35,22,97
37,5,97
37,257,97
37,344,97
43,74,97
43,149,97
48,24,97
48,104,97
53,247,97
60,253,97
63,163,97
74,149,97
77,280,97
92,7,97
92,297,97
116,164,97
117,146,97
120,39,97
120,103,97
131,13,97
142,200,97
146,117,97
147,292,97
149,43,97
149,74,97
150,255,97
153,323,97
154,226,97
157,29,97
163,63,97
164,116,97
169,290,97
173,264,97
176,239,97
180,295,97
194,259,97
200,142,97
205,111,97
213,20,97
216,277,97
226,154,97
233,77,97
239,176,97
247,53,97
252,173,97
252,264,97
253,60,97
254,328,97
255,150,97
257,5,97
257,37,97
257,344,97
259,194,97
261,27,97
261,285,97
262,327,97
264,173,97
264,252,97
277,216,97
280,77,97
285,261,97
290,169,97
292,147,97
295,180,97
295,323,97
297,92,97
314,350,97
323,153,97
323,295,97
326,36,97
327,262,97
328,254,97
344,5,97
344,37,97
344,257,97
2,350,98
7,76,98
7,92,98
13,77,98
13,131,98
17,90,98
19,176,98
29,72,98
35,159,98
41,60,98
55,335,98
60,41,98
69,313,98
72,29,98
77,13,98
77,233,98
83,117,98
83,146,98
90,17,98
92,7,98
92,297,98
99,270,98
117,83,98
125,136,98
133,306,98
136,125,98
146,83,98
147,57,98
149,43,98
149,74,98
149,321,98
159,35,98
176,19,98
207,258,98
218,226,98
226,218,98
233,280,98
258,207,98
261,27,98
264,173,98
267,311,98
270,99,98
280,233,98
295,180,98
311,267,98
313,69,98
314,2,98
314,350,98
318,333,98
321,149,98
328,34,98
333,318,98
335,55,98
344,37,98
350,2,98
350,314,98
2,314,99
2,350,99
7,297,99
10,213,99
10,287,99
19,239,99
34,254,99
36,146,99
37,257,99
37,344,99
41,253,99
43,74,99
43,149,99
47,93,99
60,63,99
60,163,99
63,60,99
71,186,99
74,43,99
93,47,99
94,334,99
111,280,99
117,146,99
124,162,99
146,36,99
146,117,99
149,43,99
162,124,99
163,60,99
165,260,99
180,323,99
183,277,99
186,71,99
192,16,99
213,10,99
221,45,99
226,154,99
226,218,99
229,280,99
232,268,99
233,77,99
239,19,99
244,337,99
253,41,99
254,34,99
257,37,99
257,344,99
260,165,99
267,178,99
268,232,99
277,183,99
277,216,99
280,111,99
280,229,99
287,10,99
297,7,99
297,92,99
306,335,99
309,331,99
314,2,99
323,180,99
331,309,99
334,94,99
335,306,99
337,244,99
344,5,99
344,37,99
344,257,99
350,2,99
5,37,100
10,20,100
20,10,100
29,157,100
36,117,100
36,146,100
37,5,100
43,74,100
44,170,100
48,132,100
54,234,100
58,160,100
104,132,100
117,36,100
117,146,100
131,233,100
132,48,100
132,104,100
136,245,100
146,36,100
146,117,100
149,321,100
153,203,100
166,316,100
170,44,100
174,270,100
176,187,100
180,295,100
189,317,100
203,153,100
233,131,100
234,54,100
245,136,100
269,1,100
270,174,100
280,111,100
297,7,100
316,166,100
