1,165,1
2,179,1
2,223,1
3,311,1
11,85,1
11,105,1
23,294,1
27,76,1
28,114,1
38,140,1
43,252,1
45,321,1
49,280,1
50,192,1
58,125,1
60,183,1
72,205,1
76,27,1
80,203,1
80,293,1
81,159,1
82,314,1
84,298,1
85,11,1
85,105,1
89,159,1
95,316,1
105,11,1
105,85,1
106,266,1
112,297,1
114,28,1
118,123,1
120,166,1
121,316,1
123,118,1
125,58,1
134,141,1
140,38,1
141,134,1
150,168,1
159,81,1
159,89,1
165,1,1
166,120,1
168,150,1
179,2,1
183,60,1
184,271,1
192,50,1
193,287,1
203,80,1
205,72,1
205,267,1
208,249,1
210,233,1
217,257,1
223,2,1
233,210,1
249,208,1
252,43,1
257,217,1
261,296,1
265,319,1
266,106,1
267,205,1
269,302,1
271,184,1
280,49,1
287,193,1
293,80,1
294,23,1
294,322,1
296,261,1
297,112,1
298,84,1
302,269,1
311,3,1
314,82,1
316,95,1
316,121,1
319,265,1
321,45,1
322,294,1
2,179,2
2,223,2
11,85,2
11,105,2
15,102,2
23,113,2
24,135,2
42,160,2
43,299,2
44,226,2
45,312,2
46,216,2
52,73,2
72,267,2
73,52,2
74,326,2
85,11,2
95,128,2
102,15,2
105,11,2
113,23,2
126,249,2
128,95,2
128,316,2
133,253,2
135,24,2
137,281,2
143,174,2
159,81,2
159,266,2
160,42,2
163,295,2
174,143,2
182,200,2
193,294,2
200,182,2
216,46,2
226,44,2
234,244,2
244,234,2
249,126,2
252,299,2
253,133,2
266,159,2
267,72,2
267,205,2
281,137,2
283,304,2
294,193,2
295,163,2
299,43,2
299,252,2
304,283,2
312,45,2
316,128,2
326,74,2
2,324,3
3,77,3
7,287,3
7,322,3
11,85,3
13,284,3
24,109,3
26,178,3
26,222,3
33,264,3
53,243,3
55,91,3
69,309,3
71,279,3
77,3,3
80,203,3
81,266,3
91,55,3
100,133,3
101,228,3
109,24,3
128,95,3
133,100,3
146,250,3
152,232,3
159,81,3
178,26,3
178,222,3
186,250,3
193,287,3
193,294,3
222,26,3
222,178,3
228,101,3
232,152,3
243,53,3
250,146,3
250,186,3
262,310,3
264,33,3
266,81,3
266,106,3
267,72,3
279,71,3
284,13,3
287,7,3
287,193,3
287,294,3
294,287,3
309,69,3
310,262,3
316,121,3
322,7,3
324,2,3
2,179,4
2,324,4
4,256,4
7,157,4
7,322,4
9,313,4
13,168,4
13,284,4
16,111,4
26,178,4
27,131,4
34,130,4
49,184,4
49,280,4
63,246,4
76,315,4
81,106,4
89,248,4
94,196,4
96,134,4
100,116,4
106,81,4
111,16,4
116,100,4
123,163,4
130,34,4
131,27,4
133,253,4
134,96,4
156,321,4
157,7,4
163,123,4
163,295,4
168,13,4
168,150,4
168,284,4
169,188,4
172,217,4
172,257,4
178,26,4
184,49,4
188,169,4
193,287,4
193,294,4
196,94,4
217,172,4
217,257,4
246,63,4
248,89,4
256,4,4
257,172,4
257,217,4
284,168,4
287,193,4
294,193,4
299,43,4
299,252,4
313,9,4
315,76,4
321,156,4
2,179,5
2,225,5
7,235,5
8,162,5
17,275,5
29,255,5
68,310,5
73,325,5
81,159,5
85,105,5
94,141,5
94,196,5
103,189,5
105,85,5
123,295,5
126,192,5
129,171,5
137,199,5
141,94,5
162,8,5
163,123,5
163,295,5
171,129,5
179,324,5
184,271,5
185,220,5
189,103,5
192,126,5
199,137,5
201,296,5
220,185,5
225,2,5
235,7,5
255,29,5
257,172,5
275,17,5
284,13,5
295,123,5
295,163,5
296,201,5
310,68,5
312,321,5
321,312,5
324,179,5
325,73,5
7,157,6
7,287,6
7,322,6
11,148,6
13,168,6
15,239,6
23,193,6
49,184,6
58,161,6
75,175,6
80,293,6
82,220,6
110,259,6
148,11,6
161,58,6
162,214,6
163,277,6
163,295,6
167,229,6
168,13,6
175,75,6
184,49,6
193,23,6
193,294,6
197,254,6
198,211,6
205,226,6
211,198,6
214,162,6
220,82,6
226,205,6
227,315,6
229,167,6
235,322,6
239,15,6
254,197,6
259,110,6
277,163,6
277,295,6
287,7,6
292,320,6
295,123,6
295,163,6
295,277,6
315,227,6
320,292,6
321,156,6
322,235,6
2,179,7
2,225,7
7,235,7
12,171,7
15,102,7
15,239,7
33,147,7
41,278,7
49,280,7
53,161,7
55,158,7
58,125,7
73,52,7
73,92,7
81,106,7
92,73,7
108,191,7
109,180,7
123,283,7
123,295,7
147,33,7
158,55,7
161,53,7
163,277,7
171,12,7
179,2,7
179,324,7
180,109,7
184,271,7
191,108,7
198,272,7
207,300,7
223,225,7
225,223,7
226,307,7
235,7,7
235,322,7
272,198,7
277,163,7
278,41,7
283,123,7
290,316,7
295,123,7
300,207,7
307,226,7
316,290,7
2,179,8
2,225,8
15,102,8
15,239,8
28,104,8
47,53,8
53,47,8
58,161,8
66,209,8
73,52,8
79,243,8
97,276,8
104,28,8
106,266,8
107,250,8
114,240,8
123,163,8
126,249,8
161,58,8
163,123,8
163,277,8
179,2,8
179,225,8
184,280,8
193,23,8
209,66,8
211,272,8
225,2,8
225,179,8
226,205,8
240,114,8
243,79,8
250,107,8
250,252,8
252,250,8
272,211,8
276,97,8
280,184,8
283,304,8
11,260,9
15,102,9
58,125,9
58,161,9
64,261,9
73,92,9
82,210,9
93,206,9
102,239,9
123,277,9
125,161,9
154,165,9
157,322,9
161,125,9
165,154,9
178,254,9
179,324,9
206,93,9
210,82,9
225,2,9
225,179,9
234,314,9
239,102,9
250,107,9
254,178,9
260,11,9
261,64,9
277,123,9
277,163,9
280,49,9
283,295,9
285,288,9
288,285,9
295,283,9
314,234,9
322,157,9
2,223,10
2,225,10
63,189,10
88,93,10
93,88,10
96,170,10
100,253,10
102,15,10
124,327,10
137,273,10
149,259,10
159,248,10
161,58,10
170,96,10
189,63,10
189,103,10
218,308,10
220,234,10
223,2,10
223,225,10
225,2,10
225,223,10
234,220,10
248,159,10
252,299,10
253,100,10
259,149,10
273,137,10
273,291,10
291,273,10
308,218,10
327,124,10
2,223,11
2,225,11
7,157,11
7,235,11
15,324,11
22,297,11
33,264,11
34,64,11
36,269,11
52,219,11
53,161,11
63,103,11
63,189,11
64,34,11
70,322,11
72,226,11
75,144,11
76,131,11
80,203,11
84,143,11
100,116,11
100,253,11
103,63,11
103,189,11
106,81,11
106,266,11
118,154,11
131,76,11
133,219,11
143,84,11
144,75,11
147,264,11
154,118,11
157,7,11
161,53,11
161,58,11
169,287,11
171,129,11
179,239,11
179,324,11
189,63,11
189,103,11
205,307,11
219,52,11
219,133,11
223,2,11
223,225,11
225,2,11
225,223,11
225,305,11
226,72,11
234,314,11
235,7,11
239,179,11
247,306,11
264,147,11
269,36,11
273,137,11
287,169,11
297,22,11
305,225,11
306,247,11
307,205,11
322,70,11
324,15,11
324,179,11
1,154,12
15,102,12
15,324,12
23,177,12
45,158,12
53,243,12
54,67,12
56,87,12
67,54,12
71,216,12
81,266,12
87,56,12
102,324,12
118,295,12
120,228,12
134,141,12
141,134,12
154,1,12
157,322,12
158,45,12
160,302,12
161,53,12
162,8,12
177,23,12
178,26,12
216,71,12
220,314,12
223,305,12
225,223,12
228,120,12
234,220,12
243,53,12
245,246,12
246,245,12
266,81,12
285,298,12
288,298,12
295,118,12
298,285,12
298,288,12
302,160,12
305,223,12
310,262,12
314,220,12
322,157,12
324,15,12
324,102,12
324,179,12
6,215,13
7,322,13
70,197,13
72,205,13
93,206,13
95,290,13
138,311,13
161,58,13
161,243,13
166,275,13
197,70,13
205,72,13
215,6,13
219,52,13
239,324,13
243,161,13
249,208,13
266,106,13
275,166,13
290,95,13
311,138,13
322,7,13
322,157,13
324,239,13
2,305,14
17,166,14
21,229,14
37,323,14
42,132,14
43,303,14
44,205,14
58,125,14
58,161,14
62,78,14
78,62,14
83,203,14
96,141,14
102,239,14
125,58,14
130,222,14
132,42,14
141,96,14
161,58,14
166,17,14
166,275,14
169,188,14
171,194,14
194,171,14
201,261,14
203,83,14
205,44,14
205,72,14
212,224,14
219,325,14
222,130,14
224,212,14
229,21,14
239,102,14
239,324,14
261,201,14
303,43,14
305,2,14
323,37,14
325,219,14
8,147,15
12,149,15
15,239,15
25,117,15
44,286,15
70,235,15
83,108,15
95,121,15
96,170,15
102,324,15
108,83,15
117,25,15
121,95,15
136,145,15
145,136,15
147,8,15
149,12,15
149,259,15
150,284,15
166,17,15
169,287,15
185,234,15
194,319,15
212,278,15
219,52,15
220,185,15
220,234,15
234,185,15
234,220,15
235,70,15
239,15,15
250,252,15
252,250,15
266,81,15
278,212,15
284,150,15
286,44,15
305,223,15
319,194,15
324,102,15
324,179,15
6,130,16
6,222,16
8,162,16
15,102,16
24,272,16
26,254,16
31,187,16
81,89,16
86,92,16
89,81,16
92,86,16
94,96,16
94,170,16
96,94,16
97,228,16
102,15,16
109,267,16
130,6,16
131,315,16
143,285,16
154,165,16
169,188,16
170,94,16
187,31,16
188,287,16
212,224,16
212,278,16
214,271,16
222,6,16
228,97,16
228,120,16
234,244,16
254,26,16
267,109,16
271,214,16
272,24,16
285,143,16
287,188,16
315,131,16
2,223,17
2,305,17
6,130,17
6,222,17
8,147,17
13,316,17
27,155,17
37,122,17
58,125,17
58,161,17
65,239,17
82,185,17
94,134,17
97,120,17
97,228,17
120,97,17
122,37,17
125,161,17
130,215,17
134,94,17
147,162,17
155,27,17
161,125,17
162,147,17
177,188,17
180,318,17
185,82,17
188,177,17
215,130,17
223,2,17
228,97,17
239,65,17
305,2,17
316,13,17
318,180,17
3,195,18
6,130,18
6,222,18
33,287,18
49,184,18
52,325,18
79,167,18
81,266,18
102,239,18
122,323,18
130,6,18
130,215,18
130,222,18
131,155,18
146,258,18
149,12,18
155,131,18
161,58,18
167,79,18
175,321,18
184,49,18
188,169,18
195,3,18
219,133,18
222,130,18
228,276,18
239,102,18
258,146,18
272,211,18
276,228,18
287,33,18
321,175,18
323,122,18
325,52,18
5,268,19
6,20,19
6,130,19
20,6,19
27,315,19
40,51,19
51,40,19
93,88,19
116,275,19
130,6,19
131,315,19
134,141,19
141,134,19
169,287,19
199,207,19
207,199,19
207,291,19
220,244,19
223,305,19
244,220,19
259,110,19
268,5,19
272,198,19
272,211,19
275,116,19
277,295,19
287,169,19
291,207,19
295,277,19
305,223,19
315,27,19
315,131,19
7,193,20
24,72,20
24,226,20
33,264,20
37,323,20
45,91,20
63,66,20
66,63,20
72,24,20
91,45,20
93,206,20
122,37,20
130,215,20
131,155,20
131,315,20
134,94,20
150,328,20
152,300,20
154,1,20
154,165,20
156,312,20
168,290,20
169,188,20
169,287,20
188,177,20
192,50,20
193,7,20
198,211,20
207,199,20
207,291,20
211,198,20
222,254,20
226,24,20
244,314,20
254,222,20
264,33,20
290,168,20
300,152,20
305,2,20
305,223,20
312,156,20
314,244,20
315,27,20
315,131,20
323,37,20
328,150,20
1,165,21
2,136,21
2,305,21
6,222,21
6,254,21
11,317,21
37,122,21
37,323,21
44,205,21
60,118,21
68,105,21
73,253,21
93,88,21
94,170,21
102,179,21
105,68,21
118,60,21
131,155,21
132,201,21
136,2,21
136,305,21
142,296,21
147,8,21
165,1,21
169,177,21
177,169,21
179,102,21
179,324,21
194,171,21
194,319,21
201,132,21
205,44,21
222,6,21
243,293,21
250,186,21
253,73,21
254,6,21
293,243,21
296,142,21
305,2,21
305,136,21
317,11,21
2,136,22
2,305,22
6,222,22
15,223,22
15,324,22
20,215,22
22,112,22
33,162,22
37,122,22
37,323,22
58,125,22
94,134,22
112,22,22
115,176,22
122,323,22
125,58,22
136,2,22
136,305,22
162,33,22
176,115,22
177,188,22
207,199,22
215,20,22
220,238,22
223,15,22
234,314,22
238,220,22
250,258,22
258,250,22
266,106,22
305,2,22
305,136,22
314,234,22
323,122,22
324,15,22
7,322,23
17,275,23
18,265,23
42,201,23
49,280,23
54,306,23
70,193,23
72,226,23
87,212,23
94,141,23
96,170,23
102,324,23
141,94,23
151,208,23
170,96,23
171,319,23
188,287,23
193,70,23
201,42,23
201,132,23
208,151,23
212,87,23
215,254,23
226,72,23
250,186,23
254,215,23
258,146,23
265,18,23
275,17,23
287,188,23
305,2,23
306,54,23
319,171,23
322,7,23
324,102,23
20,254,24
43,230,24
50,206,24
57,78,24
72,272,24
78,57,24
89,248,24
113,147,24
147,113,24
164,265,24
164,319,24
167,229,24
171,194,24
177,287,24
179,239,24
185,238,24
194,171,24
206,50,24
215,20,24
223,324,24
229,167,24
230,43,24
238,185,24
239,179,24
248,89,24
254,20,24
265,164,24
272,72,24
285,298,24
287,177,24
287,188,24
298,285,24
319,164,24
322,157,24
324,15,24
324,223,24
3,311,25
8,113,25
12,25,25
15,102,25
15,223,25
15,324,25
20,215,25
25,12,25
42,261,25
72,226,25
90,304,25
92,308,25
100,116,25
102,15,25
113,8,25
113,147,25
116,100,25
129,149,25
149,129,25
164,265,25
192,206,25
206,192,25
207,273,25
207,291,25
208,327,25
223,15,25
223,324,25
260,326,25
261,42,25
273,207,25
287,177,25
287,188,25
304,90,25
308,92,25
311,3,25
314,244,25
324,15,25
324,223,25
326,260,25
327,208,25
2,15,26
2,223,26
14,54,26
15,2,26
15,223,26
15,324,26
53,161,26
54,14,26
57,62,26
60,183,26
62,57,26
68,262,26
94,134,26
102,324,26
132,170,26
156,158,26
158,156,26
161,53,26
165,154,26
170,132,26
177,188,26
188,177,26
188,287,26
197,209,26
207,273,26
209,197,26
215,254,26
220,314,26
223,2,26
223,15,26
226,24,26
226,72,26
254,215,26
262,68,26
273,291,26
291,273,26
314,220,26
324,15,26
324,102,26
2,15,27
12,129,27
15,2,27
15,223,27
18,313,27
49,184,27
70,235,27
77,221,27
95,168,27
102,231,27
121,195,27
124,208,27
129,12,27
143,84,27
166,275,27
168,95,27
188,177,27
188,287,27
195,121,27
208,124,27
208,151,27
221,77,27
231,102,27
275,166,27
284,328,27
306,247,27
313,18,27
328,284,27
15,324,28
23,169,28
40,155,28
41,138,28
66,189,28
70,193,28
93,196,28
95,121,28
95,168,28
121,95,28
121,195,28
123,304,28
132,201,28
138,41,28
155,40,28
169,23,28
177,287,28
189,66,28
196,93,28
215,20,28
223,225,28
226,24,28
234,245,28
237,242,28
242,237,28
245,234,28
250,107,28
253,292,28
273,207,28
287,177,28
292,253,28
304,123,28
324,15,28
328,150,28
15,2,29
24,72,29
24,226,29
33,169,29
51,155,29
59,263,29
70,235,29
71,279,29
72,24,29
72,226,29
112,297,29
118,206,29
121,168,29
147,162,29
155,51,29
162,147,29
164,319,29
168,121,29
169,33,29
170,96,29
206,118,29
208,124,29
212,286,29
215,254,29
223,305,29
226,72,29
263,59,29
286,212,29
297,112,29
305,223,29
6,215,30
10,27,30
23,177,30
23,322,30
24,307,30
27,10,30
36,98,30
60,118,30
72,272,30
85,209,30
93,88,30
94,141,30
98,36,30
99,304,30
118,60,30
129,171,30
130,140,30
140,130,30
164,265,30
164,319,30
171,129,30
177,23,30
177,287,30
197,235,30
209,85,30
215,6,30
215,254,30
221,311,30
223,225,30
223,305,30
225,305,30
235,197,30
278,286,30
286,278,30
299,303,30
303,299,30
304,99,30
305,225,30
307,24,30
311,221,30
322,23,30
2,305,31
6,20,31
6,215,31
15,324,31
20,6,31
23,177,31
23,322,31
55,126,31
57,78,31
61,213,31
70,193,31
73,289,31
94,134,31
96,132,31
126,55,31
132,96,31
135,214,31
135,271,31
136,202,31
147,113,31
153,318,31
177,23,31
202,136,31
213,61,31
214,135,31
215,6,31
215,222,31
222,215,31
223,225,31
225,223,31
229,240,31
240,229,31
271,135,31
289,73,31
305,2,31
318,153,31
2,15,32
6,20,32
15,2,32
15,324,32
26,222,32
30,244,32
102,259,32
131,315,32
147,162,32
149,251,32
163,183,32
165,275,32
171,194,32
177,287,32
180,267,32
183,163,32
183,277,32
212,278,32
219,325,32
222,26,32
236,269,32
244,30,32
251,149,32
259,102,32
265,313,32
267,180,32
269,236,32
275,165,32
277,183,32
277,295,32
278,212,32
278,286,32
313,265,32
325,219,32
2,324,33
41,224,33
62,78,33
65,179,33
65,251,33
78,62,33
81,188,33
102,231,33
116,320,33
121,195,33
135,214,33
138,224,33
169,287,33
172,229,33
172,240,33
179,65,33
183,295,33
184,280,33
188,81,33
191,203,33
203,191,33
212,286,33
224,41,33
224,138,33
229,172,33
229,240,33
240,172,33
240,229,33
251,65,33
251,149,33
278,212,33
280,184,33
286,212,33
287,169,33
295,183,33
313,319,33
319,313,33
320,116,33
324,2,33
324,15,33
2,15,34
3,77,34
15,2,34
15,324,34
20,254,34
28,108,34
35,275,34
41,138,34
75,321,34
77,3,34
78,57,34
78,62,34
79,161,34
84,298,34
106,264,34
108,28,34
132,261,34
138,41,34
161,79,34
163,277,34
177,322,34
180,307,34
183,163,34
183,277,34
185,314,34
198,226,34
220,234,34
226,198,34
231,324,34
234,220,34
251,65,34
254,20,34
261,132,34
264,106,34
275,35,34
277,163,34
277,183,34
298,84,34
298,285,34
307,180,34
314,185,34
319,164,34
319,313,34
321,75,34
322,177,34
324,231,34
2,305,35
15,231,35
15,324,35
20,215,35
20,254,35
65,239,35
65,251,35
68,296,35
80,293,35
100,320,35
116,100,35
116,320,35
134,236,35
137,291,35
161,53,35
163,183,35
183,163,35
212,278,35
212,286,35
215,20,35
231,15,35
231,324,35
236,134,35
239,65,35
239,251,35
251,239,35
265,319,35
278,286,35
286,278,35
291,137,35
293,80,35
296,68,35
319,164,35
319,265,35
320,100,35
320,116,35
322,23,35
324,15,35
324,231,35
6,38,36
17,320,36
20,215,36
20,222,36
25,179,36
38,6,36
41,56,36
49,280,36
56,41,36
65,239,36
78,57,36
96,302,36
100,116,36
116,100,36
120,237,36
131,76,36
164,313,36
169,33,36
179,25,36
184,49,36
184,280,36
208,151,36
222,20,36
222,254,36
237,120,36
239,65,36
254,222,36
265,313,36
280,49,36
280,184,36
286,212,36
302,96,36
313,164,36
313,265,36
320,17,36
1,283,37
6,215,37
10,247,37
10,306,37
11,262,37
15,231,37
20,215,37
21,172,37
23,177,37
49,184,37
49,280,37
53,79,37
70,177,37
79,53,37
86,325,37
93,141,37
107,146,37
141,93,37
146,107,37
164,265,37
164,313,37
172,21,37
177,23,37
177,70,37
179,239,37
184,49,37
184,280,37
212,278,37
212,286,37
215,6,37
215,20,37
230,252,37
231,15,37
231,324,37
239,179,37
247,10,37
252,230,37
262,11,37
265,164,37
265,313,37
278,212,37
280,49,37
280,184,37
283,1,37
293,243,37
306,10,37
313,164,37
313,265,37
325,86,37
10,247,38
15,223,38
20,222,38
24,72,38
24,214,38
44,109,38
44,205,38
49,184,38
49,280,38
60,183,38
69,167,38
72,24,38
72,214,38
84,285,38
85,197,38
85,209,38
87,278,38
89,188,38
109,44,38
111,166,38
113,263,38
115,127,38
127,115,38
131,315,38
163,277,38
166,111,38
167,69,38
177,23,38
183,60,38
184,49,38
184,280,38
188,89,38
197,85,38
197,209,38
209,197,38
212,278,38
214,24,38
214,72,38
222,20,38
223,15,38
251,149,38
259,309,38
262,317,38
263,113,38
277,163,38
278,87,38
278,212,38
280,49,38
280,184,38
285,84,38
309,259,38
313,319,38
317,262,38
319,313,38
321,175,38
6,20,39
6,215,39
7,157,39
9,164,39
20,6,39
20,215,39
23,322,39
49,184,39
79,243,39
85,197,39
87,212,39
93,88,39
102,259,39
116,320,39
154,275,39
157,7,39
164,9,39
172,240,39
174,274,39
180,267,39
184,49,39
186,230,39
188,81,39
197,85,39
197,209,39
201,261,39
212,87,39
214,24,39
214,72,39
215,6,39
215,20,39
230,186,39
240,172,39
243,79,39
259,102,39
261,201,39
274,174,39
275,154,39
302,160,39
313,265,39
320,116,39
11,317,40
15,231,40
19,117,40
20,222,40
24,72,40
24,214,40
25,65,40
37,122,40
44,109,40
65,25,40
72,24,40
72,214,40
85,209,40
88,141,40
117,19,40
122,37,40
132,142,40
141,88,40
142,132,40
170,282,40
176,327,40
183,295,40
194,265,40
209,85,40
214,24,40
214,72,40
231,15,40
259,309,40
265,194,40
282,170,40
313,319,40
317,11,40
317,262,40
327,176,40
3,221,41
11,262,41
11,317,41
24,72,41
70,162,41
72,24,41
76,315,41
96,134,41
125,324,41
128,316,41
130,222,41
134,96,41
150,284,41
162,70,41
164,313,41
221,3,41
222,26,41
222,130,41
240,229,41
262,11,41
262,317,41
284,150,41
313,164,41
315,76,41
316,128,41
317,11,41
317,262,41
324,125,41
2,15,42
15,2,42
15,231,42
20,130,42
24,214,42
33,287,42
33,322,42
73,133,42
81,89,42
81,188,42
89,81,42
89,188,42
104,108,42
108,104,42
130,20,42
130,222,42
132,201,42
133,73,42
169,287,42
188,89,42
201,132,42
214,24,42
244,246,42
246,244,42
275,35,42
287,33,42
287,169,42
322,33,42
11,262,43
11,317,43
15,2,43
32,139,43
53,161,43
85,105,43
105,85,43
127,327,43
139,32,43
144,323,43
148,297,43
149,179,43
154,165,43
165,154,43
179,149,43
188,81,43
188,89,43
205,212,43
205,286,43
207,199,43
212,205,43
222,26,43
222,130,43
262,11,43
286,205,43
297,148,43
315,131,43
317,11,43
323,144,43
325,219,43
327,127,43
2,324,44
5,291,44
6,254,44
11,262,44
21,240,44
24,135,44
24,214,44
38,215,44
135,24,44
140,157,44
152,199,44
157,140,44
172,229,44
186,252,44
199,152,44
215,38,44
222,26,44
229,172,44
231,324,44
236,269,44
240,21,44
252,186,44
254,6,44
262,317,44
278,286,44
286,278,44
291,5,44
317,262,44
324,2,44
324,231,44
325,86,44
9,313,45
15,231,45
29,204,45
43,250,45
52,111,45
65,223,45
68,178,45
70,177,45
86,289,45
86,325,45
93,141,45
101,202,45
111,52,45
120,292,45
127,176,45
132,261,45
141,93,45
165,275,45
176,127,45
177,70,45
178,68,45
201,261,45
202,101,45
204,29,45
205,278,45
205,286,45
223,65,45
231,15,45
250,43,45
261,132,45
261,201,45
262,11,45
262,317,45
275,165,45
278,205,45
286,205,45
289,86,45
292,120,45
305,324,45
313,9,45
324,305,45
2,231,46
13,48,46
15,305,46
15,324,46
21,229,46
35,192,46
41,138,46
48,13,46
55,249,46
63,103,46
77,95,46
95,77,46
103,63,46
144,190,46
176,327,46
190,144,46
192,35,46
199,207,46
229,21,46
231,2,46
231,15,46
239,251,46
249,55,46
250,252,46
251,239,46
252,250,46
261,132,46
261,201,46
305,15,46
305,324,46
324,15,46
324,305,46
327,176,46
15,231,47
21,240,47
27,256,47
40,290,47
52,100,47
58,102,47
62,227,47
69,161,47
81,169,47
100,52,47
102,58,47
107,258,47
141,88,47
161,69,47
169,81,47
202,136,47
227,62,47
256,27,47
258,107,47
261,132,47
278,286,47
286,278,47
290,40,47
2,223,48
2,231,48
11,317,48
15,305,48
22,314,48
24,72,48
35,275,48
46,279,48
69,217,48
81,89,48
89,81,48
89,140,48
109,205,48
134,302,48
140,89,48
155,290,48
162,177,48
163,295,48
177,162,48
196,206,48
205,109,48
205,286,48
206,196,48
217,69,48
223,2,48
231,2,48
275,35,48
279,46,48
279,71,48
286,205,48
286,278,48
290,155,48
295,163,48
302,134,48
305,15,48
314,22,48
317,11,48
317,262,48
2,223,49
8,263,49
15,231,49
15,305,49
25,110,49
44,286,49
48,128,49
64,261,49
72,214,49
73,219,49
106,287,49
109,44,49
110,25,49
115,327,49
116,166,49
128,48,49
136,225,49
166,116,49
167,217,49
198,214,49
214,72,49
214,198,49
217,167,49
219,73,49
225,136,49
229,240,49
231,15,49
240,229,49
261,64,49
263,8,49
286,44,49
286,278,49
287,106,49
324,125,49
327,115,49
11,296,50
29,255,50
30,112,50
35,192,50
44,109,50
44,286,50
48,13,50
48,128,50
57,255,50
69,172,50
98,115,50
109,286,50
112,30,50
115,98,50
118,277,50
125,305,50
156,175,50
161,53,50
165,154,50
172,69,50
175,156,50
192,275,50
210,238,50
214,72,50
238,210,50
240,21,50
246,294,50
255,57,50
275,192,50
277,118,50
286,44,50
286,109,50
294,246,50
296,11,50
305,125,50
327,176,50
11,262,51
11,296,51
13,128,51
29,57,51
36,236,51
36,269,51
39,85,51
48,13,51
48,128,51
57,29,51
57,255,51
69,229,51
69,240,51
78,241,51
85,39,51
96,132,51
103,189,51
128,13,51
128,48,51
132,96,51
135,271,51
141,196,51
141,206,51
153,184,51
157,322,51
184,153,51
189,103,51
193,294,51
196,141,51
196,206,51
206,141,51
206,196,51
229,69,51
236,36,51
240,69,51
241,78,51
248,159,51
256,306,51
262,11,51
262,296,51
269,36,51
294,193,51
294,246,51
296,262,51
306,256,51
322,157,51
2,259,52
11,262,52
11,296,52
21,69,52
21,172,52
21,240,52
27,306,52
34,42,52
35,275,52
42,34,52
56,87,52
57,29,52
64,282,52
65,231,52
69,21,52
69,229,52
69,240,52
87,56,52
88,93,52
93,88,52
108,114,52
114,108,52
116,320,52
128,13,52
141,196,52
172,21,52
172,240,52
192,35,52
196,141,52
196,206,52
223,65,52
223,231,52
229,240,52
231,65,52
231,223,52
234,244,52
240,21,52
240,69,52
240,172,52
240,229,52
244,234,52
259,2,52
262,11,52
275,35,52
282,64,52
294,193,52
296,11,52
306,27,52
306,256,52
6,26,53
6,222,53
11,262,53
11,296,53
15,125,53
15,305,53
21,172,53
21,240,53
26,6,53
26,222,53
28,104,53
35,192,53
44,109,53
65,223,53
66,260,53
69,229,53
70,287,53
72,198,53
80,104,53
104,28,53
104,80,53
107,230,53
107,258,53
109,44,53
115,327,53
125,15,53
125,305,53
138,224,53
141,206,53
167,229,53
172,21,53
177,70,53
192,275,53
196,141,53
196,206,53
198,72,53
206,141,53
206,196,53
222,6,53
222,26,53
223,65,53
229,69,53
229,167,53
230,107,53
230,258,53
240,21,53
258,230,53
260,66,53
261,201,53
275,192,53
286,205,53
287,70,53
287,106,53
294,246,53
305,15,53
305,125,53
327,115,53
5,137,54
70,177,54
81,140,54
81,169,54
86,308,54
88,94,54
94,88,54
107,230,54
107,258,54
109,272,54
120,237,54
120,292,54
126,151,54
129,265,54
134,269,54
136,202,54
137,5,54
140,81,54
140,169,54
141,196,54
141,206,54
151,126,54
166,320,54
169,140,54
196,141,54
206,141,54
212,278,54
230,107,54
230,258,54
258,107,54
258,230,54
265,129,54
269,134,54
272,109,54
278,212,54
308,86,54
320,166,54
21,172,55
29,62,55
35,165,55
50,181,55
62,29,55
64,96,55
96,64,55
96,132,55
120,237,55
120,292,55
142,254,55
161,167,55
162,294,55
165,35,55
167,161,55
180,272,55
181,50,55
236,269,55
250,303,55
254,142,55
262,296,55
269,236,55
272,180,55
294,162,55
296,262,55
303,250,55
305,15,55
7,322,56
10,306,56
14,150,56
44,205,56
44,286,56
48,316,56
69,240,56
96,64,56
99,163,56
106,147,56
113,266,56
147,106,56
150,14,56
163,99,56
168,316,56
185,210,56
185,220,56
193,246,56
205,44,56
208,249,56
210,185,56
220,185,56
223,231,56
237,292,56
240,69,56
246,193,56
249,208,56
250,299,56
250,303,56
266,113,56
272,109,56
286,44,56
290,40,56
292,237,56
299,250,56
306,10,56
316,48,56
316,168,56
322,7,56
63,189,57
65,231,57
104,28,57
109,180,57
134,236,57
134,269,57
161,229,57
180,109,57
189,63,57
209,260,57
223,65,57
223,231,57
228,97,57
229,161,57
231,65,57
231,223,57
236,134,57
236,269,57
260,209,57
269,134,57
269,236,57
296,11,57
302,160,57
306,256,57
309,324,57
324,309,57
2,25,58
22,112,58
25,2,58
40,155,58
44,180,58
45,183,58
48,168,58
66,209,58
69,167,58
74,289,58
88,196,58
99,312,58
100,166,58
104,80,58
107,252,58
109,272,58
112,22,58
138,200,58
138,212,58
146,258,58
155,40,58
166,100,58
167,69,58
168,48,58
174,216,58
180,44,58
183,45,58
196,88,58
199,300,58
200,138,58
200,212,58
209,66,58
209,260,58
212,138,58
212,200,58
216,174,58
231,65,58
231,223,58
252,107,58
258,146,58
258,230,58
265,194,58
289,74,58
300,199,58
312,99,58
4,213,59
9,18,59
12,179,59
18,9,59
19,71,59
25,110,59
47,79,59
51,131,59
56,82,59
62,274,59
65,239,59
67,247,59
69,161,59
70,287,59
71,19,59
75,156,59
79,47,59
82,56,59
105,317,59
121,284,59
123,283,59
129,171,59
131,51,59
155,290,59
156,75,59
161,69,59
161,229,59
163,295,59
171,129,59
179,12,59
182,291,59
186,303,59
213,4,59
239,65,59
247,67,59
274,62,59
283,123,59
284,121,59
287,70,59
290,155,59
291,182,59
303,186,59
303,250,59
305,125,59
306,10,59
306,256,59
317,105,59
5,291,60
6,254,60
7,157,60
7,322,60
21,240,60
23,287,60
27,256,60
37,202,60
42,215,60
44,272,60
50,55,60
55,50,60
98,327,60
129,265,60
157,7,60
157,322,60
161,69,60
199,207,60
202,37,60
202,136,60
209,66,60
215,42,60
240,21,60
254,6,60
256,27,60
265,129,60
272,44,60
287,23,60
291,5,60
291,182,60
303,186,60
306,10,60
322,157,60
327,98,60
32,120,61
41,95,61
42,34,61
60,295,61
72,214,61
76,131,61
95,41,61
107,230,61
108,293,61
117,279,61
120,32,61
131,76,61
136,323,61
142,261,61
166,320,61
180,272,61
186,250,61
186,299,61
186,303,61
188,264,61
200,224,61
224,200,61
230,107,61
250,186,61
250,299,61
261,142,61
264,188,61
267,286,61
272,180,61
279,117,61
286,267,61
289,325,61
293,108,61
295,60,61
299,186,61
299,250,61
299,303,61
303,299,61
323,136,61
325,289,61
1,17,62
11,111,62
11,296,62
17,1,62
24,184,62
33,81,62
45,163,62
81,33,62
107,252,62
111,11,62
133,253,62
150,284,62
163,45,62
163,312,62
166,100,62
184,24,62
186,250,62
199,300,62
222,254,62
223,251,62
227,255,62
230,252,62
250,186,62
250,303,62
251,223,62
252,230,62
253,133,62
254,222,62
255,227,62
272,109,62
281,300,62
284,150,62
300,281,62
303,250,62
312,163,62
3,224,63
11,262,63
23,177,63
35,275,63
36,206,63
44,180,63
60,283,63
65,231,63
72,198,63
88,94,63
88,196,63
96,282,63
108,114,63
111,296,63
138,200,63
140,188,63
177,23,63
180,44,63
186,299,63
186,303,63
188,140,63
199,207,63
200,138,63
200,212,63
206,36,63
224,3,63
231,65,63
262,11,63
275,35,63
282,96,63
283,60,63
283,123,63
291,5,63
296,111,63
299,186,63
303,186,63
303,250,63
6,222,64
8,271,64
10,27,64
10,256,64
13,40,64
13,155,64
23,287,64
27,10,64
27,256,64
28,80,64
37,122,64
40,13,64
59,106,64
64,201,64
75,175,64
80,28,64
87,278,64
88,118,64
88,196,64
106,59,64
118,88,64
139,164,64
149,171,64
154,275,64
155,13,64
164,139,64
169,188,64
171,149,64
175,75,64
188,169,64
200,138,64
201,64,64
211,226,64
222,6,64
222,254,64
226,211,64
230,258,64
256,10,64
256,27,64
262,296,64
271,8,64
275,154,64
278,87,64
296,262,64
299,303,64
303,299,64
308,92,64
322,7,64
11,111,65
40,128,65
40,290,65
57,152,65
59,147,65
75,156,65
111,11,65
128,40,65
140,169,65
140,188,65
147,59,65
152,57,65
161,53,65
161,69,65
162,235,65
164,270,65
166,320,65
168,316,65
169,140,65
169,188,65
186,299,65
186,303,65
188,140,65
188,169,65
189,103,65
206,141,65
208,124,65
212,311,65
235,162,65
270,164,65
290,40,65
299,186,65
299,303,65
303,186,65
303,299,65
311,212,65
7,197,66
10,306,66
21,53,66
34,215,66
42,261,66
53,21,66
87,138,66
100,52,66
102,309,66
131,51,66
138,87,66
140,169,66
140,188,66
160,236,66
169,140,66
169,188,66
186,299,66
188,140,66
188,169,66
197,7,66
210,226,66
215,34,66
226,210,66
233,238,66
236,160,66
238,233,66
261,42,66
271,135,66
299,186,66
299,303,66
309,102,66
53,69,67
58,309,67
69,53,67
72,214,67
103,326,67
106,147,67
110,259,67
140,169,67
145,305,67
147,106,67
169,140,67
199,273,67
205,286,67
250,299,67
259,110,67
271,8,67
271,135,67
273,199,67
275,35,67
286,205,67
286,267,67
299,186,67
299,250,67
305,145,67
309,58,67
326,103,67
24,49,68
33,70,68
49,24,68
63,326,68
70,33,68
73,116,68
103,189,68
116,73,68
140,188,68
164,218,68
188,140,68
198,214,68
207,273,68
214,198,68
217,288,68
218,164,68
245,246,68
246,245,68
273,207,68
288,217,68
299,186,68
326,63,68
3,200,69
16,192,69
25,239,69
50,181,69
65,251,69
80,104,69
125,145,69
132,160,69
136,202,69
140,169,69
145,125,69
160,132,69
160,236,69
161,167,69
161,229,69
167,161,69
192,16,69
200,3,69
205,278,69
239,25,69
251,65,69
269,134,69
271,8,69
278,205,69
283,60,69
7,157,70
10,27,70
13,48,70
27,10,70
28,293,70
48,13,70
56,212,70
64,132,70
78,274,70
82,224,70
132,64,70
132,160,70
143,174,70
157,7,70
160,132,70
161,167,70
174,143,70
200,224,70
212,56,70
222,130,70
224,82,70
224,200,70
265,194,70
274,78,70
293,28,70
3,224,71
15,223,71
21,28,71
23,177,71
28,21,71
56,311,71
63,74,71
65,231,71
74,63,71
81,188,71
92,133,71
93,192,71
125,305,71
133,92,71
156,321,71
172,229,71
188,81,71
192,93,71
199,281,71
223,15,71
224,3,71
224,200,71
229,172,71
281,199,71
299,250,71
305,125,71
311,56,71
321,156,71
4,315,72
5,182,72
26,130,72
43,303,72
45,295,72
55,181,72
83,191,72
84,298,72
125,145,72
125,305,72
130,26,72
143,216,72
145,305,72
163,283,72
181,55,72
182,5,72
191,83,72
201,282,72
216,143,72
224,3,72
224,200,72
282,201,72
283,163,72
295,45,72
298,84,72
299,186,72
303,43,72
305,145,72
315,4,72
1,253,73
7,197,73
22,244,73
43,299,73
86,219,73
92,270,73
94,196,73
140,89,73
157,197,73
159,169,73
167,229,73
169,159,73
184,318,73
186,252,73
186,299,73
196,94,73
197,157,73
219,86,73
224,3,73
229,167,73
235,294,73
244,22,73
252,186,73
253,1,73
264,266,73
266,264,73
270,92,73
294,235,73
299,43,73
299,186,73
305,125,73
305,145,73
318,184,73
7,157,74
7,197,74
9,46,74
18,164,74
24,280,74
27,256,74
38,159,74
38,169,74
43,303,74
46,9,74
47,309,74
49,263,74
60,163,74
63,326,74
109,211,74
157,7,74
159,38,74
159,169,74
163,60,74
164,18,74
169,38,74
169,159,74
171,259,74
197,7,74
211,109,74
259,171,74
263,49,74
280,24,74
299,43,74
305,125,74
308,325,74
309,47,74
325,308,74
7,157,75
7,197,75
13,121,75
24,263,75
24,280,75
27,10,75
31,288,75
86,133,75
90,97,75
94,141,75
97,90,75
121,13,75
133,86,75
141,94,75
156,75,75
169,38,75
171,149,75
186,252,75
196,206,75
206,196,75
212,238,75
214,72,75
229,172,75
238,212,75
263,24,75
288,31,75
1,116,76
1,253,76
7,157,76
7,197,76
13,48,76
13,121,76
21,83,76
24,49,76
24,263,76
36,269,76
48,121,76
49,24,76
52,296,76
63,74,76
70,287,76
83,21,76
83,191,76
96,160,76
100,154,76
100,296,76
116,1,76
121,48,76
130,222,76
154,100,76
154,296,76
157,197,76
160,96,76
160,132,76
161,293,76
180,205,76
196,88,76
197,157,76
205,180,76
223,324,76
228,276,76
229,167,76
229,172,76
232,273,76
269,36,76
269,134,76
273,232,76
287,70,76
293,161,76
296,52,76
296,100,76
296,154,76
324,223,76
1,116,77
1,253,77
45,163,77
65,239,77
75,321,77
111,262,77
118,277,77
121,13,77
121,48,77
163,45,77
177,235,77
186,299,77
196,206,77
197,7,77
197,157,77
200,311,77
207,232,77
229,167,77
232,207,77
232,273,77
235,177,77
239,65,77
252,299,77
262,111,77
263,280,77
280,263,77
282,170,77
296,52,77
296,154,77
299,186,77
299,252,77
311,200,77
321,75,77
23,294,78
31,217,78
68,142,78
87,95,78
95,87,78
97,228,78
107,146,78
121,13,78
128,131,78
131,128,78
142,68,78
146,107,78
147,59,78
157,322,78
190,321,78
197,7,78
207,273,78
211,272,78
212,233,78
213,61,78
217,31,78
223,15,78
228,97,78
232,207,78
233,212,78
244,234,78
269,36,78
269,134,78
272,211,78
273,207,78
294,23,78
296,52,78
321,190,78
322,157,78
3,311,79
7,157,79
7,197,79
24,49,79
36,134,79
56,138,79
71,117,79
86,92,79
92,86,79
117,71,79
129,319,79
134,36,79
138,56,79
139,319,79
143,174,79
149,259,79
157,7,79
157,197,79
157,322,79
196,88,79
197,157,79
223,324,79
259,149,79
311,3,79
319,129,79
319,139,79
1,116,80
7,157,80
15,145,80
17,165,80
23,135,80
36,269,80
38,159,80
94,206,80
102,324,80
135,23,80
145,15,80
157,7,80
159,38,80
165,17,80
171,179,80
179,171,80
181,50,80
206,94,80
207,232,80
269,36,80
324,102,80
8,246,81
19,117,81
62,204,81
70,235,81
73,320,81
117,19,81
126,208,81
159,169,81
169,159,81
197,322,81
204,62,81
207,273,81
208,126,81
222,6,81
235,70,81
246,8,81
320,73,81
322,197,81
1,73,82
4,10,82
10,4,82
13,48,82
13,121,82
14,54,82
24,263,82
48,13,82
52,100,82
73,1,82
79,191,82
95,224,82
97,276,82
100,52,82
100,166,82
116,253,82
143,279,82
163,312,82
166,100,82
173,241,82
191,79,82
200,212,82
209,289,82
212,200,82
220,291,82
224,95,82
230,252,82
241,173,82
252,230,82
253,116,82
263,24,82
276,97,82
279,143,82
289,209,82
291,220,82
302,327,82
304,321,82
321,304,82
324,223,82
327,302,82
12,237,83
15,251,83
24,49,83
27,306,83
52,166,83
78,174,83
118,196,83
141,206,83
166,52,83
166,100,83
174,78,83
191,83,83
196,118,83
200,233,83
206,141,83
233,200,83
237,12,83
244,22,83
251,15,83
252,299,83
306,27,83
59,81,84
81,59,84
94,196,84
149,171,84
166,52,84
171,149,84
196,94,84
199,232,84
200,212,84
200,311,84
212,311,84
231,251,84
232,199,84
251,231,84
252,258,84
258,252,84
258,299,84
299,258,84
311,200,84
311,212,84
321,190,84
324,102,84
327,98,84
6,26,85
13,48,85
15,145,85
22,162,85
26,6,85
32,270,85
70,287,85
73,320,85
81,188,85
83,203,85
88,277,85
100,296,85
146,266,85
149,237,85
160,96,85
162,22,85
187,288,85
203,83,85
211,109,85
233,311,85
237,149,85
252,230,85
266,146,85
270,32,85
277,88,85
288,187,85
296,100,85
311,233,85
324,223,85
66,294,86
68,222,86
73,296,86
76,227,86
94,206,86
100,166,86
102,223,86
102,324,86
112,234,86
115,124,86
124,115,86
166,100,86
173,274,86
186,230,86
200,212,86
200,311,86
206,94,86
212,200,86
222,68,86
223,102,86
223,324,86
227,76,86
230,186,86
234,112,86
274,173,86
289,325,86
294,66,86
296,73,86
311,200,86
311,233,86
324,102,86
324,223,86
325,289,86
52,100,87
52,166,87
64,160,87
100,52,87
100,166,87
102,223,87
102,324,87
109,286,87
127,208,87
151,158,87
158,151,87
160,64,87
160,201,87
166,52,87
166,100,87
174,279,87
201,160,87
201,282,87
202,225,87
205,278,87
208,127,87
223,102,87
223,324,87
225,202,87
232,273,87
273,232,87
279,174,87
282,201,87
286,109,87
289,308,87
289,325,87
301,316,87
308,289,87
316,301,87
324,102,87
324,223,87
4,306,88
15,102,88
15,145,88
17,275,88
33,197,88
36,134,88
36,269,88
38,169,88
42,68,88
49,263,88
52,100,88
52,296,88
68,42,88
73,320,88
94,196,88
94,206,88
100,52,88
100,166,88
102,15,88
102,223,88
103,112,88
112,103,88
119,136,88
134,269,88
136,119,88
141,192,88
143,174,88
143,279,88
159,248,88
160,64,88
165,275,88
169,38,88
174,143,88
176,208,88
192,141,88
196,206,88
197,33,88
200,212,88
206,196,88
208,176,88
223,102,88
223,324,88
237,12,88
263,49,88
269,134,88
275,17,88
275,165,88
279,143,88
289,308,88
296,52,88
306,4,88
52,100,89
53,167,89
100,52,89
113,146,89
116,165,89
124,181,89
146,113,89
162,245,89
165,116,89
165,275,89
167,53,89
181,124,89
198,263,89
206,94,89
206,196,89
211,286,89
245,162,89
263,198,89
286,211,89
296,320,89
320,296,89
15,25,90
17,165,90
25,15,90
25,231,90
26,68,90
30,244,90
45,60,90
49,24,90
49,198,90
49,263,90
52,296,90
60,45,90
68,26,90
73,296,90
73,320,90
75,190,90
87,224,90
95,41,90
95,87,90
102,324,90
105,178,90
107,280,90
109,211,90
116,275,90
120,270,90
132,236,90
145,223,90
156,175,90
160,96,90
165,17,90
165,275,90
171,179,90
175,156,90
178,105,90
183,249,90
190,75,90
192,16,90
198,49,90
198,263,90
211,109,90
218,270,90
223,145,90
224,87,90
231,25,90
235,177,90
236,132,90
244,30,90
249,183,90
263,49,90
263,198,90
269,36,90
270,120,90
270,218,90
275,116,90
275,165,90
280,107,90
296,52,90
296,73,90
320,73,90
324,102,90
4,27,91
10,256,91
11,154,91
15,223,91
17,275,91
24,198,91
27,4,91
36,134,91
37,119,91
40,121,91
48,284,91
49,24,91
49,198,91
52,100,91
68,42,91
73,296,91
79,203,91
87,95,91
87,224,91
95,41,91
95,87,91
95,224,91
111,166,91
112,234,91
119,37,91
121,40,91
134,36,91
154,11,91
166,111,91
191,79,91
198,24,91
198,49,91
200,311,91
203,79,91
223,15,91
224,95,91
237,149,91
256,10,91
275,17,91
284,48,91
296,320,91
311,200,91
320,296,91
321,323,91
323,321,91
12,179,92
28,167,92
64,96,92
79,191,92
79,203,92
91,295,92
95,41,92
96,64,92
120,218,92
143,174,92
150,328,92
167,28,92
169,248,92
179,12,92
180,44,92
216,274,92
218,120,92
218,270,92
224,87,92
248,169,92
252,299,92
274,216,92
275,165,92
295,91,92
296,73,92
296,320,92
299,252,92
6,68,93
15,324,93
25,223,93
28,47,93
41,87,93
43,258,93
43,303,93
44,272,93
47,28,93
52,111,93
56,291,93
68,6,93
75,156,93
79,191,93
87,41,93
87,224,93
108,161,93
111,52,93
122,243,93
156,75,93
160,201,93
161,108,93
167,53,93
198,24,93
200,212,93
201,160,93
223,25,93
243,122,93
258,43,93
272,44,93
291,56,93
296,73,93
311,233,93
324,15,93
4,306,94
25,231,94
26,34,94
34,26,94
37,136,94
44,180,94
59,146,94
77,221,94
83,21,94
103,314,94
130,197,94
134,269,94
136,37,94
138,267,94
146,59,94
160,282,94
179,171,94
180,272,94
197,130,94
199,281,94
201,282,94
211,286,94
221,77,94
230,299,94
243,305,94
267,138,94
269,134,94
272,180,94
282,160,94
282,201,94
299,230,94
305,243,94
314,103,94
2,129,95
6,26,95
17,35,95
24,49,95
26,6,95
28,167,95
28,293,95
31,240,95
35,17,95
44,272,95
47,293,95
49,24,95
59,147,95
108,229,95
113,264,95
124,115,95
129,2,95
137,148,95
146,264,95
148,137,95
159,169,95
160,201,95
160,282,95
167,28,95
169,38,95
169,159,95
197,33,95
201,160,95
201,282,95
209,308,95
229,108,95
240,31,95
258,303,95
264,113,95
264,146,95
272,44,95
282,160,95
282,201,95
293,28,95
293,47,95
303,258,95
308,209,95
4,10,96
10,4,96
24,198,96
25,251,96
26,68,96
28,47,96
28,293,96
35,116,96
44,180,96
47,28,96
47,167,96
58,145,96
68,26,96
68,42,96
96,160,96
108,161,96
108,229,96
113,146,96
113,264,96
116,35,96
139,237,96
145,58,96
146,113,96
154,262,96
156,190,96
160,96,96
161,229,96
167,47,96
179,12,96
180,44,96
189,260,96
190,156,96
218,120,96
229,161,96
237,139,96
251,25,96
260,189,96
262,154,96
264,113,96
281,297,96
293,28,96
297,281,96
303,43,96
4,27,97
6,42,97
6,68,97
12,171,97
12,179,97
24,49,97
24,198,97
35,17,97
35,116,97
36,64,97
42,6,97
44,272,97
46,313,97
47,293,97
49,198,97
52,100,97
64,36,97
68,6,97
68,26,97
74,325,97
76,316,97
86,133,97
91,163,97
101,242,97
114,229,97
127,176,97
148,297,97
159,248,97
163,91,97
171,12,97
176,127,97
180,272,97
197,130,97
198,49,97
223,231,97
229,114,97
231,223,97
236,302,97
242,101,97
248,159,97
253,292,97
272,180,97
292,253,97
293,47,97
297,148,97
302,236,97
313,46,97
316,76,97
325,74,97
6,42,98
6,68,98
17,123,98
28,53,98
29,204,98
33,130,98
33,197,98
34,42,98
35,17,98
35,123,98
42,34,98
45,277,98
53,28,98
53,167,98
68,6,98
123,17,98
123,35,98
130,33,98
130,197,98
137,297,98
141,206,98
148,137,98
148,297,98
165,283,98
167,53,98
171,179,98
179,171,98
184,153,98
187,217,98
190,304,98
197,33,98
197,130,98
198,24,98
198,49,98
200,311,98
204,29,98
206,141,98
217,187,98
277,45,98
281,199,98
283,165,98
297,137,98
297,148,98
304,190,98
311,200,98
325,326,98
326,325,98
6,26,99
6,42,99
25,239,99
25,251,99
26,6,99
28,47,99
28,53,99
28,293,99
33,130,99
35,116,99
35,123,99
42,6,99
47,28,99
47,53,99
53,28,99
53,47,99
59,81,99
65,259,99
81,59,99
116,123,99
123,116,99
130,33,99
148,281,99
163,295,99
183,312,99
190,156,99
198,24,99
239,25,99
239,251,99
251,239,99
259,65,99
281,148,99
293,28,99
295,163,99
297,137,99
312,183,99
6,26,100
6,42,100
17,35,100
25,239,100
25,251,100
28,53,100
33,197,100
35,17,100
35,123,100
37,243,100
47,293,100
48,195,100
53,28,100
53,47,100
123,35,100
160,282,100
163,91,100
165,228,100
190,304,100
195,48,100
196,118,100
197,33,100
200,212,100
200,233,100
209,326,100
228,165,100
233,200,100
236,132,100
236,302,100
239,25,100
243,37,100
251,25,100
282,160,100
293,47,100
326,209,100
326,325,100
