6,248,1
8,174,1
9,261,1
13,257,1
15,79,1
15,243,1
25,268,1
35,48,1
41,142,1
46,104,1
48,35,1
51,114,1
70,273,1
79,15,1
79,243,1
88,159,1
91,258,1
104,46,1
107,122,1
114,51,1
114,166,1
121,138,1
122,107,1
123,152,1
126,150,1
131,260,1
138,121,1
141,199,1
142,41,1
150,126,1
152,123,1
159,88,1
160,247,1
166,114,1
168,231,1
170,201,1
174,8,1
175,275,1
182,196,1
196,182,1
199,141,1
201,170,1
202,251,1
216,272,1
220,274,1
222,270,1
231,168,1
243,15,1
243,79,1
247,160,1
248,6,1
251,202,1
257,13,1
258,91,1
260,131,1
261,9,1
268,25,1
270,222,1
272,216,1
273,70,1
274,220,1
275,175,1
2,129,2
49,219,2
54,238,2
56,200,2
61,124,2
66,72,2
72,66,2
76,139,2
86,212,2
90,219,2
91,245,2
112,177,2
120,210,2
124,61,2
129,2,2
139,76,2
162,231,2
166,178,2
166,189,2
177,112,2
178,166,2
189,166,2
200,56,2
210,120,2
212,86,2
219,49,2
219,90,2
231,162,2
238,54,2
243,15,2
243,79,2
245,91,2
7,181,3
20,81,3
24,220,3
54,68,3
68,54,3
73,170,3
74,152,3
81,20,3
92,253,3
93,112,3
98,106,3
106,98,3
112,93,3
112,177,3
152,74,3
160,165,3
165,160,3
166,178,3
166,189,3
170,73,3
176,263,3
178,189,3
181,7,3
183,226,3
189,178,3
195,269,3
209,256,3
220,24,3
226,183,3
243,15,3
253,92,3
256,209,3
263,176,3
269,195,3
5,265,4
16,237,4
17,45,4
18,126,4
22,143,4
23,25,4
25,23,4
40,55,4
45,17,4
53,129,4
55,40,4
60,254,4
82,205,4
101,239,4
116,229,4
126,18,4
129,53,4
134,268,4
143,22,4
162,168,4
162,231,4
163,193,4
166,178,4
168,162,4
168,231,4
171,228,4
178,166,4
178,189,4
180,216,4
193,163,4
199,254,4
205,82,4
216,180,4
218,264,4
219,49,4
219,90,4
228,171,4
229,116,4
231,168,4
237,16,4
239,101,4
254,60,4
254,199,4
264,218,4
265,5,4
268,134,4
26,161,5
29,252,5
32,216,5
75,131,5
82,169,5
82,205,5
131,75,5
152,123,5
157,184,5
161,26,5
162,168,5
162,231,5
168,162,5
168,231,5
169,82,5
169,205,5
184,157,5
205,169,5
211,272,5
216,32,5
220,274,5
230,237,5
231,162,5
231,168,5
237,230,5
252,29,5
272,211,5
9,90,6
33,195,6
54,65,6
59,198,6
65,54,6
82,169,6
90,9,6
90,219,6
151,257,6
162,168,6
168,162,6
169,82,6
169,205,6
180,272,6
195,33,6
198,59,6
249,266,6
257,151,6
266,249,6
272,180,6
17,144,7
24,274,7
32,211,7
35,229,7
48,229,7
52,74,7
54,68,7
55,133,7
68,238,7
73,125,7
74,52,7
118,235,7
123,264,7
125,73,7
133,55,7
144,17,7
149,201,7
162,231,7
169,82,7
186,190,7
190,186,7
201,149,7
211,32,7
229,35,7
229,48,7
231,162,7
235,118,7
238,68,7
264,123,7
274,24,7
16,230,8
33,269,8
35,48,8
35,229,8
48,35,8
54,65,8
54,68,8
65,238,8
68,54,8
78,145,8
91,221,8
122,191,8
123,152,8
126,150,8
145,78,8
156,212,8
162,168,8
178,166,8
188,238,8
191,122,8
195,269,8
199,141,8
212,156,8
216,251,8
221,91,8
229,35,8
230,16,8
238,65,8
238,188,8
251,216,8
269,33,8
269,195,8
274,220,8
8,39,9
9,219,9
10,96,9
23,268,9
39,8,9
49,103,9
51,105,9
54,65,9
54,68,9
65,54,9
80,256,9
93,128,9
96,10,9
103,49,9
105,51,9
128,93,9
149,170,9
165,247,9
170,149,9
196,204,9
204,196,9
219,9,9
224,248,9
247,165,9
248,224,9
256,80,9
256,209,9
264,218,9
268,23,9
14,60,10
14,254,10
24,220,10
24,274,10
26,36,10
33,195,10
36,26,10
42,79,10
44,113,10
60,14,10
60,199,10
60,254,10
79,42,10
105,115,10
113,44,10
115,105,10
134,144,10
144,134,10
168,231,10
195,33,10
195,269,10
199,60,10
211,272,10
220,24,10
220,274,10
231,168,10
254,14,10
254,60,10
272,211,10
274,24,10
274,220,10
14,60,11
17,134,11
17,144,11
18,236,11
24,220,11
24,274,11
26,104,11
36,104,11
54,65,11
60,14,11
60,199,11
60,254,11
86,156,11
90,204,11
92,96,11
96,92,11
104,26,11
104,36,11
114,189,11
134,17,11
134,144,11
135,167,11
144,17,11
144,134,11
156,86,11
156,276,11
159,212,11
167,135,11
172,242,11
189,114,11
204,90,11
212,159,11
220,24,11
236,18,11
242,172,11
274,24,11
276,156,11
6,15,12
6,42,12
6,79,12
15,6,12
15,79,12
21,28,12
24,220,12
27,177,12
28,21,12
42,6,12
42,79,12
63,86,12
73,229,12
79,6,12
79,15,12
79,42,12
86,63,12
90,196,12
90,204,12
104,26,12
144,17,12
150,153,12
153,150,12
177,27,12
196,90,12
229,73,12
6,15,13
6,42,13
11,50,13
12,147,13
14,199,13
15,6,13
15,42,13
15,79,13
19,171,13
42,6,13
42,15,13
43,50,13
46,117,13
50,11,13
50,43,13
53,150,13
60,14,13
73,125,13
79,15,13
117,46,13
147,12,13
150,53,13
152,264,13
156,212,13
164,174,13
171,19,13
174,164,13
174,217,13
199,14,13
212,156,13
217,174,13
264,152,13
2,162,14
9,204,14
14,60,14
15,42,14
24,274,14
25,45,14
27,112,14
27,177,14
45,25,14
50,11,14
53,153,14
54,68,14
60,254,14
65,68,14
68,65,14
104,161,14
110,247,14
112,27,14
112,177,14
125,229,14
126,236,14
153,53,14
158,163,14
161,104,14
162,2,14
163,158,14
177,112,14
204,9,14
229,125,14
236,126,14
247,110,14
26,161,15
39,208,15
40,133,15
42,6,15
73,149,15
86,276,15
106,183,15
114,178,15
125,73,15
133,40,15
145,222,15
149,73,15
151,269,15
161,26,15
178,114,15
183,106,15
208,39,15
215,261,15
222,145,15
223,263,15
261,215,15
263,223,15
269,151,15
276,86,15
8,164,16
34,259,16
48,116,16
49,213,16
104,36,16
116,48,16
125,229,16
152,218,16
164,8,16
165,160,16
212,159,16
213,49,16
218,152,16
259,34,16
1,257,17
6,76,17
10,92,17
13,58,17
14,199,17
26,46,17
27,112,17
32,216,17
46,26,17
50,43,17
58,13,17
60,255,17
73,125,17
76,6,17
92,10,17
112,27,17
125,73,17
155,264,17
162,168,17
168,162,17
216,32,17
255,60,17
257,1,17
264,155,17
6,42,18
42,15,18
54,65,18
60,65,18
65,54,18
65,60,18
79,243,18
82,112,18
102,206,18
109,240,18
112,82,18
134,201,18
136,185,18
152,123,18
160,253,18
168,231,18
185,136,18
201,134,18
206,102,18
240,109,18
243,79,18
253,160,18
259,261,18
261,259,18
8,217,19
18,153,19
54,60,19
54,65,19
60,54,19
60,65,19
65,54,19
65,60,19
77,173,19
115,163,19
133,55,19
152,218,19
153,18,19
158,270,19
160,165,19
160,253,19
163,115,19
164,217,19
165,253,19
173,77,19
217,8,19
217,164,19
253,165,19
270,158,19
2,129,20
37,119,20
54,60,20
60,54,20
60,65,20
77,126,20
77,173,20
119,37,20
126,77,20
126,173,20
126,236,20
129,2,20
133,40,20
133,55,20
144,201,20
145,270,20
173,126,20
201,144,20
217,8,20
217,164,20
253,160,20
270,145,20
14,255,21
18,150,21
18,153,21
35,232,21
44,157,21
74,210,21
77,126,21
126,77,21
132,228,21
133,40,21
150,18,21
157,44,21
204,90,21
210,74,21
213,259,21
217,8,21
228,132,21
232,35,21
255,14,21
259,213,21
10,47,22
46,104,22
46,117,22
47,10,22
47,92,22
56,91,22
77,236,22
91,56,22
92,47,22
104,46,22
104,117,22
106,226,22
112,27,22
117,104,22
152,264,22
154,174,22
165,247,22
174,154,22
196,182,22
226,106,22
236,77,22
247,165,22
264,152,22
14,198,23
14,255,23
54,65,23
60,54,23
60,65,23
65,54,23
65,60,23
116,125,23
117,46,23
117,104,23
125,116,23
133,146,23
146,133,23
152,218,23
175,178,23
178,175,23
198,14,23
213,49,23
213,259,23
217,164,23
247,253,23
253,247,23
264,155,23
2,237,24
8,154,24
8,217,24
10,92,24
14,198,24
14,255,24
32,202,24
34,261,24
36,46,24
46,36,24
54,60,24
54,65,24
60,54,24
65,54,24
71,209,24
78,158,24
92,10,24
100,200,24
122,186,24
125,229,24
137,246,24
142,242,24
152,123,24
152,264,24
154,8,24
158,78,24
186,122,24
200,100,24
201,134,24
202,32,24
205,267,24
209,71,24
213,49,24
213,259,24
217,8,24
237,2,24
242,142,24
246,137,24
261,34,24
264,152,24
267,205,24
8,154,25
18,150,25
19,31,25
31,19,25
31,171,25
45,134,25
47,64,25
49,259,25
52,210,25
55,146,25
60,188,25
64,47,25
67,245,25
82,267,25
123,155,25
128,235,25
134,45,25
146,55,25
146,133,25
152,218,25
155,123,25
171,31,25
188,60,25
194,226,25
198,255,25
210,52,25
226,194,25
235,128,25
245,67,25
251,272,25
255,198,25
259,49,25
259,213,25
267,82,25
267,205,25
272,251,25
11,172,26
11,242,26
14,198,26
14,255,26
17,45,26
31,19,26
45,17,26
45,134,26
54,60,26
60,54,26
70,138,26
75,260,26
76,79,26
76,248,26
79,76,26
80,120,26
97,222,26
120,80,26
138,70,26
172,11,26
183,220,26
198,14,26
198,255,26
213,261,26
217,164,26
220,183,26
222,97,26
242,11,26
248,76,26
248,224,26
255,14,26
255,198,26
259,49,26
259,213,26
259,261,26
260,75,26
261,213,26
261,259,26
6,15,27
10,85,27
15,6,27
26,117,27
36,104,27
42,243,27
45,201,27
55,133,27
63,156,27
66,81,27
71,256,27
74,152,27
76,79,27
79,248,27
80,210,27
81,66,27
82,169,27
82,267,27
85,10,27
104,36,27
106,220,27
106,226,27
117,26,27
124,251,27
133,55,27
137,206,27
152,74,27
156,63,27
172,242,27
173,236,27
183,194,27
186,190,27
194,183,27
194,226,27
201,45,27
206,137,27
210,80,27
218,264,27
220,106,27
220,226,27
226,106,27
226,194,27
226,220,27
236,173,27
242,172,27
243,42,27
248,79,27
251,124,27
255,14,27
256,71,27
259,49,27
264,218,27
267,82,27
10,92,28
17,144,28
54,188,28
63,159,28
82,169,28
85,92,28
92,85,28
106,220,28
118,128,28
128,118,28
132,171,28
138,273,28
144,17,28
154,174,28
159,63,28
168,162,28
169,267,28
171,132,28
177,205,28
188,54,28
199,254,28
205,177,28
220,106,28
254,199,28
267,169,28
273,138,28
6,191,29
8,164,29
14,198,29
14,255,29
15,191,29
16,140,29
45,134,29
45,201,29
46,161,29
63,156,29
71,209,29
92,96,29
125,116,29
125,229,29
140,16,29
161,46,29
164,8,29
169,205,29
191,6,29
191,15,29
198,14,29
202,216,29
205,169,29
205,267,29
216,202,29
226,194,29
261,34,29
267,205,29
5,215,30
6,15,30
10,96,30
14,198,30
14,255,30
15,6,30
26,36,30
36,26,30
36,104,30
36,117,30
45,134,30
45,201,30
49,213,30
63,159,30
66,241,30
70,273,30
79,224,30
79,248,30
92,85,30
92,96,30
96,10,30
96,92,30
101,259,30
117,36,30
125,116,30
156,159,30
159,156,30
205,169,30
213,49,30
215,5,30
224,79,30
241,66,30
259,101,30
273,70,30
11,50,31
14,198,31
36,104,31
42,76,31
50,11,31
52,264,31
57,91,31
76,42,31
79,224,31
79,248,31
86,190,31
91,57,31
94,138,31
96,10,31
96,92,31
97,270,31
122,107,31
123,218,31
125,229,31
129,237,31
138,94,31
159,63,31
159,156,31
169,267,31
176,242,31
184,260,31
190,86,31
207,241,31
209,256,31
218,123,31
237,129,31
241,207,31
242,176,31
256,209,31
260,184,31
264,52,31
267,169,31
270,97,31
27,93,32
42,243,32
76,248,32
79,224,32
93,27,32
106,183,32
142,187,32
145,179,32
159,88,32
169,205,32
169,267,32
179,145,32
183,106,32
187,142,32
194,220,32
202,32,32
212,233,32
220,194,32
223,228,32
228,223,32
233,212,32
248,76,32
6,191,33
10,85,33
10,92,33
35,54,33
36,26,33
54,35,33
63,156,33
64,92,33
64,96,33
68,116,33
85,10,33
92,10,33
92,64,33
92,96,33
96,64,33
96,92,33
116,68,33
125,73,33
153,173,33
156,63,33
169,205,33
169,267,33
173,153,33
191,6,33
199,206,33
206,199,33
224,248,33
248,224,33
3,149,34
5,189,34
10,96,34
14,255,34
38,62,34
52,123,34
62,38,34
65,188,34
76,79,34
76,248,34
79,76,34
79,248,34
96,10,34
96,64,34
96,92,34
106,194,34
123,52,34
128,235,34
133,146,34
149,3,34
162,231,34
169,205,34
183,194,34
188,65,34
189,5,34
194,106,34
194,183,34
205,267,34
209,71,34
231,162,34
248,76,34
248,79,34
267,205,34
4,227,35
10,64,35
10,96,35
11,172,35
14,198,35
29,160,35
45,268,35
60,188,35
61,251,35
64,10,35
79,224,35
79,248,35
96,10,35
96,92,35
116,232,35
118,235,35
160,29,35
172,11,35
188,60,35
213,259,35
216,272,35
224,79,35
227,4,35
229,232,35
232,116,35
232,229,35
235,118,35
235,128,35
251,61,35
259,213,35
268,45,35
272,216,35
10,64,36
24,106,36
26,104,36
34,49,36
49,34,36
52,210,36
80,264,36
104,26,36
106,24,36
116,229,36
118,128,36
118,235,36
123,210,36
128,118,36
188,65,36
205,169,36
210,52,36
210,123,36
229,116,36
229,232,36
235,118,36
264,80,36
5,265,37
15,243,37
31,171,37
66,207,37
68,125,37
74,155,37
83,225,37
86,276,37
101,219,37
106,274,37
125,68,37
128,235,37
143,250,37
155,74,37
168,231,37
171,31,37
183,220,37
188,60,37
198,254,37
199,141,37
207,66,37
210,52,37
219,101,37
220,183,37
224,248,37
225,83,37
229,116,37
231,168,37
235,128,37
243,15,37
248,224,37
250,143,37
254,198,37
274,106,37
6,121,38
11,31,38
11,172,38
16,230,38
29,252,38
31,11,38
65,238,38
74,152,38
79,224,38
121,6,38
126,225,38
137,141,38
137,199,38
140,230,38
141,137,38
141,199,38
169,82,38
171,176,38
176,171,38
176,242,38
178,166,38
188,238,38
199,137,38
199,141,38
224,79,38
225,126,38
229,232,38
230,140,38
235,118,38
238,65,38
238,188,38
28,99,39
31,132,39
60,255,39
61,180,39
65,188,39
65,238,39
69,117,39
99,28,39
117,69,39
118,128,39
118,235,39
124,180,39
127,130,39
128,118,39
130,127,39
132,31,39
133,55,39
152,155,39
155,152,39
178,189,39
180,61,39
180,124,39
188,65,39
189,178,39
220,226,39
226,220,39
238,65,39
255,60,39
8,217,40
19,43,40
34,261,40
43,19,40
52,264,40
64,96,40
65,188,40
79,248,40
96,64,40
116,48,40
133,146,40
145,158,40
158,145,40
199,137,40
199,141,40
210,264,40
217,8,40
248,79,40
264,52,40
264,210,40
22,266,41
74,155,41
79,224,41
80,210,41
96,92,41
155,74,41
209,256,41
210,80,41
230,16,41
264,52,41
266,22,41
39,164,42
106,24,42
122,191,42
133,55,42
145,179,42
160,165,42
164,39,42
165,160,42
191,122,42
198,201,42
199,137,42
201,198,42
206,268,42
210,264,42
220,183,42
264,210,42
268,206,42
52,210,43
52,264,43
73,214,43
74,152,43
85,92,43
92,85,43
97,222,43
122,186,43
152,74,43
186,122,43
210,52,43
214,73,43
224,243,43
243,224,43
264,52,43
3,125,44
16,23,44
16,140,44
23,16,44
30,271,44
36,161,44
63,159,44
63,276,44
79,243,44
122,191,44
125,3,44
140,16,44
159,63,44
159,276,44
161,36,44
178,215,44
189,215,44
198,14,44
201,206,44
205,267,44
206,201,44
215,178,44
215,189,44
243,79,44
243,248,44
248,243,44
271,30,44
276,63,44
276,159,44
15,79,45
19,147,45
38,91,45
63,159,45
79,15,45
85,96,45
91,38,45
96,85,45
114,166,45
137,254,45
147,19,45
152,218,45
159,63,45
166,114,45
218,152,45
254,137,45
11,132,46
12,19,46
14,201,46
19,12,46
19,147,46
27,118,46
34,49,46
52,210,46
62,200,46
63,276,46
80,256,46
82,112,46
93,118,46
101,244,46
102,268,46
104,161,46
112,82,46
118,27,46
118,93,46
120,264,46
132,11,46
161,104,46
176,228,46
198,201,46
200,62,46
201,14,46
201,198,46
201,206,46
215,178,46
215,189,46
228,176,46
244,101,46
256,80,46
264,120,46
268,102,46
276,63,46
4,87,47
14,206,47
19,43,47
20,66,47
36,104,47
36,161,47
43,147,47
58,257,47
63,159,47
63,276,47
66,20,47
71,173,47
76,183,47
87,4,47
89,184,47
104,36,47
106,194,47
147,43,47
161,36,47
173,71,47
183,76,47
184,89,47
188,238,47
194,106,47
201,14,47
201,206,47
206,14,47
206,201,47
238,188,47
257,58,47
14,201,48
19,12,48
35,116,48
63,159,48
76,220,48
86,156,48
106,24,48
116,35,48
152,241,48
156,86,48
158,179,48
179,158,48
201,14,48
211,216,48
216,211,48
220,76,48
224,248,48
241,152,48
248,224,48
3,229,49
13,257,49
23,230,49
34,261,49
41,119,49
42,191,49
45,134,49
86,159,49
102,254,49
102,268,49
115,270,49
119,41,49
126,236,49
133,146,49
159,86,49
163,270,49
176,242,49
191,42,49
191,122,49
212,234,49
216,272,49
228,242,49
229,3,49
230,23,49
234,212,49
236,126,49
242,228,49
254,102,49
254,268,49
257,13,49
257,58,49
268,254,49
270,115,49
270,163,49
7,203,50
21,240,50
34,49,50
37,153,50
44,89,50
61,124,50
78,181,50
79,191,50
89,44,50
118,27,50
124,61,50
124,251,50
132,31,50
133,55,50
133,146,50
153,37,50
159,63,50
176,228,50
181,78,50
191,79,50
203,7,50
216,211,50
216,272,50
228,176,50
240,21,50
251,124,50
270,115,50
8,182,51
14,198,51
26,36,51
36,26,51
55,146,51
56,192,51
77,225,51
83,126,51
86,156,51
104,161,51
124,61,51
125,68,51
126,83,51
137,206,51
146,55,51
146,133,51
161,104,51
182,8,51
192,56,51
198,14,51
198,201,51
201,198,51
206,137,51
211,272,51
216,211,51
225,77,51
272,211,51
1,253,52
2,129,52
18,236,52
37,168,52
48,73,52
73,48,52
92,96,52
94,224,52
96,92,52
129,2,52
146,55,52
166,189,52
168,37,52
179,145,52
189,166,52
198,14,52
198,201,52
224,94,52
231,162,52
236,18,52
253,1,52
10,69,53
26,161,53
29,46,53
36,161,53
46,29,53
55,133,53
55,146,53
58,151,53
65,238,53
69,10,53
85,92,53
90,259,53
92,85,53
92,96,53
113,260,53
133,55,53
133,146,53
146,133,53
151,58,53
161,26,53
161,36,53
204,261,53
238,65,53
257,13,53
259,90,53
260,113,53
261,204,53
26,104,54
42,122,54
55,133,54
55,146,54
104,26,54
104,161,54
106,274,54
122,42,54
133,55,54
146,55,54
161,104,54
181,270,54
270,181,54
8,40,55
15,248,55
16,230,55
27,93,55
35,54,55
36,104,55
40,8,55
48,214,55
93,27,55
93,118,55
104,36,55
118,93,55
189,275,55
198,206,55
199,268,55
206,198,55
214,48,55
230,16,55
248,15,55
268,199,55
275,189,55
11,171,56
28,240,56
35,116,56
46,96,56
65,188,56
77,236,56
96,46,56
147,172,56
171,11,56
172,147,56
185,253,56
188,65,56
204,259,56
234,244,56
236,77,56
240,28,56
244,234,56
253,185,56
259,204,56
259,213,56
46,29,57
55,133,57
55,146,57
76,194,57
79,122,57
94,248,57
122,79,57
130,175,57
133,146,57
140,230,57
146,133,57
175,130,57
176,242,57
179,158,57
189,166,57
189,275,57
194,76,57
204,213,57
204,261,57
213,204,57
216,272,57
230,140,57
242,176,57
248,94,57
259,90,57
272,216,57
24,226,58
50,171,58
67,192,58
106,24,58
106,226,58
120,210,58
166,215,58
171,50,58
181,78,58
189,166,58
189,215,58
192,67,58
204,213,58
204,259,58
210,120,58
215,166,58
215,189,58
223,263,58
226,24,58
226,106,58
230,16,58
259,204,58
9,208,59
19,43,59
24,194,59
24,226,59
43,19,59
47,92,59
54,116,59
54,232,59
64,169,59
74,155,59
89,157,59
92,47,59
116,54,59
116,232,59
121,138,59
137,141,59
138,121,59
139,220,59
141,137,59
146,55,59
157,89,59
169,64,59
178,275,59
194,24,59
208,9,59
215,166,59
215,189,59
220,139,59
224,248,59
226,24,59
232,54,59
232,116,59
240,21,59
240,109,59
248,224,59
275,178,59
14,255,60
15,79,60
17,255,60
18,150,60
31,50,60
36,96,60
40,133,60
46,85,60
50,31,60
54,116,60
54,232,60
63,88,60
79,15,60
85,46,60
88,63,60
96,36,60
114,178,60
116,35,60
116,54,60
116,232,60
133,40,60
178,114,60
194,76,60
204,213,60
226,274,60
230,140,60
231,237,60
232,54,60
232,116,60
237,231,60
255,14,60
255,17,60
274,226,60
11,31,61
17,201,61
24,106,61
31,11,61
54,116,61
69,104,61
70,121,61
77,225,61
104,69,61
106,24,61
107,183,61
116,35,61
116,54,61
121,70,61
121,138,61
123,218,61
165,247,61
183,107,61
190,191,61
191,190,61
201,17,61
218,123,61
230,16,61
231,162,61
240,21,61
244,101,61
247,165,61
255,14,61
15,248,62
36,104,62
39,217,62
46,47,62
47,46,62
50,147,62
104,36,62
104,69,62
111,131,62
113,131,62
116,35,62
116,54,62
131,111,62
131,113,62
147,50,62
217,39,62
248,15,62
3,238,63
6,239,63
11,12,63
11,31,63
12,11,63
19,172,63
40,8,63
40,133,63
55,133,63
73,214,63
97,145,63
104,36,63
114,215,63
116,35,63
116,54,63
133,55,63
145,97,63
164,217,63
172,19,63
192,56,63
214,73,63
215,114,63
217,164,63
231,237,63
238,3,63
239,6,63
3,116,64
3,238,64
11,50,64
14,17,64
14,255,64
17,14,64
17,255,64
29,47,64
35,54,64
35,232,64
42,183,64
47,29,64
50,11,64
50,172,64
54,35,64
78,203,64
104,69,64
112,262,64
116,3,64
172,50,64
178,275,64
183,42,64
203,78,64
217,39,64
232,35,64
255,17,64
259,261,64
261,259,64
262,112,64
10,104,65
10,169,65
11,19,65
11,50,65
12,31,65
19,11,65
20,74,65
31,12,65
50,11,65
50,147,65
50,172,65
66,273,65
74,20,65
104,10,65
104,36,65
104,169,65
111,113,65
111,131,65
113,111,65
113,131,65
131,111,65
131,113,65
132,242,65
133,146,65
141,199,65
146,133,65
147,172,65
169,10,65
169,104,65
172,147,65
179,249,65
183,107,65
199,141,65
204,261,65
242,132,65
249,179,65
255,14,65
261,204,65
273,66,65
11,19,66
11,50,66
14,17,66
14,255,66
17,14,66
19,50,66
40,8,66
41,168,66
42,107,66
42,183,66
50,11,66
50,19,66
54,116,66
56,57,66
57,56,66
93,128,66
96,161,66
98,194,66
107,42,66
114,166,66
116,54,66
116,238,66
128,93,66
128,235,66
134,254,66
161,96,66
166,114,66
168,41,66
183,42,66
194,98,66
194,274,66
210,256,66
235,128,66
238,116,66
254,134,66
256,210,66
261,259,66
274,194,66
7,78,67
10,36,67
11,172,67
16,140,67
31,50,67
36,10,67
50,31,67
78,7,67
78,203,67
86,233,67
128,93,67
140,16,67
171,176,67
172,11,67
176,171,67
182,208,67
194,98,67
204,259,67
208,182,67
233,86,67
259,204,67
3,116,68
4,244,68
12,147,68
12,242,68
40,196,68
41,119,68
41,168,68
42,122,68
50,147,68
76,98,68
78,7,68
98,76,68
116,3,68
122,42,68
128,235,68
147,12,68
147,50,68
196,40,68
242,12,68
242,132,68
244,4,68
12,147,69
35,116,69
36,169,69
51,115,69
66,72,69
78,203,69
81,167,69
93,235,69
98,274,69
113,225,69
115,51,69
116,35,69
147,12,69
159,233,69
167,81,69
169,36,69
225,113,69
233,159,69
235,93,69
259,261,69
274,98,69
4,101,70
7,203,70
11,19,70
11,50,70
15,138,70
19,11,70
19,50,70
50,11,70
50,19,70
53,231,70
86,159,70
98,76,70
99,240,70
101,4,70
127,133,70
133,127,70
138,15,70
145,258,70
159,86,70
194,274,70
203,7,70
231,53,70
240,99,70
258,145,70
274,194,70
7,78,71
8,196,71
23,102,71
30,81,71
35,54,71
46,85,71
47,95,71
54,35,71
78,7,71
81,30,71
93,128,71
93,235,71
95,47,71
102,23,71
116,3,71
128,93,71
136,247,71
162,230,71
190,276,71
196,8,71
215,265,71
230,162,71
247,136,71
265,215,71
276,190,71
35,116,72
73,149,72
75,89,72
89,75,72
90,261,72
113,131,72
114,215,72
116,35,72
141,268,72
149,73,72
179,158,72
183,191,72
191,183,72
215,114,72
261,90,72
268,141,72
3,35,73
3,116,73
7,203,73
8,40,73
14,17,73
24,274,73
35,3,73
35,116,73
40,8,73
50,11,73
55,127,73
56,193,73
69,96,73
78,203,73
96,69,73
98,274,73
101,244,73
114,265,73
116,3,73
116,35,73
127,55,73
141,199,73
166,215,73
180,251,73
193,56,73
203,78,73
215,166,73
244,101,73
251,180,73
265,114,73
272,211,73
274,24,73
274,98,73
7,78,74
7,203,74
11,147,74
14,255,74
19,172,74
24,98,74
24,274,74
28,99,74
35,232,74
48,232,74
50,19,74
50,172,74
52,218,74
72,273,74
78,7,74
78,203,74
82,169,74
98,24,74
98,194,74
99,28,74
120,256,74
147,11,74
169,82,74
172,19,74
172,50,74
194,98,74
203,7,74
203,78,74
218,52,74
232,48,74
256,120,74
273,72,74
274,24,74
274,226,74
3,232,75
4,244,75
8,55,75
14,254,75
17,255,75
35,48,75
35,232,75
48,35,75
48,232,75
49,259,75
55,8,75
55,133,75
62,192,75
66,241,75
98,274,75
122,220,75
123,155,75
125,238,75
133,55,75
155,123,75
169,64,75
192,62,75
203,7,75
220,122,75
232,3,75
232,35,75
232,48,75
234,239,75
238,125,75
239,234,75
241,66,75
244,4,75
248,276,75
254,14,75
255,17,75
259,49,75
274,24,75
274,98,75
274,226,75
276,248,75
19,147,76
24,194,76
32,211,76
54,116,76
55,8,76
60,229,76
93,128,76
93,235,76
116,54,76
127,133,76
133,127,76
135,271,76
146,174,76
147,19,76
162,237,76
174,146,76
190,248,76
194,24,76
202,216,76
203,78,76
205,177,76
211,32,76
216,202,76
229,60,76
237,162,76
248,190,76
271,135,76
1,99,77
7,78,77
14,255,77
24,274,77
36,85,77
41,119,77
55,133,77
58,257,77
64,82,77
78,7,77
78,203,77
82,64,77
85,36,77
99,1,77
99,240,77
131,236,77
133,55,77
133,127,77
147,11,77
147,19,77
183,276,77
232,3,77
236,131,77
255,14,77
257,58,77
274,24,77
276,183,77
9,261,78
11,19,78
11,147,78
13,58,78
19,11,78
19,147,78
46,95,78
52,155,78
55,8,78
58,13,78
58,257,78
68,232,78
68,238,78
73,170,78
78,7,78
89,184,78
94,138,78
95,46,78
105,275,78
129,150,78
132,176,78
138,94,78
147,11,78
147,19,78
150,129,78
155,52,78
170,73,78
176,132,78
183,186,78
186,183,78
194,274,78
230,237,78
232,68,78
237,230,78
238,68,78
241,273,78
261,9,78
273,241,78
274,194,78
275,105,78
3,48,79
11,19,79
17,254,79
19,11,79
19,147,79
48,3,79
49,90,79
58,13,79
68,232,79
79,276,79
90,49,79
99,28,79
114,166,79
114,215,79
166,114,79
166,215,79
215,114,79
215,166,79
254,17,79
273,72,79
273,241,79
276,79,79
6,190,80
11,242,80
19,11,80
24,98,80
36,169,80
39,154,80
41,168,80
42,107,80
43,50,80
50,43,80
58,257,80
72,241,80
93,128,80
98,24,80
105,115,80
110,160,80
114,166,80
115,105,80
154,39,80
155,218,80
160,110,80
166,114,80
169,36,80
183,248,80
190,6,80
190,248,80
218,155,80
241,72,80
241,273,80
242,11,80
248,183,80
248,190,80
11,19,81
14,254,81
18,77,81
31,43,81
39,217,81
43,31,81
43,50,81
77,18,81
91,200,81
99,1,81
103,219,81
111,225,81
137,199,81
151,257,81
155,52,81
179,249,81
190,6,81
199,137,81
200,91,81
219,103,81
225,111,81
248,183,81
254,14,81
254,134,81
257,151,81
10,104,82
14,134,82
14,254,82
28,253,82
43,31,82
55,127,82
60,188,82
72,273,82
83,236,82
104,10,82
114,265,82
127,55,82
134,14,82
134,254,82
147,242,82
155,218,82
188,60,82
232,238,82
236,83,82
238,232,82
241,72,82
242,147,82
253,28,82
254,14,82
254,134,82
257,58,82
273,72,82
14,17,83
17,14,83
21,33,83
33,21,83
33,195,83
46,47,83
47,46,83
77,83,83
83,77,83
107,191,83
111,131,83
131,111,83
167,241,83
186,248,83
191,107,83
194,220,83
195,33,83
220,194,83
241,167,83
248,186,83
4,101,84
4,219,84
8,196,84
14,254,84
55,146,84
60,65,84
60,188,84
65,60,84
97,158,84
98,226,84
101,4,84
101,219,84
146,55,84
158,97,84
159,239,84
167,273,84
176,171,84
183,186,84
183,190,84
186,183,84
190,183,84
219,4,84
219,101,84
226,98,84
232,68,84
233,239,84
239,159,84
239,233,84
241,273,84
254,14,84
273,167,84
273,241,84
13,151,85
14,17,85
60,65,85
65,188,85
95,110,85
98,24,85
98,226,85
101,103,85
101,219,85
102,140,85
103,101,85
110,95,85
113,260,85
126,209,85
140,102,85
151,13,85
166,265,85
168,264,85
183,248,85
188,65,85
209,126,85
219,4,85
219,101,85
224,271,85
238,125,85
248,183,85
264,168,85
265,166,85
271,224,85
6,248,86
11,31,86
14,254,86
28,99,86
31,11,86
45,268,86
47,85,86
48,116,86
54,232,86
55,127,86
65,60,86
65,188,86
79,191,86
85,47,86
96,104,86
97,270,86
98,24,86
99,28,86
99,253,86
102,230,86
104,96,86
116,48,86
138,15,86
159,234,86
173,256,86
182,212,86
190,6,86
191,79,86
191,107,86
198,59,86
212,182,86
230,102,86
232,54,86
232,68,86
234,159,86
248,6,86
248,183,86
253,99,86
256,173,86
268,45,86
270,97,86
1,240,87
4,103,87
6,190,87
70,190,87
71,120,87
75,184,87
77,236,87
99,28,87
102,140,87
103,4,87
120,71,87
132,171,87
152,218,87
159,239,87
167,241,87
171,132,87
184,75,87
190,70,87
218,152,87
219,244,87
232,54,87
236,77,87
239,159,87
240,1,87
241,167,87
244,219,87
10,96,88
48,68,88
68,48,88
72,241,88
82,262,88
96,10,88
99,253,88
106,226,88
138,276,88
155,52,88
188,229,88
220,122,88
226,106,88
229,188,88
241,72,88
262,82,88
276,138,88
18,129,89
31,43,89
36,92,89
38,216,89
49,259,89
60,188,89
60,229,89
82,64,89
82,262,89
92,36,89
95,160,89
96,104,89
97,158,89
97,270,89
107,42,89
107,191,89
129,18,89
138,15,89
158,270,89
159,233,89
159,239,89
160,95,89
163,222,89
174,197,89
188,60,89
188,229,89
197,174,89
216,38,89
222,163,89
229,60,89
229,188,89
233,159,89
233,239,89
239,233,89
241,167,89
270,158,89
271,135,89
4,101,90
8,40,90
42,191,90
60,188,90
60,229,90
63,156,90
82,64,90
86,156,90
101,4,90
107,42,90
107,191,90
138,276,90
156,63,90
156,86,90
171,176,90
183,190,90
186,190,90
188,60,90
188,229,90
190,183,90
190,186,90
191,42,90
191,107,90
229,60,90
229,188,90
6,121,91
11,43,91
30,224,91
31,11,91
31,43,91
34,80,91
42,107,91
43,11,91
43,31,91
46,85,91
60,65,91
65,60,91
80,34,91
85,46,91
97,158,91
103,219,91
107,42,91
121,6,91
122,194,91
131,225,91
158,97,91
183,186,91
186,183,91
186,190,91
194,122,91
207,210,91
210,207,91
219,103,91
224,30,91
225,131,91
240,253,91
253,240,91
5,204,92
6,70,92
6,121,92
16,117,92
37,231,92
59,60,92
59,198,92
60,59,92
60,229,92
64,169,92
70,6,92
84,144,92
117,16,92
132,147,92
144,84,92
147,132,92
159,234,92
169,64,92
183,190,92
190,183,92
190,186,92
204,5,92
229,60,92
231,37,92
15,183,93
15,186,93
15,190,93
59,60,93
60,59,93
60,229,93
64,82,93
98,226,93
99,28,93
183,15,93
183,186,93
183,190,93
186,15,93
186,183,93
186,276,93
190,15,93
190,183,93
226,98,93
276,186,93
6,70,94
10,69,94
11,31,94
31,11,94
32,216,94
45,137,94
59,65,94
60,198,94
65,59,94
69,10,94
71,153,94
82,262,94
124,202,94
137,45,94
153,71,94
158,163,94
163,158,94
183,186,94
186,183,94
190,15,94
198,60,94
198,229,94
202,124,94
216,32,94
229,198,94
4,219,95
10,104,95
11,199,95
30,81,95
65,188,95
69,104,95
96,169,95
98,106,95
98,226,95
101,259,95
104,10,95
104,69,95
106,98,95
169,96,95
184,89,95
188,65,95
199,11,95
219,4,95
259,101,95
6,121,96
28,109,96
59,188,96
60,229,96
98,106,96
107,191,96
109,28,96
158,222,96
163,222,96
188,59,96
188,65,96
198,60,96
222,158,96
222,163,96
229,60,96
9,208,97
42,191,97
62,200,97
66,72,97
72,66,97
100,189,97
106,226,97
107,42,97
107,122,97
107,191,97
110,151,97
122,107,97
151,110,97
158,163,97
158,222,97
163,158,97
173,209,97
183,276,97
188,59,97
189,100,97
191,42,97
191,107,97
200,62,97
208,9,97
209,173,97
222,158,97
226,106,97
276,183,97
1,253,98
5,90,98
8,55,98
31,43,98
40,55,98
55,8,98
55,40,98
90,5,98
94,194,98
106,98,98
107,122,98
107,191,98
111,236,98
125,254,98
142,228,98
149,232,98
159,213,98
194,94,98
198,229,98
213,159,98
228,142,98
229,198,98
232,149,98
233,234,98
234,233,98
236,111,98
253,1,98
254,125,98
50,198,99
85,47,99
104,161,99
113,236,99
161,104,99
191,42,99
198,50,99
198,229,99
236,113,99
5,204,100
6,276,100
11,31,100
31,11,100
31,43,100
34,227,100
36,46,100
46,36,100
59,60,100
59,65,100
59,188,100
60,59,100
60,229,100
65,59,100
72,123,100
99,109,100
109,99,100
123,72,100
137,206,100
183,186,100
186,248,100
198,50,100
206,137,100
227,34,100
229,60,100
248,186,100
276,6,100
