9,115,1
18,163,1
27,52,1
35,229,1
35,294,1
38,97,1
41,68,1
44,311,1
50,92,1
50,143,1
52,27,1
56,335,1
57,183,1
58,69,1
62,192,1
63,285,1
66,142,1
68,41,1
69,58,1
75,234,1
83,275,1
92,50,1
92,143,1
97,38,1
97,322,1
102,275,1
107,240,1
107,262,1
114,251,1
115,9,1
117,157,1
120,268,1
135,299,1
136,188,1
137,305,1
142,66,1
143,50,1
143,92,1
150,289,1
151,241,1
157,117,1
158,276,1
160,249,1
163,18,1
168,292,1
181,247,1
183,57,1
188,136,1
192,62,1
193,219,1
194,259,1
196,336,1
200,266,1
219,193,1
229,35,1
229,294,1
234,75,1
240,107,1
240,262,1
241,151,1
247,181,1
249,160,1
251,114,1
252,288,1
259,194,1
262,107,1
262,240,1
263,307,1
266,200,1
268,120,1
275,83,1
275,102,1
276,158,1
281,308,1
285,63,1
288,252,1
289,150,1
292,168,1
294,35,1
294,229,1
299,135,1
301,333,1
305,137,1
307,263,1
308,281,1
311,44,1
322,97,1
330,339,1
333,301,1
335,56,1
336,196,1
339,330,1
8,293,2
22,316,2
24,218,2
38,273,2
39,72,2
42,59,2
50,92,2
50,143,2
59,42,2
72,39,2
77,233,2
79,190,2
83,213,2
90,155,2
92,50,2
92,143,2
95,260,2
96,181,2
96,247,2
107,240,2
110,129,2
129,110,2
136,269,2
143,50,2
143,92,2
150,225,2
150,289,2
155,90,2
158,274,2
164,335,2
181,96,2
181,247,2
190,79,2
200,234,2
200,266,2
213,83,2
218,24,2
225,150,2
232,272,2
233,77,2
234,200,2
237,255,2
240,107,2
247,96,2
247,181,2
255,237,2
260,95,2
269,136,2
272,232,2
272,320,2
273,38,2
274,158,2
274,276,2
276,274,2
281,302,2
293,8,2
302,281,2
316,22,2
320,272,2
335,164,2
4,149,3
4,207,3
10,338,3
17,271,3
20,268,3
38,97,3
50,92,3
50,143,3
55,265,3
61,175,3
69,239,3
82,299,3
92,50,3
92,143,3
96,181,3
97,38,3
99,303,3
113,306,3
126,165,3
128,214,3
138,330,3
143,50,3
143,92,3
149,4,3
158,276,3
165,126,3
175,61,3
181,96,3
207,4,3
209,259,3
210,334,3
212,242,3
214,128,3
231,317,3
232,320,3
234,266,3
239,69,3
242,212,3
256,327,3
259,209,3
265,55,3
266,234,3
268,20,3
271,17,3
276,158,3
276,274,3
281,308,3
289,308,3
299,82,3
303,99,3
306,113,3
308,289,3
317,231,3
320,232,3
320,272,3
327,256,3
330,138,3
334,210,3
338,10,3
4,149,4
4,207,4
5,170,4
7,192,4
31,274,4
35,229,4
50,92,4
61,239,4
66,196,4
86,132,4
86,178,4
92,50,4
112,295,4
132,86,4
132,178,4
136,188,4
136,269,4
138,339,4
141,143,4
143,141,4
170,5,4
178,86,4
178,132,4
181,247,4
188,269,4
192,7,4
196,66,4
229,35,4
233,279,4
239,61,4
269,188,4
274,31,4
274,276,4
279,233,4
281,302,4
289,150,4
290,325,4
295,112,4
302,308,4
308,302,4
325,290,4
339,138,4
12,84,5
16,258,5
31,328,5
33,215,5
39,318,5
43,93,5
50,284,5
69,58,5
69,239,5
84,12,5
86,132,5
89,154,5
93,43,5
101,219,5
104,183,5
122,157,5
131,298,5
132,86,5
132,178,5
136,188,5
137,229,5
138,330,5
138,339,5
139,242,5
143,284,5
154,89,5
157,122,5
157,300,5
162,208,5
162,243,5
166,332,5
181,261,5
183,104,5
186,315,5
188,136,5
208,162,5
215,33,5
219,101,5
221,262,5
229,137,5
229,294,5
239,69,5
242,139,5
243,162,5
258,16,5
260,273,5
261,181,5
262,221,5
266,200,5
273,260,5
274,31,5
274,328,5
281,308,5
284,50,5
284,143,5
298,131,5
300,157,5
302,281,5
302,308,5
308,281,5
308,302,5
315,186,5
318,39,5
328,31,5
328,274,5
332,166,5
12,209,6
31,274,6
31,328,6
50,92,6
52,254,6
54,292,6
57,104,6
57,183,6
69,58,6
75,266,6
77,279,6
83,102,6
83,213,6
86,178,6
94,127,6
102,83,6
104,57,6
123,290,6
127,94,6
128,331,6
137,305,6
138,330,6
148,257,6
157,122,6
178,86,6
178,132,6
181,247,6
181,261,6
183,57,6
187,237,6
188,269,6
208,243,6
209,12,6
233,77,6
233,279,6
237,187,6
241,319,6
243,208,6
247,261,6
254,52,6
257,148,6
261,247,6
266,75,6
266,200,6
274,31,6
274,328,6
279,77,6
279,233,6
281,302,6
290,123,6
292,54,6
302,281,6
302,308,6
319,241,6
328,31,6
328,274,6
330,339,6
331,128,6
339,330,6
21,127,7
27,68,7
31,274,7
34,169,7
59,133,7
68,27,7
77,233,7
77,279,7
83,102,7
102,213,7
124,202,7
127,21,7
127,94,7
133,59,7
140,177,7
157,167,7
165,277,7
167,157,7
167,300,7
169,34,7
177,140,7
178,86,7
188,136,7
202,124,7
213,102,7
213,275,7
233,77,7
274,31,7
274,328,7
275,213,7
277,165,7
279,77,7
292,168,7
294,305,7
300,167,7
302,281,7
305,294,7
330,138,7
12,84,8
12,209,8
18,179,8
31,276,8
38,273,8
55,123,8
79,154,8
84,209,8
87,211,8
92,213,8
101,193,8
101,219,8
104,183,8
123,55,8
124,260,8
126,277,8
127,21,8
154,79,8
154,89,8
167,157,8
167,300,8
175,186,8
178,132,8
179,18,8
182,269,8
183,104,8
186,175,8
189,330,8
193,101,8
209,84,8
211,87,8
213,92,8
213,102,8
239,315,8
260,124,8
269,182,8
273,38,8
276,31,8
277,126,8
286,301,8
301,286,8
301,333,8
315,239,8
330,189,8
330,339,8
9,313,9
19,235,9
21,94,9
21,127,9
33,230,9
40,300,9
52,68,9
55,265,9
60,165,9
68,52,9
75,200,9
85,205,9
94,21,9
117,161,9
121,216,9
161,117,9
165,60,9
167,157,9
178,86,9
189,339,9
193,219,9
200,75,9
200,266,9
205,85,9
209,12,9
213,92,9
216,121,9
219,193,9
229,252,9
230,33,9
235,19,9
252,229,9
260,273,9
273,260,9
286,333,9
300,40,9
301,286,9
313,9,9
330,189,9
330,339,9
333,286,9
335,56,9
339,189,9
339,330,9
21,94,10
21,127,10
27,52,10
35,288,10
52,27,10
60,277,10
77,233,10
94,127,10
96,247,10
108,171,10
111,158,10
125,217,10
127,94,10
130,244,10
136,182,10
149,163,10
149,207,10
158,111,10
163,149,10
163,207,10
171,108,10
178,132,10
182,136,10
189,330,10
207,149,10
207,163,10
217,125,10
237,255,10
244,130,10
247,96,10
260,124,10
260,273,10
277,60,10
277,126,10
286,301,10
288,35,10
330,189,10
330,339,10
28,331,11
33,143,11
38,260,11
61,69,11
65,277,11
69,61,11
75,88,11
79,129,11
88,75,11
90,204,11
105,264,11
109,135,11
124,273,11
129,79,11
135,109,11
143,33,11
160,190,11
162,164,11
164,162,11
164,243,11
190,160,11
197,312,11
203,217,11
204,90,11
217,203,11
234,311,11
236,307,11
243,164,11
260,38,11
264,105,11
269,337,11
273,124,11
277,65,11
277,126,11
305,137,11
307,236,11
311,234,11
312,197,11
330,189,11
330,339,11
331,28,11
331,128,11
337,269,11
1,166,12
28,245,12
28,331,12
33,230,12
42,162,12
52,68,12
60,126,12
61,175,12
91,195,12
93,248,12
122,312,12
126,60,12
127,21,12
142,225,12
149,163,12
156,293,12
162,42,12
162,164,12
163,149,12
163,207,12
164,162,12
164,243,12
166,1,12
173,199,12
175,61,12
175,186,12
181,247,12
195,91,12
199,173,12
200,311,12
216,279,12
225,142,12
229,288,12
234,266,12
245,28,12
245,331,12
247,181,12
248,93,12
266,234,12
266,311,12
277,65,12
279,216,12
286,333,12
288,229,12
293,156,12
307,263,12
311,200,12
311,266,12
312,122,12
312,197,12
331,28,12
331,245,12
1,313,13
6,155,13
27,174,13
31,111,13
33,284,13
40,122,13
40,197,13
57,104,13
58,61,13
61,58,13
76,108,13
77,121,13
104,57,13
108,76,13
111,31,13
121,77,13
122,40,13
126,277,13
143,275,13
155,6,13
162,243,13
164,162,13
174,27,13
175,315,13
194,337,13
197,40,13
197,312,13
228,334,13
243,162,13
275,143,13
277,126,13
284,33,13
311,200,13
313,1,13
315,175,13
331,28,13
331,128,13
334,228,13
337,194,13
1,166,14
1,313,14
4,163,14
12,124,14
13,72,14
15,299,14
19,180,14
20,253,14
28,245,14
33,92,14
33,284,14
35,229,14
38,273,14
40,300,14
56,164,14
56,335,14
72,13,14
92,33,14
99,104,14
99,303,14
104,99,14
116,198,14
121,279,14
124,12,14
126,60,14
149,207,14
163,4,14
164,56,14
180,19,14
189,339,14
194,269,14
194,337,14
197,40,14
198,116,14
207,149,14
219,101,14
229,35,14
234,311,14
240,298,14
241,151,14
245,28,14
253,20,14
269,194,14
269,337,14
273,38,14
279,121,14
283,293,14
293,283,14
298,240,14
299,15,14
299,82,14
311,234,14
315,239,14
337,269,14
339,189,14
339,330,14
1,166,15
1,313,15
10,294,15
27,41,15
33,92,15
33,213,15
37,168,15
41,27,15
57,99,15
72,329,15
94,308,15
99,57,15
101,193,15
101,219,15
107,184,15
110,264,15
111,158,15
121,77,15
122,157,15
137,338,15
146,306,15
153,226,15
157,122,15
164,335,15
168,37,15
181,261,15
184,107,15
193,101,15
193,219,15
193,295,15
194,269,15
213,33,15
219,193,15
226,153,15
229,305,15
253,268,15
260,273,15
261,181,15
264,110,15
268,253,15
269,194,15
269,337,15
273,260,15
293,156,15
294,10,15
295,193,15
300,312,15
305,229,15
306,146,15
308,94,15
311,200,15
312,300,15
315,175,15
329,72,15
335,164,15
338,137,15
339,189,15
2,11,16
8,287,16
11,2,16
33,92,16
40,197,16
49,115,16
66,150,16
92,213,16
95,209,16
101,193,16
104,183,16
115,49,16
122,167,16
137,294,16
149,227,16
150,66,16
156,283,16
156,293,16
157,167,16
167,122,16
167,157,16
193,101,16
193,295,16
194,337,16
209,95,16
213,92,16
221,252,16
227,149,16
234,266,16
252,221,16
266,234,16
274,276,16
276,274,16
283,156,16
283,293,16
287,8,16
288,305,16
289,308,16
293,283,16
294,137,16
299,15,16
305,288,16
308,289,16
337,194,16
337,269,16
13,81,17
35,288,17
38,124,17
45,174,17
68,254,17
81,13,17
88,200,17
99,104,17
101,295,17
103,280,17
104,99,17
108,171,17
122,197,17
124,38,17
127,308,17
140,210,17
140,228,17
142,308,17
144,201,17
147,319,17
156,283,17
159,230,17
172,187,17
174,45,17
187,172,17
193,219,17
194,269,17
197,122,17
200,88,17
201,144,17
210,140,17
210,228,17
225,308,17
228,140,17
228,210,17
230,159,17
232,272,17
239,310,17
253,20,17
253,268,17
254,68,17
269,194,17
272,232,17
280,103,17
283,156,17
288,35,17
295,101,17
308,127,17
308,142,17
308,225,17
310,239,17
319,147,17
1,166,18
10,137,18
24,182,18
27,52,18
32,152,18
33,213,18
40,300,18
40,312,18
46,223,18
52,27,18
56,230,18
62,309,18
69,315,18
79,160,18
80,268,18
88,75,18
92,33,18
94,225,18
99,57,18
104,183,18
105,193,18
111,31,18
111,158,18
118,250,18
123,325,18
137,10,18
137,338,18
140,210,18
152,32,18
156,293,18
160,79,18
163,206,18
173,212,18
182,24,18
191,290,18
193,105,18
206,163,18
210,140,18
210,228,18
212,173,18
213,33,18
217,125,18
223,46,18
225,94,18
225,308,18
230,56,18
250,118,18
252,305,18
253,20,18
268,80,18
290,191,18
293,156,18
300,40,18
305,252,18
308,127,18
308,225,18
309,62,18
312,40,18
315,69,18
325,123,18
4,206,19
7,246,19
40,300,19
40,312,19
42,335,19
57,104,19
84,259,19
94,127,19
94,289,19
101,264,19
104,57,19
127,94,19
127,308,19
137,10,19
142,225,19
156,283,19
156,293,19
163,4,19
163,206,19
206,4,19
206,163,19
225,142,19
230,159,19
246,7,19
249,336,19
252,221,19
259,84,19
264,101,19
269,337,19
283,293,19
289,94,19
293,283,19
308,127,19
335,42,19
336,249,19
1,313,20
12,38,20
23,184,20
31,158,20
38,12,20
40,122,20
40,300,20
59,335,20
61,186,20
61,315,20
69,186,20
92,213,20
99,104,20
104,99,20
111,31,20
111,158,20
122,40,20
127,142,20
140,228,20
142,127,20
142,308,20
147,153,20
153,147,20
156,283,20
158,31,20
158,111,20
162,208,20
179,312,20
184,23,20
186,61,20
186,69,20
193,219,20
193,295,20
200,234,20
206,4,20
208,162,20
213,92,20
215,275,20
228,140,20
228,210,20
229,294,20
234,200,20
275,215,20
283,156,20
294,229,20
295,193,20
308,142,20
312,179,20
315,61,20
335,59,20
3,17,21
12,124,21
13,318,21
16,87,21
17,3,21
17,271,21
30,314,21
31,111,21
37,54,21
40,167,21
52,291,21
54,37,21
56,164,21
57,303,21
84,322,21
87,16,21
96,181,21
99,183,21
104,183,21
111,31,21
111,158,21
124,12,21
136,194,21
148,258,21
164,56,21
167,40,21
181,96,21
183,99,21
183,104,21
193,105,21
194,136,21
199,212,21
208,243,21
212,199,21
213,33,21
243,208,21
258,148,21
291,52,21
300,312,21
303,57,21
312,300,21
314,30,21
318,13,21
322,84,21
4,307,22
10,229,22
12,38,22
12,124,22
14,29,22
18,263,22
29,14,22
38,124,22
40,179,22
44,266,22
52,27,22
52,291,22
53,280,22
69,116,22
77,279,22
80,253,22
80,268,22
97,245,22
99,104,22
99,183,22
104,99,22
104,183,22
116,69,22
118,130,22
122,312,22
124,38,22
130,118,22
137,152,22
152,137,22
163,207,22
167,179,22
179,40,22
179,167,22
183,99,22
183,104,22
200,266,22
207,163,22
208,162,22
223,324,22
225,289,22
229,10,22
245,97,22
253,80,22
263,18,22
266,44,22
266,200,22
279,77,22
280,53,22
289,225,22
307,4,22
312,122,22
324,223,22
13,81,23
15,82,23
26,169,23
29,316,23
30,176,23
40,117,23
40,167,23
40,179,23
44,234,23
44,266,23
52,27,23
52,291,23
79,190,23
82,15,23
101,129,23
105,219,23
112,193,23
117,40,23
122,300,23
124,12,23
124,38,23
124,273,23
126,277,23
129,101,23
167,40,23
169,26,23
176,30,23
176,314,23
179,40,23
180,235,23
190,79,23
193,112,23
219,105,23
234,44,23
234,266,23
235,180,23
252,305,23
259,322,23
266,44,23
266,234,23
273,124,23
300,122,23
314,176,23
316,29,23
322,259,23
20,59,24
20,133,24
20,253,24
27,291,24
31,158,24
33,141,24
38,222,24
40,117,24
58,67,24
59,20,24
59,133,24
61,310,24
61,315,24
65,272,24
67,58,24
105,112,24
105,219,24
111,31,24
111,158,24
112,105,24
117,179,24
118,250,24
133,20,24
133,59,24
141,33,24
148,257,24
158,31,24
158,111,24
176,30,24
179,117,24
218,220,24
220,218,24
222,38,24
253,20,24
266,44,24
271,339,24
272,65,24
291,27,24
307,323,24
310,61,24
310,239,24
323,307,24
339,271,24
2,310,25
25,263,25
30,314,25
31,111,25
31,158,25
33,284,25
35,305,25
40,167,25
40,179,25
70,131,25
99,104,25
101,264,25
104,99,25
105,112,25
111,31,25
111,158,25
121,233,25
131,70,25
138,271,25
158,31,25
158,111,25
176,314,25
177,210,25
179,40,25
179,117,25
193,219,25
210,177,25
219,193,25
233,121,25
263,25,25
266,234,25
271,138,25
305,35,25
307,4,25
307,323,25
310,2,25
310,239,25
314,30,25
314,176,25
2,239,26
2,310,26
8,98,26
10,294,26
27,52,26
30,176,26
30,314,26
31,111,26
33,141,26
33,284,26
40,117,26
52,27,26
57,99,26
59,335,26
69,186,26
82,130,26
98,8,26
99,57,26
111,31,26
111,158,26
117,40,26
130,82,26
136,269,26
137,338,26
138,189,26
138,271,26
168,292,26
172,278,26
176,30,26
176,314,26
189,138,26
239,2,26
239,310,26
269,136,26
278,172,26
294,10,26
310,2,26
310,239,26
314,30,26
314,176,26
2,239,27
14,316,27
17,3,27
21,162,27
26,34,27
26,169,27
29,14,27
31,158,27
34,26,27
34,169,27
37,328,27
38,259,27
40,167,27
42,56,27
56,42,27
57,183,27
61,69,27
69,61,27
69,186,27
72,134,27
87,211,27
105,193,27
121,279,27
122,312,27
134,72,27
138,189,27
138,271,27
141,258,27
148,258,27
150,196,27
158,31,27
158,111,27
162,21,27
169,34,27
183,57,27
186,315,27
193,105,27
196,150,27
229,338,27
232,277,27
239,2,27
258,141,27
258,148,27
259,38,27
259,322,27
277,232,27
279,121,27
288,294,27
294,288,27
307,4,27
315,186,27
316,14,27
328,37,27
338,229,27
8,287,28
9,157,28
14,29,28
14,316,28
21,208,28
30,204,28
40,117,28
40,167,28
54,292,28
61,186,28
61,315,28
66,308,28
69,61,28
69,186,28
80,253,28
82,135,28
85,132,28
85,178,28
97,330,28
99,104,28
105,219,28
117,167,28
132,85,28
132,178,28
135,82,28
136,337,28
138,189,28
138,271,28
157,9,28
158,31,28
162,208,28
167,117,28
178,85,28
178,132,28
186,61,28
186,69,28
193,219,28
204,30,28
208,21,28
208,162,28
219,105,28
219,193,28
253,80,28
259,38,28
292,54,28
308,66,28
315,61,28
330,97,28
337,136,28
338,137,28
11,75,29
14,29,29
15,130,29
15,135,29
20,59,29
29,316,29
50,284,29
59,20,29
61,186,29
75,11,29
85,132,29
92,102,29
94,268,29
102,92,29
105,193,29
105,219,29
117,122,29
122,117,29
126,232,29
130,15,29
132,85,29
135,15,29
135,82,29
137,229,29
138,189,29
141,148,29
143,215,29
148,141,29
152,338,29
153,319,29
157,167,29
167,157,29
178,318,29
186,61,29
193,105,29
193,219,29
199,264,29
215,143,29
219,105,29
219,193,29
229,137,29
232,126,29
245,330,29
264,199,29
268,94,29
284,50,29
300,312,29
312,300,29
316,29,29
318,178,29
319,153,29
330,245,29
338,152,29
1,115,30
14,316,30
16,211,30
20,133,30
29,14,30
29,316,30
37,168,30
44,200,30
61,315,30
69,315,30
105,193,30
111,276,30
115,1,30
122,300,30
122,312,30
124,260,30
133,20,30
135,15,30
167,179,30
168,37,30
179,167,30
191,325,30
193,105,30
200,44,30
211,16,30
212,173,30
226,270,30
252,221,30
252,262,30
259,322,30
260,124,30
262,252,30
268,289,30
270,226,30
276,111,30
276,274,30
287,293,30
289,268,30
293,287,30
294,10,30
300,122,30
300,312,30
307,323,30
312,122,30
312,300,30
315,69,30
316,14,30
316,29,30
325,191,30
4,236,31
8,293,31
28,97,31
40,157,31
46,63,31
61,69,31
61,116,31
63,46,31
64,261,31
68,302,31
69,61,31
69,315,31
85,177,31
97,28,31
98,244,31
116,61,31
129,199,31
137,152,31
137,338,31
142,196,31
152,137,31
152,338,31
157,40,31
169,26,31
177,85,31
196,142,31
199,129,31
236,4,31
244,98,31
247,326,31
261,64,31
287,8,31
287,293,31
293,8,31
293,287,31
302,68,31
326,247,31
338,137,31
338,152,31
12,202,32
15,82,32
26,34,32
34,26,32
42,335,32
61,69,32
61,116,32
69,61,32
69,116,32
82,15,32
95,136,32
116,69,32
117,300,32
117,312,32
120,281,32
122,117,32
122,312,32
136,95,32
136,209,32
156,250,32
165,328,32
178,86,32
202,12,32
209,136,32
250,156,32
252,221,32
281,120,32
300,117,32
300,312,32
312,117,32
312,122,32
312,300,32
328,165,32
335,42,32
338,137,32
58,315,33
60,197,33
61,69,33
66,225,33
69,61,33
82,135,33
90,123,33
90,191,33
97,214,33
117,122,33
117,312,33
122,117,33
122,312,33
123,90,33
133,275,33
135,82,33
162,243,33
177,210,33
191,90,33
197,60,33
198,282,33
214,97,33
225,66,33
243,162,33
275,133,33
282,198,33
293,8,33
312,117,33
312,122,33
315,58,33
20,164,34
50,141,34
50,148,34
54,168,34
54,292,34
66,196,34
71,168,34
85,132,34
97,28,34
117,122,34
122,117,34
122,167,34
122,312,34
130,283,34
133,20,34
133,164,34
136,95,34
141,50,34
148,50,34
164,20,34
164,133,34
167,122,34
168,54,34
168,71,34
176,192,34
192,176,34
196,66,34
205,297,34
211,87,34
212,264,34
214,331,34
264,212,34
283,130,34
284,33,34
297,205,34
316,14,34
331,214,34
8,287,35
24,84,35
32,229,35
42,208,35
50,141,35
50,148,35
54,168,35
56,275,35
69,315,35
70,286,35
84,24,35
95,209,35
103,195,35
136,209,35
141,148,35
148,141,35
168,54,35
191,265,35
193,295,35
195,103,35
208,42,35
209,95,35
209,136,35
229,32,35
239,311,35
252,305,35
264,101,35
265,191,35
275,56,35
279,216,35
286,70,35
287,8,35
305,252,35
311,239,35
315,69,35
3,282,36
18,167,36
30,155,36
36,72,36
50,284,36
69,61,36
72,36,36
93,43,36
95,136,36
97,331,36
99,317,36
104,303,36
122,117,36
122,312,36
124,330,36
126,272,36
136,95,36
141,284,36
155,30,36
158,274,36
163,206,36
167,18,36
206,163,36
252,221,36
252,305,36
272,126,36
274,158,36
282,3,36
284,50,36
284,141,36
303,104,36
315,58,36
317,99,36
330,124,36
331,97,36
338,152,36
10,221,37
10,294,37
31,111,37
31,276,37
50,141,37
50,284,37
64,96,37
65,320,37
96,64,37
101,199,37
101,264,37
111,31,37
117,312,37
122,117,37
136,209,37
141,50,37
141,284,37
154,280,37
155,187,37
187,155,37
199,101,37
221,10,37
221,262,37
221,294,37
232,328,37
262,221,37
262,294,37
274,276,37
276,31,37
276,274,37
280,154,37
284,50,37
284,141,37
294,221,37
294,262,37
312,117,37
320,65,37
328,232,37
6,30,38
6,155,38
10,252,38
30,6,38
38,322,38
54,292,38
68,281,38
69,315,38
73,222,38
76,106,38
89,110,38
104,317,38
106,76,38
110,89,38
121,261,38
127,150,38
133,335,38
136,95,38
150,127,38
155,6,38
165,274,38
172,255,38
193,105,38
196,225,38
212,173,38
222,73,38
225,196,38
252,10,38
252,305,38
255,172,38
260,330,38
261,121,38
274,158,38
274,165,38
276,31,38
281,68,38
284,50,38
284,141,38
294,221,38
304,336,38
315,69,38
317,104,38
322,38,38
330,260,38
335,133,38
336,304,38
2,175,39
18,312,39
28,271,39
31,274,39
62,106,39
69,61,39
70,131,39
86,140,39
99,104,39
104,99,39
104,317,39
106,62,39
106,76,39
112,219,39
118,156,39
140,86,39
156,118,39
167,312,39
174,291,39
175,2,39
219,112,39
221,262,39
229,262,39
262,221,39
262,229,39
262,288,39
271,28,39
274,31,39
288,262,39
291,174,39
312,18,39
312,167,39
5,241,40
11,238,40
18,167,40
21,253,40
44,123,40
50,257,40
50,284,40
70,286,40
83,92,40
86,178,40
90,265,40
92,83,40
99,317,40
104,99,40
104,317,40
123,44,40
129,264,40
132,177,40
140,178,40
148,284,40
167,18,40
177,132,40
178,140,40
221,229,40
221,262,40
229,221,40
229,262,40
236,323,40
238,11,40
241,5,40
252,10,40
253,21,40
257,50,40
262,221,40
262,229,40
264,129,40
265,90,40
284,50,40
284,148,40
288,294,40
294,288,40
312,117,40
315,58,40
317,99,40
317,104,40
323,236,40
331,214,40
9,144,41
21,94,41
22,105,41
42,243,41
44,200,41
50,257,41
50,284,41
62,309,41
64,283,41
94,21,41
95,209,41
99,104,41
99,317,41
104,99,41
105,22,41
106,309,41
124,222,41
131,286,41
139,212,41
141,148,41
144,9,41
148,141,41
157,161,41
161,157,41
209,95,41
212,139,41
222,124,41
229,288,41
243,42,41
257,284,41
262,221,41
264,101,41
283,64,41
284,50,41
284,257,41
286,131,41
288,229,41
288,294,41
305,35,41
309,106,41
317,99,41
18,117,42
18,167,42
18,312,42
28,245,42
34,149,42
54,168,42
62,106,42
67,267,42
68,145,42
78,171,42
86,318,42
101,129,42
106,62,42
117,18,42
117,167,42
117,312,42
118,130,42
129,101,42
130,118,42
139,173,42
139,212,42
145,68,42
149,34,42
160,190,42
167,117,42
171,78,42
173,139,42
178,318,42
190,160,42
214,273,42
245,28,42
267,67,42
273,214,42
284,50,42
285,324,42
312,18,42
312,117,42
318,86,42
318,178,42
322,330,42
324,285,42
330,322,42
4,263,43
5,170,43
18,117,43
29,153,43
38,330,43
44,123,43
58,61,43
59,80,43
61,58,43
62,76,43
62,106,43
76,62,43
80,59,43
101,264,43
117,18,43
117,312,43
130,156,43
139,173,43
139,212,43
153,29,43
156,130,43
160,199,43
161,167,43
167,161,43
173,212,43
176,204,43
199,160,43
204,176,43
212,173,43
214,247,43
218,321,43
244,293,43
247,214,43
263,4,43
288,229,43
288,294,43
293,244,43
318,86,43
321,218,43
322,38,43
322,330,43
323,307,43
330,38,43
330,322,43
7,192,44
12,95,44
21,142,44
23,201,44
31,111,44
41,174,44
62,76,44
62,106,44
64,96,44
70,329,44
79,195,44
95,12,44
98,250,44
104,303,44
129,264,44
136,269,44
140,318,44
142,21,44
159,215,44
165,168,44
168,165,44
174,41,44
178,140,44
178,318,44
192,7,44
195,79,44
201,23,44
212,139,44
214,273,44
215,159,44
250,98,44
263,25,44
264,129,44
318,140,44
318,178,44
329,70,44
330,38,44
1,49,45
5,319,45
9,149,45
12,209,45
33,257,45
49,1,45
54,292,45
56,159,45
57,303,45
62,76,45
62,106,45
66,268,45
73,124,45
79,190,45
79,195,45
80,164,45
95,209,45
104,317,45
110,160,45
117,18,45
124,73,45
132,210,45
140,178,45
149,9,45
152,229,45
159,56,45
160,110,45
164,80,45
167,179,45
174,291,45
178,140,45
190,79,45
204,314,45
209,12,45
209,95,45
210,132,45
212,219,45
219,212,45
222,330,45
228,334,45
229,152,45
252,294,45
257,33,45
263,4,45
263,25,45
268,66,45
294,252,45
294,288,45
303,57,45
314,204,45
317,104,45
318,86,45
319,5,45
330,222,45
11,183,46
11,238,46
12,95,46
38,222,46
93,248,46
95,12,46
99,104,46
104,99,46
110,199,46
116,324,46
128,247,46
139,219,46
159,215,46
183,11,46
198,324,46
199,110,46
218,220,46
218,321,46
219,139,46
222,38,46
222,330,46
247,128,46
252,288,46
252,294,46
274,328,46
282,198,46
288,252,46
288,294,46
294,252,46
294,288,46
324,116,46
324,198,46
328,274,46
9,144,47
37,54,47
54,37,47
54,292,47
66,94,47
76,309,47
94,66,47
109,207,47
110,160,47
110,199,47
128,214,47
128,247,47
149,34,47
157,167,47
159,56,47
160,199,47
167,157,47
199,160,47
207,109,47
214,128,47
214,247,47
218,220,47
247,214,47
264,295,47
268,289,47
295,264,47
309,76,47
4,25,48
24,188,48
25,4,48
32,221,48
66,268,48
95,209,48
110,160,48
110,199,48
130,118,48
158,276,48
160,110,48
188,24,48
199,110,48
212,173,48
218,321,48
221,32,48
237,241,48
241,237,48
268,66,48
273,331,48
276,158,48
288,305,48
305,288,48
331,273,48
4,206,49
25,263,49
50,141,49
54,37,49
79,103,49
79,195,49
95,12,49
95,209,49
103,79,49
110,160,49
110,199,49
128,214,49
141,50,49
150,196,49
157,179,49
174,41,49
178,318,49
179,157,49
190,199,49
196,150,49
199,190,49
206,4,49
214,128,49
225,308,49
308,225,49
318,178,49
2,186,50
10,294,50
24,84,50
30,290,50
30,325,50
45,68,50
50,257,50
58,69,50
60,272,50
63,285,50
68,45,50
69,58,50
94,142,50
129,295,50
139,173,50
139,212,50
142,94,50
160,199,50
173,139,50
173,212,50
175,186,50
186,2,50
186,175,50
199,160,50
203,231,50
212,139,50
212,173,50
231,203,50
257,50,50
272,60,50
285,63,50
290,30,50
294,10,50
295,129,50
325,30,50
2,239,51
3,116,51
29,170,51
30,155,51
30,325,51
35,252,51
37,165,51
42,275,51
64,283,51
100,218,51
101,110,51
110,101,51
116,3,51
122,263,51
155,30,51
165,37,51
170,29,51
174,291,51
176,187,51
177,210,51
186,2,51
186,175,51
187,176,51
199,190,51
210,177,51
218,100,51
239,2,51
244,250,51
250,244,51
252,35,51
252,294,51
263,122,51
275,42,51
294,252,51
311,314,51
314,311,51
338,137,51
2,175,52
2,239,52
23,184,52
30,155,52
30,325,52
37,168,52
38,330,52
64,96,52
64,283,52
86,177,52
95,12,52
99,303,52
112,113,52
113,112,52
123,265,52
125,267,52
128,247,52
150,308,52
159,215,52
160,190,52
160,199,52
165,168,52
168,37,52
168,165,52
175,2,52
175,186,52
177,86,52
190,160,52
190,199,52
199,160,52
199,190,52
218,321,52
232,277,52
233,307,52
247,128,52
265,123,52
267,125,52
287,293,52
290,325,52
293,287,52
303,99,52
307,233,52
308,150,52
325,290,52
330,38,52
2,175,53
2,186,53
12,209,53
35,294,53
37,328,53
44,265,53
62,309,53
120,145,53
145,120,53
175,2,53
183,238,53
186,2,53
195,199,53
199,195,53
202,260,53
206,163,53
209,12,53
218,100,53
218,321,53
238,183,53
252,35,53
260,202,53
265,44,53
267,67,53
294,35,53
309,62,53
325,30,53
328,37,53
2,175,54
2,186,54
12,95,54
12,209,54
28,271,54
35,252,54
37,54,54
37,328,54
40,167,54
64,96,54
65,126,54
76,108,54
78,187,54
94,268,54
95,209,54
108,76,54
111,126,54
119,193,54
126,65,54
126,111,54
133,208,54
135,156,54
141,148,54
142,268,54
154,266,54
156,135,54
160,190,54
167,40,54
177,178,54
178,177,54
178,318,54
187,78,54
190,160,54
193,119,54
208,133,54
209,95,54
218,100,54
263,25,54
266,154,54
268,94,54
268,142,54
3,198,55
11,217,55
14,105,55
20,42,55
20,275,55
37,54,55
37,328,55
42,20,55
66,142,55
66,268,55
74,254,55
86,178,55
88,310,55
105,14,55
142,66,55
142,268,55
143,213,55
178,86,55
178,177,55
182,269,55
198,3,55
210,132,55
213,143,55
217,11,55
220,321,55
242,291,55
254,74,55
268,66,55
268,142,55
269,182,55
275,20,55
291,242,55
304,308,55
308,304,55
310,88,55
321,220,55
2,175,56
37,54,56
37,165,56
37,328,56
42,275,56
53,154,56
66,94,56
66,142,56
66,268,56
86,177,56
94,66,56
94,142,56
94,268,56
126,65,56
127,196,56
142,66,56
142,94,56
144,167,56
154,53,56
165,37,56
167,144,56
168,274,56
175,239,56
177,86,56
193,295,56
196,127,56
209,260,56
216,261,56
223,256,56
239,175,56
256,223,56
260,209,56
261,216,56
265,123,56
268,66,56
268,94,56
274,168,56
275,42,56
285,324,56
295,193,56
312,300,56
324,285,56
31,320,57
37,54,57
64,283,57
66,289,57
86,178,57
94,142,57
94,268,57
113,173,57
117,161,57
141,258,57
144,157,57
155,6,57
157,144,57
161,117,57
173,113,57
175,2,57
177,178,57
178,86,57
178,177,57
218,220,57
220,218,57
220,321,57
258,141,57
267,125,57
269,136,57
275,20,57
275,42,57
289,66,57
320,31,57
6,325,58
16,87,58
20,243,58
30,290,58
37,165,58
49,115,58
60,126,58
66,268,58
87,16,58
113,112,58
115,49,58
126,60,58
141,148,58
147,270,58
155,325,58
161,179,58
173,212,58
179,161,58
243,20,58
268,66,58
268,289,58
270,147,58
289,268,58
290,30,58
291,174,58
325,6,58
325,155,58
330,322,58
6,155,59
11,183,59
15,299,59
16,211,59
18,179,59
27,254,59
32,305,59
77,261,59
94,142,59
95,259,59
109,299,59
113,173,59
117,179,59
148,258,59
149,227,59
155,6,59
161,117,59
173,113,59
178,86,59
178,177,59
179,18,59
179,117,59
183,11,59
211,16,59
219,235,59
235,219,59
254,27,59
254,74,59
258,148,59
259,95,59
261,77,59
268,66,59
268,289,59
299,109,59
305,32,59
6,325,60
9,34,60
15,109,60
18,117,60
18,179,60
32,221,60
33,215,60
34,9,60
47,240,60
65,111,60
86,177,60
103,195,60
109,15,60
109,299,60
111,65,60
117,18,60
123,191,60
123,265,60
128,214,60
140,318,60
141,258,60
144,167,60
155,325,60
176,204,60
177,86,60
179,18,60
191,123,60
195,103,60
204,176,60
215,33,60
240,47,60
254,27,60
254,74,60
258,141,60
269,182,60
291,242,60
318,140,60
325,6,60
325,155,60
6,155,61
10,35,61
18,117,61
35,10,61
37,168,61
37,274,61
44,200,61
74,196,61
74,254,61
77,236,61
79,249,61
80,253,61
98,156,61
113,212,61
128,247,61
129,264,61
133,335,61
142,268,61
155,6,61
156,98,61
168,37,61
177,178,61
196,74,61
196,127,61
198,324,61
212,113,61
212,139,61
214,247,61
236,77,61
247,214,61
249,79,61
253,80,61
261,121,61
263,328,61
264,129,61
268,142,61
274,37,61
324,198,61
328,263,61
4,149,62
5,255,62
32,305,62
37,168,62
60,65,62
63,256,62
65,60,62
82,236,62
107,298,62
110,129,62
119,295,62
129,110,62
149,4,62
149,227,62
155,325,62
160,195,62
161,179,62
165,328,62
168,274,62
173,212,62
177,86,62
177,178,62
179,161,62
195,160,62
212,173,62
221,305,62
235,180,62
236,82,62
255,5,62
256,63,62
259,260,62
260,259,62
267,67,62
274,168,62
287,8,62
295,119,62
298,107,62
305,221,62
328,165,62
328,263,62
1,115,63
6,325,63
28,273,63
32,221,63
43,248,63
76,106,63
98,283,63
99,217,63
103,160,63
103,195,63
105,22,63
106,76,63
108,171,63
115,1,63
120,281,63
123,191,63
123,265,63
129,264,63
133,208,63
133,335,63
144,157,63
149,4,63
155,6,63
155,325,63
160,103,63
160,195,63
165,263,63
171,108,63
191,265,63
195,103,63
195,160,63
212,113,63
212,173,63
217,99,63
221,32,63
221,305,63
247,128,63
248,43,63
252,288,63
254,27,63
263,165,63
263,328,63
265,191,63
266,310,63
273,28,63
281,120,63
283,98,63
288,252,63
310,266,63
325,6,63
325,155,63
12,95,64
14,22,64
22,14,64
28,271,64
32,262,64
54,165,64
55,153,64
79,190,64
84,182,64
91,304,64
95,12,64
104,303,64
113,173,64
117,161,64
121,236,64
123,191,64
123,265,64
133,208,64
136,337,64
153,55,64
161,117,64
165,54,64
165,263,64
168,37,64
173,113,64
177,86,64
182,84,64
190,79,64
191,123,64
200,311,64
221,32,64
233,323,64
236,121,64
239,314,64
262,32,64
263,165,64
263,328,64
265,123,64
269,136,64
295,193,64
303,104,64
304,91,64
311,200,64
314,239,64
323,233,64
18,179,65
28,273,65
32,221,65
32,262,65
63,223,65
80,224,65
111,126,65
111,197,65
111,277,65
115,49,65
126,111,65
126,197,65
133,335,65
136,269,65
149,227,65
173,212,65
179,18,65
190,199,65
191,265,65
197,111,65
197,126,65
199,190,65
221,262,65
223,63,65
224,80,65
260,209,65
262,221,65
265,191,65
271,273,65
273,271,65
277,111,65
304,336,65
7,187,66
12,259,66
13,72,66
18,157,66
25,206,66
37,276,66
64,98,66
65,197,66
72,13,66
86,178,66
95,259,66
98,64,66
111,197,66
111,277,66
126,277,66
157,18,66
165,54,66
165,328,66
178,86,66
180,212,66
180,219,66
187,7,66
197,65,66
197,111,66
206,25,66
212,180,66
213,258,66
218,100,66
219,180,66
246,327,66
258,213,66
259,12,66
259,95,66
262,32,66
263,292,66
263,328,66
273,28,66
276,37,66
276,158,66
277,126,66
292,263,66
327,246,66
328,165,66
328,263,66
16,205,67
20,159,67
21,225,67
30,278,67
36,81,67
37,168,67
38,97,67
41,281,67
50,284,67
65,60,67
73,322,67
79,249,67
81,36,67
83,143,67
89,129,67
90,176,67
97,38,67
111,126,67
111,277,67
113,212,67
115,1,67
115,49,67
126,111,67
126,277,67
129,89,67
143,83,67
152,317,67
156,135,67
159,20,67
164,253,67
165,263,67
173,113,67
174,242,67
176,90,67
205,16,67
206,163,67
208,335,67
212,113,67
225,21,67
242,174,67
247,214,67
253,164,67
259,12,67
263,165,67
277,111,67
277,126,67
278,30,67
281,41,67
286,333,67
317,152,67
322,73,67
335,208,67
18,179,68
37,158,68
37,276,68
57,75,68
66,289,68
75,57,68
80,164,68
86,177,68
99,183,68
111,197,68
113,139,68
113,173,68
115,1,68
136,194,68
139,113,68
146,226,68
158,37,68
164,80,68
183,99,68
190,249,68
212,219,68
219,212,68
221,301,68
226,146,68
249,190,68
276,37,68
289,66,68
301,221,68
304,308,68
54,232,69
57,88,69
60,126,69
66,142,69
66,289,69
80,253,69
88,57,69
126,60,69
136,269,69
142,66,69
142,289,69
154,310,69
157,167,69
167,157,69
232,54,69
252,305,69
253,80,69
256,285,69
263,122,69
263,292,69
285,256,69
288,305,69
289,142,69
305,252,69
305,288,69
310,154,69
335,133,69
5,319,70
25,122,70
37,168,70
43,49,70
43,248,70
49,43,70
49,248,70
77,216,70
89,193,70
90,155,70
91,336,70
97,271,70
99,217,70
111,277,70
122,25,70
123,234,70
155,90,70
168,274,70
185,298,70
193,89,70
197,277,70
216,77,70
234,123,70
248,49,70
249,79,70
249,190,70
250,283,70
252,288,70
252,305,70
258,148,70
259,95,70
271,97,70
273,331,70
277,111,70
277,197,70
283,250,70
288,252,70
288,305,70
289,66,70
292,328,70
298,185,70
305,252,70
305,288,70
307,323,70
323,307,70
328,292,70
336,91,70
12,95,71
18,167,71
28,331,71
31,65,71
31,320,71
60,197,71
60,277,71
65,31,71
80,164,71
80,253,71
90,325,71
95,12,71
95,259,71
103,160,71
122,263,71
133,208,71
155,290,71
160,103,71
167,18,71
167,157,71
177,178,71
178,177,71
179,312,71
180,235,71
197,60,71
197,277,71
208,133,71
248,43,71
248,49,71
263,122,71
263,328,71
277,60,71
277,197,71
289,142,71
290,155,71
312,179,71
325,90,71
328,263,71
331,28,71
25,263,72
34,144,72
40,312,72
43,49,72
43,248,72
49,43,72
56,215,72
60,197,72
65,320,72
79,103,72
92,143,72
99,183,72
103,79,72
112,180,72
112,235,72
122,206,72
133,335,72
143,92,72
144,34,72
165,168,72
167,18,72
168,165,72
177,86,72
177,178,72
180,112,72
180,235,72
197,60,72
206,122,72
215,56,72
216,236,72
232,276,72
235,112,72
235,180,72
236,216,72
248,43,72
256,324,72
263,25,72
272,300,72
276,232,72
300,272,72
312,40,72
312,179,72
320,65,72
324,256,72
8,96,73
8,287,73
22,105,73
26,201,73
33,50,73
49,248,73
50,33,73
54,165,73
54,168,73
60,111,73
60,277,73
86,178,73
96,8,73
96,287,73
111,60,73
119,139,73
129,264,73
139,119,73
160,195,73
165,54,73
165,168,73
168,54,73
168,165,73
177,86,73
178,86,73
186,239,73
191,234,73
198,3,73
201,26,73
234,191,73
239,186,73
248,49,73
256,285,73
258,141,73
277,60,73
287,96,73
289,66,73
328,292,73
1,49,74
17,339,74
18,157,74
18,167,74
25,122,74
25,206,74
25,292,74
37,232,74
43,49,74
43,248,74
49,1,74
49,43,74
54,165,74
60,111,74
86,177,74
86,178,74
99,217,74
112,113,74
113,112,74
122,25,74
122,206,74
124,339,74
136,337,74
137,152,74
152,137,74
157,18,74
165,54,74
168,37,74
202,222,74
206,25,74
206,122,74
206,292,74
218,220,74
220,218,74
222,202,74
232,37,74
248,43,74
292,25,74
292,206,74
339,17,74
339,124,74
4,163,75
9,207,75
18,157,75
18,167,75
25,122,75
46,48,75
48,46,75
49,1,75
60,65,75
65,60,75
79,199,75
86,177,75
86,178,75
112,119,75
119,112,75
122,25,75
122,206,75
133,208,75
156,250,75
163,4,75
176,311,75
191,265,75
199,79,75
206,122,75
206,292,75
207,9,75
208,335,75
222,260,75
233,307,75
250,156,75
260,222,75
269,337,75
289,142,75
307,233,75
311,176,75
312,40,75
335,208,75
337,269,75
12,260,76
18,157,76
18,167,76
19,306,76
37,276,76
49,115,76
60,111,76
64,121,76
65,320,76
80,164,76
84,188,76
103,199,76
115,49,76
121,64,76
122,25,76
128,181,76
133,335,76
136,269,76
163,292,76
165,168,76
168,165,76
169,185,76
181,128,76
185,169,76
188,84,76
197,277,76
199,103,76
208,133,76
208,335,76
260,12,76
269,136,76
269,337,76
276,37,76
277,197,76
292,163,76
292,206,76
306,19,76
335,133,76
335,208,76
1,43,77
4,292,77
7,44,77
11,57,77
18,157,77
18,167,77
21,208,77
25,206,77
43,1,77
43,49,77
44,7,77
47,318,77
49,43,77
57,11,77
80,253,77
86,177,77
86,178,77
113,119,77
114,270,77
119,113,77
133,208,77
133,335,77
177,178,77
178,177,77
195,336,77
202,260,77
206,25,77
208,21,77
208,133,77
234,265,77
250,283,77
260,202,77
260,222,77
265,234,77
269,136,77
270,114,77
292,4,77
292,163,77
318,47,77
335,133,77
336,195,77
7,187,78
16,257,78
18,157,78
44,187,78
54,168,78
54,328,78
119,112,78
119,113,78
128,326,78
133,208,78
133,335,78
150,304,78
150,308,78
152,317,78
163,206,78
168,54,78
178,86,78
178,177,78
187,44,78
194,337,78
206,163,78
241,278,78
257,16,78
260,202,78
262,317,78
278,241,78
304,150,78
304,308,78
308,150,78
308,304,78
312,179,78
317,262,78
322,330,78
326,128,78
328,54,78
331,273,78
337,194,78
1,49,79
1,248,79
9,34,79
9,144,79
9,207,79
13,318,79
21,133,79
21,208,79
27,249,79
27,254,79
29,147,79
34,9,79
34,207,79
39,72,79
49,1,79
54,168,79
69,88,79
72,39,79
88,69,79
89,295,79
104,229,79
133,21,79
136,194,79
136,337,79
144,9,79
147,29,79
163,323,79
194,136,79
194,337,79
200,239,79
204,325,79
206,323,79
207,34,79
208,21,79
229,104,79
239,200,79
248,1,79
249,27,79
257,258,79
258,257,79
260,12,79
260,202,79
295,89,79
308,150,79
312,40,79
318,13,79
318,47,79
323,163,79
323,206,79
325,204,79
337,136,79
337,194,79
7,44,80
9,34,80
13,47,80
20,275,80
21,94,80
21,208,80
25,328,80
27,249,80
32,317,80
34,9,80
34,144,80
37,126,80
44,7,80
44,187,80
47,13,80
64,98,80
69,58,80
89,193,80
90,241,80
94,21,80
94,208,80
110,264,80
126,37,80
128,181,80
136,269,80
136,337,80
141,213,80
144,34,80
144,207,80
152,137,80
155,204,80
155,325,80
163,292,80
163,323,80
179,300,80
180,306,80
191,234,80
204,155,80
204,325,80
207,144,80
208,94,80
213,141,80
232,276,80
234,191,80
239,314,80
241,90,80
241,278,80
247,326,80
249,254,80
250,156,80
254,249,80
257,16,80
257,258,80
264,110,80
269,337,80
275,20,80
276,232,80
300,179,80
306,180,80
308,304,80
317,32,80
323,163,80
323,206,80
325,155,80
325,204,80
326,247,80
328,25,80
337,136,80
337,269,80
8,293,81
36,131,81
37,276,81
44,78,81
53,280,81
54,328,81
57,183,81
59,253,81
63,192,81
63,223,81
64,121,81
75,183,81
78,44,81
86,177,81
112,193,81
126,276,81
129,295,81
131,36,81
157,167,81
167,157,81
177,86,81
177,178,81
181,247,81
182,269,81
183,57,81
183,75,81
192,63,81
193,112,81
216,77,81
239,200,81
242,291,81
247,181,81
249,27,81
253,59,81
269,182,81
275,42,81
276,37,81
276,126,81
280,53,81
293,8,81
295,129,81
307,323,81
323,307,81
325,155,81
328,54,81
337,136,81
13,318,82
47,318,82
60,320,82
63,192,82
64,98,82
64,121,82
97,222,82
98,121,82
106,309,82
110,129,82
121,98,82
129,110,82
136,269,82
136,337,82
155,204,82
155,325,82
159,335,82
181,128,82
183,57,82
183,75,82
204,155,82
204,325,82
208,268,82
222,97,82
233,236,82
236,233,82
256,324,82
257,16,82
268,208,82
269,136,82
269,337,82
271,326,82
288,301,82
300,312,82
301,288,82
309,106,82
312,300,82
318,13,82
318,47,82
320,60,82
325,204,82
326,271,82
328,25,82
335,159,82
337,269,82
12,222,83
13,47,83
13,318,83
21,94,83
27,254,83
40,179,83
40,312,83
47,13,83
47,318,83
49,248,83
94,21,83
94,268,83
136,269,83
168,323,83
170,319,83
179,40,83
222,12,83
248,49,83
249,254,83
254,27,83
254,249,83
268,94,83
268,208,83
269,136,83
269,337,83
312,40,83
318,13,83
318,47,83
319,170,83
323,168,83
323,307,83
328,54,83
4,77,84
8,96,84
9,144,84
10,229,84
25,168,84
25,323,84
29,226,84
64,98,84
64,121,84
67,125,84
77,4,84
96,8,84
98,64,84
108,223,84
112,129,84
121,64,84
125,67,84
129,112,84
136,337,84
137,317,84
144,9,84
147,151,84
151,147,84
168,25,84
168,307,84
193,89,84
196,249,84
223,108,84
226,29,84
229,10,84
230,284,84
237,278,84
249,196,84
249,254,84
254,27,84
254,249,84
268,94,84
268,208,84
269,136,84
269,337,84
278,237,84
284,230,84
307,168,84
317,137,84
323,25,84
337,136,84
337,269,84
4,233,85
10,35,85
11,310,85
20,335,85
21,268,85
25,168,85
25,307,85
27,196,85
27,249,85
32,262,85
37,126,85
37,276,85
40,179,85
40,300,85
49,43,85
49,248,85
60,111,85
64,98,85
77,216,85
80,164,85
85,228,85
112,193,85
116,315,85
126,37,85
126,276,85
129,110,85
146,296,85
167,312,85
168,25,85
168,323,85
168,328,85
179,300,85
183,57,85
193,112,85
196,27,85
196,249,85
196,254,85
228,85,85
233,4,85
249,27,85
249,196,85
249,254,85
254,196,85
254,249,85
262,32,85
268,21,85
276,37,85
276,126,85
296,146,85
300,40,85
300,179,85
307,25,85
310,11,85
312,167,85
315,116,85
323,168,85
328,168,85
335,20,85
1,43,86
1,49,86
25,168,86
35,229,86
40,157,86
43,1,86
43,49,86
47,140,86
47,318,86
49,1,86
49,43,86
61,125,86
63,108,86
71,307,86
84,136,86
98,121,86
104,303,86
105,295,86
108,63,86
113,180,86
117,157,86
121,98,86
125,61,86
132,297,86
136,84,86
140,47,86
152,317,86
157,40,86
157,117,86
168,25,86
168,328,86
171,192,86
180,113,86
183,75,86
189,282,86
192,171,86
193,89,86
219,242,86
222,97,86
229,35,86
242,219,86
247,271,86
247,326,86
254,196,86
254,249,86
271,247,86
271,326,86
282,189,86
295,105,86
297,132,86
307,71,86
317,152,86
318,13,86
318,47,86
326,247,86
326,271,86
1,43,87
1,49,87
12,260,87
13,47,87
13,318,87
16,258,87
17,198,87
25,328,87
27,195,87
27,249,87
31,65,87
33,56,87
40,117,87
40,157,87
40,179,87
43,1,87
47,13,87
47,140,87
47,318,87
49,1,87
54,168,87
54,328,87
56,33,87
58,88,87
59,145,87
65,31,87
76,309,87
80,224,87
82,292,87
88,58,87
93,272,87
98,64,87
117,40,87
137,152,87
137,317,87
145,59,87
152,137,87
152,317,87
157,40,87
168,54,87
179,40,87
183,57,87
195,27,87
195,249,87
195,254,87
198,17,87
199,79,87
200,314,87
249,27,87
249,195,87
249,254,87
254,195,87
254,249,87
258,16,87
260,12,87
272,93,87
292,82,87
306,19,87
307,328,87
309,76,87
314,200,87
317,137,87
317,152,87
318,13,87
318,47,87
326,247,87
328,25,87
328,54,87
328,307,87
6,255,88
12,222,88
12,260,88
13,47,88
13,318,88
15,203,88
18,312,88
27,195,88
27,254,88
40,117,88
40,157,88
43,248,88
47,13,88
47,140,88
47,318,88
53,310,88
54,71,88
54,168,88
63,171,88
64,216,88
71,54,88
71,328,88
74,302,88
83,102,88
85,210,88
90,325,88
94,289,88
102,83,88
108,171,88
112,295,88
140,318,88
155,191,88
164,224,88
171,63,88
171,108,88
171,192,88
177,86,88
179,300,88
191,155,88
195,27,88
195,249,88
195,254,88
203,15,88
210,85,88
216,64,88
216,77,88
219,212,88
222,12,88
224,164,88
248,43,88
249,195,88
254,27,88
254,195,88
255,6,88
275,335,88
289,94,88
295,112,88
302,74,88
310,53,88
312,18,88
318,13,88
318,47,88
318,140,88
325,90,88
328,71,88
328,307,88
335,275,88
8,244,89
12,222,89
12,260,89
30,290,89
44,172,89
47,140,89
47,318,89
54,71,89
54,328,89
60,276,89
61,67,89
62,106,89
64,77,89
64,216,89
67,61,89
71,54,89
77,64,89
77,216,89
89,129,89
89,295,89
106,62,89
111,320,89
113,306,89
128,247,89
129,89,89
130,267,89
140,47,89
152,262,89
171,108,89
171,192,89
172,44,89
176,191,89
191,176,89
216,64,89
216,77,89
219,242,89
234,123,89
241,325,89
244,8,89
247,128,89
250,283,89
262,152,89
267,130,89
276,60,89
290,30,89
295,89,89
295,112,89
306,113,89
308,150,89
318,47,89
320,111,89
325,241,89
328,54,89
336,91,89
7,187,90
12,222,90
12,260,90
13,140,90
24,124,90
40,117,90
64,77,90
64,98,90
77,64,90
77,216,90
89,129,90
107,305,90
108,192,90
118,138,90
124,24,90
128,271,90
129,295,90
138,118,90
140,13,90
152,317,90
155,176,90
157,179,90
159,268,90
171,63,90
176,155,90
179,157,90
179,300,90
187,7,90
190,199,90
192,108,90
199,190,90
222,260,90
241,278,90
247,271,90
260,222,90
268,159,90
271,128,90
271,247,90
278,241,90
295,129,90
305,107,90
1,43,91
18,117,91
22,235,91
30,237,91
37,165,91
40,157,91
43,1,91
47,140,91
64,216,91
70,288,91
82,149,91
84,269,91
89,295,91
95,182,91
112,119,91
116,198,91
117,18,91
118,130,91
119,112,91
128,181,91
129,89,91
130,118,91
136,337,91
140,47,91
142,208,91
142,243,91
149,82,91
157,40,91
165,37,91
171,192,91
182,95,91
192,171,91
198,116,91
208,142,91
208,243,91
216,64,91
235,22,91
237,30,91
243,142,91
243,208,91
244,273,91
268,21,91
268,159,91
269,84,91
273,244,91
288,70,91
295,89,91
337,136,91
1,248,92
8,273,92
9,34,92
12,259,92
14,105,92
15,231,92
17,256,92
34,9,92
64,98,92
82,227,92
87,257,92
92,102,92
102,92,92
105,14,92
113,180,92
124,282,92
176,191,92
192,108,92
192,171,92
210,228,92
216,77,92
227,82,92
228,210,92
231,15,92
244,8,92
244,273,92
248,1,92
256,17,92
257,87,92
259,12,92
273,8,92
273,244,92
282,124,92
328,307,92
1,49,93
1,248,93
27,195,93
66,74,93
74,66,93
79,190,93
97,202,93
111,276,93
113,306,93
129,110,93
139,291,93
155,191,93
155,204,93
157,300,93
183,75,93
190,79,93
191,155,93
191,204,93
195,27,93
202,97,93
204,155,93
204,191,93
210,85,93
225,308,93
227,292,93
273,8,93
273,244,93
276,111,93
285,324,93
291,139,93
292,227,93
300,157,93
308,225,93
310,11,93
324,285,93
328,25,93
9,144,94
18,161,94
26,203,94
69,88,94
71,328,94
80,164,94
85,178,94
88,69,94
102,215,94
116,315,94
140,318,94
141,148,94
148,141,94
155,191,94
161,18,94
164,80,94
178,85,94
191,155,94
192,108,94
200,239,94
203,26,94
215,102,94
227,82,94
227,292,94
242,306,94
243,142,94
276,320,94
306,242,94
318,140,94
320,276,94
328,71,94
3,315,95
16,148,95
34,167,95
49,248,95
54,71,95
58,69,95
58,88,95
69,58,95
69,88,95
71,54,95
71,328,95
81,288,95
88,58,95
88,69,95
104,152,95
111,320,95
118,138,95
119,242,95
119,306,95
148,16,95
148,141,95
150,225,95
152,104,95
153,311,95
155,176,95
160,333,95
163,206,95
167,34,95
176,155,95
192,171,95
196,249,95
206,163,95
225,150,95
237,311,95
242,119,95
248,49,95
249,196,95
273,8,95
276,111,95
276,320,95
278,325,95
288,81,95
300,179,95
306,119,95
311,153,95
311,237,95
315,3,95
315,116,95
320,111,95
320,276,95
325,278,95
328,25,95
328,71,95
331,28,95
333,160,95
1,49,96
1,248,96
21,94,96
49,1,96
89,193,96
92,215,96
94,21,96
96,156,96
119,242,96
119,306,96
148,16,96
156,96,96
178,210,96
200,314,96
210,178,96
215,92,96
241,325,96
248,1,96
250,267,96
267,250,96
273,244,96
304,333,96
311,153,96
320,111,96
325,241,96
333,304,96
5,170,97
8,244,97
17,285,97
19,180,97
25,71,97
25,328,97
54,328,97
64,77,97
71,25,97
71,328,97
77,64,97
80,224,97
88,58,97
95,337,97
105,110,97
110,105,97
113,180,97
117,157,97
119,242,97
119,306,97
128,271,97
134,162,97
150,308,97
155,191,97
157,117,97
160,304,97
162,134,97
167,312,97
170,5,97
180,19,97
180,113,97
190,199,97
224,80,97
240,294,97
244,8,97
247,326,97
250,283,97
271,128,97
271,247,97
285,17,97
294,240,97
304,160,97
304,333,97
308,150,97
311,237,97
312,167,97
328,25,97
328,54,97
328,71,97
337,95,97
8,273,98
13,47,98
13,140,98
14,235,98
17,256,98
17,285,98
25,163,98
47,13,98
54,168,98
71,323,98
79,199,98
80,164,98
90,204,98
95,194,98
112,295,98
140,13,98
156,250,98
163,25,98
164,224,98
167,34,98
176,187,98
182,209,98
185,305,98
187,176,98
187,191,98
191,187,98
194,95,98
199,79,98
204,90,98
209,182,98
223,246,98
224,164,98
235,14,98
241,255,98
243,268,98
244,273,98
246,223,98
250,156,98
250,283,98
255,241,98
261,279,98
267,283,98
268,243,98
271,326,98
273,8,98
273,244,98
279,261,98
283,267,98
295,112,98
304,160,98
305,185,98
323,71,98
326,271,98
6,241,99
6,255,99
8,244,99
25,307,99
47,140,99
54,71,99
71,54,99
71,323,99
80,224,99
90,325,99
102,143,99
107,185,99
118,125,99
125,118,99
136,269,99
137,152,99
140,47,99
143,102,99
148,141,99
152,137,99
164,80,99
164,224,99
171,327,99
176,204,99
185,107,99
194,337,99
204,176,99
224,80,99
224,164,99
241,6,99
241,255,99
242,306,99
244,8,99
250,156,99
250,283,99
255,6,99
255,241,99
256,285,99
269,136,99
283,250,99
285,256,99
306,242,99
307,25,99
317,338,99
325,90,99
327,171,99
337,194,99
338,317,99
7,314,100
15,299,100
22,316,100
53,154,100
71,54,100
87,211,100
91,249,100
116,189,100
144,149,100
149,144,100
154,53,100
189,116,100
194,95,100
199,190,100
211,87,100
224,80,100
228,318,100
243,208,100
249,91,100
250,156,100
250,283,100
255,6,100
255,241,100
261,293,100
285,17,100
288,301,100
293,261,100
299,15,100
306,119,100
307,328,100
314,7,100
316,22,100
318,228,100
328,307,100
