10,57,1
10,181,1
11,171,1
12,236,1
22,70,1
22,108,1
23,213,1
27,70,1
27,108,1
29,282,1
33,178,1
35,142,1
35,308,1
37,169,1
41,220,1
45,198,1
54,72,1
57,10,1
70,22,1
70,27,1
70,108,1
72,54,1
78,244,1
84,93,1
87,251,1
92,154,1
92,184,1
92,203,1
93,84,1
94,322,1
95,252,1
100,249,1
108,22,1
108,27,1
108,70,1
111,217,1
121,222,1
122,206,1
127,216,1
138,266,1
141,277,1
142,35,1
142,308,1
145,298,1
154,92,1
154,289,1
162,277,1
163,240,1
168,261,1
169,37,1
171,11,1
178,33,1
181,10,1
184,92,1
190,241,1
190,324,1
198,45,1
203,92,1
206,122,1
213,23,1
216,127,1
217,111,1
220,41,1
222,121,1
234,307,1
236,12,1
240,163,1
241,190,1
241,324,1
244,78,1
249,100,1
251,87,1
252,95,1
255,270,1
256,274,1
261,168,1
263,284,1
266,138,1
270,255,1
274,256,1
277,141,1
277,162,1
282,29,1
284,263,1
289,154,1
298,145,1
307,234,1
308,35,1
308,142,1
322,94,1
324,190,1
324,241,1
7,84,2
7,93,2
11,259,2
36,192,2
75,204,2
82,157,2
84,7,2
84,93,2
92,154,2
92,184,2
92,203,2
93,7,2
93,84,2
95,242,2
95,252,2
108,27,2
115,265,2
118,125,2
120,266,2
122,131,2
122,206,2
125,118,2
131,122,2
135,282,2
140,212,2
141,162,2
154,92,2
154,203,2
157,82,2
158,171,2
161,291,2
162,141,2
171,158,2
175,260,2
177,201,2
179,278,2
192,36,2
201,177,2
203,154,2
204,75,2
208,234,2
210,317,2
212,140,2
220,231,2
231,220,2
234,208,2
234,307,2
238,305,2
242,95,2
242,252,2
252,242,2
257,314,2
259,11,2
260,175,2
265,115,2
266,120,2
278,179,2
282,135,2
291,161,2
305,238,2
308,35,2
308,142,2
314,257,2
317,210,2
13,217,3
16,26,3
26,16,3
37,96,3
37,169,3
48,107,3
69,215,3
92,184,3
92,203,3
95,242,3
96,37,3
96,257,3
97,218,3
102,131,3
107,48,3
112,247,3
122,131,3
131,102,3
131,122,3
137,316,3
139,175,3
145,197,3
154,184,3
154,289,3
170,189,3
175,139,3
184,154,3
189,170,3
194,234,3
197,145,3
203,92,3
215,69,3
217,13,3
218,97,3
234,194,3
234,307,3
242,95,3
242,252,3
247,112,3
257,96,3
316,137,3
2,175,4
5,315,4
13,26,4
17,245,4
24,81,4
26,13,4
37,96,4
41,231,4
54,241,4
56,288,4
59,146,4
59,153,4
62,162,4
66,269,4
81,24,4
91,126,4
92,154,4
92,223,4
96,37,4
96,169,4
126,91,4
139,260,4
141,277,4
146,59,4
153,59,4
154,92,4
154,223,4
162,62,4
169,96,4
174,319,4
175,2,4
194,307,4
208,296,4
209,238,4
218,237,4
223,92,4
223,154,4
231,41,4
232,313,4
234,296,4
234,307,4
237,218,4
238,209,4
241,54,4
242,95,4
242,252,4
245,17,4
247,265,4
260,139,4
265,247,4
269,66,4
277,141,4
288,56,4
296,208,4
296,234,4
307,194,4
307,234,4
308,35,4
313,232,4
315,5,4
319,174,4
7,273,5
13,16,5
13,26,5
16,13,5
16,26,5
22,70,5
26,16,5
35,142,5
37,169,5
40,116,5
69,141,5
70,22,5
75,167,5
75,204,5
77,200,5
90,183,5
92,154,5
92,223,5
100,154,5
108,171,5
109,299,5
116,40,5
120,179,5
120,266,5
125,163,5
133,268,5
141,69,5
142,35,5
145,298,5
154,92,5
154,100,5
158,290,5
163,125,5
167,75,5
167,204,5
169,37,5
169,96,5
171,108,5
179,120,5
183,90,5
200,77,5
204,167,5
208,234,5
208,296,5
211,302,5
223,92,5
234,208,5
242,95,5
247,112,5
257,314,5
265,115,5
268,133,5
273,7,5
290,158,5
296,208,5
299,109,5
302,211,5
307,194,5
8,198,6
19,278,6
25,282,6
38,235,6
46,193,6
59,146,6
69,162,6
86,215,6
96,257,6
111,122,6
119,276,6
120,179,6
120,266,6
122,111,6
124,190,6
125,240,6
135,224,6
141,162,6
143,150,6
145,197,6
150,143,6
162,69,6
162,141,6
163,240,6
169,257,6
190,124,6
193,46,6
194,208,6
194,234,6
194,307,6
198,8,6
208,194,6
208,296,6
215,86,6
218,97,6
224,135,6
234,194,6
235,38,6
240,125,6
240,163,6
242,252,6
257,96,6
257,169,6
257,314,6
258,287,6
276,119,6
278,19,6
282,25,6
287,258,6
306,323,6
323,306,6
22,108,7
26,13,7
30,239,7
35,157,7
41,220,7
54,72,7
56,201,7
62,86,7
79,178,7
86,62,7
91,104,7
91,126,7
95,252,7
104,91,7
108,22,7
111,131,7
119,318,7
120,179,7
124,285,7
124,324,7
131,111,7
154,223,7
157,35,7
157,308,7
158,218,7
158,290,7
161,202,7
177,195,7
178,79,7
195,177,7
201,56,7
202,161,7
208,234,7
208,296,7
218,158,7
218,290,7
220,41,7
223,154,7
234,208,7
239,30,7
240,125,7
240,163,7
248,283,7
252,95,7
257,96,7
257,314,7
260,301,7
283,248,7
285,124,7
285,324,7
290,218,7
301,260,7
308,157,7
318,119,7
324,124,7
324,285,7
12,128,8
14,254,8
19,200,8
35,308,8
46,51,8
46,193,8
51,46,8
72,241,8
86,215,8
90,117,8
94,243,8
96,314,8
111,122,8
111,131,8
112,115,8
115,112,8
117,90,8
120,200,8
124,285,8
124,324,8
125,163,8
125,240,8
128,12,8
135,282,8
144,151,8
149,229,8
151,144,8
154,184,8
155,271,8
158,218,8
158,290,8
163,125,8
163,240,8
192,276,8
194,234,8
194,307,8
200,19,8
200,120,8
208,234,8
218,158,8
218,290,8
223,289,8
229,149,8
234,194,8
234,208,8
234,307,8
240,125,8
240,163,8
241,72,8
243,94,8
254,14,8
257,96,8
271,155,8
276,192,8
282,135,8
285,124,8
285,324,8
289,223,8
290,158,8
290,218,8
307,234,8
308,35,8
313,320,8
314,96,8
320,313,8
324,124,8
324,285,8
5,193,9
19,120,9
19,179,9
19,200,9
29,294,9
31,107,9
38,132,9
38,235,9
62,162,9
72,54,9
75,206,9
91,104,9
91,126,9
101,182,9
107,31,9
117,183,9
120,19,9
120,179,9
121,309,9
124,285,9
124,324,9
125,163,9
132,38,9
132,235,9
162,62,9
163,125,9
171,290,9
179,19,9
179,120,9
179,200,9
182,101,9
183,117,9
193,5,9
193,46,9
200,19,9
200,179,9
206,75,9
234,208,9
235,132,9
282,25,9
285,124,9
285,324,9
290,158,9
290,171,9
294,29,9
307,194,9
309,121,9
324,124,9
324,285,9
5,315,10
19,179,10
19,200,10
38,132,10
38,235,10
51,193,10
71,166,10
72,241,10
74,253,10
108,27,10
111,122,10
113,292,10
117,90,10
118,240,10
124,285,10
124,324,10
132,38,10
149,274,10
162,141,10
166,71,10
179,19,10
179,120,10
193,51,10
200,19,10
235,38,10
240,118,10
253,74,10
274,149,10
282,135,10
285,124,10
285,324,10
290,218,10
292,113,10
308,157,10
324,124,10
324,285,10
19,179,11
19,200,11
22,97,11
25,135,11
25,224,11
26,45,11
38,132,11
38,160,11
38,235,11
45,26,11
54,241,11
62,141,11
65,264,11
72,54,11
72,241,11
73,74,11
74,73,11
74,253,11
97,22,11
108,158,11
118,163,11
135,25,11
135,224,11
137,208,11
137,316,11
141,62,11
141,162,11
149,256,11
149,274,11
158,108,11
158,218,11
160,38,11
163,118,11
169,267,11
179,19,11
192,36,11
208,137,11
218,158,11
218,290,11
224,25,11
224,135,11
241,54,11
241,72,11
256,149,11
264,65,11
264,300,11
267,169,11
295,317,11
300,264,11
317,295,11
19,179,12
19,266,12
22,322,12
35,157,12
38,132,12
38,235,12
40,247,12
40,265,12
53,293,12
54,72,12
54,241,12
63,87,12
72,54,12
72,241,12
73,253,12
87,63,12
90,242,12
95,227,12
97,322,12
112,247,12
117,242,12
126,165,12
129,185,12
141,62,12
145,294,12
157,35,12
158,108,12
165,126,12
171,259,12
172,210,12
178,33,12
185,129,12
195,287,12
204,246,12
210,172,12
210,268,12
227,95,12
229,274,12
241,54,12
241,72,12
242,90,12
242,117,12
246,204,12
247,40,12
247,112,12
247,265,12
253,73,12
259,171,12
264,65,12
265,40,12
265,247,12
266,19,12
268,210,12
274,229,12
287,195,12
293,53,12
294,145,12
322,22,12
322,97,12
7,87,13
9,198,13
25,135,13
25,224,13
27,158,13
34,65,13
37,320,13
40,247,13
57,222,13
65,34,13
67,299,13
87,7,13
87,63,13
90,117,13
96,257,13
112,265,13
117,90,13
117,242,13
131,102,13
135,25,13
135,224,13
145,197,13
145,294,13
157,308,13
158,27,13
159,279,13
179,200,13
197,294,13
198,9,13
200,179,13
222,57,13
224,25,13
224,135,13
230,277,13
241,54,13
241,72,13
247,40,13
247,265,13
265,112,13
265,247,13
277,230,13
279,159,13
294,197,13
299,67,13
320,37,13
324,124,13
8,26,14
11,288,14
19,200,14
26,8,14
30,150,14
40,262,14
50,211,14
86,162,14
87,7,14
117,90,14
123,130,14
130,123,14
137,208,14
150,30,14
157,35,14
158,108,14
160,235,14
162,69,14
162,86,14
179,278,14
200,19,14
201,258,14
211,50,14
235,160,14
241,54,14
247,40,14
258,201,14
262,40,14
265,112,14
268,133,14
278,179,14
288,11,14
302,304,14
304,302,14
13,45,15
18,274,15
25,282,15
28,166,15
32,140,15
38,132,15
39,76,15
45,13,15
58,250,15
68,195,15
70,184,15
76,39,15
90,242,15
92,100,15
100,92,15
108,218,15
120,278,15
137,296,15
140,32,15
145,298,15
158,27,15
162,69,15
166,28,15
184,70,15
195,68,15
195,287,15
211,304,15
218,108,15
234,296,15
239,281,15
242,90,15
250,58,15
274,18,15
278,120,15
281,239,15
282,25,15
296,137,15
296,234,15
304,211,15
1,43,16
16,89,16
18,229,16
18,274,16
22,97,16
40,112,16
43,1,16
50,304,16
64,66,16
65,264,16
66,64,16
68,201,16
69,230,16
89,16,16
97,22,16
108,158,16
112,40,16
145,197,16
149,256,16
152,191,16
158,108,16
162,230,16
166,71,16
181,222,16
191,152,16
195,68,16
197,145,16
197,298,16
201,68,16
205,228,16
208,234,16
211,50,16
211,304,16
222,181,16
227,252,16
228,205,16
229,18,16
229,256,16
230,69,16
230,162,16
234,208,16
247,262,16
252,227,16
256,229,16
262,247,16
266,278,16
267,320,16
278,266,16
298,197,16
304,50,16
304,211,16
320,267,16
9,26,17
18,229,17
18,274,17
19,266,17
19,278,17
25,135,17
25,282,17
26,9,17
35,142,17
37,313,17
40,247,17
50,211,17
50,304,17
54,72,17
59,178,17
62,230,17
72,54,17
86,215,17
90,117,17
90,242,17
93,196,17
104,126,17
108,218,17
115,249,17
117,242,17
126,104,17
127,211,17
135,25,17
135,282,17
137,194,17
145,298,17
162,277,17
178,59,17
194,137,17
194,208,17
196,93,17
208,194,17
208,296,17
210,172,17
211,50,17
211,127,17
229,18,17
229,274,17
230,62,17
230,162,17
234,296,17
242,117,17
247,40,17
249,115,17
266,19,17
266,278,17
274,229,17
277,162,17
278,19,17
278,266,17
282,135,17
296,208,17
296,234,17
298,145,17
304,50,17
313,37,17
19,266,18
26,198,18
40,112,18
40,247,18
60,180,18
62,69,18
65,34,18
65,264,18
67,77,18
69,62,18
77,67,18
104,165,18
112,247,18
119,276,18
140,324,18
158,27,18
162,230,18
165,104,18
169,320,18
180,60,18
198,26,18
201,258,18
218,290,18
247,112,18
266,19,18
267,169,18
267,320,18
274,18,18
274,229,18
276,119,18
320,169,18
320,267,18
324,140,18
19,278,19
33,153,19
38,160,19
46,315,19
68,195,19
69,230,19
82,308,19
145,197,19
145,298,19
153,33,19
160,38,19
197,145,19
197,298,19
230,69,19
278,19,19
298,197,19
308,82,19
315,46,19
5,157,20
40,112,20
112,40,20
122,131,20
129,286,20
131,122,20
139,301,20
149,206,20
157,5,20
158,218,20
175,220,20
194,137,20
200,266,20
206,149,20
218,158,20
220,175,20
266,200,20
286,129,20
301,139,20
11,212,21
18,229,21
18,274,21
20,297,21
41,175,21
56,288,21
62,230,21
69,62,21
69,162,21
69,230,21
85,311,21
87,273,21
89,227,21
97,290,21
121,284,21
122,111,21
137,307,21
145,197,21
145,294,21
151,219,21
157,296,21
162,69,21
169,267,21
175,41,21
177,269,21
179,200,21
195,287,21
197,145,21
200,179,21
208,307,21
212,11,21
219,151,21
227,89,21
227,252,21
229,18,21
230,62,21
230,69,21
241,316,21
267,169,21
269,177,21
273,87,21
274,18,21
284,121,21
288,56,21
290,97,21
294,145,21
296,157,21
297,20,21
307,137,21
307,208,21
311,85,21
316,241,21
18,229,22
18,274,22
19,179,22
35,46,22
36,245,22
46,35,22
56,258,22
56,288,22
62,162,22
107,48,22
111,131,22
122,131,22
131,111,22
131,122,22
145,197,22
145,298,22
157,5,22
157,296,22
162,62,22
166,28,22
175,220,22
179,19,22
190,212,22
195,201,22
200,266,22
201,195,22
212,190,22
227,89,22
227,252,22
245,36,22
258,56,22
298,145,22
1,280,23
7,273,23
19,200,23
34,264,23
34,300,23
35,142,23
59,146,23
72,316,23
75,167,23
77,299,23
87,7,23
87,273,23
89,252,23
90,117,23
117,90,23
131,111,23
131,122,23
137,208,23
145,294,23
145,298,23
158,27,23
158,218,23
167,75,23
169,232,23
172,284,23
178,79,23
186,310,23
195,68,23
196,250,23
200,19,23
208,137,23
227,89,23
227,252,23
232,169,23
250,196,23
252,89,23
252,227,23
264,34,23
273,7,23
273,87,23
280,1,23
284,172,23
294,298,23
298,294,23
299,77,23
300,34,23
310,186,23
316,72,23
7,87,24
32,100,24
46,315,24
49,272,24
69,162,24
72,241,24
87,7,24
100,32,24
103,197,24
111,122,24
111,131,24
122,111,24
122,131,24
131,111,24
131,122,24
162,69,24
197,103,24
200,266,24
211,304,24
216,302,24
241,72,24
252,89,24
252,227,24
272,49,24
298,145,24
298,294,24
302,216,24
304,211,24
5,234,25
8,111,25
8,131,25
23,297,25
24,55,25
27,289,25
31,132,25
37,232,25
37,313,25
38,235,25
43,57,25
44,136,25
55,24,25
57,43,25
60,83,25
64,237,25
67,174,25
83,60,25
111,8,25
111,122,25
111,131,25
116,203,25
120,200,25
122,111,25
122,131,25
124,212,25
131,8,25
131,111,25
131,122,25
132,31,25
136,44,25
145,197,25
154,223,25
174,67,25
195,287,25
197,145,25
197,298,25
200,120,25
203,116,25
210,295,25
212,124,25
214,303,25
223,154,25
225,272,25
227,95,25
229,274,25
230,277,25
232,37,25
232,169,25
234,5,25
235,38,25
237,64,25
252,89,25
264,300,25
272,225,25
274,229,25
277,230,25
289,27,25
295,210,25
297,23,25
298,197,25
300,264,25
303,214,25
5,296,26
7,84,26
28,71,26
30,143,26
37,232,26
37,313,26
56,68,26
62,141,26
62,277,26
66,237,26
68,56,26
71,28,26
84,7,26
87,251,26
105,303,26
107,132,26
111,122,26
122,111,26
122,131,26
132,107,26
133,284,26
143,30,26
156,318,26
197,145,26
208,307,26
226,229,26
229,226,26
232,37,26
232,169,26
232,267,26
237,66,26
258,288,26
262,265,26
265,262,26
267,232,26
277,62,26
284,133,26
288,258,26
296,5,26
298,294,26
303,105,26
304,50,26
318,156,26
321,323,26
323,321,26
5,157,27
5,234,27
5,296,27
8,111,27
8,131,27
14,98,27
37,267,27
98,14,27
111,8,27
111,131,27
124,190,27
124,212,27
131,8,27
131,111,27
132,31,27
132,107,27
132,205,27
141,277,27
157,5,27
163,240,27
190,124,27
190,212,27
195,201,27
205,132,27
208,137,27
212,190,27
232,169,27
234,296,27
237,64,27
237,66,27
240,163,27
267,37,27
277,141,27
295,317,27
296,234,27
5,157,28
16,227,28
27,259,28
34,264,28
54,316,28
62,230,28
68,195,28
74,228,28
100,92,28
111,122,28
114,281,28
122,111,28
127,216,28
129,255,28
131,8,28
132,31,28
145,294,28
157,296,28
195,68,28
195,201,28
216,127,28
227,16,28
228,74,28
230,62,28
255,129,28
259,27,28
264,34,28
281,114,28
284,172,28
294,145,28
296,157,28
297,20,28
303,214,28
304,211,28
316,54,28
8,122,29
8,131,29
16,95,29
18,229,29
25,297,29
29,135,29
32,289,29
35,315,29
54,134,29
69,121,29
78,235,29
95,16,29
107,205,29
121,69,29
122,8,29
122,111,29
124,190,29
126,159,29
132,107,29
134,54,29
135,29,29
142,315,29
159,126,29
176,302,29
185,251,29
186,241,29
190,124,29
193,296,29
195,68,29
205,107,29
206,274,29
208,307,29
229,18,29
235,78,29
241,186,29
251,185,29
258,269,29
269,258,29
274,206,29
289,32,29
294,298,29
296,193,29
297,25,29
302,176,29
315,35,29
315,142,29
1,305,30
16,227,30
27,171,30
27,259,30
32,92,30
32,289,30
34,105,30
50,299,30
53,156,30
57,222,30
67,109,30
67,174,30
90,164,30
92,32,30
99,318,30
105,34,30
107,132,30
109,67,30
109,174,30
129,286,30
132,205,30
137,307,30
140,249,30
145,298,30
156,53,30
161,319,30
164,90,30
171,27,30
174,109,30
194,208,30
194,307,30
201,288,30
202,260,30
205,132,30
208,194,30
213,279,30
222,57,30
232,267,30
240,306,30
249,140,30
260,202,30
267,232,30
279,213,30
288,201,30
294,145,30
294,298,30
296,157,30
298,145,30
298,294,30
299,50,30
305,1,30
306,240,30
307,137,30
307,194,30
315,35,30
315,142,30
318,99,30
319,161,30
8,122,31
17,301,31
18,274,31
35,142,31
38,160,31
49,252,31
58,196,31
71,182,31
120,266,31
122,8,31
142,35,31
149,167,31
156,318,31
163,306,31
167,149,31
169,320,31
174,67,31
174,109,31
182,71,31
194,208,31
196,58,31
200,266,31
224,297,31
251,286,31
252,49,31
266,120,31
266,200,31
274,18,31
286,251,31
297,224,31
298,145,31
298,294,31
301,17,31
306,163,31
306,240,31
307,137,31
318,156,31
320,169,31
8,131,32
9,45,32
16,242,32
35,315,32
40,140,32
43,309,32
45,9,32
53,318,32
67,109,32
67,174,32
92,100,32
93,250,32
105,264,32
109,67,32
109,174,32
119,192,32
133,268,32
135,282,32
137,208,32
140,40,32
156,53,32
156,318,32
157,234,32
174,67,32
174,109,32
192,119,32
208,137,32
208,307,32
226,256,32
234,157,32
242,16,32
250,93,32
256,226,32
264,105,32
266,120,32
266,200,32
307,208,32
309,43,32
315,35,32
318,53,32
318,156,32
11,56,33
13,102,33
15,257,33
25,224,33
34,303,33
41,220,33
56,11,33
67,109,33
67,174,33
69,230,33
102,13,33
103,294,33
109,67,33
118,123,33
119,202,33
123,118,33
129,255,33
132,31,33
151,240,33
174,67,33
192,276,33
202,119,33
208,194,33
219,221,33
220,41,33
221,219,33
224,25,33
224,297,33
226,229,33
229,226,33
230,69,33
240,151,33
240,306,33
241,72,33
241,186,33
247,262,33
257,15,33
258,288,33
262,247,33
266,120,33
266,200,33
276,192,33
288,258,33
294,103,33
298,145,33
303,34,33
318,53,33
8,246,34
24,164,34
39,183,34
47,304,34
64,177,34
76,183,34
80,207,34
99,156,34
109,174,34
120,200,34
121,162,34
124,212,34
134,193,34
140,249,34
156,99,34
158,259,34
162,121,34
164,24,34
174,109,34
177,64,34
183,39,34
183,76,34
186,190,34
190,186,34
190,241,34
193,134,34
200,120,34
207,80,34
212,124,34
224,25,34
234,296,34
241,190,34
246,8,34
258,269,34
259,158,34
262,265,34
267,37,34
296,234,34
304,47,34
304,211,34
5,82,35
5,157,35
9,313,35
22,184,35
24,90,35
28,166,35
30,150,35
36,214,35
37,232,35
47,211,35
53,156,35
53,318,35
54,187,35
82,5,35
90,24,35
102,122,35
119,276,35
122,102,35
132,205,35
139,260,35
151,306,35
156,53,35
156,99,35
157,5,35
167,206,35
184,22,35
187,54,35
190,212,35
198,204,35
204,198,35
206,167,35
211,47,35
212,190,35
214,36,35
232,37,35
258,288,35
260,139,35
269,288,35
276,119,35
288,269,35
306,151,35
306,240,35
313,9,35
13,122,36
14,19,36
16,227,36
19,14,36
22,97,36
22,290,36
24,164,36
27,108,36
47,304,36
50,211,36
82,157,36
89,95,36
95,89,36
97,22,36
97,290,36
100,289,36
108,27,36
115,262,36
115,265,36
122,13,36
135,29,36
135,282,36
135,297,36
137,307,36
157,82,36
211,50,36
229,256,36
256,229,36
256,274,36
258,269,36
258,288,36
262,115,36
262,265,36
265,115,36
265,262,36
269,258,36
269,288,36
274,256,36
282,297,36
288,258,36
288,269,36
289,100,36
290,22,36
290,97,36
297,135,36
297,282,36
304,47,36
307,137,36
9,45,37
13,102,37
13,122,37
16,242,37
21,111,37
22,97,37
22,290,37
25,282,37
45,313,37
53,156,37
58,250,37
68,287,37
97,22,37
97,290,37
102,13,37
102,122,37
111,21,37
119,202,37
122,102,37
137,241,37
142,308,37
149,206,37
151,323,37
156,53,37
159,165,37
165,159,37
177,201,37
179,278,37
194,307,37
201,177,37
206,149,37
224,282,37
224,297,37
229,274,37
241,137,37
250,58,37
255,270,37
258,269,37
269,258,37
274,229,37
278,179,37
282,25,37
282,224,37
282,297,37
287,68,37
290,22,37
290,97,37
294,298,37
297,224,37
297,282,37
298,294,37
307,194,37
308,142,37
313,45,37
323,151,37
2,55,38
13,102,38
15,267,38
17,192,38
22,97,38
22,290,38
24,90,38
24,164,38
25,224,38
25,282,38
25,297,38
31,48,38
32,92,38
45,89,38
48,31,38
50,304,38
55,2,38
69,162,38
75,207,38
78,244,38
86,275,38
89,45,38
89,313,38
90,164,38
91,246,38
92,32,38
97,22,38
97,184,38
102,13,38
140,324,38
157,5,38
157,82,38
162,69,38
164,90,38
184,97,38
192,17,38
195,287,38
207,75,38
220,175,38
224,25,38
246,91,38
267,15,38
275,86,38
282,25,38
282,297,38
287,195,38
290,22,38
297,25,38
297,282,38
304,50,38
313,89,38
24,90,39
26,204,39
42,147,39
48,132,39
63,273,39
78,235,39
82,234,39
89,45,39
90,24,39
90,164,39
97,290,39
101,304,39
119,276,39
132,48,39
135,29,39
147,42,39
184,290,39
204,26,39
208,307,39
219,240,39
234,82,39
240,219,39
241,310,39
273,63,39
287,68,39
290,97,39
290,184,39
297,25,39
304,101,39
307,208,39
310,241,39
10,41,40
25,224,40
29,282,40
33,126,40
41,10,40
48,31,40
53,99,40
53,156,40
97,184,40
97,290,40
99,53,40
110,229,40
115,140,40
116,223,40
126,33,40
135,282,40
137,194,40
140,115,40
149,167,40
161,260,40
167,149,40
184,97,40
193,296,40
194,137,40
223,116,40
229,110,40
254,262,40
260,161,40
262,254,40
264,321,40
282,29,40
282,135,40
290,97,40
296,193,40
321,264,40
6,253,41
11,259,41
40,249,41
50,266,41
53,99,41
54,315,41
72,234,41
76,117,41
78,244,41
89,313,41
90,24,41
90,164,41
97,184,41
99,156,41
102,217,41
104,159,41
106,178,41
110,149,41
110,229,41
117,76,41
121,263,41
137,241,41
145,197,41
149,110,41
156,99,41
159,104,41
163,219,41
173,195,41
177,64,41
178,106,41
195,173,41
217,102,41
219,163,41
227,252,41
232,320,41
234,72,41
241,137,41
249,40,41
252,227,41
253,6,41
259,11,41
263,121,41
266,50,41
282,29,41
290,22,41
304,47,41
315,54,41
320,232,41
8,91,42
24,164,42
25,297,42
37,313,42
47,182,42
90,24,42
90,164,42
91,8,42
100,259,42
137,194,42
137,241,42
149,229,42
160,205,42
161,319,42
164,24,42
164,90,42
177,201,42
182,47,42
192,276,42
204,198,42
205,160,42
229,149,42
259,100,42
262,265,42
276,192,42
313,37,42
12,236,43
24,90,43
49,272,43
64,237,43
67,77,43
72,157,43
72,208,43
72,234,43
77,67,43
90,24,43
154,289,43
157,72,43
161,260,43
170,314,43
174,292,43
202,291,43
206,274,43
208,72,43
212,310,43
237,64,43
254,265,43
262,254,43
262,265,43
265,254,43
265,262,43
272,49,43
274,206,43
289,154,43
291,202,43
292,174,43
310,212,43
314,170,43
324,285,43
25,224,44
25,297,44
33,153,44
37,267,44
41,220,44
53,156,44
82,308,44
96,314,44
104,312,44
156,53,44
157,5,44
162,230,44
186,316,44
219,240,44
220,41,44
220,175,44
230,162,44
259,11,44
265,254,44
267,37,44
308,82,44
312,104,44
314,96,44
316,186,44
18,226,45
25,224,45
25,282,45
41,175,45
92,154,45
110,149,45
149,110,45
154,92,45
160,38,45
175,41,45
196,250,45
219,163,45
219,240,45
226,18,45
237,66,45
250,196,45
264,65,45
282,25,45
282,29,45
314,170,45
1,88,46
2,164,46
12,125,46
12,236,46
21,167,46
43,57,46
53,99,46
53,156,46
57,43,46
76,183,46
82,142,46
88,1,46
99,53,46
99,214,46
105,188,46
115,249,46
120,299,46
125,12,46
137,234,46
142,82,46
164,2,46
167,21,46
186,190,46
186,212,46
186,310,46
188,105,46
190,186,46
201,269,46
212,186,46
212,310,46
214,99,46
219,163,46
219,240,46
224,282,46
234,137,46
249,115,46
254,262,46
262,254,46
269,201,46
282,224,46
299,120,46
310,186,46
310,212,46
7,179,47
27,218,47
32,40,47
40,32,47
46,187,47
51,315,47
93,278,47
124,190,47
142,308,47
149,229,47
151,163,47
154,289,47
159,165,47
160,205,47
163,151,47
179,7,47
182,211,47
187,46,47
190,124,47
193,308,47
195,287,47
201,177,47
201,237,47
211,182,47
218,27,47
237,64,47
237,201,47
260,319,47
278,93,47
287,195,47
308,142,47
308,193,47
315,51,47
319,260,47
320,169,47
9,89,48
14,101,48
19,101,48
38,205,48
54,134,48
64,66,48
66,64,48
72,208,48
89,9,48
99,156,48
101,14,48
101,19,48
120,200,48
126,279,48
134,54,48
137,296,48
142,82,48
142,308,48
154,92,48
154,289,48
156,99,48
160,38,48
177,237,48
194,241,48
201,177,48
201,237,48
201,269,48
205,38,48
208,307,48
230,275,48
237,177,48
237,201,48
237,269,48
241,194,48
258,288,48
269,237,48
275,230,48
279,126,48
287,68,48
288,258,48
296,137,48
308,142,48
320,232,48
3,118,49
5,308,49
14,19,49
14,101,49
18,274,49
19,14,49
19,101,49
37,313,49
38,160,49
38,205,49
55,164,49
64,177,49
64,201,49
66,201,49
66,269,49
92,158,49
101,14,49
101,19,49
112,247,49
113,319,49
118,3,49
137,234,49
157,308,49
158,92,49
164,55,49
167,206,49
175,231,49
177,64,49
201,64,49
201,66,49
201,269,49
206,167,49
224,297,49
231,175,49
247,112,49
269,66,49
269,201,49
274,18,49
282,29,49
297,224,49
308,5,49
308,157,49
319,113,49
8,111,50
16,227,50
16,252,50
33,126,50
51,187,50
52,61,50
56,124,50
61,52,50
62,141,50
62,277,50
64,237,50
84,278,50
101,14,50
101,19,50
110,229,50
111,8,50
124,56,50
126,33,50
133,172,50
141,62,50
141,277,50
144,323,50
159,279,50
161,291,50
162,69,50
164,2,50
166,271,50
172,133,50
172,284,50
177,237,50
187,51,50
201,64,50
201,237,50
211,266,50
224,282,50
224,297,50
227,16,50
229,110,50
229,149,50
237,64,50
237,177,50
237,201,50
241,307,50
252,16,50
266,211,50
269,66,50
271,166,50
277,62,50
277,141,50
278,84,50
279,159,50
282,224,50
282,297,50
291,161,50
297,282,50
307,241,50
308,5,50
323,144,50
12,125,51
14,19,51
14,101,51
19,14,51
22,184,51
29,224,51
29,282,51
29,297,51
62,141,51
62,277,51
64,177,51
64,237,51
72,307,51
79,153,51
92,154,51
101,14,51
118,306,51
141,62,51
141,277,51
153,79,51
154,92,51
160,235,51
161,260,51
161,291,51
167,21,51
169,232,51
171,218,51
172,133,51
175,41,51
177,64,51
177,237,51
182,266,51
184,22,51
218,171,51
224,29,51
224,297,51
232,169,51
235,160,51
237,64,51
237,177,51
237,201,51
260,161,51
260,291,51
266,182,51
277,62,51
277,141,51
282,29,51
282,297,51
291,260,51
297,29,51
297,224,51
297,282,51
306,118,51
307,72,51
14,19,52
14,101,52
19,101,52
23,224,52
25,297,52
27,171,52
27,218,52
41,301,52
64,201,52
64,237,52
92,289,52
101,19,52
109,292,52
118,3,52
133,268,52
133,284,52
143,319,52
171,27,52
171,218,52
172,284,52
173,194,52
184,322,52
194,173,52
201,64,52
201,237,52
218,27,52
218,171,52
224,23,52
237,64,52
237,201,52
277,62,52
282,25,52
282,297,52
284,133,52
284,172,52
289,92,52
292,109,52
297,25,52
297,29,52
297,282,52
301,41,52
319,143,52
322,184,52
2,90,53
13,111,53
14,19,53
19,14,53
19,101,53
25,282,53
43,309,53
46,51,53
51,46,53
51,187,53
62,141,53
64,201,53
64,269,53
66,237,53
66,269,53
90,2,53
92,154,53
92,289,53
111,13,53
133,172,53
133,284,53
141,62,53
150,239,53
154,289,53
167,229,53
172,133,53
173,241,53
186,212,53
194,241,53
201,64,53
212,186,53
218,27,53
229,167,53
234,310,53
237,66,53
239,150,53
241,173,53
241,194,53
241,307,53
268,284,53
269,64,53
269,66,53
272,225,53
273,286,53
282,25,53
284,133,53
284,268,53
286,273,53
287,195,53
289,154,53
307,241,53
310,234,53
6,250,54
22,290,54
38,235,54
41,175,54
41,301,54
46,134,54
50,247,54
56,259,54
64,201,54
65,123,54
71,176,54
88,305,54
89,45,54
123,65,54
131,204,54
134,46,54
134,187,54
138,200,54
141,162,54
151,240,54
162,141,54
172,263,54
173,194,54
175,301,54
176,71,54
187,134,54
194,173,54
194,307,54
200,138,54
204,131,54
229,149,54
235,38,54
240,151,54
247,50,54
250,6,54
259,56,54
259,288,54
263,172,54
272,49,54
284,133,54
284,268,54
288,259,54
289,92,54
289,154,54
294,103,54
301,175,54
305,88,54
307,194,54
307,241,54
38,160,55
39,248,55
41,175,55
41,301,55
49,225,55
49,272,55
51,134,55
53,119,55
57,268,55
64,237,55
66,237,55
66,269,55
72,296,55
119,53,55
124,288,55
134,51,55
134,187,55
160,38,55
175,41,55
182,47,55
199,245,55
205,235,55
208,241,55
225,49,55
235,205,55
237,64,55
237,66,55
241,208,55
245,199,55
247,299,55
248,39,55
268,57,55
284,133,55
288,124,55
289,92,55
296,72,55
297,29,55
299,247,55
301,41,55
3,65,56
3,118,56
23,297,56
40,92,56
45,227,56
49,225,56
51,187,56
51,315,56
52,303,56
64,177,56
65,3,56
72,208,56
72,308,56
74,107,56
84,179,56
92,40,56
107,74,56
129,168,56
134,51,56
168,129,56
172,268,56
175,301,56
177,64,56
177,237,56
179,84,56
187,51,56
190,310,56
194,173,56
201,269,56
208,72,56
208,241,56
227,45,56
237,177,56
238,263,56
259,56,56
263,238,56
268,172,56
269,201,56
292,174,56
296,308,56
297,23,56
301,175,56
303,52,56
308,72,56
308,296,56
310,190,56
3,65,57
3,118,57
51,134,57
64,269,57
65,118,57
68,258,57
72,296,57
72,308,57
92,289,57
109,174,57
110,155,57
118,65,57
133,263,57
134,187,57
155,110,57
157,193,57
160,205,57
160,235,57
169,189,57
173,307,57
174,109,57
177,64,57
177,201,57
187,134,57
189,169,57
193,157,57
201,177,57
201,269,57
205,160,57
206,229,57
229,206,57
235,160,57
258,68,57
263,133,57
269,64,57
269,201,57
278,93,57
296,72,57
296,308,57
297,29,57
307,173,57
308,72,57
308,296,57
7,14,58
8,13,58
13,8,58
14,7,58
17,139,58
34,52,58
41,10,58
46,187,58
50,77,58
51,187,58
52,34,58
64,66,58
66,64,58
77,50,58
81,164,58
89,227,58
99,119,58
99,156,58
119,99,58
139,17,58
153,279,58
164,81,58
173,194,58
177,269,58
187,46,58
187,51,58
194,241,58
201,177,58
201,269,58
202,318,58
212,310,58
227,89,58
229,149,58
229,206,58
241,194,58
269,177,58
269,201,58
279,153,58
310,212,58
318,202,58
5,72,59
11,171,59
13,111,59
14,101,59
41,301,59
45,89,59
53,318,59
59,169,59
60,305,59
68,269,59
72,5,59
89,45,59
89,227,59
99,119,59
101,14,59
104,279,59
105,321,59
113,143,59
124,287,59
133,238,59
133,263,59
143,113,59
164,220,59
169,59,59
171,11,59
172,263,59
173,307,59
177,201,59
177,269,59
184,97,59
187,46,59
187,51,59
194,173,59
201,177,59
201,269,59
205,235,59
208,296,59
220,164,59
224,297,59
235,205,59
238,133,59
241,307,59
263,172,59
269,68,59
269,177,59
269,201,59
279,104,59
287,124,59
296,208,59
297,224,59
301,41,59
305,60,59
307,241,59
310,190,59
318,53,59
321,105,59
15,232,60
16,95,60
29,224,60
29,297,60
50,120,60
57,69,60
66,237,60
68,201,60
68,269,60
69,57,60
84,93,60
89,45,60
93,84,60
95,16,60
95,252,60
109,292,60
120,50,60
133,172,60
137,212,60
172,133,60
173,194,60
187,46,60
187,51,60
194,241,60
201,68,60
201,269,60
212,137,60
218,322,60
224,29,60
224,297,60
232,15,60
237,66,60
241,194,60
241,307,60
252,95,60
269,68,60
269,201,60
289,154,60
292,109,60
297,29,60
297,224,60
322,218,60
3,65,61
16,45,61
19,98,61
33,213,61
38,78,61
41,10,61
45,16,61
45,89,61
53,202,61
53,318,61
65,3,61
68,201,61
68,269,61
69,141,61
70,94,61
72,82,61
78,38,61
82,72,61
94,70,61
98,19,61
104,153,61
141,69,61
151,323,61
153,104,61
169,189,61
172,238,61
187,134,61
201,68,61
201,269,61
202,53,61
202,318,61
213,33,61
226,256,61
232,267,61
238,172,61
256,226,61
267,232,61
269,68,61
269,177,61
269,201,61
318,202,61
323,151,61
5,82,62
29,224,62
51,134,62
57,222,62
61,303,62
64,237,62
68,177,62
69,222,62
72,5,62
77,120,62
82,5,62
120,77,62
134,51,62
143,216,62
160,205,62
173,241,62
177,68,62
177,269,62
190,288,62
205,160,62
207,80,62
216,143,62
222,69,62
224,29,62
224,297,62
237,64,62
238,263,62
241,173,62
258,259,62
259,258,62
263,238,62
269,177,62
288,190,62
303,61,62
20,224,63
21,145,63
25,29,63
29,25,63
32,140,63
33,279,63
34,300,63
37,45,63
37,89,63
45,37,63
45,89,63
52,214,63
69,141,63
80,167,63
80,207,63
89,37,63
89,45,63
93,278,63
120,50,63
120,77,63
129,270,63
137,157,63
140,32,63
145,21,63
157,137,63
163,321,63
167,80,63
172,133,63
173,194,63
176,182,63
177,68,63
177,269,63
182,176,63
194,173,63
205,235,63
214,52,63
222,57,63
224,20,63
255,273,63
270,129,63
273,255,63
279,33,63
285,288,63
288,285,63
300,34,63
305,88,63
318,53,63
321,163,63
20,297,64
37,45,64
37,89,64
45,37,64
45,89,64
50,77,64
50,120,64
56,171,64
77,50,64
77,120,64
89,37,64
89,45,64
101,200,64
120,50,64
120,77,64
171,56,64
175,231,64
177,201,64
177,269,64
200,101,64
201,177,64
205,160,64
205,235,64
208,308,64
296,308,64
297,20,64
308,208,64
308,296,64
321,105,64
8,167,65
20,25,65
20,29,65
25,20,65
25,29,65
29,20,65
29,25,65
37,45,65
45,37,65
45,89,65
50,77,65
77,50,65
129,168,65
141,222,65
167,8,65
181,231,65
222,141,65
231,181,65
232,15,65
275,86,65
285,310,65
297,23,65
305,60,65
310,285,65
14,200,66
16,89,66
26,320,66
29,20,66
29,25,66
36,192,66
37,89,66
37,252,66
45,37,66
45,89,66
72,296,66
89,16,66
89,37,66
89,45,66
94,223,66
99,156,66
118,123,66
121,317,66
123,118,66
124,288,66
149,256,66
169,59,66
174,260,66
179,278,66
186,193,66
192,36,66
193,186,66
200,14,66
200,101,66
216,281,66
218,27,66
223,94,66
252,37,66
256,149,66
260,174,66
278,179,66
281,216,66
288,124,66
296,72,66
317,121,66
320,26,66
3,306,67
13,217,67
14,101,67
14,200,67
20,297,67
30,319,67
33,104,67
33,279,67
45,313,67
50,67,67
57,121,67
67,50,67
67,138,67
68,258,67
69,230,67
77,120,67
80,167,67
83,280,67
89,16,67
93,101,67
93,200,67
101,14,67
101,93,67
101,200,67
104,33,67
104,279,67
121,57,67
124,190,67
132,221,67
134,142,67
138,67,67
141,69,67
142,134,67
157,212,67
167,80,67
190,124,67
200,14,67
200,93,67
200,101,67
212,157,67
217,13,67
221,132,67
230,69,67
258,68,67
266,304,67
273,286,67
279,104,67
280,83,67
289,322,67
296,308,67
297,20,67
304,266,67
306,3,67
313,45,67
319,30,67
322,289,67
6,253,68
37,313,68
41,81,68
50,138,68
62,162,68
79,106,68
81,41,68
105,163,68
106,79,68
106,178,68
110,229,68
112,249,68
138,50,68
143,113,68
162,62,68
163,105,68
172,191,68
173,234,68
176,302,68
190,310,68
191,172,68
193,212,68
194,241,68
200,14,68
200,93,68
212,193,68
229,110,68
234,173,68
241,194,68
249,112,68
310,190,68
313,37,68
313,45,68
14,196,69
14,200,69
16,227,69
37,95,69
40,100,69
45,89,69
45,313,69
50,77,69
50,138,69
77,50,69
77,138,69
89,45,69
89,313,69
93,101,69
95,37,69
100,40,69
100,154,69
101,93,69
106,79,69
127,211,69
138,77,69
141,230,69
154,100,69
155,229,69
158,289,69
169,189,69
177,201,69
195,234,69
196,14,69
196,200,69
200,14,69
200,196,69
211,127,69
217,102,69
227,16,69
229,155,69
230,141,69
234,195,69
289,158,69
297,23,69
313,89,69
20,25,70
25,20,70
25,29,70
32,154,70
50,77,70
50,138,70
53,202,70
70,223,70
72,82,70
77,50,70
77,138,70
82,72,70
106,178,70
138,50,70
138,77,70
154,32,70
154,100,70
180,209,70
193,316,70
200,14,70
202,53,70
209,180,70
212,157,70
212,193,70
217,13,70
218,290,70
223,70,70
290,218,70
316,193,70
18,149,71
25,20,71
31,261,71
50,77,71
50,138,71
57,238,71
57,268,71
66,171,71
77,50,71
77,138,71
92,154,71
96,170,71
112,247,71
115,203,71
121,222,71
121,317,71
138,50,71
138,77,71
149,18,71
154,92,71
154,100,71
157,316,71
170,96,71
170,257,71
171,66,71
193,212,71
200,196,71
203,115,71
208,241,71
218,27,71
222,121,71
223,94,71
234,173,71
238,57,71
238,268,71
241,208,71
247,112,71
257,170,71
261,31,71
268,57,71
268,238,71
273,255,71
316,157,71
5,142,72
10,81,72
23,25,72
23,297,72
25,23,72
25,297,72
28,112,72
32,92,72
32,154,72
38,160,72
41,139,72
47,304,72
53,318,72
57,317,72
74,228,72
81,10,72
92,32,72
96,257,72
98,262,72
101,196,72
112,28,72
121,222,72
124,258,72
139,41,72
142,5,72
154,32,72
154,100,72
160,38,72
176,182,72
176,302,72
192,214,72
196,101,72
196,200,72
212,316,72
214,192,72
223,70,72
223,94,72
224,246,72
246,224,72
256,226,72
257,96,72
257,170,72
258,124,72
262,98,72
267,313,72
279,33,72
297,25,72
304,47,72
313,45,72
313,267,72
316,212,72
317,57,72
15,320,73
17,41,73
17,164,73
41,17,73
41,164,73
45,267,73
51,63,73
57,268,73
63,51,73
70,94,73
92,100,73
94,70,73
100,92,73
100,154,73
101,93,73
106,79,73
135,246,73
149,274,73
164,17,73
164,41,73
171,269,73
175,199,73
186,212,73
193,186,73
193,212,73
194,307,73
199,175,73
212,186,73
212,193,73
222,317,73
229,110,73
234,307,73
246,135,73
246,224,73
257,96,73
267,45,73
268,57,73
268,238,73
269,171,73
274,149,73
297,23,73
297,25,73
307,194,73
307,234,73
317,222,73
320,15,73
17,41,74
20,23,74
22,108,74
23,20,74
23,25,74
25,23,74
25,297,74
32,100,74
32,154,74
34,52,74
41,17,74
52,34,74
56,218,74
57,238,74
64,66,74
65,130,74
66,64,74
74,151,74
100,32,74
100,92,74
100,154,74
107,228,74
108,22,74
130,65,74
135,224,74
135,246,74
151,74,74
154,32,74
154,100,74
169,59,74
172,284,74
176,182,74
176,302,74
182,302,74
184,243,74
188,192,74
192,188,74
192,214,74
208,296,74
218,56,74
224,135,74
228,107,74
238,57,74
241,296,74
243,184,74
246,135,74
247,249,74
249,247,74
279,104,74
280,305,74
284,172,74
296,208,74
296,241,74
302,182,74
305,280,74
8,111,75
23,20,75
23,297,75
27,290,75
29,282,75
32,100,75
39,117,75
60,83,75
70,223,75
83,60,75
83,280,75
92,154,75
100,32,75
106,178,75
111,8,75
117,39,75
129,251,75
142,134,75
153,213,75
154,92,75
170,314,75
173,194,75
173,234,75
186,316,75
188,214,75
194,173,75
194,234,75
213,153,75
214,188,75
218,290,75
220,311,75
222,121,75
223,70,75
234,173,75
234,194,75
251,129,75
264,306,75
280,83,75
282,29,75
286,315,75
290,27,75
290,218,75
297,23,75
306,264,75
311,220,75
315,286,75
316,186,75
8,167,76
20,282,76
23,20,76
23,282,76
26,45,76
32,154,76
34,300,76
45,26,76
46,54,76
52,300,76
54,46,76
90,24,76
93,196,76
98,254,76
100,154,76
106,165,76
121,230,76
144,163,76
144,321,76
151,323,76
154,32,76
154,100,76
163,144,76
163,321,76
165,106,76
167,8,76
173,194,76
194,173,76
196,93,76
230,121,76
230,141,76
254,98,76
282,20,76
282,23,76
282,29,76
300,52,76
321,144,76
321,163,76
4,245,77
20,23,77
20,29,77
20,282,77
23,20,77
23,29,77
23,282,77
27,289,77
29,20,77
29,23,77
33,126,77
37,89,77
45,198,77
79,178,77
89,37,77
93,101,77
93,196,77
95,252,77
97,158,77
139,276,77
157,186,77
158,97,77
176,182,77
176,302,77
178,79,77
182,176,77
182,302,77
186,157,77
190,287,77
193,316,77
198,45,77
218,56,77
230,121,77
245,4,77
252,95,77
263,295,77
276,139,77
280,305,77
282,20,77
282,23,77
287,190,77
289,27,77
295,263,77
300,34,77
300,52,77
302,176,77
302,182,77
316,193,77
321,144,77
6,58,78
6,250,78
8,111,78
8,167,78
18,274,78
20,29,78
23,29,78
27,97,78
29,20,78
29,23,78
45,26,78
57,222,78
58,6,78
68,288,78
81,139,78
87,286,78
89,313,78
97,27,78
101,196,78
121,141,78
121,230,78
139,81,78
139,276,78
141,121,78
141,230,78
157,316,78
173,234,78
192,36,78
194,241,78
196,101,78
218,290,78
222,57,78
230,141,78
234,173,78
241,194,78
274,18,78
285,308,78
286,87,78
288,68,78
297,25,78
302,176,78
302,182,78
304,266,78
308,285,78
313,89,78
316,157,78
5,134,79
6,58,79
11,56,79
11,218,79
11,290,79
12,244,79
20,25,79
25,20,79
25,297,79
56,11,79
56,218,79
82,308,79
89,37,79
112,266,79
117,242,79
134,5,79
139,81,79
139,276,79
157,186,79
161,174,79
174,161,79
175,301,79
195,287,79
211,292,79
218,11,79
218,56,79
230,121,79
242,117,79
244,12,79
266,112,79
282,297,79
287,195,79
290,11,79
292,211,79
297,282,79
301,175,79
302,176,79
308,82,79
308,285,79
11,56,80
11,218,80
20,29,80
20,297,80
29,20,80
30,291,80
45,198,80
45,267,80
56,11,80
56,218,80
77,120,80
82,285,80
82,308,80
84,250,80
89,313,80
125,236,80
137,193,80
164,319,80
173,195,80
173,234,80
193,137,80
195,173,80
198,267,80
215,245,80
218,11,80
218,56,80
228,323,80
236,125,80
245,215,80
250,84,80
257,314,80
267,198,80
285,82,80
285,308,80
291,30,80
297,20,80
297,25,80
297,282,80
300,34,80
304,47,80
308,82,80
308,285,80
309,317,80
314,257,80
317,309,80
319,164,80
323,228,80
7,196,81
17,164,81
20,25,81
20,282,81
20,297,81
23,282,81
25,20,81
25,297,81
27,158,81
28,266,81
40,259,81
53,99,81
86,231,81
87,251,81
97,158,81
99,53,81
102,206,81
128,264,81
158,27,81
158,97,81
163,105,81
164,17,81
173,195,81
182,281,81
196,7,81
206,102,81
212,308,81
218,290,81
231,86,81
234,241,81
241,234,81
251,87,81
259,40,81
264,128,81
264,306,81
266,28,81
266,304,81
267,45,81
281,182,81
281,216,81
282,20,81
282,23,81
282,297,81
290,218,81
297,20,81
297,25,81
297,282,81
300,52,81
304,266,81
308,212,81
309,43,81
8,111,82
20,23,82
20,282,82
20,297,82
23,20,82
27,97,82
27,158,82
32,140,82
51,142,82
69,141,82
69,309,82
72,134,82
75,224,82
82,212,82
91,167,82
97,27,82
97,158,82
111,217,82
114,239,82
121,309,82
123,125,82
125,123,82
133,210,82
134,72,82
141,69,82
142,51,82
146,189,82
158,27,82
158,97,82
164,319,82
167,91,82
179,233,82
189,146,82
210,133,82
212,82,82
217,111,82
224,75,82
230,317,82
233,179,82
239,114,82
266,28,82
281,182,82
282,20,82
282,297,82
297,20,82
297,282,82
309,69,82
309,121,82
317,230,82
20,25,83
20,282,83
24,76,83
25,20,83
37,313,83
64,171,83
68,177,83
69,141,83
74,107,83
76,24,83
79,165,83
105,306,83
107,74,83
139,81,83
144,163,83
144,321,83
149,226,83
151,219,83
163,144,83
163,321,83
165,79,83
171,64,83
177,68,83
186,316,83
195,234,83
219,151,83
226,149,83
234,195,83
238,268,83
238,317,83
266,112,83
282,20,83
282,297,83
306,105,83
313,37,83
316,186,83
317,238,83
321,163,83
6,250,84
10,17,84
10,164,84
17,10,84
17,164,84
20,297,84
77,299,84
78,160,84
79,106,84
79,165,84
81,175,84
105,264,84
105,306,84
106,79,84
106,165,84
158,27,84
160,78,84
164,10,84
164,17,84
165,106,84
175,81,84
179,278,84
195,241,84
199,231,84
201,287,84
217,13,84
222,230,84
222,238,84
230,222,84
231,199,84
234,307,84
238,222,84
241,195,84
250,6,84
264,105,84
264,306,84
265,324,84
287,201,84
297,20,84
299,77,84
306,264,84
309,43,84
321,144,84
321,163,84
324,265,84
10,17,85
10,164,85
17,10,85
17,164,85
21,243,85
27,97,85
27,158,85
56,289,85
57,284,85
88,283,85
97,27,85
105,144,85
105,264,85
120,138,85
123,236,85
125,236,85
131,159,85
138,120,85
144,105,85
159,131,85
164,10,85
164,17,85
179,233,85
236,123,85
236,125,85
238,317,85
243,21,85
264,105,85
264,306,85
283,88,85
284,57,85
289,56,85
297,282,85
10,17,86
10,164,86
13,206,86
17,10,86
17,164,86
39,89,86
41,119,86
41,291,86
43,317,86
56,218,86
81,301,86
82,285,86
83,305,86
89,39,86
104,131,86
106,146,86
112,249,86
112,266,86
115,154,86
119,41,86
121,141,86
126,213,86
131,104,86
132,205,86
141,121,86
141,309,86
144,264,86
146,106,86
151,240,86
154,115,86
164,10,86
164,17,86
179,278,86
181,311,86
190,258,86
195,234,86
200,14,86
205,132,86
206,13,86
213,126,86
218,56,86
226,274,86
233,278,86
234,195,86
236,123,86
249,112,86
253,73,86
254,324,86
258,190,86
264,144,86
274,226,86
278,233,86
285,82,86
291,41,86
301,81,86
305,83,86
309,141,86
311,181,86
317,43,86
324,254,86
10,17,87
10,164,87
10,319,87
17,10,87
19,50,87
20,23,87
20,297,87
23,297,87
50,19,87
51,63,87
68,201,87
82,212,87
97,289,87
106,165,87
131,159,87
151,219,87
151,240,87
164,10,87
179,233,87
195,307,87
201,68,87
219,240,87
222,230,87
224,246,87
233,179,87
234,307,87
240,219,87
246,224,87
254,98,87
289,97,87
297,20,87
297,23,87
307,195,87
307,234,87
319,10,87
6,93,88
10,17,88
10,319,88
11,66,88
17,164,88
20,23,88
23,20,88
23,297,88
31,107,88
45,26,88
56,290,88
58,84,88
66,11,88
67,253,88
68,177,88
68,201,88
77,138,88
83,60,88
84,58,88
93,6,88
105,128,88
105,144,88
107,31,88
121,309,88
126,33,88
128,105,88
131,104,88
138,77,88
142,187,88
144,105,88
164,17,88
169,178,88
173,234,88
178,169,88
182,302,88
187,142,88
222,317,88
230,317,88
233,278,88
234,173,88
237,269,88
253,67,88
258,287,88
269,237,88
287,258,88
290,56,88
297,282,88
302,182,88
307,195,88
309,121,88
314,170,88
317,222,88
317,230,88
23,20,89
23,297,89
25,282,89
28,262,89
29,75,89
34,214,89
42,194,89
45,313,89
63,187,89
68,177,89
75,29,89
95,272,89
100,115,89
111,8,89
115,100,89
115,154,89
121,141,89
134,5,89
141,121,89
141,309,89
163,306,89
173,241,89
176,182,89
182,176,89
187,63,89
193,308,89
194,42,89
195,234,89
199,245,89
214,34,89
214,300,89
222,230,89
230,222,89
234,195,89
241,173,89
245,199,89
257,96,89
262,28,89
272,95,89
282,25,89
297,23,89
300,214,89
306,163,89
306,321,89
308,193,89
309,141,89
313,45,89
321,306,89
23,20,90
23,297,90
25,297,90
27,289,90
34,300,90
40,290,90
50,101,90
79,279,90
83,305,90
92,116,90
101,50,90
112,249,90
112,266,90
116,92,90
121,309,90
138,120,90
139,192,90
141,121,90
144,321,90
146,165,90
150,252,90
151,219,90
165,146,90
192,139,90
214,34,90
214,300,90
219,151,90
219,240,90
233,179,90
252,150,90
279,79,90
289,27,90
289,97,90
290,40,90
297,25,90
300,34,90
300,214,90
309,121,90
321,144,90
12,235,91
13,217,91
20,25,91
20,282,91
25,20,91
27,158,91
34,214,91
34,300,91
37,45,91
39,150,91
44,270,91
45,37,91
49,122,91
63,142,91
69,309,91
77,120,91
80,145,91
81,276,91
120,77,91
120,138,91
122,49,91
142,63,91
142,187,91
145,80,91
150,39,91
187,142,91
193,137,91
214,34,91
219,151,91
226,149,91
231,86,91
233,278,91
235,12,91
243,294,91
263,268,91
268,263,91
270,44,91
276,81,91
282,20,91
294,243,91
297,23,91
300,34,91
309,69,91
309,121,91
10,17,92
17,10,92
19,254,92
20,25,92
21,294,92
42,307,92
64,66,92
65,303,92
66,64,92
68,288,92
69,121,92
69,141,92
69,309,92
77,138,92
120,77,92
120,138,92
121,69,92
121,141,92
121,309,92
126,213,92
132,160,92
138,77,92
138,120,92
141,69,92
141,121,92
141,309,92
151,240,92
160,132,92
163,321,92
193,308,92
219,240,92
222,238,92
233,179,92
238,222,92
240,151,92
240,219,92
243,21,92
243,294,92
254,19,92
294,21,92
294,243,92
303,65,92
307,42,92
309,69,92
309,121,92
309,141,92
321,163,92
4,199,93
10,319,93
20,282,93
21,243,93
23,25,93
25,23,93
32,115,93
50,196,93
52,264,93
64,218,93
80,224,93
89,150,93
115,32,93
121,141,93
126,33,93
131,159,93
141,121,93
145,207,93
150,89,93
154,203,93
158,289,93
171,218,93
173,195,93
189,320,93
194,241,93
195,173,93
195,234,93
196,50,93
199,4,93
203,154,93
207,145,93
218,64,93
218,171,93
222,317,93
224,80,93
240,151,93
241,194,93
243,21,93
245,215,93
264,52,93
289,158,93
309,69,93
317,222,93
320,189,93
321,306,93
5,142,94
19,98,94
20,25,94
20,282,94
25,20,94
25,282,94
40,56,94
50,101,94
50,196,94
56,40,94
63,187,94
64,66,94
64,171,94
69,230,94
69,309,94
70,94,94
77,120,94
78,132,94
92,289,94
98,19,94
120,77,94
132,78,94
132,160,94
142,5,94
151,219,94
154,166,94
166,154,94
171,64,94
173,234,94
176,302,94
187,63,94
193,212,94
208,307,94
212,193,94
219,151,94
222,238,94
222,317,94
230,69,94
232,267,94
234,173,94
251,185,94
267,232,94
282,25,94
289,92,94
302,176,94
307,208,94
5,134,95
8,91,95
13,18,95
18,13,95
23,297,95
36,156,95
54,157,95
58,67,95
64,66,95
64,171,95
67,58,95
69,230,95
69,309,95
83,280,95
91,8,95
91,167,95
92,116,95
116,289,95
120,138,95
128,306,95
156,36,95
157,54,95
212,82,95
230,309,95
234,195,95
247,262,95
262,247,95
280,83,95
282,20,95
282,25,95
289,116,95
306,128,95
309,230,95
5,35,96
5,134,96
13,145,96
15,169,96
23,25,96
25,23,96
25,282,96
35,5,96
52,144,96
52,163,96
69,230,96
69,309,96
84,200,96
92,289,96
95,114,96
101,179,96
101,196,96
108,171,96
111,167,96
114,95,96
123,118,96
126,213,96
137,308,96
144,52,96
144,264,96
145,13,96
150,39,96
163,52,96
167,111,96
169,15,96
171,108,96
177,201,96
179,101,96
179,233,96
196,101,96
200,84,96
201,177,96
222,238,96
222,317,96
230,69,96
258,124,96
262,266,96
264,144,96
266,262,96
282,20,96
282,25,96
289,92,96
308,137,96
309,69,96
5,142,97
11,64,97
13,18,97
27,40,97
34,53,97
35,142,97
40,27,97
50,179,97
52,144,97
52,163,97
53,34,97
58,73,97
64,11,97
69,230,97
69,309,97
73,58,97
101,179,97
112,262,97
125,235,97
135,197,97
140,265,97
142,35,97
144,52,97
167,91,97
173,195,97
173,234,97
177,288,97
179,50,97
179,101,97
193,308,97
195,173,97
196,7,97
197,135,97
230,309,97
234,173,97
235,125,97
238,317,97
247,266,97
262,112,97
262,266,97
265,140,97
266,247,97
266,262,97
288,177,97
308,193,97
309,230,97
317,238,97
3,244,98
15,59,98
23,297,98
37,198,98
43,141,98
46,157,98
56,108,98
59,15,98
61,245,98
69,230,98
74,228,98
92,116,98
108,56,98
115,259,98
116,92,98
128,163,98
137,193,98
141,43,98
141,121,98
145,207,98
157,46,98
163,128,98
171,218,98
179,50,98
179,196,98
193,137,98
193,308,98
196,179,98
198,37,98
201,288,98
225,272,98
228,74,98
230,69,98
244,3,98
245,61,98
259,115,98
262,112,98
266,247,98
272,225,98
288,201,98
307,42,98
20,25,99
25,20,99
54,316,99
77,138,99
77,260,99
89,117,99
106,146,99
112,247,99
112,262,99
112,266,99
117,89,99
128,306,99
137,308,99
138,77,99
138,260,99
141,43,99
146,106,99
163,306,99
166,289,99
179,50,99
179,196,99
193,212,99
193,308,99
195,208,99
208,195,99
212,193,99
247,112,99
247,262,99
247,266,99
260,77,99
260,138,99
262,247,99
266,112,99
266,247,99
275,277,99
277,275,99
289,166,99
306,163,99
308,137,99
308,193,99
316,54,99
317,222,99
46,54,100
50,196,100
54,46,100
66,171,100
69,121,100
77,138,100
89,150,100
102,217,100
112,262,100
112,266,100
121,69,100
138,77,100
150,89,100
171,66,100
171,218,100
179,50,100
179,196,100
196,50,100
196,179,100
217,102,100
222,238,100
222,317,100
238,222,100
262,112,100
262,266,100
266,112,100
266,262,100
306,128,100
306,163,100
308,137,100
