5,134,1
7,234,1
10,69,1
11,219,1
13,254,1
21,96,1
22,321,1
23,124,1
26,262,1
26,263,1
28,298,1
30,267,1
38,252,1
39,94,1
46,242,1
53,225,1
59,173,1
61,91,1
63,86,1
64,207,1
65,94,1
69,10,1
76,293,1
78,261,1
85,154,1
86,63,1
91,61,1
94,39,1
94,65,1
96,21,1
111,309,1
116,227,1
120,276,1
124,23,1
134,5,1
144,248,1
152,245,1
154,85,1
156,157,1
156,234,1
157,156,1
157,234,1
163,213,1
166,317,1
168,245,1
173,59,1
176,304,1
183,249,1
198,297,1
201,274,1
207,64,1
213,163,1
217,253,1
219,11,1
225,53,1
227,116,1
234,7,1
234,156,1
234,157,1
237,290,1
242,46,1
243,313,1
245,152,1
245,168,1
248,144,1
248,261,1
249,183,1
252,38,1
253,217,1
254,13,1
261,78,1
261,248,1
262,26,1
263,26,1
267,30,1
269,297,1
274,201,1
276,120,1
290,237,1
293,76,1
297,198,1
297,269,1
298,28,1
304,176,1
309,111,1
313,243,1
317,166,1
321,22,1
15,193,2
32,182,2
36,290,2
43,243,2
43,313,2
46,93,2
53,314,2
72,251,2
74,213,2
93,46,2
100,300,2
125,247,2
141,316,2
150,177,2
176,282,2
177,150,2
182,32,2
193,15,2
196,254,2
201,211,2
211,201,2
213,74,2
243,43,2
243,313,2
247,125,2
251,72,2
254,196,2
261,78,2
261,248,2
262,263,2
263,262,2
282,176,2
290,36,2
290,237,2
297,198,2
300,100,2
313,43,2
313,243,2
314,53,2
316,141,2
2,194,3
13,196,3
13,254,3
20,151,3
25,222,3
38,57,3
43,243,3
46,242,3
57,38,3
61,262,3
74,318,3
89,279,3
102,323,3
126,278,3
136,155,3
139,309,3
151,20,3
155,136,3
194,2,3
196,13,3
215,216,3
216,215,3
218,314,3
219,249,3
221,228,3
222,25,3
228,221,3
243,43,3
249,219,3
254,13,3
262,61,3
262,263,3
278,126,3
279,89,3
281,308,3
290,36,3
308,281,3
309,139,3
314,218,3
318,74,3
323,102,3
1,42,4
7,321,4
23,72,4
42,1,4
43,313,4
51,237,4
56,99,4
61,91,4
62,86,4
67,189,4
69,299,4
72,23,4
86,62,4
96,307,4
99,56,4
107,305,4
115,227,4
121,175,4
139,164,4
153,322,4
164,139,4
168,230,4
175,121,4
185,306,4
189,67,4
192,244,4
227,115,4
227,251,4
230,168,4
237,51,4
244,192,4
251,227,4
299,69,4
305,107,4
306,185,4
307,96,4
309,111,4
313,43,4
321,7,4
322,153,4
51,255,5
70,190,5
74,224,5
76,217,5
79,220,5
115,251,5
140,197,5
143,300,5
149,293,5
167,278,5
172,226,5
190,70,5
197,140,5
217,76,5
220,79,5
224,74,5
224,318,5
225,314,5
226,172,5
230,245,5
245,230,5
251,115,5
255,51,5
269,300,5
278,167,5
293,149,5
300,143,5
300,269,5
314,225,5
318,224,5
15,164,6
16,208,6
23,124,6
39,65,6
52,144,6
65,39,6
68,131,6
74,318,6
82,151,6
100,198,6
126,167,6
126,278,6
131,68,6
144,52,6
151,82,6
164,15,6
167,126,6
175,258,6
187,238,6
195,294,6
198,100,6
206,291,6
208,16,6
229,234,6
230,168,6
230,245,6
234,229,6
237,290,6
238,187,6
243,313,6
251,227,6
258,175,6
278,126,6
290,237,6
291,206,6
294,195,6
313,243,6
318,74,6
318,224,6
12,293,7
35,188,7
40,243,7
56,258,7
58,141,7
62,63,7
63,62,7
74,224,7
74,318,7
80,147,7
87,260,7
91,262,7
94,312,7
102,166,7
107,130,7
107,305,7
126,167,7
126,278,7
130,107,7
130,305,7
141,58,7
147,80,7
157,229,7
158,232,7
166,102,7
166,289,7
167,257,7
188,35,7
210,300,7
224,74,7
224,318,7
229,157,7
229,234,7
232,158,7
243,40,7
257,167,7
258,56,7
260,87,7
262,91,7
289,166,7
293,12,7
300,143,7
300,210,7
305,130,7
312,94,7
318,74,7
318,224,7
2,259,8
14,223,8
30,172,8
31,133,8
46,212,8
48,122,8
63,86,8
74,213,8
74,224,8
86,63,8
101,205,8
107,130,8
107,305,8
121,258,8
122,48,8
130,107,8
133,31,8
140,156,8
156,140,8
160,201,8
172,30,8
198,297,8
201,160,8
203,281,8
205,101,8
212,46,8
223,14,8
224,74,8
258,121,8
259,2,8
281,203,8
305,107,8
12,76,9
27,208,9
28,62,9
36,237,9
62,28,9
66,199,9
73,202,9
76,12,9
77,235,9
100,269,9
113,224,9
137,324,9
155,211,9
164,193,9
166,102,9
172,267,9
182,195,9
193,164,9
195,182,9
199,66,9
202,73,9
208,27,9
211,155,9
224,113,9
235,77,9
237,36,9
267,172,9
269,100,9
281,295,9
295,281,9
314,218,9
324,137,9
11,296,10
12,315,10
20,310,10
23,227,10
75,316,10
91,263,10
95,285,10
100,297,10
116,271,10
121,175,10
126,167,10
126,278,10
132,214,10
136,228,10
166,317,10
167,126,10
167,278,10
175,121,10
214,132,10
227,23,10
228,136,10
258,56,10
263,91,10
271,116,10
278,167,10
281,203,10
285,95,10
293,149,10
296,11,10
297,100,10
310,20,10
315,12,10
316,75,10
3,141,11
7,156,11
10,276,11
23,72,11
23,227,11
42,259,11
53,218,11
56,175,11
58,317,11
74,318,11
76,253,11
78,320,11
82,307,11
129,257,11
141,3,11
154,216,11
156,7,11
175,56,11
175,121,11
186,316,11
216,154,11
218,53,11
253,76,11
257,129,11
257,278,11
259,42,11
276,10,11
278,126,11
278,257,11
297,198,11
307,82,11
316,186,11
317,58,11
318,74,11
320,78,11
5,174,12
12,253,12
13,196,12
38,180,12
47,276,12
53,70,12
58,141,12
58,317,12
70,53,12
73,220,12
81,118,12
83,319,12
85,216,12
100,269,12
109,123,12
118,81,12
122,303,12
123,109,12
141,58,12
141,317,12
154,85,12
154,216,12
156,197,12
174,5,12
178,237,12
180,38,12
182,32,12
197,156,12
209,306,12
216,85,12
216,154,12
220,73,12
237,178,12
253,12,12
276,47,12
276,120,12
285,288,12
288,285,12
289,316,12
303,122,12
306,209,12
316,289,12
317,141,12
319,83,12
7,140,13
7,156,13
8,36,13
8,66,13
10,120,13
12,184,13
24,61,13
36,8,13
36,66,13
42,204,13
53,190,13
56,258,13
57,252,13
61,24,13
66,8,13
66,36,13
85,154,13
95,288,13
106,305,13
120,10,13
126,167,13
128,219,13
140,7,13
141,3,13
141,317,13
144,261,13
154,85,13
154,216,13
155,228,13
156,7,13
167,126,13
169,220,13
184,12,13
190,53,13
204,42,13
219,128,13
220,169,13
228,155,13
229,321,13
252,57,13
261,144,13
276,47,13
288,95,13
305,106,13
321,229,13
7,197,14
8,36,14
28,298,14
36,8,14
53,70,14
62,298,14
81,193,14
93,236,14
99,258,14
141,3,14
149,184,14
184,149,14
190,225,14
190,314,14
193,81,14
197,7,14
203,295,14
225,190,14
225,314,14
236,93,14
251,115,14
256,319,14
258,99,14
281,295,14
285,304,14
295,203,14
295,281,14
298,62,14
304,285,14
314,190,14
314,225,14
319,256,14
2,138,15
2,259,15
7,22,15
7,197,15
22,7,15
22,197,15
23,72,15
53,190,15
56,99,15
70,190,15
81,118,15
82,96,15
83,103,15
86,142,15
96,82,15
99,56,15
103,83,15
116,282,15
138,2,15
138,259,15
142,86,15
161,176,15
163,222,15
176,161,15
184,293,15
190,53,15
190,70,15
193,164,15
197,22,15
222,163,15
228,136,15
228,155,15
259,2,15
259,138,15
281,325,15
282,116,15
293,184,15
295,203,15
307,310,15
310,307,15
325,281,15
7,22,16
9,29,16
13,254,16
16,302,16
22,7,16
22,197,16
28,62,16
29,9,16
53,70,16
58,166,16
62,28,16
70,53,16
74,224,16
74,318,16
87,212,16
95,304,16
115,227,16
116,161,16
116,176,16
133,135,16
135,133,16
161,116,16
161,176,16
166,58,16
176,116,16
176,161,16
184,149,16
190,225,16
212,87,16
224,74,16
224,318,16
225,190,16
225,314,16
227,115,16
228,136,16
253,293,16
259,2,16
259,138,16
293,253,16
302,16,16
304,95,16
318,224,16
2,42,17
2,204,17
3,317,17
7,197,17
11,240,17
16,104,17
22,7,17
32,195,17
42,2,17
42,204,17
51,162,17
61,91,17
71,92,17
71,262,17
74,224,17
78,174,17
91,61,17
92,71,17
92,262,17
104,16,17
116,161,17
128,249,17
130,187,17
161,116,17
161,176,17
162,51,17
171,240,17
174,78,17
184,253,17
184,293,17
187,130,17
195,32,17
197,7,17
203,281,17
204,2,17
204,42,17
212,46,17
212,87,17
224,74,17
234,321,17
240,11,17
240,171,17
245,152,17
249,128,17
253,184,17
253,293,17
262,71,17
262,92,17
281,203,17
293,184,17
293,253,17
295,308,17
308,295,17
317,3,17
321,234,17
2,42,18
2,259,18
3,141,18
8,199,18
16,302,18
22,197,18
31,135,18
36,255,18
38,295,18
40,149,18
42,2,18
62,298,18
69,268,18
71,92,18
71,262,18
92,71,18
96,307,18
104,302,18
132,301,18
135,31,18
149,40,18
161,116,18
178,202,18
197,22,18
199,8,18
202,178,18
211,263,18
230,168,18
240,11,18
255,36,18
259,2,18
262,71,18
263,211,18
268,69,18
271,282,18
281,325,18
282,271,18
295,38,18
301,132,18
302,104,18
307,96,18
2,42,19
2,138,19
2,259,19
7,22,19
7,197,19
16,104,19
22,7,19
25,45,19
42,204,19
44,309,19
45,25,19
53,225,19
56,175,19
58,253,19
79,147,19
92,262,19
104,16,19
113,306,19
115,251,19
128,219,19
138,2,19
138,259,19
144,248,19
147,79,19
165,256,19
170,172,19
172,170,19
175,56,19
180,295,19
196,254,19
197,7,19
203,325,19
213,222,19
217,315,19
222,213,19
225,53,19
240,171,19
241,312,19
244,263,19
248,144,19
253,58,19
254,196,19
256,165,19
259,138,19
262,92,19
263,244,19
281,203,19
281,325,19
295,180,19
306,113,19
309,44,19
312,241,19
315,217,19
325,203,19
325,281,19
2,138,20
4,190,20
5,78,20
7,22,20
7,197,20
10,121,20
12,293,20
26,61,20
32,182,20
34,97,20
38,180,20
40,184,20
42,259,20
53,70,20
56,99,20
61,26,20
71,92,20
71,262,20
78,5,20
92,71,20
92,262,20
97,34,20
103,275,20
121,10,20
138,2,20
145,313,20
151,310,20
152,168,20
152,181,20
168,152,20
176,227,20
180,38,20
181,152,20
184,40,20
190,4,20
219,249,20
227,176,20
227,251,20
240,11,20
240,171,20
244,192,20
249,219,20
251,227,20
259,42,20
262,71,20
262,92,20
275,103,20
281,308,20
293,12,20
308,281,20
310,151,20
313,145,20
1,204,21
6,306,21
7,22,21
7,189,21
33,272,21
40,149,21
54,284,21
56,175,21
61,92,21
61,262,21
65,94,21
66,237,21
71,92,21
76,102,21
92,61,21
92,71,21
94,65,21
98,124,21
99,258,21
102,76,21
124,98,21
128,226,21
144,261,21
152,168,21
152,181,21
166,289,21
180,295,21
184,293,21
189,7,21
204,1,21
217,274,21
217,315,21
226,128,21
227,176,21
236,292,21
237,66,21
240,11,21
262,61,21
272,33,21
274,217,21
284,54,21
289,166,21
292,236,21
293,184,21
306,6,21
9,319,22
28,48,22
28,298,22
35,173,22
40,184,22
40,293,22
44,111,22
44,309,22
48,28,22
53,225,22
60,73,22
61,71,22
61,262,22
71,61,22
71,92,22
71,262,22
73,60,22
79,169,22
96,82,22
99,299,22
111,44,22
129,278,22
161,176,22
161,227,22
169,79,22
173,35,22
176,161,22
184,40,22
184,293,22
203,205,22
205,203,22
227,161,22
258,299,22
262,71,22
263,211,22
278,129,22
293,40,22
293,184,22
298,28,22
299,99,22
299,258,22
319,9,22
11,171,23
12,184,23
12,293,23
22,197,23
28,48,23
28,298,23
40,253,23
61,71,23
66,178,23
66,202,23
66,237,23
69,258,23
71,61,23
93,292,23
138,209,23
149,243,23
161,271,23
166,323,23
171,11,23
176,251,23
178,66,23
178,202,23
184,12,23
184,293,23
192,263,23
197,22,23
198,269,23
202,66,23
202,178,23
208,302,23
209,138,23
243,149,23
251,176,23
253,40,23
258,69,23
263,192,23
263,211,23
269,198,23
271,161,23
271,282,23
292,93,23
293,12,23
293,184,23
302,208,23
306,185,23
310,20,23
323,166,23
28,48,24
28,298,24
31,133,24
31,135,24
36,199,24
46,93,24
48,298,24
56,69,24
61,262,24
66,178,24
66,237,24
69,56,24
71,262,24
78,174,24
83,275,24
85,216,24
93,46,24
93,236,24
95,97,24
97,95,24
116,248,24
133,31,24
152,168,24
166,289,24
171,240,24
178,66,24
178,202,24
178,237,24
199,36,24
216,85,24
236,93,24
236,292,24
237,178,24
240,171,24
248,116,24
251,271,24
262,61,24
262,71,24
263,192,24
271,251,24
275,83,24
292,236,24
293,12,24
293,184,24
298,48,24
306,6,24
321,229,24
3,317,25
7,197,25
11,240,25
23,124,25
28,48,25
28,298,25
31,133,25
31,135,25
40,293,25
48,28,25
48,298,25
58,289,25
60,234,25
61,71,25
69,258,25
71,61,25
92,262,25
101,215,25
103,273,25
113,185,25
123,304,25
124,23,25
133,135,25
135,133,25
136,155,25
155,136,25
161,248,25
166,323,25
178,202,25
178,237,25
185,113,25
197,7,25
197,22,25
202,237,25
215,101,25
219,296,25
227,271,25
234,60,25
237,202,25
240,11,25
248,161,25
262,92,25
271,227,25
271,282,25
273,103,25
289,58,25
289,166,25
293,40,25
293,184,25
296,219,25
298,28,25
298,48,25
299,99,25
304,123,25
10,276,26
11,171,26
31,133,26
31,135,26
34,95,26
34,97,26
62,86,26
69,56,26
70,225,26
77,194,26
86,62,26
95,34,26
97,34,26
118,122,26
121,276,26
122,118,26
127,223,26
133,31,26
135,31,26
147,80,26
152,245,26
166,289,26
169,220,26
171,11,26
194,77,26
197,7,26
197,22,26
206,231,26
214,301,26
216,154,26
223,127,26
225,70,26
231,206,26
237,178,26
237,202,26
271,251,26
276,10,26
276,121,26
289,58,26
289,166,26
298,28,26
301,214,26
1,2,27
2,1,27
6,209,27
7,189,27
12,184,27
31,133,27
34,95,27
39,241,27
56,258,27
60,178,27
62,142,27
63,142,27
103,275,27
142,62,27
142,63,27
148,188,27
155,160,27
157,191,27
160,155,27
161,227,27
170,291,27
173,188,27
178,60,27
178,237,27
184,12,27
188,148,27
188,173,27
191,157,27
200,322,27
204,259,27
208,27,27
209,6,27
225,53,27
227,161,27
227,282,27
237,178,27
237,202,27
241,39,27
258,56,27
259,204,27
275,103,27
282,227,27
291,170,27
322,200,27
31,135,28
44,111,28
45,222,28
52,116,28
62,86,28
89,110,28
90,288,28
110,89,28
116,52,28
136,221,28
149,293,28
153,207,28
155,136,28
155,221,28
160,201,28
173,35,28
207,153,28
213,224,28
219,249,28
221,136,28
221,155,28
222,45,28
224,213,28
288,90,28
293,149,28
20,82,29
38,295,29
53,190,29
56,69,29
75,289,29
82,20,29
83,134,29
104,175,29
117,198,29
134,83,29
175,104,29
178,60,29
190,53,29
198,117,29
243,293,29
247,263,29
263,247,29
289,75,29
293,243,29
295,38,29
26,71,30
31,133,30
43,91,30
48,159,30
71,26,30
91,43,30
108,244,30
159,48,30
166,323,30
182,294,30
188,148,30
192,247,30
192,263,30
237,66,30
237,202,30
244,108,30
247,192,30
247,263,30
263,192,30
263,247,30
269,297,30
288,316,30
294,182,30
297,269,30
305,107,30
316,288,30
3,141,31
3,317,31
25,126,31
28,142,31
28,298,31
56,299,31
60,229,31
66,202,31
66,237,31
71,92,31
83,273,31
85,215,31
89,319,31
92,71,31
95,161,31
126,25,31
142,28,31
142,298,31
148,173,31
148,188,31
149,243,31
149,293,31
159,181,31
161,95,31
166,289,31
173,148,31
181,159,31
189,197,31
197,189,31
199,8,31
202,66,31
202,237,31
215,85,31
218,252,31
229,60,31
237,66,31
237,202,31
243,149,31
252,218,31
254,13,31
273,83,31
289,166,31
293,149,31
298,142,31
299,56,31
319,89,31
3,141,32
10,120,32
62,139,32
64,250,32
66,202,32
74,306,32
83,134,32
86,139,32
90,179,32
97,282,32
104,208,32
113,209,32
117,269,32
117,297,32
123,144,32
128,267,32
139,62,32
139,86,32
141,317,32
144,123,32
148,173,32
150,245,32
160,228,32
160,274,32
166,323,32
170,226,32
172,206,32
172,291,32
177,303,32
179,90,32
190,225,32
192,247,32
202,66,32
202,237,32
205,308,32
206,172,32
206,231,32
207,238,32
208,104,32
209,113,32
225,190,32
226,170,32
228,160,32
231,291,32
238,207,32
243,293,32
245,150,32
247,192,32
250,64,32
267,128,32
269,117,32
269,297,32
274,160,32
282,97,32
289,75,32
291,172,32
291,231,32
293,243,32
297,117,32
297,269,32
298,28,32
298,142,32
303,177,32
306,74,32
308,205,32
317,141,32
1,138,33
7,197,33
16,302,33
28,142,33
28,298,33
37,116,33
42,246,33
48,181,33
56,258,33
58,75,33
58,289,33
71,26,33
71,92,33
74,185,33
75,58,33
75,289,33
104,175,33
116,37,33
117,269,33
117,297,33
125,263,33
127,270,33
138,1,33
142,28,33
142,298,33
144,261,33
155,228,33
160,228,33
172,206,33
181,48,33
181,159,33
185,74,33
197,7,33
198,297,33
205,281,33
205,308,33
206,172,33
222,311,33
227,248,33
228,155,33
228,160,33
246,42,33
248,227,33
263,125,33
269,117,33
269,297,33
270,127,33
274,315,33
281,205,33
289,58,33
289,75,33
297,117,33
297,198,33
297,269,33
298,28,33
298,142,33
302,16,33
311,222,33
315,274,33
25,311,34
26,92,34
28,62,34
34,144,34
46,287,34
61,262,34
62,28,34
70,180,34
72,124,34
75,166,34
75,289,34
91,244,34
92,26,34
92,71,34
117,269,34
123,261,34
124,72,34
126,222,34
144,34,34
144,261,34
155,160,34
155,228,34
160,155,34
160,228,34
166,75,34
166,289,34
180,70,34
181,48,34
184,293,34
202,66,34
204,246,34
215,101,34
222,126,34
228,155,34
228,160,34
239,241,34
241,239,34
244,91,34
246,204,34
261,123,34
261,144,34
262,61,34
269,117,34
287,46,34
289,166,34
293,184,34
297,198,34
311,25,34
319,9,34
10,276,35
23,72,35
43,61,35
46,292,35
54,151,35
55,236,35
58,166,35
60,178,35
61,43,35
72,23,35
72,124,35
75,323,35
92,26,35
97,285,35
97,304,35
123,144,35
123,261,35
144,123,35
144,261,35
149,243,35
151,54,35
166,58,35
166,289,35
169,234,35
179,224,35
194,235,35
198,269,35
198,297,35
211,247,35
222,45,35
222,126,35
224,179,35
234,169,35
235,194,35
236,55,35
240,249,35
243,149,35
246,42,35
247,211,35
249,240,35
261,123,35
261,144,35
269,198,35
276,10,35
285,97,35
287,292,35
289,75,35
289,166,35
289,323,35
292,46,35
292,287,35
304,97,35
323,75,35
323,289,35
2,113,36
7,67,36
10,120,36
10,276,36
16,104,36
16,121,36
16,302,36
23,124,36
28,139,36
55,322,36
62,142,36
67,7,36
67,156,36
72,23,36
72,124,36
97,285,36
97,304,36
100,198,36
104,16,36
113,2,36
115,271,36
120,276,36
121,16,36
121,302,36
123,144,36
123,261,36
124,23,36
124,72,36
139,28,36
142,62,36
144,123,36
144,261,36
155,160,36
156,67,36
160,155,36
170,231,36
197,22,36
198,100,36
202,237,36
219,240,36
222,45,36
224,213,36
231,170,36
240,219,36
246,204,36
261,123,36
261,144,36
269,297,36
271,115,36
276,120,36
285,304,36
297,269,36
302,121,36
304,285,36
319,89,36
322,55,36
323,75,36
1,209,37
10,120,37
16,104,37
17,189,37
23,72,37
23,124,37
30,219,37
34,123,37
34,144,37
45,306,37
61,91,37
63,102,37
67,7,37
72,23,37
76,163,37
87,93,37
87,287,37
91,61,37
91,244,37
93,87,37
93,292,37
102,63,37
120,10,37
123,34,37
123,144,37
124,23,37
126,306,37
133,135,37
135,133,37
139,86,37
144,34,37
144,123,37
163,76,37
189,17,37
190,53,37
192,211,37
209,1,37
211,192,37
219,30,37
222,306,37
287,87,37
287,292,37
292,93,37
292,287,37
306,45,37
306,126,37
306,222,37
319,9,37
1,138,38
8,36,38
8,255,38
10,276,38
24,91,38
34,261,38
36,8,38
36,255,38
37,98,38
40,253,38
42,259,38
45,222,38
61,244,38
67,156,38
69,268,38
70,218,38
73,229,38
75,166,38
75,323,38
91,24,38
91,244,38
93,287,38
93,292,38
98,37,38
104,121,38
121,104,38
166,75,38
173,35,38
181,298,38
189,197,38
192,247,38
197,189,38
202,66,38
202,237,38
218,70,38
219,240,38
222,45,38
229,73,38
244,61,38
244,91,38
247,192,38
255,8,38
255,36,38
259,42,38
261,34,38
276,10,38
287,93,38
292,93,38
298,181,38
306,126,38
2,209,39
10,120,39
10,276,39
12,293,39
17,197,39
28,86,39
44,223,39
56,268,39
61,91,39
65,239,39
75,166,39
86,28,39
86,139,39
87,93,39
87,287,39
87,292,39
91,61,39
92,71,39
93,87,39
93,287,39
117,176,39
153,200,39
170,226,39
176,117,39
197,17,39
200,153,39
209,2,39
211,247,39
222,306,39
223,44,39
227,251,39
239,65,39
247,211,39
251,227,39
255,8,39
261,304,39
268,56,39
287,87,39
287,93,39
292,87,39
293,12,39
304,97,39
304,261,39
306,222,39
10,120,40
10,276,40
45,129,40
67,189,40
83,273,40
87,287,40
91,108,40
93,292,40
104,302,40
108,91,40
113,209,40
120,276,40
123,261,40
129,45,40
136,228,40
138,246,40
156,197,40
189,67,40
197,156,40
209,113,40
225,314,40
228,136,40
246,138,40
261,34,40
261,123,40
276,120,40
287,87,40
292,93,40
302,104,40
6,74,41
8,36,41
10,120,41
34,97,41
36,8,41
58,141,41
58,317,41
67,156,41
74,6,41
74,185,41
75,186,41
76,102,41
97,34,41
102,76,41
120,10,41
120,276,41
121,268,41
136,221,41
141,58,41
141,317,41
155,315,41
156,67,41
161,227,41
176,271,41
186,75,41
189,197,41
197,189,41
221,136,41
227,161,41
227,251,41
236,242,41
242,236,41
268,121,41
271,176,41
295,325,41
309,311,41
311,309,41
315,155,41
317,58,41
317,141,41
325,295,41
2,113,42
14,270,42
16,69,42
52,251,42
53,94,42
53,190,42
61,108,42
62,122,42
69,16,42
94,53,42
94,190,42
97,144,42
108,61,42
113,2,42
120,10,42
122,62,42
134,256,42
138,204,42
142,181,42
144,97,42
150,152,42
152,150,42
155,168,42
158,172,42
160,315,42
165,275,42
166,323,42
168,155,42
170,267,42
172,158,42
181,142,42
181,298,42
190,94,42
197,17,42
202,66,42
204,138,42
212,283,42
228,315,42
238,305,42
251,52,42
251,227,42
256,134,42
267,170,42
270,14,42
275,165,42
283,212,42
287,292,42
292,287,42
305,238,42
315,160,42
315,228,42
317,58,42
323,166,42
2,209,43
6,209,43
24,61,43
24,244,43
28,81,43
37,116,43
46,93,43
48,142,43
48,181,43
52,227,43
61,24,43
61,244,43
81,28,43
83,103,43
83,273,43
93,46,43
103,83,43
103,273,43
121,299,43
141,3,43
142,48,43
172,206,43
176,210,43
181,48,43
181,298,43
183,267,43
190,53,43
190,94,43
209,2,43
209,6,43
210,176,43
227,52,43
242,322,43
244,24,43
244,61,43
267,183,43
269,271,43
271,269,43
273,103,43
288,318,43
299,121,43
315,160,43
315,228,43
318,288,43
322,242,43
2,113,44
2,209,44
15,111,44
16,268,44
22,189,44
23,251,44
37,98,44
45,126,44
48,62,44
48,181,44
60,321,44
61,108,44
62,48,44
62,181,44
72,227,44
73,169,44
84,241,44
101,216,44
104,268,44
109,285,44
111,15,44
113,209,44
117,300,44
121,268,44
121,299,44
126,45,44
132,214,44
169,73,44
169,178,44
172,158,44
178,169,44
179,288,44
179,318,44
181,48,44
181,62,44
189,22,44
190,53,44
204,246,44
209,2,44
209,113,44
214,132,44
216,101,44
219,30,44
226,291,44
227,72,44
236,322,44
241,84,44
242,236,44
242,322,44
244,24,44
246,204,44
248,261,44
251,23,44
253,293,44
261,248,44
268,16,44
268,104,44
268,121,44
271,297,44
285,109,44
288,179,44
288,318,44
291,226,44
293,253,44
295,38,44
297,271,44
300,117,44
318,179,44
318,288,44
321,60,44
322,236,44
322,242,44
3,243,45
16,69,45
23,161,45
25,45,45
38,205,45
40,149,45
44,164,45
45,25,45
48,62,45
48,142,45
52,251,45
62,48,45
62,142,45
66,157,45
66,229,45
95,304,45
108,244,45
122,181,45
142,62,45
149,40,45
150,177,45
150,303,45
157,66,45
157,202,45
160,228,45
161,23,45
164,44,45
169,73,45
177,150,45
179,288,45
181,122,45
192,211,45
202,157,45
205,38,45
209,2,45
211,192,45
227,52,45
228,160,45
229,66,45
236,242,45
242,236,45
243,3,45
244,108,45
251,52,45
267,170,45
268,104,45
269,297,45
271,269,45
271,297,45
288,179,45
297,269,45
297,271,45
303,150,45
304,95,45
3,141,46
16,56,46
16,121,46
38,295,46
39,239,46
45,126,46
46,87,46
52,161,46
52,251,46
56,16,46
62,86,46
62,122,46
62,181,46
66,157,46
86,62,46
86,122,46
86,181,46
87,46,46
87,287,46
98,116,46
108,61,46
116,98,46
121,16,46
122,62,46
122,86,46
122,181,46
123,248,46
131,270,46
138,246,46
149,253,46
149,293,46
152,177,46
155,315,46
157,66,46
157,229,46
161,52,46
177,152,46
181,62,46
181,86,46
181,122,46
183,231,46
229,157,46
231,183,46
239,39,46
246,138,46
248,123,46
248,261,46
249,296,46
253,149,46
253,293,46
270,131,46
287,87,46
293,149,46
293,253,46
296,249,46
297,269,46
315,155,46
2,113,47
2,209,47
4,173,47
8,187,47
16,56,47
21,324,47
25,126,47
34,144,47
46,93,47
52,161,47
63,76,47
70,252,47
76,63,47
81,139,47
86,122,47
87,46,47
87,287,47
103,256,47
113,2,47
119,308,47
122,86,47
126,25,47
126,45,47
129,278,47
138,259,47
139,81,47
144,34,47
153,287,47
160,315,47
167,278,47
173,4,47
181,62,47
187,8,47
191,229,47
203,215,47
215,203,47
227,251,47
229,191,47
230,298,47
246,204,47
246,259,47
251,227,47
252,70,47
256,103,47
259,138,47
259,246,47
269,271,47
269,297,47
271,269,47
278,167,47
287,153,47
298,230,47
308,119,47
315,160,47
324,21,47
2,113,48
12,149,48
17,156,48
40,243,48
46,87,48
46,93,48
53,94,48
66,202,48
87,46,48
87,93,48
93,87,48
94,53,48
103,273,48
106,107,48
107,106,48
126,25,48
126,45,48
129,167,48
138,204,48
138,246,48
138,259,48
142,181,48
149,12,48
150,245,48
150,303,48
156,17,48
167,129,48
181,142,48
183,267,48
202,66,48
204,138,48
204,259,48
206,291,48
229,157,48
231,267,48
243,40,48
246,138,48
246,259,48
256,273,48
259,138,48
259,204,48
259,246,48
267,183,48
267,231,48
273,256,48
291,206,48
299,302,48
302,299,48
315,155,48
6,113,49
22,110,49
23,52,49
25,45,49
25,126,49
34,95,49
34,304,49
38,205,49
45,25,49
52,23,49
53,190,49
56,69,49
66,229,49
69,56,49
73,229,49
79,147,49
93,46,49
94,314,49
95,34,49
95,304,49
97,285,49
103,256,49
110,22,49
113,6,49
126,25,49
138,246,49
147,79,49
150,245,49
155,168,49
169,229,49
172,291,49
173,35,49
179,318,49
183,231,49
185,213,49
200,292,49
202,237,49
210,300,49
213,185,49
220,234,49
229,66,49
229,73,49
229,169,49
231,183,49
234,220,49
246,138,49
256,103,49
259,204,49
269,271,49
269,297,49
271,297,49
285,97,49
291,172,49
291,206,49
292,200,49
297,271,49
300,210,49
304,34,49
304,95,49
314,94,49
315,160,49
318,179,49
323,289,49
9,110,50
12,125,50
14,164,50
28,122,50
34,95,50
72,124,50
73,169,50
81,28,50
95,34,50
95,304,50
104,299,50
110,9,50
110,22,50
111,131,50
115,297,50
122,28,50
122,86,50
124,72,50
125,12,50
128,232,50
131,111,50
157,191,50
164,14,50
169,73,50
173,4,50
191,157,50
210,176,50
232,128,50
269,271,50
271,269,50
288,318,50
297,115,50
299,104,50
318,288,50
2,259,51
4,35,51
9,22,51
9,110,51
22,9,51
22,110,51
24,91,51
25,45,51
26,244,51
34,304,51
35,4,51
43,243,51
46,287,51
64,242,51
72,227,51
72,251,51
87,287,51
91,24,51
93,87,51
95,34,51
109,144,51
110,9,51
110,22,51
122,28,51
122,86,51
124,251,51
125,192,51
142,230,51
144,109,51
152,245,51
157,229,51
192,125,51
210,300,51
216,154,51
227,72,51
229,157,51
230,142,51
242,64,51
243,43,51
244,26,51
245,152,51
251,72,51
251,124,51
259,2,51
287,46,51
287,87,51
304,34,51
318,179,51
318,288,51
9,22,52
12,192,52
22,9,52
24,61,52
25,126,52
28,81,52
34,95,52
48,181,52
53,94,52
61,24,52
62,86,52
62,122,52
86,62,52
86,122,52
87,93,52
93,287,52
94,53,52
104,268,52
117,143,52
122,62,52
122,86,52
143,117,52
146,254,52
148,312,52
168,315,52
176,300,52
181,48,52
192,12,52
211,247,52
227,251,52
230,298,52
251,72,52
251,124,52
251,227,52
254,146,52
286,306,52
287,46,52
287,93,52
300,176,52
306,286,52
312,148,52
315,168,52
318,179,52
12,125,53
12,192,53
26,61,53
36,130,53
58,186,53
61,26,53
62,86,53
86,62,53
93,87,53
101,107,53
107,101,53
125,12,53
129,278,53
130,36,53
155,221,53
170,183,53
176,271,53
181,230,53
183,170,53
186,58,53
192,263,53
221,155,53
230,181,53
230,298,53
239,65,53
240,249,53
244,262,53
245,150,53
249,240,53
251,72,53
251,227,53
262,244,53
263,192,53
271,176,53
278,129,53
287,46,53
312,314,53
314,312,53
315,160,53
315,168,53
11,240,54
12,263,54
25,45,54
40,43,54
43,40,54
44,270,54
46,236,54
46,287,54
48,298,54
51,290,54
66,73,54
71,313,54
73,66,54
100,176,54
155,168,54
160,221,54
168,155,54
172,206,54
175,320,54
176,100,54
176,271,54
181,48,54
182,195,54
191,229,54
192,12,54
195,182,54
201,217,54
206,172,54
217,201,54
221,160,54
228,274,54
229,191,54
236,46,54
240,11,54
242,250,54
250,242,54
263,12,54
270,44,54
274,228,54
290,51,54
298,48,54
312,148,54
313,71,54
320,175,54
6,209,55
16,121,55
24,108,55
48,181,55
61,24,55
66,169,55
72,161,55
87,287,55
90,185,55
94,314,55
99,258,55
100,271,55
108,24,55
115,161,55
121,302,55
133,178,55
161,72,55
161,115,55
169,66,55
176,100,55
178,133,55
183,267,55
185,90,55
192,263,55
204,246,55
209,6,55
246,204,55
258,99,55
263,192,55
267,183,55
271,100,55
281,308,55
287,87,55
298,230,55
302,121,55
308,281,55
314,94,55
12,192,56
24,61,56
26,244,56
45,126,56
46,87,56
46,287,56
71,145,56
72,115,56
72,161,56
73,169,56
76,102,56
76,163,56
87,46,56
87,287,56
93,283,56
97,109,56
100,176,56
109,97,56
115,72,56
115,161,56
117,300,56
121,16,56
121,302,56
126,45,56
145,71,56
152,177,56
155,221,56
156,189,56
158,291,56
161,72,56
161,115,56
169,73,56
181,298,56
189,156,56
192,12,56
221,155,56
240,249,56
244,26,56
283,93,56
287,46,56
287,87,56
291,158,56
298,181,56
300,117,56
14,111,57
16,302,57
24,91,57
25,167,57
40,243,57
45,25,57
48,62,57
52,248,57
58,317,57
62,48,57
66,73,57
73,66,57
73,169,57
76,102,57
111,14,57
111,131,57
117,143,57
121,16,57
122,142,57
142,122,57
155,168,57
155,221,57
161,72,57
161,227,57
167,25,57
186,289,57
227,161,57
239,39,57
243,40,57
248,52,57
282,318,57
289,186,57
300,210,57
302,16,57
318,282,57
23,227,58
28,86,58
31,321,58
34,144,58
46,283,58
48,86,58
72,227,58
73,66,58
86,28,58
86,48,58
111,14,58
144,34,58
148,314,58
155,168,58
159,230,58
161,72,58
172,231,58
179,288,58
184,244,58
227,23,58
227,72,58
228,315,58
230,159,58
231,172,58
231,267,58
244,184,58
267,231,58
271,300,58
283,46,58
283,93,58
288,179,58
300,271,58
312,314,58
314,148,58
314,312,58
315,228,58
321,31,58
24,61,59
28,63,59
29,165,59
37,116,59
46,93,59
46,283,59
63,28,59
72,161,59
72,227,59
93,46,59
103,134,59
115,269,59
116,37,59
116,98,59
121,302,59
134,103,59
148,312,59
159,228,59
159,230,59
159,315,59
165,29,59
192,263,59
210,271,59
221,160,59
227,23,59
227,72,59
228,159,59
231,172,59
267,183,59
269,115,59
271,210,59
278,257,59
283,46,59
302,121,59
312,148,59
312,314,59
315,159,59
7,156,60
15,44,60
16,121,60
16,302,60
23,72,60
24,91,60
28,62,60
28,63,60
28,86,60
34,95,60
44,15,60
44,270,60
61,91,60
62,28,60
62,86,60
63,86,60
66,169,60
72,23,60
72,161,60
72,227,60
76,163,60
80,237,60
86,28,60
86,62,60
86,63,60
91,61,60
93,162,60
121,16,60
121,302,60
148,314,60
149,263,60
156,7,60
158,226,60
159,230,60
159,315,60
162,93,60
169,66,60
171,249,60
172,267,60
183,170,60
183,231,60
226,158,60
228,315,60
231,183,60
237,80,60
249,171,60
263,149,60
267,172,60
302,16,60
302,121,60
312,148,60
312,314,60
314,148,60
314,312,60
315,228,60
322,55,60
3,317,61
15,270,61
16,121,61
16,302,61
17,67,61
23,227,61
28,63,61
28,142,61
44,15,61
44,131,61
44,270,61
53,190,61
63,28,61
67,17,61
72,23,61
91,108,61
108,91,61
121,16,61
121,302,61
131,44,61
142,28,61
148,312,61
156,197,61
159,230,61
179,316,61
183,170,61
197,156,61
227,23,61
230,315,61
235,246,61
246,235,61
270,15,61
270,44,61
302,16,61
302,121,61
312,148,61
314,94,61
315,230,61
316,179,61
317,3,61
10,56,62
15,44,62
16,121,62
23,72,62
24,61,62
28,122,62
28,142,62
44,15,62
44,270,62
56,10,62
61,24,62
64,322,62
68,188,62
73,157,62
81,139,62
90,213,62
109,144,62
121,16,62
122,28,62
122,142,62
124,161,62
138,277,62
142,122,62
144,109,62
155,160,62
155,221,62
157,73,62
160,155,62
160,221,62
161,124,62
161,251,62
165,194,62
168,177,62
170,172,62
172,170,62
177,168,62
179,288,62
179,316,62
183,231,62
188,68,62
194,165,62
206,267,62
213,90,62
221,155,62
221,160,62
230,159,62
251,161,62
267,206,62
268,276,62
276,268,62
277,138,62
282,316,62
288,316,62
304,318,62
316,282,62
316,288,62
318,304,62
322,64,62
15,270,63
28,122,63
37,98,63
44,15,63
44,270,63
46,87,63
63,142,63
67,135,63
81,311,63
86,62,63
87,46,63
94,312,63
98,37,63
98,116,63
122,28,63
122,142,63
135,67,63
142,63,63
142,122,63
170,267,63
185,282,63
185,288,63
204,277,63
215,308,63
223,311,63
230,298,63
267,170,63
270,15,63
270,44,63
273,275,63
275,273,63
277,204,63
282,185,63
282,288,63
288,185,63
288,282,63
298,230,63
308,215,63
311,81,63
311,223,63
312,94,63
316,179,63
2,246,64
16,302,64
37,116,64
58,289,64
62,63,64
63,62,64
79,219,64
81,223,64
82,310,64
94,314,64
98,37,64
116,37,64
139,311,64
155,160,64
160,155,64
181,230,64
181,298,64
185,282,64
185,288,64
215,281,64
215,308,64
219,79,64
223,81,64
223,311,64
230,181,64
230,298,64
239,65,64
246,2,64
281,215,64
282,185,64
282,316,64
288,185,64
289,58,64
298,181,64
298,230,64
298,315,64
302,16,64
310,82,64
311,139,64
311,223,64
312,148,64
315,298,64
316,282,64
3,43,65
23,251,65
24,108,65
28,142,65
33,280,65
42,235,65
43,3,65
46,287,65
49,187,65
52,95,65
61,108,65
62,86,65
63,86,65
67,17,65
81,311,65
86,63,65
89,256,65
95,52,65
98,116,65
104,299,65
108,24,65
108,61,65
116,98,65
124,227,65
136,211,65
139,223,65
142,28,65
142,122,65
145,313,65
150,152,65
152,150,65
154,281,65
156,189,65
157,202,65
162,283,65
170,183,65
170,267,65
181,230,65
183,170,65
187,49,65
192,12,65
202,157,65
209,259,65
211,136,65
221,274,65
223,81,65
223,139,65
223,311,65
227,124,65
230,181,65
230,298,65
235,42,65
251,23,65
253,323,65
256,89,65
259,209,65
274,221,65
280,33,65
281,154,65
283,162,65
287,46,65
298,230,65
311,81,65
311,223,65
313,145,65
323,253,65
8,291,66
14,131,66
24,61,66
44,129,66
45,126,66
50,147,66
61,24,66
66,234,66
69,268,66
71,141,66
81,139,66
123,261,66
124,161,66
125,247,66
129,44,66
131,14,66
139,81,66
139,223,66
139,311,66
141,71,66
147,50,66
156,197,66
161,124,66
170,183,66
182,208,66
189,197,66
197,189,66
198,300,66
208,182,66
223,139,66
227,251,66
234,66,66
247,125,66
251,227,66
261,123,66
267,206,66
268,69,66
291,8,66
300,198,66
311,139,66
29,273,67
32,195,67
33,272,67
33,280,67
48,230,67
71,145,67
86,62,67
119,252,67
129,167,67
139,223,67
139,311,67
142,28,67
144,304,67
145,71,67
155,159,67
157,73,67
159,155,67
167,129,67
195,32,67
222,286,67
230,48,67
243,263,67
248,297,67
252,119,67
263,243,67
273,29,67
286,222,67
297,248,67
304,144,67
5,29,68
29,5,68
37,98,68
57,265,68
58,166,68
61,91,68
69,276,68
71,313,68
74,97,68
87,162,68
91,61,68
92,244,68
97,74,68
98,37,68
113,126,68
115,176,68
126,113,68
129,44,68
134,256,68
136,247,68
138,235,68
139,223,68
162,87,68
166,58,68
170,206,68
176,115,68
179,224,68
181,298,68
184,192,68
192,184,68
206,170,68
211,247,68
224,179,68
227,269,68
233,307,68
235,138,68
243,40,68
244,92,68
247,136,68
247,211,68
256,134,68
265,57,68
269,227,68
276,69,68
288,318,68
298,181,68
307,233,68
312,314,68
313,71,68
314,312,68
318,288,68
15,131,69
17,135,69
24,91,69
52,72,69
58,289,69
61,24,69
61,91,69
67,135,69
72,52,69
80,199,69
87,287,69
91,24,69
91,61,69
98,116,69
104,121,69
121,104,69
125,211,69
131,15,69
135,17,69
135,67,69
157,234,69
162,287,69
166,289,69
179,185,69
185,179,69
197,156,69
198,210,69
199,80,69
210,198,69
211,125,69
227,297,69
231,296,69
234,157,69
287,87,69
287,162,69
289,166,69
293,317,69
293,323,69
296,231,69
297,227,69
315,228,69
317,293,69
323,293,69
5,273,70
11,171,70
13,146,70
16,104,70
24,61,70
24,91,70
35,59,70
37,116,70
48,122,70
52,95,70
59,35,70
61,24,70
87,162,70
91,24,70
92,262,70
93,283,70
104,16,70
116,37,70
122,48,70
135,17,70
137,146,70
138,204,70
138,235,70
145,313,70
146,13,70
146,137,70
155,177,70
159,221,70
162,87,70
171,11,70
176,198,70
176,210,70
177,155,70
183,206,70
197,189,70
198,176,70
204,138,70
206,183,70
210,176,70
211,247,70
213,282,70
221,159,70
222,306,70
227,251,70
227,297,70
243,263,70
251,297,70
262,92,70
269,297,70
273,5,70
282,213,70
283,93,70
286,306,70
287,46,70
289,58,70
297,251,70
297,269,70
306,222,70
306,286,70
313,145,70
6,259,71
16,69,71
17,67,71
25,129,71
34,144,71
36,49,71
42,246,71
46,87,71
46,162,71
49,36,71
58,102,71
67,17,71
68,127,71
69,16,71
69,276,71
72,123,71
82,20,71
87,46,71
87,162,71
92,244,71
102,58,71
104,121,71
115,210,71
123,72,71
127,68,71
129,25,71
138,204,71
138,235,71
139,311,71
144,34,71
146,13,71
161,227,71
162,46,71
162,87,71
170,183,71
176,198,71
177,168,71
183,170,71
204,235,71
210,115,71
211,125,71
213,316,71
227,161,71
227,251,71
235,204,71
244,262,71
246,42,71
251,227,71
251,269,71
251,297,71
258,299,71
259,6,71
262,244,71
269,251,71
269,297,71
297,251,71
297,269,71
299,258,71
306,222,71
316,213,71
322,55,71
17,135,72
23,161,72
23,227,72
24,61,72
24,91,72
30,249,72
34,304,72
38,203,72
43,243,72
43,263,72
46,287,72
52,227,72
61,108,72
96,284,72
139,223,72
150,245,72
161,23,72
162,46,72
162,87,72
176,300,72
192,12,72
203,38,72
221,298,72
223,311,72
227,23,72
227,52,72
243,43,72
243,263,72
249,30,72
263,43,72
263,243,72
284,96,72
298,221,72
300,176,72
304,34,72
306,286,72
311,223,72
15,270,73
23,161,73
24,61,73
34,144,73
43,243,73
51,260,73
51,290,73
60,140,73
61,24,73
61,108,73
98,227,73
123,261,73
124,251,73
130,234,73
138,204,73
140,60,73
144,304,73
149,217,73
155,160,73
170,206,73
176,198,73
183,206,73
187,291,73
190,225,73
192,184,73
204,138,73
206,170,73
206,183,73
210,300,73
217,149,73
223,139,73
225,190,73
227,98,73
234,130,73
243,43,73
243,263,73
251,124,73
255,305,73
260,51,73
260,290,73
268,320,73
270,15,73
290,260,73
291,187,73
300,210,73
304,144,73
305,255,73
320,268,73
1,42,74
3,263,74
9,156,74
19,324,74
23,297,74
24,108,74
42,1,74
42,259,74
46,283,74
51,260,74
51,290,74
62,142,74
75,117,74
87,93,74
87,162,74
87,283,74
91,108,74
93,87,74
93,162,74
93,283,74
108,24,74
108,61,74
108,91,74
117,75,74
138,235,74
142,62,74
144,34,74
144,304,74
150,152,74
156,9,74
161,227,74
162,93,74
166,293,74
170,183,74
170,206,74
181,221,74
183,170,74
183,206,74
206,170,74
206,183,74
221,181,74
221,298,74
227,161,74
235,138,74
258,302,74
259,42,74
260,51,74
263,3,74
283,46,74
283,87,74
283,93,74
290,51,74
293,166,74
297,23,74
302,258,74
324,19,74
24,26,75
24,61,75
24,91,75
24,108,75
26,24,75
26,91,75
34,304,75
42,1,75
58,293,75
61,24,75
61,108,75
62,86,75
62,142,75
86,142,75
91,24,75
91,26,75
93,162,75
100,269,75
108,24,75
108,61,75
142,86,75
144,34,75
161,297,75
166,317,75
170,183,75
170,267,75
183,170,75
198,300,75
205,308,75
206,267,75
227,52,75
227,161,75
258,299,75
258,302,75
259,6,75
260,290,75
263,243,75
267,170,75
267,206,75
268,276,75
269,100,75
276,268,75
290,260,75
293,58,75
293,166,75
297,161,75
298,315,75
300,198,75
304,34,75
308,205,75
313,71,75
315,298,75
317,166,75
6,42,76
9,22,76
9,156,76
22,156,76
34,144,76
35,112,76
42,6,76
48,230,76
97,282,76
108,24,76
108,61,76
111,131,76
112,35,76
131,111,76
156,22,76
161,227,76
170,206,76
198,176,76
206,170,76
206,267,76
209,316,76
221,181,76
227,52,76
227,161,76
228,274,76
243,40,76
263,3,76
274,228,76
282,97,76
283,46,76
290,51,76
290,260,76
293,317,76
297,248,76
306,222,76
316,209,76
317,293,76
323,253,76
9,22,77
22,9,77
22,156,77
23,248,77
28,193,77
42,1,77
49,291,77
66,169,77
69,268,77
75,141,77
112,127,77
127,112,77
141,75,77
171,249,77
172,183,77
183,172,77
183,206,77
193,28,77
202,229,77
206,170,77
206,183,77
229,202,77
248,23,77
248,297,77
249,171,77
268,69,77
268,276,77
290,51,77
291,49,77
1,6,78
1,42,78
6,1,78
6,42,78
23,251,78
27,121,78
42,6,78
52,248,78
52,297,78
58,289,78
65,312,78
69,276,78
88,158,78
88,226,78
108,24,78
121,27,78
122,142,78
125,247,78
136,211,78
142,122,78
158,88,78
158,226,78
159,160,78
160,159,78
161,297,78
162,283,78
199,237,78
206,170,78
206,183,78
211,136,78
226,88,78
226,158,78
237,199,78
247,125,78
248,23,78
248,52,78
248,297,78
251,23,78
274,298,78
276,69,78
276,268,78
283,162,78
297,52,78
297,161,78
297,248,78
298,274,78
312,65,78
22,189,79
23,124,79
36,199,79
42,1,79
42,6,79
51,260,79
52,95,79
52,297,79
58,166,79
58,293,79
87,162,79
94,148,79
97,209,79
98,161,79
102,163,79
102,289,79
119,281,79
121,104,79
124,23,79
131,14,79
139,311,79
142,86,79
148,94,79
161,98,79
161,297,79
162,87,79
162,283,79
163,102,79
166,58,79
170,183,79
170,206,79
183,170,79
183,206,79
189,22,79
199,36,79
204,246,79
206,170,79
206,183,79
209,97,79
246,204,79
248,251,79
250,252,79
251,248,79
252,250,79
260,51,79
276,69,79
281,119,79
289,102,79
293,58,79
297,52,79
297,161,79
299,302,79
302,299,79
311,139,79
13,39,80
14,111,80
18,191,80
23,227,80
23,248,80
24,91,80
26,61,80
34,304,80
39,13,80
40,149,80
52,251,80
52,297,80
61,26,80
91,24,80
95,161,80
109,285,80
110,319,80
111,14,80
119,154,80
119,281,80
149,40,80
154,119,80
156,197,80
160,168,80
161,95,80
168,160,80
170,183,80
183,170,80
183,206,80
191,18,80
197,156,80
227,23,80
228,315,80
248,23,80
251,52,80
285,109,80
293,317,80
297,52,80
300,210,80
315,228,80
319,110,80
14,131,81
20,310,81
22,9,81
23,52,81
23,124,81
23,227,81
23,251,81
23,297,81
27,104,81
30,171,81
49,187,81
52,23,81
52,251,81
93,283,81
102,224,81
102,289,81
104,27,81
104,121,81
124,248,81
124,297,81
171,30,81
172,267,81
183,170,81
187,49,81
224,102,81
227,297,81
248,124,81
251,23,81
251,52,81
258,299,81
267,172,81
282,288,81
283,93,81
288,282,81
297,23,81
297,124,81
297,227,81
299,258,81
299,302,81
310,20,81
12,184,82
14,111,82
23,52,82
23,227,82
23,248,82
28,311,82
52,23,82
52,227,82
52,248,82
52,251,82
53,225,82
59,127,82
69,16,82
88,158,82
102,224,82
102,289,82
113,167,82
124,227,82
124,297,82
127,59,82
136,315,82
155,211,82
158,88,82
160,159,82
161,98,82
163,289,82
167,113,82
184,12,82
191,229,82
210,115,82
211,155,82
225,53,82
227,23,82
227,52,82
227,124,82
229,191,82
245,303,82
248,23,82
248,52,82
289,163,82
297,124,82
303,245,82
311,28,82
315,136,82
320,175,82
4,151,83
5,165,83
10,276,83
18,114,83
23,227,83
23,297,83
24,108,83
27,121,83
28,142,83
28,311,83
34,72,83
35,236,83
52,227,83
52,248,83
52,251,83
57,173,83
62,122,83
72,34,83
81,309,83
99,302,83
102,163,83
102,224,83
110,279,83
114,18,83
121,27,83
122,62,83
142,28,83
142,311,83
151,4,83
155,315,83
163,102,83
165,5,83
166,293,83
173,57,83
187,238,83
227,23,83
227,52,83
227,248,83
227,251,83
228,274,83
236,35,83
238,187,83
248,227,83
248,251,83
251,227,83
251,248,83
274,228,83
276,10,83
279,110,83
283,162,83
293,166,83
297,23,83
302,99,83
309,81,83
311,142,83
315,155,83
3,317,84
17,133,84
18,191,84
28,142,84
32,294,84
48,62,84
62,48,84
72,304,84
73,229,84
95,98,84
98,95,84
104,268,84
109,261,84
114,191,84
133,17,84
135,178,84
136,274,84
142,28,84
142,311,84
146,196,84
163,289,84
178,135,84
191,18,84
191,114,84
195,294,84
196,146,84
210,300,84
227,248,84
229,73,84
248,227,84
248,251,84
251,52,84
251,248,84
260,290,84
261,109,84
268,104,84
274,136,84
283,93,84
290,260,84
294,32,84
294,195,84
302,299,84
304,72,84
317,3,84
11,240,85
18,114,85
18,191,85
27,104,85
28,311,85
34,304,85
58,163,85
66,157,85
72,34,85
97,282,85
104,27,85
114,18,85
126,45,85
136,211,85
138,204,85
154,295,85
157,66,85
159,315,85
162,87,85
163,58,85
163,289,85
170,231,85
187,49,85
191,18,85
204,138,85
210,271,85
211,136,85
212,222,85
222,212,85
227,251,85
227,297,85
231,170,85
240,11,85
248,227,85
248,251,85
251,227,85
251,248,85
282,97,85
282,318,85
295,154,85
297,124,85
297,227,85
304,34,85
311,28,85
315,159,85
318,282,85
8,238,86
10,120,86
28,142,86
34,144,86
34,304,86
48,230,86
53,180,86
53,225,86
59,188,86
62,122,86
72,304,86
75,143,86
128,296,86
142,28,86
143,75,86
146,137,86
170,183,86
180,53,86
183,231,86
188,59,86
200,287,86
210,300,86
227,248,86
231,183,86
238,8,86
248,227,86
274,228,86
287,200,86
288,318,86
296,128,86
297,124,86
304,72,86
315,155,86
315,159,86
318,288,86
26,91,87
65,314,87
86,122,87
91,26,87
109,285,87
122,86,87
130,199,87
134,279,87
142,311,87
144,304,87
155,159,87
159,155,87
174,320,87
180,225,87
199,130,87
225,180,87
227,297,87
279,134,87
297,227,87
304,34,87
304,144,87
311,142,87
314,65,87
320,174,87
2,316,88
3,43,88
29,246,88
36,130,88
37,95,88
43,3,88
45,113,88
58,253,88
90,259,88
95,37,88
97,209,88
98,124,88
98,161,88
102,163,88
109,261,88
109,285,88
109,304,88
113,45,88
124,98,88
130,36,88
148,314,88
157,169,88
163,102,88
163,289,88
166,186,88
166,293,88
169,157,88
186,166,88
186,293,88
217,228,88
225,53,88
225,180,88
228,217,88
228,274,88
238,291,88
246,29,88
248,297,88
253,58,88
259,90,88
261,304,88
285,304,88
291,238,88
293,186,88
297,248,88
304,109,88
304,144,88
304,261,88
304,285,88
306,286,88
314,148,88
316,2,88
8,187,89
8,238,89
59,127,89
59,188,89
66,178,89
98,124,89
99,258,89
109,261,89
124,161,89
124,227,89
127,188,89
143,198,89
144,261,89
144,304,89
161,124,89
163,102,89
166,186,89
167,306,89
178,66,89
182,294,89
186,166,89
187,8,89
188,127,89
198,143,89
225,53,89
225,180,89
227,124,89
238,8,89
244,92,89
258,99,89
261,109,89
261,144,89
294,182,89
294,195,89
304,144,89
306,167,89
8,187,90
15,131,90
22,189,90
25,126,90
28,311,90
48,62,90
52,297,90
59,127,90
59,188,90
62,48,90
75,198,90
90,97,90
91,92,90
91,244,90
92,91,90
92,244,90
97,90,90
99,299,90
102,289,90
124,98,90
124,227,90
126,25,90
127,59,90
127,188,90
129,44,90
131,15,90
144,261,90
170,231,90
186,293,90
188,59,90
188,127,90
195,208,90
198,75,90
198,143,90
208,195,90
217,274,90
225,53,90
231,170,90
231,183,90
238,291,90
244,91,90
244,92,90
274,217,90
289,102,90
294,182,90
297,52,90
299,99,90
311,28,90
311,142,90
8,238,91
11,171,91
11,240,91
27,69,91
27,104,91
31,133,91
33,272,91
58,317,91
69,27,91
69,104,91
72,318,91
76,81,91
81,76,91
86,311,91
87,292,91
98,227,91
104,69,91
118,245,91
123,285,91
124,98,91
124,227,91
128,206,91
133,31,91
144,304,91
170,183,91
171,11,91
171,240,91
183,170,91
183,231,91
198,75,91
199,237,91
200,207,91
201,323,91
206,128,91
207,200,91
210,271,91
227,98,91
227,124,91
238,8,91
240,171,91
245,118,91
263,323,91
285,123,91
292,87,91
299,302,91
311,28,91
311,86,91
314,65,91
317,58,91
318,72,91
323,201,91
323,263,91
27,69,92
27,104,92
49,291,92
66,135,92
69,27,92
104,27,92
110,134,92
124,161,92
125,211,92
134,110,92
135,66,92
136,217,92
146,196,92
154,205,92
193,245,92
205,154,92
211,125,92
217,136,92
227,98,92
242,265,92
245,193,92
249,296,92
261,109,92
265,242,92
291,49,92
296,249,92
323,201,92
4,54,93
25,316,93
27,69,93
36,199,93
42,204,93
54,4,93
86,122,93
91,92,93
92,91,93
92,244,93
98,161,93
105,285,93
161,98,93
168,177,93
195,294,93
199,36,93
204,42,93
208,294,93
248,251,93
285,105,93
294,195,93
294,208,93
316,25,93
317,323,93
323,317,93
28,86,94
28,311,94
29,204,94
58,186,94
70,218,94
75,300,94
86,28,94
86,311,94
104,121,94
117,145,94
121,104,94
137,254,94
145,117,94
148,312,94
177,181,94
181,177,94
186,58,94
204,29,94
217,274,94
240,11,94
254,137,94
300,75,94
311,28,94
311,86,94
312,148,94
316,2,94
25,113,95
48,221,95
68,164,95
102,186,95
113,25,95
113,45,95
133,17,95
133,31,95
155,315,95
164,68,95
171,231,95
171,240,95
183,170,95
186,102,95
205,308,95
221,48,95
231,171,95
231,240,95
240,171,95
240,231,95
306,286,95
315,155,95
4,41,96
6,204,96
19,146,96
24,61,96
41,4,96
58,253,96
61,24,96
75,176,96
75,300,96
124,227,96
128,249,96
140,197,96
146,19,96
159,177,96
160,181,96
161,227,96
176,75,96
177,159,96
181,160,96
183,231,96
193,223,96
197,140,96
204,6,96
223,193,96
227,124,96
227,161,96
229,290,96
231,183,96
245,118,96
249,128,96
290,229,96
323,201,96
12,40,97
40,12,97
40,149,97
60,178,97
61,92,97
91,244,97
92,61,97
93,162,97
98,124,97
98,161,97
98,227,97
105,123,97
107,106,97
114,290,97
123,105,97
124,98,97
124,161,97
124,227,97
126,129,97
127,112,97
129,126,97
132,301,97
157,220,97
159,315,97
161,98,97
161,124,97
161,227,97
162,93,97
178,60,97
210,300,97
220,157,97
227,98,97
227,124,97
227,161,97
244,91,97
258,299,97
290,114,97
294,182,97
299,258,97
300,210,97
301,132,97
315,159,97
12,149,98
24,92,98
44,316,98
46,266,98
65,312,98
91,92,98
91,244,98
92,24,98
92,91,98
92,244,98
124,161,98
126,316,98
129,44,98
129,126,98
133,321,98
149,12,98
161,124,98
203,216,98
216,203,98
227,98,98
244,92,98
260,51,98
266,46,98
269,271,98
271,269,98
300,75,98
300,210,98
312,65,98
316,44,98
316,126,98
321,133,98
31,321,99
44,129,99
66,178,99
71,198,99
71,313,99
75,210,99
83,175,99
92,262,99
113,25,99
125,217,99
127,188,99
129,44,99
138,246,99
141,166,99
166,141,99
167,286,99
170,240,99
171,183,99
175,83,99
178,66,99
179,288,99
183,171,99
198,71,99
209,213,99
210,75,99
213,209,99
217,125,99
217,274,99
240,170,99
244,91,99
246,138,99
262,92,99
286,167,99
288,179,99
299,302,99
321,31,99
12,243,100
13,146,100
36,237,100
40,61,100
61,40,100
62,230,100
75,300,100
98,124,100
98,227,100
105,285,100
118,193,100
123,285,100
124,98,100
129,316,100
146,13,100
159,177,100
186,253,100
193,118,100
230,62,100
235,277,100
237,36,100
243,12,100
248,318,100
253,186,100
269,100,100
277,235,100
285,123,100
300,75,100
304,34,100
316,129,100
318,248,100
321,133,100
