11,303,1
25,268,1
32,212,1
33,300,1
39,240,1
40,169,1
40,258,1
41,42,1
42,41,1
44,223,1
45,204,1
57,198,1
57,218,1
65,277,1
68,243,1
69,129,1
90,282,1
91,205,1
93,186,1
103,298,1
105,162,1
106,321,1
108,127,1
113,245,1
114,137,1
116,159,1
125,257,1
127,108,1
129,69,1
133,260,1
134,315,1
137,114,1
157,177,1
159,116,1
162,105,1
169,40,1
173,282,1
177,157,1
181,276,1
186,93,1
191,239,1
193,320,1
194,199,1
198,57,1
199,194,1
204,45,1
205,91,1
212,32,1
213,231,1
215,250,1
217,320,1
218,57,1
223,44,1
231,213,1
239,191,1
240,39,1
243,68,1
245,113,1
250,215,1
257,125,1
258,40,1
260,133,1
261,265,1
265,261,1
268,25,1
276,181,1
277,65,1
282,90,1
282,173,1
298,103,1
300,33,1
302,319,1
303,11,1
315,134,1
319,302,1
320,193,1
320,217,1
321,106,1
8,13,2
13,8,2
17,101,2
18,161,2
23,283,2
34,83,2
35,251,2
39,50,2
39,240,2
40,169,2
50,39,2
56,197,2
63,163,2
83,34,2
101,17,2
102,122,2
102,201,2
107,133,2
117,189,2
122,102,2
122,201,2
127,317,2
133,107,2
133,260,2
152,254,2
161,18,2
163,63,2
178,320,2
179,221,2
179,305,2
187,227,2
189,117,2
197,56,2
201,102,2
201,122,2
214,289,2
221,179,2
227,187,2
228,304,2
251,35,2
254,152,2
283,23,2
289,214,2
290,321,2
304,228,2
305,179,2
317,127,2
320,178,2
320,217,2
321,290,2
6,288,3
10,34,3
11,228,3
26,230,3
34,10,3
34,83,3
39,50,3
39,252,3
45,47,3
47,45,3
50,240,3
50,252,3
62,269,3
63,145,3
80,274,3
84,128,3
84,239,3
85,235,3
90,173,3
95,175,3
102,122,3
105,165,3
118,308,3
122,102,3
122,201,3
127,108,3
128,84,3
134,311,3
134,315,3
137,194,3
145,63,3
145,163,3
160,285,3
163,145,3
165,105,3
169,258,3
173,90,3
175,95,3
176,279,3
178,217,3
179,221,3
179,305,3
194,137,3
198,245,3
203,254,3
208,307,3
217,178,3
228,11,3
230,26,3
235,85,3
239,84,3
240,50,3
245,198,3
252,39,3
252,50,3
254,203,3
258,169,3
269,62,3
274,80,3
279,176,3
285,160,3
288,6,3
307,208,3
308,118,3
311,134,3
321,106,3
321,290,3
4,102,4
4,201,4
38,208,4
48,215,4
66,230,4
74,170,4
84,191,4
97,101,4
101,97,4
102,4,4
102,122,4
122,102,4
170,74,4
179,221,4
191,84,4
201,4,4
207,250,4
208,38,4
215,48,4
228,304,4
230,66,4
250,207,4
254,152,4
254,203,4
302,316,4
316,302,4
4,122,5
9,273,5
27,77,5
40,268,5
48,211,5
58,196,5
77,27,5
99,317,5
101,17,5
105,162,5
122,4,5
126,217,5
127,158,5
128,239,5
152,203,5
152,254,5
156,303,5
158,127,5
165,234,5
169,283,5
173,282,5
196,58,5
201,240,5
203,152,5
203,254,5
211,48,5
217,126,5
217,178,5
234,165,5
239,128,5
240,201,5
241,277,5
254,152,5
254,203,5
268,40,5
273,9,5
277,241,5
281,297,5
283,169,5
297,281,5
303,156,5
317,99,5
8,246,6
11,62,6
25,40,6
26,121,6
28,293,6
34,10,6
40,25,6
40,268,6
48,215,6
59,97,6
59,101,6
62,11,6
63,163,6
74,140,6
74,170,6
84,128,6
87,156,6
91,294,6
97,59,6
101,59,6
103,188,6
103,298,6
108,158,6
121,26,6
128,84,6
131,296,6
134,311,6
140,74,6
145,63,6
145,163,6
156,87,6
156,228,6
158,108,6
158,127,6
163,63,6
163,145,6
166,232,6
188,103,6
191,209,6
201,252,6
205,294,6
209,191,6
217,126,6
228,156,6
232,166,6
246,8,6
252,201,6
283,23,6
293,28,6
294,91,6
294,205,6
296,131,6
25,199,7
38,58,7
40,25,7
40,199,7
40,268,7
49,263,7
56,164,7
58,38,7
64,223,7
72,179,7
74,140,7
74,170,7
91,205,7
91,294,7
95,295,7
97,101,7
101,97,7
113,198,7
126,178,7
126,217,7
135,239,7
140,170,7
158,108,7
164,56,7
170,140,7
178,126,7
178,193,7
179,72,7
193,178,7
198,113,7
199,25,7
199,40,7
205,91,7
205,294,7
215,250,7
223,64,7
228,303,7
239,135,7
250,215,7
263,49,7
263,280,7
280,263,7
294,91,7
294,205,7
295,95,7
303,228,7
2,190,8
3,318,8
13,206,8
22,304,8
25,268,8
33,202,8
39,50,8
40,199,8
50,39,8
59,97,8
59,101,8
63,145,8
68,314,8
74,140,8
74,170,8
90,282,8
91,205,8
97,59,8
97,101,8
101,59,8
101,97,8
117,150,8
138,188,8
140,74,8
140,170,8
145,63,8
150,117,8
169,258,8
170,74,8
170,140,8
173,90,8
173,282,8
188,138,8
190,2,8
199,25,8
199,40,8
199,268,8
202,33,8
205,91,8
206,13,8
208,307,8
263,49,8
263,280,8
268,25,8
268,199,8
282,90,8
282,173,8
304,22,8
314,68,8
318,3,8
4,102,9
4,201,9
10,83,9
16,261,9
26,55,9
40,169,9
40,199,9
40,258,9
48,250,9
49,280,9
55,26,9
65,241,9
83,10,9
89,299,9
91,294,9
101,17,9
101,59,9
102,4,9
102,122,9
107,260,9
122,102,9
126,193,9
128,209,9
146,220,9
147,156,9
152,203,9
156,147,9
169,40,9
169,199,9
169,258,9
193,126,9
199,40,9
199,169,9
201,4,9
203,152,9
209,128,9
220,146,9
226,276,9
241,65,9
250,48,9
258,40,9
258,169,9
260,107,9
260,133,9
261,16,9
268,25,9
276,226,9
280,49,9
280,263,9
294,91,9
299,89,9
4,102,10
17,59,10
17,101,10
23,98,10
25,258,10
40,169,10
40,199,10
40,258,10
51,270,10
56,197,10
59,17,10
59,97,10
59,101,10
63,163,10
97,59,10
97,101,10
98,23,10
101,17,10
101,59,10
101,97,10
102,4,10
102,201,10
126,275,10
136,154,10
148,293,10
154,136,10
155,170,10
163,63,10
164,197,10
169,40,10
169,199,10
170,155,10
171,274,10
176,265,10
179,305,10
193,178,10
197,164,10
199,40,10
199,169,10
199,258,10
201,102,10
207,215,10
211,295,10
215,207,10
258,25,10
258,40,10
258,199,10
260,107,10
260,133,10
265,176,10
270,51,10
274,171,10
275,126,10
293,148,10
295,211,10
4,201,11
5,88,11
23,298,11
25,199,11
26,121,11
27,188,11
40,199,11
40,268,11
62,269,11
64,208,11
72,305,11
74,140,11
84,231,11
88,5,11
95,175,11
101,59,11
107,133,11
107,260,11
108,286,11
130,300,11
133,107,11
133,260,11
140,74,11
144,294,11
188,27,11
199,25,11
199,40,11
199,169,11
201,4,11
201,252,11
205,294,11
208,64,11
215,250,11
231,84,11
250,215,11
260,107,11
260,133,11
268,40,11
282,90,11
286,108,11
294,144,11
294,205,11
298,23,11
300,130,11
305,72,11
305,179,11
11,304,12
19,257,12
22,228,12
22,304,12
25,283,12
43,185,12
44,64,12
57,245,12
64,44,12
68,139,12
76,147,12
102,240,12
139,68,12
147,76,12
185,43,12
199,25,12
220,313,12
228,22,12
240,102,12
245,57,12
257,19,12
260,107,12
260,133,12
283,25,12
304,11,12
304,22,12
305,72,12
313,220,12
11,228,13
11,303,13
20,119,13
22,168,13
22,304,13
23,98,13
25,169,13
25,283,13
26,55,13
48,215,13
58,86,13
72,179,13
72,305,13
74,170,13
80,117,13
85,147,13
85,235,13
86,58,13
106,312,13
108,158,13
117,80,13
119,20,13
147,85,13
153,222,13
162,206,13
164,219,13
166,310,13
168,22,13
168,304,13
169,25,13
169,283,13
170,74,13
175,274,13
179,72,13
179,305,13
200,247,13
206,162,13
215,48,13
215,250,13
219,164,13
222,153,13
228,11,13
247,200,13
274,175,13
277,318,13
283,169,13
294,144,13
303,11,13
304,168,13
305,179,13
310,166,13
312,106,13
318,277,13
13,182,14
15,92,14
22,228,14
24,297,14
25,169,14
25,194,14
25,283,14
27,77,14
55,121,14
74,155,14
76,235,14
85,147,14
92,15,14
102,122,14
102,240,14
104,138,14
121,55,14
122,240,14
133,145,14
134,315,14
137,114,14
138,104,14
144,205,14
144,294,14
145,133,14
147,76,14
147,85,14
147,235,14
155,74,14
162,105,14
162,206,14
169,25,14
175,202,14
182,13,14
194,25,14
194,283,14
202,175,14
205,144,14
215,48,14
217,275,14
228,22,14
235,76,14
235,147,14
240,122,14
275,217,14
283,25,14
283,194,14
297,24,14
305,72,14
22,304,15
48,250,15
56,219,15
62,192,15
63,145,15
79,167,15
82,179,15
98,298,15
100,157,15
102,122,15
102,225,15
122,102,15
133,260,15
145,63,15
147,85,15
157,100,15
162,105,15
166,232,15
167,79,15
168,228,15
169,258,15
179,82,15
192,62,15
198,245,15
215,250,15
219,56,15
225,102,15
228,168,15
235,76,15
245,198,15
250,48,15
250,215,15
258,169,15
298,98,15
304,22,15
2,254,16
13,319,16
17,69,16
23,298,16
25,169,16
25,194,16
29,251,16
44,208,16
47,204,16
55,161,16
63,133,16
63,145,16
69,17,16
80,150,16
83,94,16
94,83,16
102,115,16
102,122,16
102,225,16
103,104,16
104,103,16
104,138,16
107,150,16
110,307,16
115,102,16
115,282,16
126,174,16
133,63,16
140,170,16
150,80,16
150,107,16
161,55,16
162,206,16
169,25,16
169,194,16
169,258,16
170,140,16
174,126,16
193,217,16
194,25,16
194,169,16
194,258,16
199,283,16
204,47,16
208,44,16
217,193,16
219,164,16
228,303,16
231,213,16
250,48,16
250,215,16
251,29,16
254,2,16
256,294,16
258,194,16
282,115,16
283,199,16
294,256,16
297,281,16
298,23,16
303,228,16
307,110,16
319,13,16
4,240,17
10,94,17
22,168,17
49,198,17
64,223,17
76,156,17
76,235,17
80,189,17
93,284,17
94,10,17
99,286,17
102,115,17
115,102,17
115,122,17
115,225,17
122,115,17
122,225,17
125,127,17
127,125,17
133,260,17
147,156,17
150,80,17
150,189,17
156,76,17
156,147,17
156,235,17
168,22,17
178,275,17
189,80,17
189,150,17
194,25,17
197,229,17
198,49,17
199,258,17
199,283,17
209,231,17
225,115,17
225,122,17
229,197,17
231,209,17
235,156,17
240,4,17
258,199,17
275,178,17
284,93,17
286,99,17
294,144,17
297,24,17
17,59,18
48,207,18
59,17,18
60,140,18
63,133,18
63,260,18
74,143,18
76,147,18
76,156,18
80,150,18
80,189,18
102,225,18
102,282,18
115,102,18
122,173,18
122,225,18
133,63,18
140,60,18
143,74,18
147,76,18
147,156,18
150,80,18
156,76,18
156,147,18
168,304,18
169,268,18
173,122,18
189,80,18
193,320,18
199,258,18
199,283,18
207,48,18
209,128,18
209,213,18
213,209,18
225,102,18
225,122,18
225,282,18
231,239,18
239,231,18
260,63,18
268,169,18
282,102,18
282,225,18
294,256,18
304,168,18
320,193,18
10,34,19
13,246,19
23,188,19
24,281,19
33,130,19
49,112,19
71,234,19
75,152,19
76,147,19
80,150,19
80,189,19
102,122,19
102,282,19
104,103,19
106,227,19
112,49,19
122,102,19
130,33,19
133,145,19
144,256,19
144,294,19
145,133,19
147,76,19
147,156,19
150,189,19
151,242,19
152,75,19
157,177,19
173,225,19
176,279,19
188,23,19
189,150,19
192,292,19
193,275,19
194,258,19
198,245,19
208,307,19
211,215,19
211,250,19
215,211,19
215,250,19
225,173,19
225,282,19
227,106,19
234,71,19
242,151,19
246,13,19
248,313,19
250,211,19
250,215,19
256,144,19
258,194,19
275,193,19
275,320,19
281,24,19
282,102,19
282,225,19
292,192,19
294,144,19
307,208,19
313,248,19
320,275,19
13,182,20
25,169,20
25,194,20
26,66,20
40,191,20
48,215,20
61,120,20
66,26,20
76,156,20
98,188,20
102,122,20
115,225,20
120,61,20
122,282,20
142,197,20
147,76,20
156,76,20
169,25,20
169,268,20
188,98,20
191,40,20
192,62,20
194,25,20
197,142,20
199,258,20
211,215,20
211,250,20
215,48,20
215,211,20
215,250,20
225,115,20
225,282,20
250,211,20
250,215,20
258,199,20
258,283,20
275,193,20
275,320,20
276,181,20
282,122,20
282,225,20
283,258,20
13,246,21
44,196,21
76,147,21
94,133,21
112,198,21
122,225,21
128,135,21
133,94,21
135,128,21
147,156,21
156,147,21
156,235,21
173,282,21
194,268,21
196,44,21
198,112,21
211,215,21
211,250,21
215,211,21
225,122,21
242,272,21
244,270,21
250,211,21
268,194,21
270,244,21
272,242,21
275,193,21
282,173,21
303,11,21
313,220,21
313,248,21
2,203,22
5,136,22
11,167,22
11,303,22
44,208,22
45,204,22
112,49,22
112,198,22
121,192,22
136,5,22
147,76,22
147,156,22
156,147,22
156,235,22
167,11,22
169,191,22
173,225,22
173,282,22
178,320,22
182,246,22
191,169,22
192,121,22
196,208,22
199,283,22
203,2,22
204,45,22
208,44,22
208,196,22
211,215,22
225,173,22
246,182,22
283,199,22
313,220,22
320,178,22
5,37,23
11,79,23
28,170,23
33,253,23
37,5,23
40,169,23
49,198,23
59,97,23
62,292,23
79,11,23
84,239,23
94,145,23
97,59,23
98,199,23
112,49,23
112,245,23
122,102,23
122,225,23
128,209,23
135,209,23
145,94,23
167,303,23
169,40,23
169,194,23
170,28,23
194,169,23
198,49,23
199,98,23
199,283,23
208,44,23
209,128,23
209,135,23
219,56,23
225,122,23
225,282,23
227,187,23
234,165,23
239,84,23
245,112,23
253,33,23
282,225,23
292,62,23
303,167,23
303,304,23
304,303,23
312,321,23
321,312,23
4,201,24
11,167,24
11,303,24
12,291,24
49,245,24
51,244,24
71,148,24
71,165,24
80,117,24
80,189,24
83,131,24
83,133,24
100,177,24
102,225,24
104,298,24
115,252,24
125,286,24
128,135,24
128,209,24
130,202,24
131,83,24
131,133,24
133,83,24
133,131,24
135,128,24
147,76,24
148,71,24
148,234,24
156,228,24
165,71,24
167,11,24
167,303,24
173,225,24
173,282,24
174,193,24
177,100,24
189,80,24
193,174,24
194,25,24
201,4,24
202,130,24
209,128,24
225,102,24
225,122,24
225,173,24
227,106,24
228,156,24
234,148,24
239,231,24
242,151,24
244,51,24
244,270,24
245,49,24
252,115,24
282,173,24
286,125,24
291,12,24
298,104,24
303,11,24
303,167,24
9,270,25
11,79,25
11,167,25
13,182,25
17,101,25
46,285,25
49,198,25
49,245,25
63,145,25
71,148,25
80,117,25
90,252,25
101,17,25
103,298,25
109,212,25
112,198,25
112,245,25
122,282,25
145,63,25
148,71,25
164,197,25
167,11,25
169,268,25
182,13,25
192,269,25
197,164,25
198,112,25
198,245,25
199,98,25
208,196,25
212,109,25
216,286,25
225,122,25
225,282,25
227,187,25
245,112,25
245,198,25
252,90,25
268,169,25
269,192,25
270,9,25
270,244,25
282,122,25
282,225,25
285,46,25
286,216,25
298,103,25
298,104,25
4,39,26
4,201,26
11,79,26
12,295,26
25,191,26
34,83,26
39,4,26
76,156,26
79,303,26
83,34,26
103,104,26
104,103,26
108,125,26
115,201,26
124,277,26
125,108,26
126,275,26
145,94,26
156,76,26
188,258,26
191,25,26
197,142,26
201,115,26
207,211,26
211,207,26
220,248,26
222,296,26
248,220,26
258,188,26
270,9,26
275,126,26
277,124,26
282,122,26
282,173,26
295,12,26
296,222,26
303,79,26
4,39,27
4,201,27
10,63,27
11,167,27
21,183,27
23,298,27
25,268,27
37,136,27
39,201,27
49,113,27
57,88,27
63,10,27
76,147,27
80,189,27
88,57,27
88,218,27
100,157,27
100,177,27
112,198,27
113,49,27
136,37,27
156,228,27
157,100,27
162,319,27
167,303,27
183,21,27
191,194,27
194,191,27
198,112,27
201,4,27
201,39,27
218,88,27
240,252,27
242,272,27
252,240,27
268,25,27
268,169,27
298,23,27
303,167,27
318,3,27
319,162,27
23,98,28
23,298,28
44,58,28
49,245,28
57,218,28
58,44,28
63,145,28
76,228,28
98,23,28
106,312,28
113,245,28
115,240,28
140,155,28
145,63,28
148,165,28
155,140,28
165,148,28
187,312,28
191,268,28
192,230,28
218,57,28
227,106,28
227,312,28
228,76,28
229,263,28
230,192,28
240,115,28
244,273,28
245,49,28
245,113,28
263,229,28
268,25,28
268,191,28
273,244,28
312,106,28
312,187,28
312,227,28
23,98,29
23,298,29
35,213,29
49,113,29
49,245,29
56,164,29
56,219,29
62,192,29
68,314,29
76,156,29
80,117,29
93,236,29
98,298,29
106,187,29
106,312,29
113,49,29
122,173,29
122,282,29
156,76,29
156,228,29
158,286,29
164,56,29
168,22,29
173,122,29
187,106,29
192,62,29
192,230,29
213,35,29
218,88,29
228,156,29
236,93,29
244,270,29
245,49,29
250,300,29
270,244,29
282,122,29
286,158,29
298,98,29
300,250,29
312,106,29
312,227,29
12,291,30
20,196,30
23,98,30
33,130,30
62,230,30
73,153,30
80,189,30
86,161,30
98,23,30
98,298,30
106,187,30
106,312,30
107,264,30
108,127,30
122,173,30
127,108,30
130,33,30
150,260,30
153,73,30
156,76,30
161,86,30
169,191,30
169,268,30
191,169,30
191,268,30
196,20,30
199,283,30
201,4,30
230,62,30
260,150,30
264,107,30
268,169,30
268,191,30
312,106,30
312,227,30
4,39,31
4,201,31
9,51,31
10,94,31
23,298,31
35,57,31
35,213,31
39,4,31
51,9,31
57,35,31
59,101,31
62,269,31
62,292,31
68,139,31
74,155,31
76,228,31
94,10,31
98,23,31
101,59,31
155,74,31
169,191,31
191,169,31
202,207,31
207,202,31
217,320,31
224,253,31
228,76,31
230,192,31
242,151,31
253,224,31
269,62,31
269,292,31
292,269,31
298,23,31
320,217,31
4,39,32
24,297,32
35,57,32
39,115,32
44,55,32
44,58,32
49,112,32
55,44,32
66,79,32
79,66,32
100,157,32
112,49,32
115,39,32
125,127,32
127,125,32
128,239,32
147,228,32
167,304,32
228,147,32
238,290,32
239,128,32
274,171,32
290,238,32
292,62,32
304,167,32
7,61,33
38,93,33
44,55,33
54,185,33
61,7,33
76,156,33
78,146,33
93,38,33
94,131,33
117,189,33
118,242,33
131,94,33
131,133,33
137,218,33
146,78,33
157,177,33
162,302,33
175,274,33
177,157,33
185,54,33
189,117,33
191,194,33
218,137,33
242,118,33
242,151,33
274,175,33
278,287,33
287,278,33
302,162,33
21,148,34
23,98,34
24,281,34
29,84,34
31,219,34
44,86,34
46,160,34
49,245,34
60,143,34
63,264,34
71,165,34
76,87,34
84,29,34
86,44,34
87,76,34
94,133,34
112,198,34
117,171,34
124,241,34
127,158,34
131,94,34
131,133,34
133,94,34
133,131,34
137,213,34
137,218,34
143,60,34
145,150,34
148,21,34
150,145,34
158,127,34
160,46,34
165,71,34
171,117,34
192,121,34
207,224,34
211,274,34
213,137,34
213,218,34
218,213,34
219,31,34
224,207,34
240,252,34
241,124,34
241,262,34
254,266,34
262,241,34
264,63,34
266,254,34
274,211,34
292,269,34
19,125,35
19,257,35
22,192,35
24,297,35
29,231,35
29,251,35
66,303,35
83,94,35
83,133,35
91,111,35
94,83,35
111,91,35
125,19,35
128,209,35
133,83,35
133,131,35
140,190,35
169,188,35
173,225,35
187,235,35
188,169,35
190,140,35
192,22,35
192,230,35
219,276,35
225,173,35
231,29,35
231,251,35
235,187,35
251,231,35
260,264,35
264,260,35
274,175,35
274,211,35
276,219,35
303,66,35
14,28,36
17,139,36
19,125,36
19,257,36
24,281,36
24,297,36
26,237,36
28,14,36
34,94,36
39,4,36
44,55,36
44,58,36
61,127,36
78,259,36
80,117,36
94,34,36
97,101,36
101,97,36
105,319,36
111,205,36
112,113,36
113,112,36
117,80,36
117,171,36
121,269,36
124,262,36
125,257,36
127,61,36
137,213,36
139,17,36
169,268,36
192,121,36
192,230,36
192,269,36
196,208,36
205,111,36
213,137,36
237,26,36
242,118,36
242,151,36
251,29,36
255,277,36
257,125,36
259,78,36
262,124,36
264,63,36
268,169,36
269,121,36
269,192,36
277,255,36
281,297,36
292,62,36
297,281,36
319,105,36
4,115,37
9,270,37
19,125,37
33,224,37
40,194,37
44,86,37
46,285,37
63,145,37
72,116,37
100,177,37
111,91,37
115,4,37
116,72,37
121,230,37
124,241,37
124,262,37
125,19,37
145,63,37
177,100,37
189,202,37
192,230,37
194,40,37
202,189,37
202,253,37
206,234,37
224,33,37
230,121,37
230,192,37
234,206,37
241,124,37
242,118,37
253,202,37
264,260,37
270,9,37
273,301,37
301,273,37
320,178,37
11,303,38
19,257,38
22,167,38
24,281,38
25,258,38
27,103,38
33,130,38
39,201,38
77,103,38
80,189,38
92,232,38
103,27,38
103,77,38
118,151,38
118,242,38
122,275,38
125,257,38
133,83,38
139,68,38
151,118,38
160,285,38
167,22,38
179,305,38
189,80,38
192,292,38
201,39,38
211,215,38
211,274,38
215,274,38
230,121,38
230,192,38
232,92,38
251,231,38
257,19,38
257,125,38
258,25,38
258,283,38
269,292,38
274,215,38
275,122,38
281,24,38
281,297,38
283,258,38
285,160,38
291,316,38
292,192,38
292,269,38
303,11,38
305,179,38
316,291,38
9,51,39
9,270,39
17,101,39
20,38,39
24,297,39
38,20,39
46,160,39
46,285,39
48,300,39
51,270,39
58,161,39
62,269,39
69,129,39
79,303,39
101,17,39
121,292,39
137,218,39
154,212,39
156,227,39
160,46,39
160,285,39
161,58,39
212,154,39
218,137,39
224,207,39
227,156,39
230,121,39
230,292,39
241,262,39
257,19,39
257,125,39
258,25,39
262,241,39
269,62,39
270,51,39
274,211,39
285,46,39
285,160,39
292,121,39
292,230,39
297,24,39
297,281,39
300,48,39
303,79,39
7,127,40
11,79,40
25,283,40
26,44,40
44,26,40
55,58,40
58,55,40
58,161,40
64,307,40
77,104,40
79,11,40
79,303,40
80,117,40
80,189,40
95,134,40
103,104,40
104,77,40
104,103,40
117,80,40
126,320,40
127,7,40
134,95,40
162,182,40
162,302,40
165,234,40
167,192,40
175,295,40
182,162,40
182,302,40
192,167,40
201,252,40
227,312,40
234,165,40
234,206,40
252,201,40
258,268,40
268,258,40
270,9,40
274,215,40
283,25,40
295,175,40
302,182,40
307,64,40
320,126,40
320,178,40
10,260,41
25,258,41
25,268,41
27,104,41
46,160,41
55,161,41
58,55,41
63,264,41
80,117,41
81,186,41
83,94,41
84,251,41
87,228,41
94,83,41
96,210,41
98,298,41
104,27,41
104,77,41
111,205,41
156,312,41
160,46,41
160,285,41
161,55,41
186,81,41
193,308,41
210,96,41
217,318,41
219,56,41
228,87,41
234,287,41
235,312,41
251,84,41
258,25,41
260,10,41
263,280,41
264,63,41
268,25,41
283,199,41
287,234,41
291,12,41
298,98,41
302,162,41
303,66,41
308,193,41
312,156,41
312,235,41
318,217,41
320,126,41
320,178,41
9,51,42
34,296,42
51,9,42
55,86,42
80,171,42
86,55,42
98,23,42
156,235,42
156,312,42
160,46,42
160,285,42
171,80,42
175,215,42
178,193,42
178,320,42
189,202,42
193,178,42
202,189,42
215,175,42
235,156,42
258,268,42
268,258,42
296,34,42
297,24,42
303,79,42
312,156,42
4,201,43
23,103,43
25,258,43
27,77,43
32,89,43
34,94,43
55,161,43
77,27,43
77,104,43
83,131,43
89,32,43
90,115,43
94,34,43
98,298,43
103,23,43
115,90,43
117,171,43
123,170,43
124,241,43
124,262,43
126,178,43
126,320,43
130,253,43
131,83,43
156,235,43
162,182,43
162,302,43
169,188,43
170,123,43
171,117,43
178,126,43
182,162,43
182,302,43
201,4,43
240,282,43
241,124,43
241,262,43
253,130,43
258,25,43
260,264,43
262,124,43
262,241,43
264,260,43
282,240,43
292,121,43
302,182,43
320,126,43
26,237,44
44,237,44
46,285,44
55,86,44
56,276,44
57,239,44
73,288,44
95,117,44
95,171,44
101,97,44
117,95,44
117,171,44
124,241,44
124,262,44
126,178,44
126,320,44
130,189,44
130,253,44
134,183,44
139,314,44
171,95,44
171,117,44
175,211,44
175,295,44
177,157,44
178,320,44
183,134,44
189,130,44
206,319,44
211,175,44
237,44,44
239,57,44
241,124,44
258,268,44
259,296,44
262,124,44
276,56,44
285,46,44
288,73,44
296,259,44
302,162,44
302,182,44
314,139,44
319,206,44
320,178,44
24,281,45
26,55,45
26,161,45
55,26,45
55,161,45
63,260,45
63,264,45
79,11,45
79,303,45
102,282,45
122,225,45
124,241,45
126,178,45
126,320,45
161,26,45
161,55,45
171,95,45
178,126,45
178,320,45
184,279,45
187,227,45
221,276,45
225,122,45
227,187,45
243,256,45
256,243,45
260,63,45
260,264,45
264,63,45
264,260,45
276,221,45
278,293,45
279,184,45
281,24,45
282,102,45
293,278,45
302,162,45
308,320,45
320,126,45
320,178,45
320,308,45
23,298,46
26,55,46
32,116,46
53,180,46
55,26,46
55,86,46
55,161,46
63,260,46
66,79,46
79,66,46
92,15,46
104,283,46
112,245,46
113,198,46
115,201,46
116,32,46
124,262,46
126,178,46
171,117,46
175,211,46
177,100,46
178,126,46
178,275,46
180,53,46
193,320,46
198,113,46
200,266,46
201,115,46
224,300,46
245,112,46
255,306,46
260,63,46
266,200,46
275,178,46
276,56,46
282,240,46
283,104,46
298,23,46
300,224,46
306,255,46
320,193,46
320,308,46
2,149,47
24,297,47
26,86,47
40,169,47
51,270,47
55,86,47
55,161,47
56,219,47
63,264,47
76,272,47
86,26,47
86,55,47
86,161,47
88,112,47
92,120,47
104,77,47
112,88,47
120,92,47
149,2,47
161,86,47
169,40,47
183,315,47
264,63,47
270,51,47
272,76,47
282,102,47
283,199,47
286,216,47
315,183,47
14,170,48
18,62,48
22,192,48
55,58,48
55,161,48
57,137,48
62,18,48
80,202,48
86,26,48
86,237,48
98,283,48
101,17,48
105,311,48
114,213,48
115,90,48
126,275,48
126,308,48
130,207,48
134,171,48
134,183,48
134,315,48
137,57,48
161,55,48
165,287,48
170,14,48
171,134,48
171,315,48
175,215,48
177,157,48
183,134,48
183,315,48
188,268,48
192,22,48
202,80,48
207,130,48
211,215,48
213,114,48
215,211,48
222,259,48
226,267,48
234,165,48
234,287,48
237,86,48
240,252,48
246,302,48
252,240,48
259,222,48
267,226,48
268,188,48
275,126,48
275,178,48
283,98,48
283,199,48
287,165,48
287,234,48
302,246,48
308,126,48
311,105,48
315,134,48
315,171,48
315,183,48
26,161,49
27,103,49
36,96,49
43,85,49
56,82,49
57,35,49
63,107,49
64,208,49
82,56,49
83,133,49
85,43,49
86,26,49
96,36,49
103,27,49
107,63,49
111,243,49
124,241,49
126,275,49
134,183,49
161,26,49
164,276,49
171,183,49
183,134,49
183,171,49
208,64,49
215,175,49
215,211,49
243,111,49
249,290,49
275,126,49
275,308,49
276,164,49
290,249,49
308,275,49
8,13,50
13,8,50
23,70,50
25,77,50
26,237,50
55,58,50
56,221,50
60,74,50
60,143,50
70,23,50
74,60,50
77,25,50
78,296,50
82,221,50
86,161,50
97,314,50
109,154,50
126,178,50
135,218,50
154,109,50
161,86,50
178,126,50
201,39,50
202,207,50
207,202,50
218,135,50
221,56,50
221,82,50
237,26,50
243,256,50
275,320,50
296,78,50
314,97,50
320,193,50
320,275,50
4,240,51
20,196,51
25,199,51
43,54,51
54,43,51
56,82,51
77,199,51
82,56,51
95,145,51
98,199,51
98,283,51
107,189,51
109,299,51
118,141,51
141,118,51
145,95,51
171,117,51
189,107,51
193,275,51
196,20,51
199,25,51
199,77,51
199,98,51
215,274,51
240,4,51
244,279,51
258,283,51
270,279,51
275,193,51
275,308,51
279,244,51
279,270,51
283,98,51
283,258,51
299,109,51
311,319,51
319,311,51
8,100,52
13,182,52
17,294,52
26,161,52
35,245,52
40,188,52
56,221,52
59,97,52
76,147,52
82,221,52
85,228,52
97,59,52
100,8,52
105,287,52
109,154,52
126,193,52
126,320,52
128,239,52
147,76,52
149,203,52
161,26,52
178,320,52
182,13,52
183,211,52
188,40,52
193,126,52
193,275,52
193,320,52
199,25,52
199,77,52
203,149,52
211,183,52
221,56,52
221,82,52
228,85,52
239,128,52
243,111,52
245,35,52
275,193,52
287,105,52
287,234,52
294,17,52
320,126,52
320,178,52
320,193,52
4,90,53
21,315,53
25,104,53
25,258,53
25,283,53
52,214,53
56,82,53
56,276,53
57,88,53
70,298,53
82,56,53
82,276,53
88,57,53
89,116,53
90,4,53
90,240,53
100,177,53
104,25,53
104,199,53
108,195,53
116,89,53
122,173,53
124,262,53
126,178,53
126,320,53
134,211,53
135,209,53
145,189,53
154,299,53
161,237,53
164,197,53
167,292,53
173,122,53
177,100,53
178,126,53
178,320,53
183,134,53
183,211,53
186,284,53
189,145,53
191,268,53
195,108,53
197,164,53
199,104,53
209,135,53
211,134,53
211,183,53
214,52,53
228,87,53
232,166,53
237,161,53
240,90,53
258,25,53
258,283,53
268,191,53
276,56,53
276,82,53
283,25,53
283,258,53
284,186,53
292,167,53
298,70,53
299,154,53
315,21,53
320,126,53
320,178,53
320,193,53
7,158,54
17,91,54
17,101,54
22,269,54
25,258,54
56,82,54
56,221,54
57,137,54
74,143,54
82,56,54
82,221,54
91,17,54
91,101,54
101,91,54
101,294,54
134,183,54
134,211,54
143,74,54
158,7,54
183,134,54
183,315,54
188,268,54
201,252,54
206,246,54
211,134,54
221,56,54
221,82,54
222,296,54
246,206,54
252,201,54
258,25,54
258,283,54
268,188,54
269,22,54
270,51,54
270,279,54
279,244,54
279,270,54
294,101,54
296,222,54
304,312,54
312,304,54
315,183,54
320,178,54
1,208,55
9,53,55
17,91,55
17,294,55
25,104,55
25,199,55
43,168,55
53,9,55
56,82,55
81,236,55
82,56,55
82,221,55
84,231,55
91,17,55
91,294,55
100,8,55
104,25,55
105,234,55
154,109,55
161,26,55
161,237,55
168,43,55
177,157,55
194,218,55
199,25,55
201,39,55
208,1,55
218,194,55
231,84,55
234,105,55
236,81,55
240,252,55
241,247,55
247,241,55
252,240,55
259,296,55
268,191,55
270,51,55
279,244,55
292,230,55
294,17,55
294,91,55
296,259,55
315,21,55
315,183,55
320,126,55
320,178,55
320,193,55
17,101,56
25,104,56
49,263,56
51,279,56
56,221,56
85,87,56
87,85,56
92,15,56
101,17,56
121,230,56
126,193,56
134,207,56
134,274,56
135,194,56
164,276,56
184,244,56
184,279,56
193,126,56
194,135,56
201,252,56
207,134,56
207,202,56
221,56,56
221,82,56
230,121,56
235,272,56
244,184,56
244,279,56
252,201,56
252,240,56
263,49,56
272,235,56
274,134,56
274,215,56
276,164,56
279,51,56
279,184,56
279,244,56
292,167,56
314,139,56
4,115,57
6,82,57
18,45,57
20,38,57
25,199,57
39,252,57
45,18,57
46,131,57
51,270,57
51,279,57
62,269,57
80,189,57
82,6,57
83,94,57
86,237,57
94,83,57
98,298,57
104,283,57
115,4,57
120,156,57
130,224,57
131,46,57
134,207,57
134,274,57
135,218,57
150,171,57
156,120,57
171,150,57
189,80,57
189,145,57
199,283,57
207,134,57
207,211,57
207,274,57
211,207,57
211,215,57
211,274,57
215,211,57
215,274,57
218,135,57
221,56,57
224,130,57
228,312,57
237,86,57
252,39,57
252,201,57
257,286,57
269,62,57
270,279,57
274,134,57
274,207,57
274,211,57
274,215,57
279,51,57
279,244,57
279,270,57
283,104,57
283,199,57
286,257,57
296,78,57
298,98,57
312,228,57
315,319,57
319,315,57
5,213,58
6,221,58
14,123,58
16,176,58
17,294,58
25,283,58
40,169,58
51,244,58
85,228,58
94,34,58
95,189,58
118,271,58
123,14,58
126,320,58
134,202,58
135,209,58
138,264,58
176,16,58
178,275,58
183,319,58
189,80,58
189,95,58
189,145,58
193,320,58
194,218,58
199,25,58
202,134,58
213,5,58
218,194,58
221,6,58
228,85,58
244,51,58
252,39,58
252,201,58
264,138,58
271,118,58
274,207,58
275,178,58
283,25,58
294,17,58
312,304,58
319,183,58
319,315,58
320,126,58
320,193,58
1,223,59
10,116,59
13,100,59
23,98,59
51,184,59
51,244,59
56,276,59
57,231,59
80,145,59
83,133,59
96,210,59
98,23,59
100,13,59
100,177,59
111,205,59
116,10,59
126,173,59
126,193,59
145,80,59
170,278,59
173,126,59
177,100,59
184,51,59
184,270,59
189,95,59
193,126,59
193,320,59
209,239,59
223,1,59
231,57,59
239,209,59
240,90,59
252,39,59
268,188,59
270,184,59
276,56,59
278,170,59
281,297,59
283,104,59
285,317,59
296,222,59
297,281,59
317,285,59
319,183,59
44,66,60
55,161,60
66,44,60
80,95,60
80,145,60
91,111,60
95,80,60
111,91,60
116,89,60
134,171,60
142,276,60
154,299,60
161,55,60
171,134,60
188,298,60
252,201,60
276,142,60
298,188,60
302,162,60
5,114,61
7,106,61
28,165,61
32,154,61
44,79,61
45,269,61
74,190,61
79,44,61
80,95,61
80,189,61
83,94,61
92,127,61
94,83,61
95,189,61
106,7,61
114,5,61
127,92,61
131,163,61
134,150,61
134,171,61
134,202,61
137,245,61
143,148,61
148,143,61
150,134,61
154,32,61
163,131,61
165,28,61
168,230,61
189,80,61
189,95,61
190,74,61
205,294,61
230,168,61
245,137,61
269,45,61
269,62,61
283,258,61
294,205,61
7,92,62
7,106,62
23,104,62
25,258,62
43,292,62
57,84,62
60,74,62
74,60,62
80,95,62
84,57,62
92,7,62
92,106,62
92,127,62
95,80,62
95,145,62
104,23,62
106,92,62
134,150,62
134,171,62
145,95,62
147,272,62
150,171,62
168,43,62
168,292,62
171,150,62
173,193,62
193,173,62
223,238,62
228,304,62
238,223,62
258,25,62
268,298,62
272,147,62
292,43,62
292,168,62
296,78,62
298,268,62
304,228,62
2,203,63
7,92,63
7,127,63
33,250,63
43,168,63
43,230,63
45,86,63
86,45,63
92,7,63
92,106,63
95,80,63
111,205,63
121,167,63
127,7,63
134,202,63
135,194,63
147,76,63
150,202,63
161,237,63
167,121,63
168,43,63
188,268,63
188,298,63
194,135,63
199,258,63
202,150,63
203,2,63
205,111,63
228,85,63
230,43,63
234,315,63
237,161,63
250,33,63
258,199,63
268,188,63
276,56,63
276,142,63
298,188,63
315,234,63
2,149,64
2,203,64
12,316,64
30,255,64
43,121,64
43,168,64
43,230,64
56,142,64
56,276,64
61,216,64
66,79,64
70,103,64
79,66,64
95,145,64
99,195,64
103,70,64
121,43,64
121,168,64
121,230,64
142,56,64
149,2,64
168,121,64
169,283,64
188,191,64
188,268,64
191,188,64
191,268,64
195,99,64
197,229,64
216,61,64
229,197,64
230,121,64
239,128,64
251,29,64
255,30,64
268,191,64
272,235,64
276,56,64
283,169,64
316,12,64
17,97,65
25,283,65
34,83,65
34,94,65
39,90,65
56,142,65
56,276,65
63,260,65
64,176,65
83,34,65
83,94,65
90,39,65
90,115,65
94,34,65
94,83,65
95,80,65
97,17,65
108,153,65
115,90,65
117,150,65
120,187,65
121,168,65
144,243,65
149,203,65
150,117,65
153,108,65
160,222,65
168,292,65
173,275,65
176,64,65
187,120,65
188,191,65
191,188,65
194,218,65
199,77,65
202,134,65
203,149,65
222,160,65
243,144,65
275,173,65
283,25,65
287,315,65
315,287,65
2,149,66
20,55,66
35,49,66
48,207,66
49,35,66
55,20,66
56,142,66
84,231,66
92,127,66
111,294,66
120,156,66
120,187,66
121,167,66
127,92,66
134,150,66
149,2,66
149,203,66
150,134,66
156,187,66
177,157,66
187,156,66
193,126,66
207,48,66
231,84,66
263,280,66
275,178,66
294,111,66
25,169,67
25,283,67
37,114,67
81,186,67
89,154,67
90,39,67
97,101,67
101,97,67
114,37,67
114,136,67
115,240,67
136,114,67
154,89,67
160,259,67
169,25,67
174,308,67
183,202,67
186,81,67
202,183,67
222,259,67
240,115,67
259,160,67
259,222,67
275,173,67
293,309,67
308,174,67
309,293,67
7,92,68
18,86,68
25,169,68
43,121,68
46,94,68
46,163,68
51,279,68
86,18,68
90,225,68
92,7,68
94,46,68
95,189,68
98,268,68
121,43,68
136,268,68
141,242,68
163,46,68
204,269,68
225,90,68
230,292,68
242,141,68
259,160,68
259,222,68
268,98,68
268,136,68
269,204,68
274,215,68
279,51,68
292,230,68
11,303,69
17,101,69
36,273,69
43,230,69
56,164,69
58,161,69
92,106,69
101,17,69
116,133,69
121,167,69
125,233,69
126,173,69
133,116,69
134,202,69
135,218,69
136,114,69
150,202,69
160,222,69
160,259,69
161,58,69
164,56,69
173,126,69
175,291,69
202,134,69
202,150,69
218,135,69
222,160,69
230,43,69
233,125,69
244,279,69
259,160,69
273,36,69
279,244,69
291,175,69
303,11,69
13,182,70
21,71,70
23,103,70
71,21,70
79,44,70
92,127,70
98,136,70
101,294,70
103,23,70
104,258,70
105,287,70
114,37,70
126,275,70
136,98,70
149,2,70
150,183,70
150,202,70
160,222,70
160,259,70
162,316,70
166,255,70
173,275,70
177,100,70
179,276,70
183,150,70
183,202,70
202,134,70
202,150,70
202,183,70
243,256,70
255,166,70
258,104,70
275,126,70
275,173,70
276,179,70
287,105,70
294,101,70
316,162,70
12,162,71
32,89,71
32,154,71
43,121,71
43,230,71
62,86,71
81,236,71
86,62,71
89,32,71
92,7,71
92,127,71
94,83,71
101,111,71
101,294,71
111,101,71
121,43,71
121,167,71
130,215,71
136,268,71
150,183,71
154,32,71
160,222,71
160,259,71
162,12,71
168,230,71
168,292,71
183,150,71
190,285,71
215,130,71
215,274,71
230,168,71
246,295,71
285,190,71
292,168,71
295,246,71
3,247,72
32,89,72
39,252,72
43,168,72
56,142,72
101,111,72
101,205,72
111,294,72
113,172,72
120,127,72
127,120,72
130,224,72
134,171,72
160,222,72
166,174,72
168,43,72
168,230,72
168,292,72
171,134,72
172,113,72
174,166,72
195,286,72
199,258,72
205,101,72
214,267,72
215,130,72
230,292,72
247,3,72
252,39,72
258,199,72
267,214,72
286,195,72
292,230,72
294,111,72
302,316,72
316,302,72
24,281,73
25,283,73
30,174,73
33,300,73
43,121,73
45,161,73
54,167,73
77,258,73
77,283,73
79,85,73
85,79,73
101,111,73
111,101,73
121,43,73
126,318,73
127,92,73
127,120,73
130,215,73
134,202,73
150,202,73
160,259,73
161,45,73
167,54,73
174,30,73
183,202,73
202,134,73
202,150,73
202,183,73
215,224,73
217,256,73
224,215,73
256,217,73
258,77,73
281,24,73
283,77,73
300,33,73
318,126,73
7,106,74
7,158,74
15,127,74
25,258,74
38,196,74
43,54,74
46,259,74
54,43,74
54,167,74
58,208,74
61,257,74
68,241,74
70,264,74
77,199,74
77,283,74
81,186,74
106,7,74
127,15,74
127,120,74
130,224,74
134,183,74
137,198,74
156,310,74
160,222,74
166,232,74
183,134,74
183,202,74
193,320,74
196,38,74
198,137,74
199,77,74
202,150,74
202,183,74
208,58,74
215,130,74
215,224,74
224,130,74
224,215,74
241,68,74
246,315,74
257,61,74
258,25,74
258,283,74
259,46,74
264,70,74
283,258,74
310,156,74
315,246,74
7,106,75
43,167,75
44,85,75
49,263,75
52,267,75
62,204,75
70,103,75
77,199,75
79,44,75
79,85,75
85,44,75
85,79,75
92,120,75
94,163,75
98,268,75
101,17,75
103,70,75
120,92,75
120,127,75
130,215,75
163,94,75
167,43,75
167,54,75
183,134,75
199,258,75
202,150,75
204,62,75
207,224,75
215,130,75
224,207,75
228,304,75
232,308,75
243,144,75
258,199,75
258,283,75
263,49,75
267,52,75
268,98,75
308,232,75
4,240,76
10,34,76
25,104,76
25,199,76
25,283,76
34,10,76
52,214,76
52,267,76
55,58,76
58,55,76
58,208,76
69,297,76
85,44,76
104,25,76
139,241,76
167,43,76
186,236,76
199,25,76
199,258,76
199,283,76
211,291,76
214,52,76
236,186,76
240,4,76
241,139,76
243,256,76
256,243,76
258,199,76
258,283,76
270,279,76
279,270,76
283,25,76
283,199,76
283,258,76
291,211,76
297,69,76
6,229,77
13,316,77
40,218,77
52,214,77
64,261,77
98,109,77
104,199,77
104,258,77
104,283,77
109,98,77
114,5,77
127,15,77
134,189,77
139,314,77
151,308,77
156,187,77
173,178,77
178,173,77
179,229,77
183,189,77
189,134,77
189,183,77
190,317,77
199,104,77
199,258,77
212,299,77
218,40,77
218,135,77
229,6,77
229,179,77
241,68,77
258,104,77
258,199,77
258,283,77
261,64,77
283,104,77
283,258,77
299,212,77
308,151,77
316,13,77
317,190,77
30,166,78
37,213,78
40,135,78
40,218,78
43,121,78
43,167,78
58,284,78
101,111,78
104,199,78
104,258,78
135,40,78
135,218,78
158,227,78
166,30,78
171,183,78
171,189,78
175,207,78
183,171,78
183,189,78
189,171,78
189,183,78
198,231,78
199,104,78
199,258,78
207,175,78
213,37,78
218,40,78
218,135,78
227,158,78
229,6,78
229,179,78
230,304,78
231,198,78
241,314,78
243,144,78
243,256,78
258,104,78
258,199,78
262,277,78
277,262,78
284,58,78
304,230,78
314,241,78
10,83,79
34,133,79
40,135,79
55,208,79
58,55,79
60,285,79
83,10,79
95,171,79
99,108,79
106,127,79
107,133,79
108,99,79
109,268,79
122,217,79
125,321,79
126,178,79
126,275,79
127,106,79
133,34,79
133,107,79
135,40,79
144,256,79
161,237,79
171,95,79
171,183,79
178,126,79
178,275,79
183,171,79
183,189,79
189,134,79
189,183,79
208,55,79
217,122,79
241,68,79
246,287,79
256,144,79
256,243,79
258,104,79
258,283,79
268,109,79
275,126,79
275,178,79
285,60,79
287,246,79
304,228,79
308,232,79
318,320,79
320,318,79
321,125,79
5,188,80
10,107,80
16,265,80
30,308,80
37,268,80
51,273,80
53,270,80
68,314,80
75,203,80
77,283,80
86,18,80
90,240,80
95,183,80
100,8,80
103,23,80
104,199,80
105,234,80
107,10,80
120,92,80
129,297,80
133,34,80
171,202,80
183,95,80
187,310,80
188,5,80
188,191,80
189,134,80
199,104,80
202,171,80
203,75,80
228,312,80
234,105,80
240,90,80
246,295,80
265,16,80
268,37,80
268,109,80
270,53,80
270,279,80
273,51,80
275,126,80
283,25,80
283,77,80
287,295,80
295,287,80
297,129,80
308,30,80
308,232,80
310,187,80
312,228,80
314,68,80
7,227,81
24,69,81
66,192,81
69,24,81
69,297,81
83,163,81
104,258,81
108,153,81
119,132,81
126,178,81
126,275,81
130,274,81
132,119,81
156,310,81
163,83,81
164,221,81
178,126,81
178,275,81
187,156,81
192,66,81
199,258,81
213,305,81
221,164,81
227,7,81
229,6,81
246,287,81
258,104,81
258,199,81
268,37,81
274,130,81
275,178,81
283,25,81
287,246,81
297,69,81
305,213,81
310,156,81
5,37,82
25,104,82
37,5,82
37,268,82
69,24,82
89,212,82
101,17,82
104,25,82
108,99,82
114,194,82
151,232,82
156,187,82
178,173,82
194,114,82
212,89,82
223,303,82
232,151,82
246,295,82
270,53,82
275,126,82
295,246,82
303,223,82
308,30,82
314,139,82
320,193,82
15,106,83
15,120,83
17,111,83
22,204,83
25,283,83
32,212,83
46,143,83
63,145,83
68,139,83
68,314,83
88,191,83
101,111,83
106,15,83
111,17,83
111,101,83
120,15,83
134,183,83
139,68,83
143,46,83
143,148,83
145,63,83
171,183,83
171,202,83
183,134,83
183,171,83
183,202,83
191,88,83
202,183,83
204,22,83
207,224,83
212,32,83
246,302,83
287,295,83
295,287,83
302,246,83
314,68,83
18,62,84
22,161,84
25,77,84
37,109,84
37,268,84
50,201,84
62,18,84
77,25,84
81,236,84
84,137,84
94,160,84
95,202,84
97,59,84
109,37,84
109,268,84
113,231,84
121,167,84
124,200,84
137,84,84
143,46,84
150,171,84
160,94,84
161,22,84
166,255,84
167,121,84
171,150,84
178,320,84
200,124,84
201,50,84
202,95,84
202,183,84
212,299,84
231,113,84
236,81,84
238,303,84
253,264,84
260,264,84
264,253,84
264,260,84
268,109,84
292,304,84
303,238,84
304,292,84
320,178,84
320,193,84
12,316,85
15,106,85
15,127,85
22,204,85
23,199,85
32,89,85
83,160,85
83,163,85
84,128,85
89,32,85
90,122,85
95,183,85
95,202,85
120,92,85
122,90,85
127,15,85
128,84,85
137,245,85
142,197,85
160,83,85
160,163,85
163,160,85
183,95,85
183,202,85
191,194,85
194,191,85
197,142,85
199,23,85
199,258,85
202,95,85
202,183,85
241,262,85
262,241,85
270,279,85
316,12,85
320,178,85
15,92,86
15,127,86
23,258,86
23,298,86
37,109,86
80,189,86
83,160,86
84,137,86
92,15,86
107,145,86
109,37,86
109,268,86
128,137,86
137,84,86
137,128,86
145,107,86
160,83,86
160,163,86
189,80,86
199,298,86
200,241,86
200,262,86
217,243,86
231,198,86
233,290,86
241,200,86
241,262,86
243,217,86
256,144,86
257,286,86
258,23,86
258,199,86
258,298,86
262,200,86
262,241,86
286,257,86
290,233,86
298,23,86
298,199,86
298,258,86
5,268,87
6,179,87
12,246,87
15,92,87
15,127,87
23,70,87
23,258,87
37,213,87
60,71,87
68,139,87
70,23,87
71,60,87
83,163,87
86,269,87
92,127,87
95,311,87
98,305,87
126,173,87
127,92,87
129,152,87
152,129,87
155,203,87
160,83,87
160,163,87
162,207,87
163,83,87
163,160,87
173,126,87
177,182,87
179,6,87
182,177,87
187,310,87
197,229,87
200,241,87
200,262,87
203,155,87
207,162,87
213,37,87
215,274,87
229,197,87
241,200,87
241,262,87
246,12,87
258,23,87
258,298,87
262,200,87
262,241,87
268,5,87
269,86,87
274,215,87
298,199,87
298,258,87
305,98,87
310,187,87
311,95,87
15,92,88
15,127,88
18,86,88
20,186,88
23,70,88
23,199,88
23,258,88
37,98,88
37,109,88
39,90,88
43,54,88
54,43,88
70,199,88
74,140,88
82,221,88
83,160,88
83,163,88
86,18,88
90,39,88
92,15,88
92,127,88
98,37,88
109,37,88
120,127,88
127,15,88
127,92,88
127,120,88
129,297,88
140,74,88
149,203,88
160,83,88
161,45,88
163,83,88
175,224,88
176,270,88
184,279,88
186,20,88
191,88,88
197,142,88
197,229,88
199,23,88
199,70,88
199,258,88
203,149,88
211,295,88
221,82,88
224,175,88
246,316,88
248,254,88
254,248,88
257,61,88
258,23,88
258,199,88
258,298,88
270,176,88
276,305,88
279,184,88
295,211,88
297,129,88
305,276,88
316,246,88
12,162,89
15,92,89
15,127,89
25,104,89
32,212,89
37,213,89
52,280,89
57,239,89
61,286,89
79,304,89
84,128,89
92,15,89
101,294,89
127,15,89
128,84,89
148,285,89
156,310,89
161,204,89
162,12,89
171,215,89
187,156,89
187,310,89
197,142,89
197,229,89
200,266,89
204,161,89
211,287,89
212,32,89
215,171,89
215,274,89
239,57,89
258,23,89
258,298,89
275,318,89
280,52,89
285,148,89
286,61,89
287,211,89
292,312,89
294,101,89
304,79,89
310,156,89
310,187,89
312,292,89
318,275,89
17,139,90
22,44,90
37,109,90
37,213,90
44,22,90
75,149,90
77,104,90
87,230,90
95,202,90
104,77,90
104,283,90
105,206,90
109,213,90
139,17,90
149,75,90
150,215,90
162,207,90
171,150,90
171,215,90
188,194,90
194,188,90
202,95,90
206,105,90
213,109,90
215,150,90
215,171,90
217,256,90
230,87,90
231,239,90
239,231,90
256,217,90
261,265,90
265,261,90
270,53,90
283,104,90
302,315,90
310,156,90
315,302,90
3,277,91
37,191,91
39,225,91
52,267,91
53,184,91
53,270,91
95,117,91
104,25,91
117,95,91
120,227,91
136,169,91
165,211,91
165,287,91
169,136,91
184,53,91
191,37,91
197,142,91
211,165,91
211,287,91
225,39,91
227,120,91
239,57,91
265,273,91
273,265,91
277,3,91
287,165,91
287,211,91
295,315,91
315,295,91
26,58,92
45,58,92
56,164,92
58,26,92
58,45,92
69,129,92
104,283,92
116,154,92
129,69,92
143,285,92
150,171,92
154,116,92
158,321,92
164,56,92
171,150,92
183,134,92
184,279,92
227,158,92
243,256,92
256,243,92
257,286,92
285,143,92
286,257,92
312,228,92
321,158,92
13,177,93
18,192,93
26,44,93
26,58,93
44,26,93
48,250,93
58,26,93
58,45,93
64,265,93
68,247,93
70,253,93
88,194,93
101,144,93
136,298,93
143,148,93
143,285,93
144,101,93
148,143,93
148,285,93
156,187,93
162,246,93
174,216,93
177,13,93
177,182,93
187,156,93
192,18,93
194,88,93
200,241,93
206,234,93
211,295,93
216,174,93
227,120,93
234,206,93
241,200,93
246,162,93
247,68,93
250,48,93
253,70,93
258,199,93
265,64,93
285,148,93
287,295,93
291,319,93
295,211,93
295,287,93
298,136,93
319,291,93
4,252,94
5,191,94
26,44,94
29,239,94
30,193,94
44,238,94
63,138,94
64,273,94
66,121,94
69,297,94
76,185,94
90,252,94
105,165,94
108,220,94
121,66,94
126,320,94
136,169,94
138,63,94
149,203,94
164,179,94
165,105,94
165,206,94
169,298,94
179,164,94
185,76,94
191,5,94
193,30,94
206,165,94
213,268,94
220,108,94
238,44,94
239,29,94
252,4,94
252,90,94
265,273,94
268,213,94
273,64,94
273,265,94
295,211,94
295,287,94
297,69,94
298,169,94
320,126,94
321,125,94
4,90,95
4,252,95
5,188,95
5,191,95
39,90,95
69,129,95
84,114,95
90,4,95
90,39,95
97,205,95
114,84,95
126,275,95
142,229,95
162,207,95
169,136,95
169,298,95
187,272,95
188,5,95
188,191,95
191,188,95
200,124,95
205,97,95
211,287,95
227,321,95
229,142,95
252,4,95
272,187,95
275,126,95
285,143,95
286,61,95
287,211,95
287,295,95
321,227,95
5,188,96
5,191,96
21,74,96
39,225,96
40,104,96
40,135,96
41,157,96
44,26,96
46,94,96
69,297,96
72,159,96
74,21,96
80,171,96
80,274,96
89,154,96
94,46,96
104,40,96
126,320,96
154,89,96
157,41,96
158,290,96
159,72,96
164,229,96
171,80,96
171,150,96
188,5,96
188,191,96
191,5,96
191,188,96
198,245,96
211,295,96
220,248,96
227,120,96
229,164,96
241,266,96
245,198,96
248,220,96
266,241,96
274,80,96
285,148,96
290,158,96
295,211,96
295,287,96
299,305,96
305,299,96
2,75,97
5,188,97
5,191,97
19,61,97
21,60,97
22,45,97
23,70,97
40,104,97
43,168,97
45,22,97
47,81,97
60,21,97
61,19,97
70,23,97
75,2,97
81,47,97
105,206,97
117,202,97
130,150,97
142,164,97
150,130,97
164,142,97
165,105,97
168,43,97
188,5,97
191,5,97
191,213,97
200,266,97
202,117,97
206,105,97
206,234,97
211,287,97
213,191,97
227,321,97
266,200,97
266,241,97
267,280,97
268,298,97
280,267,97
286,257,97
287,211,97
287,295,97
298,268,97
304,312,97
312,304,97
7,321,98
8,157,98
22,79,98
29,231,98
36,210,98
39,252,98
62,284,98
77,169,98
79,22,98
80,171,98
80,274,98
122,240,98
135,283,98
142,229,98
146,195,98
157,8,98
164,229,98
169,77,98
171,80,98
191,5,98
195,146,98
207,246,98
210,36,98
211,295,98
220,108,98
229,142,98
229,164,98
231,29,98
240,122,98
246,207,98
250,300,98
252,39,98
283,135,98
284,62,98
285,143,98
285,148,98
287,211,98
295,211,98
300,250,98
321,7,98
10,154,99
12,130,99
33,250,99
43,87,99
44,85,99
69,129,99
75,149,99
79,292,99
80,171,99
87,43,99
104,283,99
105,165,99
120,321,99
130,12,99
142,197,99
142,229,99
149,75,99
150,215,99
154,10,99
161,237,99
200,124,99
211,287,99
211,295,99
213,109,99
215,150,99
229,142,99
234,295,99
250,33,99
250,300,99
252,4,99
253,258,99
258,253,99
272,310,99
283,104,99
283,135,99
287,295,99
292,79,99
295,234,99
295,287,99
310,272,99
321,120,99
5,98,100
5,191,100
5,213,100
7,227,100
7,321,100
22,45,100
45,79,100
56,229,100
79,45,100
88,188,100
98,5,100
104,40,100
106,255,100
167,312,100
171,274,100
172,245,100
184,270,100
188,88,100
211,234,100
213,5,100
227,7,100
227,321,100
229,56,100
229,164,100
234,211,100
245,172,100
247,262,100
250,33,100
250,300,100
255,106,100
262,247,100
270,184,100
274,171,100
312,167,100
321,7,100
321,227,100
