9,76,1
9,199,1
13,24,1
15,198,1
21,120,1
24,13,1
35,44,1
35,194,1
40,78,1
44,35,1
44,194,1
69,113,1
76,9,1
78,40,1
83,224,1
86,186,1
91,159,1
92,202,1
95,186,1
95,235,1
96,111,1
106,179,1
111,96,1
113,69,1
113,159,1
115,250,1
116,257,1
118,259,1
120,21,1
123,233,1
128,198,1
132,264,1
142,169,1
146,255,1
159,91,1
159,113,1
169,142,1
173,189,1
173,203,1
179,106,1
186,86,1
186,95,1
188,216,1
189,173,1
194,35,1
194,44,1
198,15,1
198,128,1
199,9,1
202,92,1
203,173,1
209,263,1
216,188,1
224,83,1
227,256,1
233,123,1
235,95,1
243,283,1
250,115,1
255,146,1
256,227,1
257,116,1
259,118,1
263,209,1
264,132,1
283,243,1
3,5,2
5,3,2
9,245,2
15,128,2
15,198,2
18,268,2
22,264,2
27,228,2
29,250,2
35,77,2
35,194,2
38,89,2
42,156,2
49,72,2
65,166,2
72,49,2
77,35,2
77,194,2
88,219,2
89,38,2
91,168,2
101,110,2
110,101,2
111,119,2
119,111,2
128,15,2
142,178,2
156,42,2
166,65,2
168,91,2
173,189,2
174,275,2
178,142,2
186,86,2
194,35,2
194,77,2
195,229,2
198,15,2
203,221,2
219,88,2
221,203,2
225,250,2
228,27,2
229,195,2
229,280,2
245,9,2
250,29,2
250,115,2
250,225,2
264,22,2
268,18,2
275,174,2
280,229,2
8,106,3
15,128,3
29,225,3
29,250,3
44,77,3
58,277,3
69,91,3
71,249,3
76,248,3
77,44,3
91,69,3
91,113,3
91,168,3
106,8,3
107,231,3
111,96,3
113,91,3
124,254,3
146,152,3
152,146,3
157,279,3
180,243,3
186,207,3
194,35,3
195,280,3
207,186,3
209,244,3
225,29,3
225,250,3
229,195,3
229,280,3
231,107,3
243,180,3
244,209,3
248,76,3
249,71,3
250,29,3
250,225,3
254,124,3
277,58,3
279,157,3
280,195,3
280,229,3
2,205,4
24,204,4
45,79,4
46,172,4
53,163,4
76,130,4
79,45,4
86,207,4
117,239,4
123,165,4
130,76,4
142,169,4
149,152,4
152,149,4
163,53,4
165,123,4
172,46,4
173,203,4
195,229,4
203,173,4
204,24,4
205,2,4
207,86,4
220,252,4
229,195,4
239,117,4
243,283,4
252,220,4
10,52,5
29,188,5
35,234,5
52,10,5
57,61,5
61,57,5
85,182,5
113,181,5
115,225,5
170,179,5
173,189,5
173,203,5
173,221,5
174,257,5
179,170,5
181,113,5
182,85,5
186,235,5
188,29,5
211,266,5
221,173,5
225,115,5
225,250,5
234,35,5
235,186,5
257,174,5
262,263,5
263,262,5
266,211,5
23,62,6
26,225,6
29,216,6
35,194,6
35,234,6
51,206,6
62,23,6
76,275,6
86,235,6
88,230,6
96,237,6
149,218,6
173,189,6
173,221,6
202,222,6
206,51,6
206,241,6
216,29,6
218,149,6
222,202,6
225,26,6
230,88,6
235,86,6
235,95,6
237,96,6
240,242,6
241,206,6
242,240,6
275,76,6
5,84,7
29,188,7
29,216,7
31,53,7
32,217,7
35,77,7
53,31,7
69,168,7
77,35,7
84,5,7
86,95,7
86,207,7
87,115,7
95,86,7
95,186,7
104,112,7
112,104,7
115,87,7
142,143,7
143,142,7
146,284,7
151,203,7
168,69,7
177,270,7
186,95,7
188,216,7
194,234,7
201,275,7
203,151,7
216,188,7
217,32,7
223,282,7
234,194,7
270,177,7
275,201,7
282,223,7
284,146,7
1,108,8
6,254,8
8,179,8
9,130,8
10,172,8
17,148,8
43,52,8
52,43,8
86,186,8
88,219,8
108,1,8
110,117,8
113,159,8
113,168,8
115,250,8
117,110,8
117,239,8
130,9,8
143,178,8
148,17,8
168,113,8
172,10,8
178,143,8
179,8,8
186,86,8
186,95,8
186,207,8
188,225,8
207,186,8
216,29,8
225,188,8
250,115,8
254,6,8
13,204,9
77,44,9
95,207,9
95,279,9
105,135,9
110,239,9
115,87,9
116,249,9
117,110,9
117,239,9
135,105,9
142,178,9
143,142,9
170,259,9
178,142,9
186,95,9
186,207,9
186,279,9
188,216,9
204,13,9
206,51,9
207,95,9
207,186,9
207,235,9
209,262,9
216,188,9
235,207,9
239,110,9
239,117,9
249,116,9
259,170,9
262,209,9
279,95,9
279,186,9
35,194,10
35,234,10
47,112,10
56,134,10
63,268,10
68,235,10
86,207,10
86,279,10
95,186,10
100,115,10
110,117,10
112,47,10
115,100,10
117,110,10
127,195,10
134,56,10
139,183,10
141,160,10
142,143,10
151,173,10
160,141,10
165,253,10
173,151,10
183,139,10
186,95,10
194,35,10
195,127,10
203,221,10
207,86,10
207,279,10
216,225,10
221,203,10
225,216,10
234,35,10
235,68,10
253,165,10
268,63,10
279,86,10
279,207,10
1,24,11
24,1,11
34,210,11
41,197,11
52,156,11
86,207,11
86,279,11
95,207,11
113,236,11
151,189,11
156,52,11
173,221,11
188,225,11
189,151,11
194,234,11
195,229,11
197,41,11
207,86,11
207,95,11
207,279,11
209,263,11
210,34,11
221,173,11
225,188,11
234,194,11
236,113,11
263,209,11
272,276,11
276,272,11
279,86,11
279,207,11
9,245,12
16,56,12
24,108,12
26,87,12
44,234,12
56,16,12
71,116,12
86,207,12
87,26,12
103,147,12
108,24,12
115,250,12
116,71,12
147,103,12
175,190,12
190,175,12
195,127,12
195,229,12
205,208,12
206,241,12
207,86,12
208,205,12
211,263,12
234,44,12
263,211,12
24,1,13
44,194,13
44,234,13
51,241,13
69,91,13
69,168,13
76,257,13
81,118,13
90,278,13
91,69,13
115,100,13
115,250,13
117,239,13
118,81,13
143,169,13
143,178,13
150,212,13
168,69,13
169,143,13
169,178,13
174,249,13
178,143,13
178,169,13
194,44,13
194,234,13
195,127,13
195,229,13
207,279,13
212,150,13
226,273,13
226,277,13
234,194,13
241,51,13
249,174,13
257,76,13
273,226,13
273,277,13
277,226,13
277,273,13
278,90,13
10,43,14
10,156,14
14,91,14
26,225,14
43,10,14
44,194,14
46,227,14
54,79,14
79,54,14
86,279,14
90,223,14
91,14,14
100,187,14
133,251,14
140,159,14
151,221,14
156,10,14
159,140,14
173,203,14
173,221,14
187,100,14
194,44,14
194,234,14
203,173,14
221,151,14
221,173,14
223,90,14
225,26,14
226,273,14
226,277,14
227,46,14
236,264,14
251,133,14
264,236,14
273,226,14
277,226,14
279,86,14
279,207,14
2,171,15
14,69,15
26,188,15
26,225,15
49,85,15
49,182,15
69,14,15
72,233,15
85,49,15
85,182,15
86,207,15
86,279,15
128,244,15
143,169,15
143,178,15
151,173,15
151,221,15
169,143,15
169,178,15
171,2,15
173,151,15
173,203,15
173,221,15
178,143,15
178,169,15
182,49,15
182,85,15
188,26,15
199,245,15
207,86,15
207,279,15
221,151,15
221,173,15
233,72,15
244,128,15
245,199,15
279,86,15
279,207,15
6,110,16
17,261,16
31,238,16
38,206,16
49,85,16
58,139,16
85,49,16
87,100,16
98,227,16
100,87,16
110,6,16
112,167,16
139,58,16
143,169,16
143,220,16
151,173,16
151,221,16
153,200,16
167,112,16
168,181,16
169,143,16
173,151,16
181,168,16
200,153,16
206,38,16
220,143,16
221,151,16
226,273,16
227,98,16
238,31,16
261,17,16
43,283,17
75,137,17
86,207,17
100,187,17
127,260,17
137,75,17
143,169,17
162,246,17
169,220,17
173,221,17
188,225,17
194,214,17
207,86,17
214,194,17
220,169,17
221,173,17
225,188,17
246,162,17
260,127,17
283,43,17
60,276,18
85,182,18
93,116,18
94,190,18
111,119,18
116,93,18
130,275,18
150,171,18
169,143,18
171,150,18
180,227,18
185,267,18
186,279,18
190,94,18
225,26,18
227,180,18
267,185,18
275,130,18
276,60,18
279,186,18
35,214,19
42,147,19
99,133,19
101,239,19
105,141,19
107,184,19
122,161,19
123,253,19
124,163,19
128,211,19
133,99,19
138,269,19
139,183,19
141,105,19
147,42,19
152,255,19
155,196,19
161,122,19
163,124,19
184,107,19
196,155,19
211,128,19
214,35,19
239,101,19
253,123,19
255,152,19
269,138,19
7,228,20
47,167,20
49,207,20
67,224,20
88,230,20
104,162,20
106,170,20
143,220,20
146,257,20
148,261,20
162,104,20
167,47,20
169,220,20
170,106,20
194,234,20
207,49,20
207,86,20
220,143,20
220,169,20
224,67,20
228,7,20
257,146,20
261,148,20
24,108,21
49,86,21
62,79,21
79,62,21
86,49,21
87,187,21
105,160,21
114,178,21
126,157,21
130,257,21
130,275,21
149,255,21
151,203,21
157,126,21
160,105,21
178,114,21
187,87,21
194,44,21
194,234,21
203,151,21
227,46,21
227,180,21
255,149,21
257,130,21
22,58,22
28,97,22
35,44,22
35,214,22
44,35,22
44,194,22
46,180,22
46,227,22
58,22,22
64,133,22
73,95,22
95,73,22
97,28,22
128,263,22
133,64,22
155,251,22
156,52,22
180,46,22
180,227,22
188,216,22
194,44,22
216,188,22
220,143,22
227,46,22
227,180,22
251,155,22
257,146,22
263,128,22
11,234,23
14,181,23
38,109,23
46,180,23
53,238,23
109,38,23
122,246,23
128,211,23
150,281,23
171,208,23
173,203,23
180,46,23
181,14,23
183,236,23
194,214,23
203,173,23
208,171,23
208,212,23
212,208,23
214,194,23
234,11,23
236,183,23
238,53,23
246,122,23
281,150,23
5,3,24
34,89,24
72,85,24
83,229,24
85,72,24
89,34,24
105,141,24
128,263,24
193,242,24
209,262,24
211,263,24
215,252,24
229,83,24
242,193,24
252,215,24
263,211,24
25,175,25
29,115,25
52,103,25
86,207,25
95,186,25
103,52,25
115,29,25
130,257,25
139,273,25
143,169,25
156,10,25
159,181,25
169,143,25
171,212,25
175,25,25
181,159,25
186,95,25
194,44,25
196,251,25
209,211,25
211,209,25
212,171,25
214,35,25
214,231,25
231,214,25
251,196,25
257,130,25
273,139,25
10,52,26
39,261,26
52,10,26
52,103,26
73,226,26
87,225,26
93,174,26
104,246,26
140,181,26
145,147,26
147,145,26
158,233,26
169,237,26
174,93,26
181,140,26
194,214,26
208,281,26
214,194,26
225,87,26
226,73,26
229,195,26
233,158,26
237,169,26
246,104,26
261,39,26
281,208,26
35,194,27
42,145,27
49,95,27
52,260,27
55,155,27
78,268,27
86,49,27
95,49,27
95,186,27
106,179,27
127,229,27
135,223,27
143,220,27
145,42,27
151,221,27
155,55,27
169,143,27
169,220,27
179,106,27
183,273,27
194,35,27
209,262,27
219,230,27
220,169,27
221,151,27
223,135,27
229,127,27
230,219,27
260,52,27
263,128,27
268,78,27
273,183,27
14,168,28
14,181,28
42,147,28
44,214,28
49,186,28
86,95,28
95,86,28
139,183,28
140,159,28
147,42,28
151,203,28
151,221,28
159,140,28
168,14,28
168,181,28
181,14,28
181,168,28
183,139,28
183,273,28
186,49,28
203,151,28
203,173,28
211,262,28
214,44,28
222,266,28
238,31,28
262,211,28
266,222,28
14,168,29
19,124,29
42,145,29
93,249,29
124,19,29
139,273,29
143,169,29
151,173,29
151,203,29
156,260,29
168,14,29
168,181,29
169,143,29
169,220,29
170,259,29
173,151,29
173,203,29
183,139,29
183,273,29
203,151,29
203,173,29
205,212,29
212,205,29
230,88,29
237,96,29
243,279,29
249,93,29
260,156,29
273,139,29
273,183,29
279,243,29
14,181,30
20,30,30
30,20,30
42,147,30
45,154,30
60,190,30
78,131,30
80,265,30
84,274,30
93,174,30
93,249,30
101,117,30
117,101,30
131,78,30
154,45,30
166,267,30
181,14,30
181,168,30
187,250,30
190,60,30
199,201,30
201,199,30
250,187,30
260,52,30
265,80,30
267,166,30
273,139,30
274,84,30
1,121,31
14,132,31
17,39,31
22,236,31
38,51,31
38,241,31
39,17,31
42,145,31
44,234,31
51,38,31
70,269,31
93,174,31
121,1,31
132,14,31
145,147,31
147,145,31
159,168,31
159,181,31
167,238,31
168,159,31
168,181,31
181,159,31
181,168,31
211,263,31
227,256,31
234,44,31
235,243,31
236,22,31
238,167,31
241,38,31
243,235,31
263,211,31
269,70,31
38,51,32
38,241,32
86,279,32
95,186,32
139,277,32
140,168,32
145,42,32
159,168,32
159,181,32
167,47,32
168,140,32
168,159,32
181,159,32
186,95,32
201,245,32
211,262,32
212,171,32
245,201,32
277,139,32
279,86,32
6,238,33
14,159,33
43,46,33
46,43,33
46,180,33
63,240,33
86,243,33
90,135,33
98,180,33
103,147,33
135,90,33
139,183,33
145,147,33
147,103,33
147,145,33
148,266,33
151,173,33
151,203,33
156,172,33
159,14,33
159,168,33
172,156,33
173,151,33
173,203,33
178,253,33
180,98,33
183,139,33
186,279,33
203,151,33
203,173,33
219,242,33
238,6,33
240,63,33
242,219,33
243,86,33
253,178,33
266,148,33
273,277,33
277,273,33
279,186,33
37,211,34
37,262,34
38,109,34
46,43,34
52,10,34
52,260,34
55,79,34
67,134,34
68,176,34
74,252,34
76,249,34
79,55,34
121,136,34
128,211,34
134,67,34
136,121,34
159,14,34
176,68,34
203,151,34
205,208,34
205,281,34
208,205,34
208,281,34
211,37,34
211,128,34
211,262,34
220,237,34
237,220,34
249,76,34
252,74,34
262,37,34
262,211,34
281,205,34
281,208,34
14,132,35
37,211,35
38,206,35
52,10,35
67,224,35
91,140,35
123,165,35
132,159,35
134,224,35
140,91,35
147,103,35
147,145,35
151,173,35
159,132,35
165,123,35
169,143,35
169,220,35
170,179,35
173,151,35
173,222,35
179,170,35
211,37,35
211,128,35
211,262,35
220,169,35
222,173,35
224,134,35
262,263,35
263,262,35
19,82,36
49,243,36
68,126,36
72,233,36
82,19,36
90,141,36
104,122,36
122,104,36
126,68,36
132,14,36
141,90,36
186,235,36
209,263,36
233,72,36
235,186,36
243,49,36
262,209,36
262,263,36
263,209,36
263,262,36
19,124,37
26,87,37
60,272,37
86,235,37
87,26,37
91,168,37
92,217,37
103,145,37
103,147,37
128,262,37
128,263,37
145,103,37
147,103,37
167,238,37
168,91,37
178,114,37
178,253,37
206,241,37
217,92,37
235,86,37
238,167,37
241,206,37
262,128,37
262,263,37
263,128,37
263,262,37
272,60,37
26,115,38
38,109,38
58,273,38
60,190,38
86,243,38
93,116,38
102,215,38
115,26,38
139,277,38
178,114,38
178,253,38
215,102,38
218,255,38
235,186,38
243,86,38
255,218,38
273,58,38
277,139,38
46,180,39
50,59,39
59,50,39
86,279,39
100,225,39
103,145,39
114,137,39
114,178,39
133,99,39
137,114,39
137,178,39
148,261,39
178,114,39
178,137,39
180,46,39
187,225,39
198,266,39
220,237,39
220,252,39
225,100,39
225,187,39
243,279,39
252,220,39
261,148,39
266,198,39
279,86,39
279,243,39
1,24,40
24,1,40
42,283,40
54,154,40
102,175,40
113,264,40
115,225,40
146,249,40
154,54,40
175,102,40
211,37,40
225,115,40
230,242,40
242,230,40
249,146,40
257,275,40
264,113,40
275,257,40
279,86,40
283,42,40
31,110,41
58,236,41
60,94,41
76,146,41
86,186,41
91,132,41
94,60,41
98,191,41
110,31,41
132,91,41
133,64,41
146,76,41
146,249,41
152,284,41
154,45,41
173,203,41
186,86,41
191,98,41
203,173,41
236,58,41
263,128,41
284,152,41
34,109,42
86,279,42
109,34,42
126,176,42
145,147,42
147,145,42
176,126,42
261,266,42
266,261,42
14,181,43
17,261,43
64,99,43
77,213,43
86,186,43
99,64,43
125,232,43
138,204,43
181,14,43
202,217,43
204,138,43
211,263,43
213,77,43
217,202,43
219,240,43
232,125,43
235,243,43
237,252,43
240,219,43
243,235,43
252,237,43
261,17,43
261,266,43
263,211,43
263,262,43
20,212,44
46,98,44
46,191,44
57,192,44
61,192,44
64,133,44
86,95,44
86,243,44
92,202,44
94,190,44
95,86,44
98,46,44
98,191,44
116,249,44
146,76,44
146,249,44
171,205,44
186,235,44
186,243,44
190,94,44
191,46,44
191,98,44
192,57,44
192,61,44
202,92,44
202,217,44
205,171,44
212,20,44
215,220,44
220,215,44
235,186,44
235,243,44
243,86,44
243,186,44
243,235,44
249,116,44
249,146,44
12,197,45
14,91,45
38,51,45
38,206,45
64,99,45
79,196,45
86,95,45
91,14,45
91,132,45
95,186,45
95,243,45
142,253,45
146,76,45
146,249,45
173,151,45
186,95,45
186,243,45
191,46,45
196,79,45
197,12,45
201,199,45
202,92,45
206,38,45
212,217,45
217,212,45
225,100,45
243,95,45
243,186,45
253,142,45
261,17,45
9,63,46
14,181,46
18,131,46
29,87,46
46,98,46
48,211,46
63,9,46
73,182,46
76,249,46
83,127,46
87,29,46
90,160,46
91,14,46
92,212,46
92,217,46
98,46,46
114,165,46
116,146,46
127,83,46
130,275,46
131,18,46
135,160,46
136,152,46
146,116,46
152,136,46
154,54,46
160,90,46
160,135,46
165,114,46
182,73,46
211,48,46
212,92,46
212,217,46
217,92,46
217,212,46
249,76,46
275,130,46
14,91,47
14,181,47
17,266,47
38,51,47
48,209,47
85,233,47
98,191,47
126,68,47
128,15,47
150,213,47
171,208,47
190,272,47
191,98,47
200,276,47
208,171,47
209,48,47
213,150,47
220,169,47
225,115,47
233,85,47
266,17,47
272,190,47
276,200,47
8,278,48
14,91,48
15,211,48
17,261,48
33,140,48
61,144,48
91,181,48
95,186,48
135,141,48
140,33,48
141,135,48
144,61,48
180,191,48
181,91,48
186,95,48
191,180,48
199,257,48
201,257,48
211,15,48
225,100,48
257,199,48
257,201,48
278,8,48
45,54,49
45,154,49
49,72,49
49,233,49
54,45,49
54,154,49
60,190,49
63,240,49
64,133,49
65,185,49
72,49,49
83,229,49
86,279,49
92,202,49
99,133,49
118,159,49
133,99,49
141,223,49
151,221,49
154,45,49
154,54,49
159,118,49
185,65,49
190,60,49
223,141,49
229,83,49
233,49,49
240,63,49
14,181,50
15,267,50
17,266,50
20,231,50
29,115,50
43,191,50
79,251,50
91,14,50
91,181,50
102,215,50
115,29,50
151,173,50
151,221,50
154,45,50
155,251,50
179,106,50
181,14,50
181,91,50
191,43,50
215,102,50
231,20,50
251,79,50
251,155,50
262,267,50
267,15,50
267,262,50
14,69,51
14,181,51
15,262,51
23,254,51
24,93,51
28,228,51
44,214,51
57,82,51
63,9,51
63,240,51
68,176,51
69,181,51
82,57,51
88,219,51
93,24,51
95,207,51
102,175,51
126,243,51
128,267,51
141,135,51
144,192,51
151,173,51
166,244,51
176,68,51
181,14,51
181,69,51
192,144,51
207,95,51
219,88,51
228,28,51
243,126,51
244,166,51
249,275,51
251,79,51
254,23,51
257,199,51
262,15,51
267,128,51
275,249,51
14,69,52
30,231,52
44,234,52
69,14,52
69,181,52
102,215,52
124,232,52
151,221,52
154,54,52
157,243,52
167,47,52
167,238,52
186,235,52
189,280,52
199,201,52
199,257,52
201,199,52
231,30,52
232,124,52
235,186,52
243,157,52
249,76,52
275,130,52
280,189,52
2,100,53
4,81,53
14,91,53
15,128,53
15,262,53
15,267,53
19,232,53
26,188,53
38,206,53
49,72,53
49,233,53
51,206,53
53,82,53
75,247,53
77,150,53
81,4,53
82,53,53
86,157,53
91,14,53
100,2,53
102,175,53
128,15,53
128,267,53
150,77,53
151,173,53
157,86,53
157,243,53
180,283,53
188,26,53
199,201,53
201,257,53
206,51,53
232,19,53
247,75,53
251,155,53
257,201,53
267,15,53
267,128,53
283,180,53
15,128,54
15,262,54
38,51,54
38,206,54
46,186,54
46,235,54
51,38,54
53,192,54
57,163,54
60,272,54
63,9,54
69,132,54
87,187,54
105,248,54
113,183,54
128,15,54
128,262,54
132,69,54
163,57,54
183,113,54
186,46,54
187,87,54
190,272,54
192,53,54
198,222,54
206,38,54
215,252,54
222,198,54
235,46,54
248,105,54
252,215,54
262,128,54
272,60,54
272,190,54
8,274,55
15,128,55
15,262,55
44,214,55
52,283,55
56,195,55
69,181,55
72,85,55
85,72,55
85,233,55
95,279,55
128,15,55
193,275,55
195,56,55
233,85,55
236,277,55
249,275,55
262,15,55
272,60,55
274,8,55
275,193,55
275,249,55
277,236,55
279,95,55
283,52,55
15,128,56
43,227,56
46,207,56
46,235,56
52,10,56
69,91,56
76,130,56
82,163,56
83,127,56
91,69,56
91,132,56
130,76,56
132,91,56
163,82,56
186,235,56
207,46,56
218,284,56
227,43,56
235,186,56
251,79,56
252,74,56
284,218,56
26,29,57
29,26,57
37,209,57
38,51,57
38,206,57
44,234,57
46,207,57
46,235,57
48,211,57
49,72,57
51,206,57
57,82,57
72,49,57
76,93,57
76,130,57
82,57,57
93,76,57
130,275,57
165,178,57
178,165,57
197,41,57
199,257,57
206,51,57
209,37,57
211,48,57
235,46,57
235,186,57
251,155,57
257,199,57
262,267,57
267,262,57
275,130,57
275,249,57
36,161,58
38,51,58
38,206,58
51,38,58
58,273,58
69,181,58
71,174,58
76,93,58
126,176,58
161,36,58
174,71,58
176,126,58
186,207,58
206,38,58
207,186,58
207,235,58
232,124,58
235,207,58
250,281,58
275,130,58
275,249,58
281,250,58
283,180,58
57,163,59
72,158,59
79,155,59
92,217,59
109,206,59
114,178,59
115,225,59
126,243,59
135,160,59
150,213,59
155,79,59
158,72,59
163,57,59
178,114,59
206,109,59
207,186,59
217,92,59
225,115,59
235,279,59
243,126,59
275,130,59
275,249,59
279,235,59
2,208,60
14,118,60
38,241,60
57,82,60
57,163,60
62,254,60
65,67,60
67,65,60
69,132,60
77,213,60
92,202,60
117,239,60
118,14,60
128,262,60
132,69,60
132,91,60
155,251,60
169,143,60
178,165,60
202,217,60
208,2,60
213,77,60
217,202,60
239,117,60
241,38,60
254,62,60
262,128,60
262,267,60
275,130,60
275,249,60
9,240,61
13,93,61
21,227,61
28,84,61
42,103,61
51,109,61
66,81,61
69,91,61
69,132,61
69,181,61
70,204,61
77,150,61
77,213,61
81,66,61
84,28,61
91,69,61
93,13,61
93,76,61
98,207,61
103,42,61
109,51,61
119,237,61
126,176,61
132,69,61
132,181,61
149,218,61
150,77,61
151,198,61
155,79,61
181,132,61
186,235,61
198,151,61
201,245,61
204,70,61
207,98,61
218,149,61
227,21,61
235,186,61
237,119,61
240,9,61
262,128,61
13,76,62
13,93,62
17,261,62
51,241,62
63,268,62
69,132,62
76,13,62
76,93,62
87,100,62
91,132,62
93,13,62
93,76,62
100,87,62
104,162,62
109,241,62
126,243,62
132,69,62
132,91,62
141,160,62
160,141,62
176,243,62
178,114,62
235,279,62
241,51,62
241,109,62
243,176,62
268,63,62
279,95,62
279,235,62
3,97,63
15,166,63
26,188,63
51,109,63
52,156,63
55,254,63
74,148,63
88,240,63
97,3,63
108,204,63
109,51,63
109,241,63
126,176,63
126,243,63
131,251,63
135,141,63
141,135,63
141,160,63
148,74,63
150,213,63
156,52,63
166,15,63
176,126,63
176,243,63
186,207,63
204,108,63
207,186,63
213,150,63
240,88,63
241,38,63
241,109,63
243,126,63
243,176,63
251,131,63
254,55,63
279,95,63
6,82,64
22,58,64
42,145,64
49,233,64
50,242,64
58,22,64
72,233,64
82,6,64
83,229,64
93,116,64
109,51,64
112,144,64
116,93,64
126,176,64
132,69,64
132,91,64
133,64,64
137,237,64
143,220,64
144,112,64
145,42,64
173,198,64
176,126,64
198,173,64
202,92,64
220,143,64
233,49,64
233,72,64
237,137,64
242,50,64
273,277,64
277,273,64
39,175,65
69,91,65
69,132,65
79,251,65
91,69,65
111,276,65
126,243,65
132,69,65
132,181,65
151,173,65
151,198,65
169,220,65
173,151,65
173,198,65
175,39,65
176,186,65
186,176,65
198,151,65
198,173,65
220,169,65
233,49,65
236,273,65
236,277,65
242,230,65
243,126,65
251,79,65
273,236,65
273,277,65
276,111,65
277,236,65
277,273,65
13,76,66
14,69,66
14,132,66
69,14,66
69,132,66
69,181,66
76,13,66
95,235,66
121,152,66
132,14,66
132,69,66
152,121,66
178,165,66
181,69,66
197,12,66
198,151,66
198,173,66
220,143,66
235,95,66
235,279,66
236,273,66
241,38,66
273,236,66
279,235,66
29,187,67
42,260,67
48,147,67
51,241,67
69,132,67
74,252,67
80,112,67
92,217,67
95,279,67
96,119,67
102,215,67
103,260,67
112,80,67
119,96,67
119,237,67
147,48,67
186,243,67
187,29,67
198,151,67
204,138,67
215,102,67
217,92,67
237,119,67
241,51,67
243,186,67
260,42,67
260,103,67
273,277,67
279,95,67
42,103,68
49,158,68
74,148,68
74,252,68
93,249,68
103,42,68
103,260,68
126,186,68
126,243,68
151,173,68
158,49,68
166,244,68
173,151,68
173,198,68
186,126,68
198,173,68
234,11,68
234,44,68
243,126,68
249,93,68
272,190,68
279,235,68
29,188,69
38,56,69
46,95,69
56,38,69
74,148,69
74,252,69
95,46,69
96,137,69
129,247,69
132,14,69
135,160,69
137,96,69
142,169,69
155,196,69
160,135,69
160,141,69
169,142,69
173,151,69
186,243,69
188,29,69
196,155,69
234,11,69
234,44,69
243,186,69
247,129,69
273,236,69
29,187,70
51,206,70
126,186,70
130,249,70
167,47,70
170,278,70
173,198,70
186,126,70
200,153,70
206,51,70
249,130,70
254,23,70
275,284,70
278,170,70
284,275,70
76,116,71
109,206,71
116,76,71
152,177,71
176,207,71
177,152,71
193,245,71
199,248,71
206,109,71
207,176,71
245,193,71
248,199,71
20,217,72
28,97,72
34,51,72
51,34,72
97,28,72
109,241,72
110,117,72
117,110,72
121,177,72
148,252,72
170,259,72
177,121,72
217,20,72
220,253,72
240,9,72
240,88,72
241,109,72
252,148,72
253,220,72
2,225,73
13,121,73
13,177,73
34,241,73
51,206,73
51,241,73
75,271,73
80,272,73
98,235,73
99,251,73
100,225,73
114,165,73
115,208,73
118,132,73
121,13,73
123,279,73
128,263,73
131,18,73
132,118,73
165,114,73
175,25,73
177,13,73
206,51,73
208,115,73
225,2,73
225,100,73
233,85,73
235,98,73
241,34,73
241,51,73
251,99,73
263,128,73
271,75,73
272,80,73
279,123,73
15,244,74
51,109,74
51,241,74
54,219,74
58,277,74
65,134,74
69,181,74
100,87,74
103,42,74
109,51,74
109,241,74
123,126,74
123,186,74
126,123,74
126,186,74
134,65,74
186,123,74
186,126,74
218,275,74
219,54,74
241,109,74
244,15,74
275,218,74
277,58,74
9,88,75
9,240,75
13,76,75
25,60,75
42,260,75
45,196,75
60,25,75
76,13,75
76,116,75
88,9,75
100,225,75
123,126,75
123,186,75
124,125,75
125,124,75
125,232,75
126,123,75
126,186,75
128,262,75
136,275,75
186,123,75
186,126,75
196,45,75
225,2,75
225,100,75
232,125,75
233,72,75
240,9,75
260,42,75
275,136,75
4,66,76
8,84,76
25,175,76
42,103,76
60,175,76
66,4,76
67,134,76
75,129,76
84,8,76
85,86,76
86,85,76
87,225,76
100,87,76
100,225,76
123,126,76
123,279,76
126,123,76
126,186,76
129,75,76
134,67,76
145,260,76
175,60,76
182,183,76
183,182,76
206,241,76
225,87,76
225,100,76
241,206,76
249,93,76
260,145,76
7,8,77
8,7,77
10,172,77
13,121,77
18,78,77
34,51,77
42,260,77
51,34,77
74,266,77
78,18,77
86,233,77
88,154,77
96,102,77
102,96,77
130,193,77
136,218,77
136,275,77
137,142,77
142,137,77
142,143,77
143,142,77
154,88,77
172,10,77
173,151,77
175,25,77
193,130,77
214,234,77
218,136,77
218,275,77
225,2,77
225,100,77
233,86,77
234,214,77
254,62,77
260,42,77
266,74,77
275,218,77
13,116,78
14,181,78
34,241,78
79,99,78
79,251,78
91,118,78
99,79,78
116,13,78
116,121,78
118,91,78
121,116,78
125,124,78
142,137,78
166,280,78
175,39,78
181,14,78
202,212,78
207,243,78
212,202,78
241,34,78
243,207,78
251,79,78
259,274,78
264,277,78
274,259,78
277,264,78
280,166,78
2,87,79
2,208,79
7,84,79
8,84,79
45,55,79
55,45,79
56,109,79
64,79,79
79,64,79
79,99,79
79,251,79
84,7,79
84,8,79
87,2,79
95,180,79
96,215,79
109,56,79
113,182,79
116,13,79
126,279,79
163,192,79
180,95,79
182,113,79
192,163,79
193,245,79
208,2,79
215,96,79
275,136,79
275,218,79
279,126,79
2,87,80
2,225,80
11,44,80
23,110,80
34,51,80
44,11,80
64,251,80
79,64,80
79,251,80
87,225,80
108,177,80
110,23,80
130,245,80
171,205,80
177,108,80
183,236,80
184,217,80
217,184,80
225,2,80
225,87,80
233,72,80
236,183,80
245,130,80
251,64,80
251,79,80
258,270,80
270,258,80
275,136,80
2,87,81
13,121,81
35,44,81
35,234,81
44,35,81
56,38,81
86,157,81
87,2,81
121,13,81
125,232,81
137,237,81
157,86,81
198,203,81
202,261,81
203,198,81
219,242,81
234,35,81
237,137,81
242,219,81
251,64,81
261,202,81
275,218,81
38,51,82
44,234,82
51,38,82
57,192,82
79,99,82
98,279,82
106,269,82
123,126,82
126,123,82
127,166,82
130,201,82
130,218,82
140,228,82
166,127,82
192,57,82
201,130,82
218,130,82
219,54,82
228,140,82
234,44,82
245,193,82
269,106,82
279,98,82
18,154,83
31,232,83
34,38,83
38,34,83
45,196,83
47,122,83
74,252,83
113,236,83
122,47,83
130,201,83
154,18,83
173,203,83
176,68,83
202,212,83
203,173,83
232,31,83
236,113,83
252,74,83
9,88,84
19,50,84
31,110,84
44,11,84
50,19,84
71,138,84
87,225,84
88,9,84
91,159,84
98,235,84
103,260,84
110,31,84
118,159,84
138,71,84
159,91,84
159,118,84
166,280,84
186,235,84
223,278,84
235,186,84
260,103,84
278,223,84
2,208,85
3,228,85
34,109,85
37,48,85
38,51,85
38,109,85
48,37,85
51,109,85
64,79,85
67,224,85
79,64,85
82,192,85
102,175,85
109,34,85
109,38,85
109,51,85
113,182,85
123,279,85
136,284,85
145,211,85
159,91,85
159,118,85
168,170,85
170,168,85
170,259,85
175,102,85
192,82,85
211,145,85
221,267,85
224,67,85
225,100,85
228,3,85
259,170,85
267,221,85
279,123,85
284,136,85
3,97,86
7,282,86
17,212,86
20,92,86
23,239,86
29,208,86
38,51,86
51,38,86
51,109,86
92,20,86
97,3,86
119,142,86
130,218,86
136,218,86
136,284,86
139,273,86
142,119,86
159,91,86
169,220,86
191,283,86
193,201,86
201,193,86
208,29,86
212,17,86
218,136,86
219,230,86
220,169,86
230,219,86
239,23,86
273,139,86
282,7,86
283,191,86
3,28,87
21,256,87
22,264,87
28,3,87
38,109,87
51,38,87
51,109,87
56,195,87
57,82,87
60,96,87
82,57,87
82,192,87
96,60,87
109,38,87
109,51,87
110,117,87
131,154,87
134,65,87
145,147,87
147,145,87
154,131,87
157,233,87
184,194,87
194,184,87
218,284,87
233,157,87
256,21,87
264,22,87
284,218,87
2,187,88
13,116,88
18,88,88
42,95,88
72,157,88
82,57,88
82,192,88
88,18,88
95,42,88
103,180,88
130,201,88
148,209,88
157,72,88
157,233,88
160,135,88
169,253,88
172,260,88
175,252,88
180,103,88
184,217,88
187,2,88
187,208,88
201,130,88
208,187,88
209,148,88
212,222,88
218,275,88
218,284,88
220,253,88
222,212,88
227,283,88
252,175,88
253,169,88
253,220,88
260,172,88
275,284,88
283,227,88
284,136,88
284,218,88
284,275,88
2,208,89
10,260,89
31,232,89
39,252,89
72,233,89
73,81,89
81,73,89
91,132,89
119,143,89
128,198,89
132,91,89
136,218,89
143,119,89
147,211,89
152,284,89
172,10,89
175,102,89
175,252,89
181,69,89
187,2,89
187,208,89
198,128,89
201,193,89
202,261,89
208,2,89
208,29,89
208,187,89
211,147,89
218,136,89
218,284,89
233,72,89
241,206,89
252,39,89
252,175,89
260,10,89
284,152,89
284,218,89
2,187,90
13,121,90
23,110,90
23,239,90
88,9,90
97,228,90
102,252,90
109,38,90
110,23,90
135,141,90
141,135,90
142,220,90
142,253,90
152,275,90
187,2,90
187,208,90
194,217,90
208,29,90
208,187,90
217,194,90
218,136,90
220,142,90
220,253,90
228,97,90
252,102,90
252,175,90
253,142,90
253,220,90
275,152,90
13,116,91
13,121,91
39,96,91
48,145,91
64,99,91
67,244,91
68,243,91
76,177,91
91,159,91
94,163,91
96,39,91
99,64,91
116,121,91
121,116,91
135,160,91
141,160,91
145,48,91
160,141,91
163,94,91
177,76,91
217,184,91
218,284,91
228,140,91
236,183,91
243,68,91
244,67,91
252,102,91
252,175,91
253,142,91
6,122,92
22,58,92
28,97,92
51,206,92
58,22,92
68,98,92
68,176,92
90,257,92
97,28,92
98,68,92
98,176,92
98,279,92
102,175,92
122,6,92
135,141,92
135,160,92
141,135,92
141,160,92
160,135,92
160,141,92
166,185,92
166,280,92
175,102,92
175,252,92
176,98,92
176,279,92
185,166,92
188,26,92
206,51,92
206,241,92
230,242,92
242,230,92
257,90,92
279,98,92
279,176,92
2,208,93
29,187,93
34,38,93
34,51,93
38,34,93
39,60,93
39,96,93
46,126,93
51,34,93
60,39,93
68,98,93
68,176,93
79,99,93
97,228,93
98,68,93
98,176,93
99,79,93
102,252,93
103,186,93
110,239,93
119,142,93
119,143,93
119,220,93
122,47,93
126,46,93
132,159,93
142,119,93
142,143,93
143,142,93
159,132,93
175,102,93
175,252,93
176,68,93
176,98,93
180,260,93
186,103,93
187,29,93
208,2,93
220,119,93
228,97,93
230,219,93
239,110,93
252,102,93
252,175,93
260,180,93
2,225,94
34,38,94
38,51,94
39,60,94
39,96,94
51,38,94
54,242,94
60,215,94
91,132,94
102,175,94
119,143,94
127,221,94
132,91,94
140,33,94
143,119,94
143,142,94
150,281,94
153,276,94
175,102,94
176,68,94
176,98,94
179,204,94
191,227,94
204,179,94
215,60,94
217,194,94
221,127,94
225,2,94
227,191,94
242,54,94
276,153,94
281,150,94
9,240,95
23,110,95
38,34,95
38,51,95
38,241,95
51,206,95
54,230,95
54,242,95
64,79,95
68,243,95
79,64,95
79,99,95
110,23,95
115,151,95
119,220,95
135,141,95
135,160,95
141,135,95
143,119,95
143,142,95
150,205,95
150,281,95
151,115,95
160,135,95
176,68,95
176,98,95
205,150,95
205,281,95
206,51,95
219,242,95
230,54,95
241,38,95
242,219,95
281,205,95
29,208,96
38,51,96
43,191,96
44,217,96
51,38,96
54,230,96
65,224,96
68,98,96
68,243,96
76,121,96
82,94,96
93,130,96
94,82,96
97,28,96
98,68,96
98,243,96
113,236,96
121,76,96
126,279,96
130,93,96
133,251,96
142,253,96
175,252,96
176,243,96
177,108,96
191,43,96
208,29,96
217,44,96
221,280,96
224,65,96
236,113,96
243,98,96
243,176,96
251,133,96
279,126,96
280,221,96
3,5,97
8,28,97
27,282,97
28,8,97
34,51,97
38,241,97
40,245,97
51,34,97
54,242,97
68,98,97
68,176,97
68,243,97
97,228,97
98,68,97
98,176,97
110,239,97
152,218,97
161,246,97
173,198,97
175,102,97
175,252,97
176,68,97
176,98,97
176,243,97
191,227,97
198,173,97
205,250,97
218,152,97
218,275,97
242,54,97
243,68,97
243,176,97
245,40,97
246,161,97
250,205,97
262,267,97
267,262,97
275,218,97
276,111,97
282,27,97
7,274,98
34,38,98
38,34,98
57,192,98
65,67,98
67,65,98
68,98,98
68,243,98
93,249,98
95,145,98
98,68,98
98,243,98
102,252,98
145,95,98
152,275,98
170,223,98
187,208,98
192,57,98
197,41,98
205,171,98
205,250,98
208,187,98
223,170,98
243,68,98
243,98,98
252,102,98
252,175,98
274,7,98
275,152,98
3,140,99
3,228,99
29,187,99
38,51,99
39,102,99
39,175,99
39,252,99
42,211,99
51,38,99
60,96,99
65,224,99
67,224,99
86,85,99
96,60,99
102,39,99
102,252,99
103,235,99
113,226,99
130,249,99
140,3,99
140,228,99
175,39,99
175,252,99
176,279,99
187,29,99
187,208,99
198,212,99
211,42,99
212,198,99
224,67,99
226,113,99
228,3,99
228,140,99
235,103,99
249,130,99
250,281,99
252,39,99
252,102,99
252,175,99
276,153,99
279,176,99
281,250,99
3,140,100
3,228,100
60,215,100
65,229,100
91,118,100
103,186,100
113,236,100
118,91,100
119,142,100
136,149,100
136,218,100
140,3,100
142,119,100
149,136,100
149,218,100
198,173,100
206,241,100
218,136,100
218,149,100
222,261,100
228,3,100
229,65,100
241,206,100
250,205,100
261,222,100
