5,123,1
5,180,1
7,250,1
12,120,1
12,195,1
13,262,1
28,189,1
32,109,1
35,159,1
37,59,1
37,137,1
40,132,1
42,291,1
43,204,1
47,106,1
48,90,1
49,295,1
59,37,1
61,104,1
65,135,1
74,107,1
78,153,1
80,237,1
80,274,1
80,285,1
85,163,1
86,144,1
88,303,1
90,48,1
96,108,1
96,278,1
103,223,1
104,61,1
105,298,1
106,47,1
107,74,1
108,96,1
109,32,1
109,267,1
112,299,1
120,12,1
120,195,1
123,5,1
123,180,1
132,40,1
133,254,1
134,248,1
135,65,1
137,37,1
142,207,1
142,292,1
144,86,1
153,78,1
158,237,1
159,35,1
163,85,1
173,178,1
177,273,1
178,173,1
180,5,1
180,123,1
184,226,1
189,28,1
192,198,1
195,12,1
195,120,1
198,192,1
204,43,1
207,142,1
207,292,1
211,218,1
216,304,1
218,211,1
223,103,1
226,184,1
231,243,1
237,80,1
237,158,1
237,274,1
237,285,1
243,231,1
248,134,1
250,7,1
254,133,1
262,13,1
265,281,1
267,109,1
273,177,1
274,80,1
274,237,1
278,96,1
281,265,1
285,80,1
285,237,1
291,42,1
292,142,1
292,207,1
295,49,1
298,105,1
299,112,1
303,88,1
304,216,1
5,123,2
5,180,2
16,251,2
19,33,2
32,267,2
33,19,2
40,111,2
52,209,2
55,290,2
67,282,2
88,242,2
101,134,2
106,147,2
106,224,2
111,40,2
120,129,2
123,5,2
129,120,2
134,101,2
142,207,2
142,292,2
147,106,2
172,187,2
176,268,2
180,5,2
187,172,2
195,12,2
207,142,2
207,292,2
209,52,2
224,106,2
233,273,2
234,306,2
237,158,2
242,88,2
250,262,2
251,16,2
262,250,2
267,32,2
267,109,2
268,176,2
273,233,2
282,67,2
290,55,2
292,142,2
292,207,2
306,234,2
1,157,3
7,262,3
12,129,3
21,246,3
26,170,3
34,250,3
39,279,3
40,132,3
51,135,3
53,114,3
110,128,3
114,53,3
119,151,3
128,110,3
129,12,3
133,278,3
134,248,3
135,51,3
142,207,3
143,301,3
149,178,3
151,119,3
157,1,3
164,228,3
166,235,3
170,26,3
178,149,3
207,142,3
207,216,3
207,292,3
211,247,3
216,207,3
216,292,3
228,164,3
235,166,3
241,289,3
246,21,3
247,211,3
250,7,3
250,34,3
262,7,3
273,177,3
273,233,3
278,133,3
279,39,3
289,241,3
292,216,3
292,304,3
301,143,3
304,292,3
2,122,4
4,169,4
6,26,4
6,170,4
7,250,4
7,262,4
12,195,4
18,90,4
20,31,4
20,55,4
26,6,4
26,170,4
31,20,4
45,61,4
55,20,4
61,45,4
87,293,4
90,18,4
97,290,4
122,2,4
124,217,4
129,195,4
134,101,4
134,248,4
152,219,4
169,4,4
170,6,4
170,26,4
195,129,4
207,216,4
216,207,4
216,292,4
217,124,4
217,294,4
219,152,4
250,7,4
273,177,4
273,233,4
278,96,4
290,97,4
292,216,4
293,87,4
294,217,4
1,83,5
5,123,5
12,129,5
12,133,5
44,49,5
49,44,5
54,252,5
71,176,5
83,1,5
88,303,5
95,191,5
96,108,5
96,278,5
114,235,5
115,274,5
118,151,5
129,12,5
129,195,5
132,163,5
133,12,5
141,300,5
148,157,5
151,118,5
151,119,5
157,148,5
163,132,5
176,71,5
176,203,5
176,268,5
177,288,5
191,95,5
203,176,5
203,268,5
216,207,5
217,124,5
232,239,5
235,114,5
239,232,5
245,295,5
252,54,5
268,203,5
274,115,5
288,177,5
295,245,5
300,141,5
7,250,6
8,63,6
31,55,6
49,295,6
55,31,6
63,8,6
78,112,6
95,117,6
95,191,6
112,78,6
114,53,6
117,95,6
117,191,6
129,120,6
134,101,6
142,216,6
148,185,6
157,223,6
167,171,6
171,167,6
176,71,6
177,256,6
177,273,6
185,148,6
189,196,6
191,117,6
196,189,6
207,142,6
207,216,6
216,142,6
216,207,6
217,294,6
223,157,6
256,177,6
256,273,6
273,177,6
273,233,6
273,256,6
295,49,6
295,245,6
12,129,7
62,268,7
71,203,7
90,48,7
98,119,7
112,299,7
113,233,7
119,98,7
129,12,7
141,182,7
141,300,7
148,157,7
156,303,7
157,148,7
177,256,7
177,273,7
177,288,7
182,141,7
182,300,7
191,95,7
191,117,7
197,289,7
203,71,7
233,113,7
246,266,7
256,177,7
266,246,7
268,62,7
271,286,7
273,177,7
284,305,7
286,271,7
289,197,7
300,182,7
303,156,7
305,284,7
23,220,8
42,221,8
98,151,8
105,296,8
111,156,8
114,235,8
118,119,8
119,118,8
133,285,8
151,98,8
156,111,8
168,204,8
177,273,8
177,288,8
204,168,8
220,23,8
221,42,8
285,133,8
289,241,8
296,105,8
1,148,9
12,195,9
13,256,9
14,188,9
36,90,9
59,270,9
71,176,9
90,36,9
96,108,9
96,278,9
108,278,9
123,180,9
141,182,9
148,1,9
180,123,9
182,141,9
182,300,9
188,14,9
191,95,9
195,12,9
197,241,9
197,289,9
198,208,9
203,268,9
208,198,9
241,197,9
241,289,9
256,13,9
268,203,9
270,59,9
278,108,9
289,197,9
289,241,9
12,285,10
13,288,10
18,162,10
30,298,10
38,228,10
41,210,10
53,235,10
62,71,10
62,176,10
64,272,10
66,186,10
71,62,10
71,176,10
79,184,10
90,162,10
102,255,10
108,133,10
108,278,10
113,245,10
133,108,10
141,300,10
148,157,10
148,223,10
162,18,10
162,90,10
176,62,10
176,71,10
182,141,10
184,79,10
186,66,10
197,241,10
197,289,10
202,265,10
210,41,10
223,148,10
228,38,10
232,304,10
235,53,10
241,197,10
245,113,10
255,102,10
265,202,10
272,64,10
278,96,10
278,108,10
281,286,10
285,12,10
286,281,10
288,13,10
289,197,10
298,30,10
300,141,10
303,88,10
304,232,10
13,256,11
16,184,11
41,136,11
41,210,11
46,251,11
107,213,11
115,165,11
126,300,11
136,41,11
136,210,11
145,175,11
162,18,11
165,115,11
175,145,11
176,62,11
184,16,11
184,79,11
195,285,11
210,136,11
213,107,11
251,46,11
254,274,11
274,254,11
285,195,11
300,126,11
1,83,12
1,223,12
10,25,12
20,97,12
25,10,12
28,69,12
54,243,12
69,28,12
74,213,12
79,226,12
93,240,12
97,20,12
97,290,12
120,169,12
169,120,12
169,178,12
178,169,12
185,291,12
210,41,12
210,136,12
213,74,12
213,107,12
223,1,12
223,148,12
226,79,12
240,93,12
243,54,12
256,288,12
278,96,12
278,108,12
288,256,12
291,185,12
13,288,13
20,31,13
20,97,13
20,290,13
27,238,13
28,247,13
31,20,13
31,97,13
34,262,13
40,174,13
56,121,13
77,259,13
88,216,13
92,201,13
97,20,13
97,31,13
97,290,13
108,133,13
120,178,13
121,56,13
134,248,13
169,120,13
169,178,13
174,40,13
178,120,13
178,169,13
184,16,13
201,92,13
213,74,13
213,107,13
216,88,13
223,1,13
223,148,13
235,166,13
238,27,13
243,231,13
247,28,13
256,13,13
256,288,13
259,77,13
262,34,13
288,13,13
288,256,13
290,20,13
290,97,13
13,256,14
13,288,14
45,104,14
54,252,14
74,107,14
79,184,14
83,148,14
88,156,14
90,36,14
97,31,14
104,45,14
107,74,14
107,213,14
108,278,14
120,169,14
131,221,14
137,270,14
147,297,14
148,83,14
149,195,14
156,88,14
169,120,14
184,79,14
190,242,14
195,149,14
221,131,14
222,223,14
223,222,14
233,273,14
242,190,14
243,54,14
243,231,14
256,13,14
256,288,14
270,137,14
273,233,14
285,12,14
288,13,14
288,256,14
297,147,14
6,251,15
18,36,15
36,18,15
45,61,15
45,104,15
74,213,15
78,299,15
86,249,15
88,216,15
99,211,15
107,74,15
107,213,15
116,259,15
156,216,15
163,174,15
174,163,15
184,226,15
211,99,15
213,74,15
213,107,15
216,156,15
221,42,15
221,131,15
223,1,15
223,222,15
226,184,15
241,289,15
249,86,15
251,6,15
259,116,15
288,13,15
289,241,15
295,49,15
299,78,15
6,46,16
6,251,16
18,90,16
23,188,16
26,184,16
28,69,16
31,55,16
31,97,16
36,90,16
41,140,16
42,131,16
45,61,16
45,104,16
46,6,16
55,97,16
72,100,16
90,18,16
90,36,16
91,267,16
97,55,16
100,72,16
108,285,16
113,273,16
115,254,16
120,178,16
123,5,16
131,42,16
140,41,16
148,222,16
156,303,16
178,120,16
182,300,16
184,26,16
188,23,16
197,241,16
197,289,16
216,88,16
216,156,16
222,148,16
241,197,16
241,289,16
243,252,16
252,243,16
254,115,16
254,294,16
267,91,16
273,113,16
273,233,16
285,108,16
288,256,16
289,197,16
289,241,16
290,20,16
294,254,16
299,112,16
300,182,16
303,156,16
1,291,17
6,46,17
6,251,17
18,36,17
18,90,17
31,55,17
31,97,17
36,18,17
36,90,17
42,221,17
43,160,17
46,251,17
51,65,17
54,243,17
55,31,17
55,97,17
55,290,17
65,51,17
79,226,17
80,165,17
81,152,17
90,18,17
90,36,17
95,117,17
95,191,17
97,31,17
97,55,17
115,274,17
115,294,17
117,95,17
134,101,17
152,81,17
160,43,17
165,80,17
169,178,17
178,169,17
192,215,17
215,192,17
216,88,17
221,42,17
226,79,17
228,164,17
243,54,17
243,252,17
251,46,17
254,115,17
254,294,17
273,113,17
274,115,17
290,55,17
291,1,17
294,115,17
294,254,17
28,218,18
36,162,18
42,131,18
45,61,18
54,252,18
55,97,18
62,71,18
71,62,18
89,198,18
91,109,18
95,117,18
95,191,18
106,147,18
108,195,18
109,91,18
115,274,18
117,191,18
131,221,18
142,207,18
147,106,18
162,36,18
176,268,18
178,120,18
191,117,18
195,108,18
197,241,18
198,89,18
207,142,18
207,216,18
216,207,18
218,28,18
221,131,18
241,197,18
243,54,18
243,252,18
252,54,18
252,243,18
268,176,18
16,226,19
18,36,19
18,90,19
19,64,19
34,233,19
36,18,19
38,167,19
42,221,19
51,135,19
64,19,19
67,255,19
82,281,19
88,156,19
90,18,19
91,267,19
97,290,19
108,149,19
108,195,19
108,285,19
115,294,19
119,213,19
131,42,19
142,304,19
149,108,19
149,195,19
149,285,19
156,88,19
156,303,19
165,254,19
167,38,19
195,149,19
207,142,19
207,216,19
213,119,19
221,42,19
226,16,19
226,275,19
233,34,19
254,165,19
255,67,19
262,263,19
263,262,19
275,226,19
281,82,19
285,12,19
285,108,19
285,149,19
290,97,19
294,115,19
304,142,19
16,275,20
25,170,20
31,55,20
31,97,20
41,253,20
42,131,20
55,31,20
88,216,20
88,303,20
97,31,20
97,290,20
105,258,20
108,149,20
108,285,20
111,287,20
112,289,20
115,165,20
115,294,20
142,207,20
149,108,20
149,195,20
164,223,20
165,115,20
165,254,20
165,294,20
170,25,20
175,282,20
207,142,20
207,304,20
211,234,20
212,306,20
213,107,20
216,88,20
216,303,20
223,164,20
226,16,20
234,211,20
253,41,20
258,105,20
275,16,20
282,175,20
285,108,20
287,111,20
289,112,20
294,165,20
303,88,20
303,216,20
304,207,20
306,212,20
12,108,21
13,34,21
16,226,21
26,205,21
32,122,21
34,13,21
36,162,21
45,104,21
85,242,21
88,156,21
93,206,21
94,114,21
108,12,21
108,285,21
114,94,21
115,165,21
115,254,21
118,151,21
122,32,21
129,133,21
131,221,21
133,129,21
142,216,21
151,118,21
156,88,21
165,115,21
165,254,21
165,294,21
167,228,21
177,245,21
205,26,21
206,93,21
216,142,21
216,303,21
216,304,21
221,131,21
228,167,21
242,85,21
245,177,21
254,115,21
254,165,21
258,298,21
298,258,21
304,216,21
11,132,22
22,173,22
26,184,22
80,115,22
82,103,22
103,82,22
105,296,22
115,80,22
132,11,22
173,22,22
255,102,22
304,207,22
1,185,23
10,60,23
11,111,23
16,205,23
16,226,23
29,112,23
60,10,23
108,12,23
108,195,23
111,11,23
112,29,23
113,233,23
115,294,23
131,42,23
166,246,23
167,38,23
185,1,23
195,108,23
205,16,23
231,252,23
233,113,23
246,166,23
252,231,23
254,294,23
274,278,23
278,274,23
294,115,23
294,254,23
14,114,24
16,205,24
16,226,24
24,86,24
30,55,24
33,64,24
35,277,24
38,228,24
40,88,24
41,140,24
41,253,24
55,30,24
62,180,24
64,33,24
82,271,24
86,24,24
87,259,24
88,40,24
88,303,24
95,251,24
114,14,24
114,94,24
129,165,24
133,165,24
150,199,24
165,129,24
165,133,24
175,284,24
180,62,24
199,150,24
228,38,24
250,262,24
251,95,24
259,87,24
262,250,24
271,82,24
277,35,24
284,175,24
292,304,24
303,88,24
303,304,24
304,292,24
304,303,24
8,69,25
16,205,25
34,250,25
34,262,25
40,216,25
40,303,25
69,8,25
88,292,25
95,191,25
103,271,25
106,297,25
140,253,25
169,285,25
191,95,25
216,40,25
216,303,25
235,246,25
245,295,25
246,235,25
250,34,25
250,262,25
252,243,25
253,140,25
259,77,25
262,34,25
262,250,25
271,103,25
285,169,25
290,20,25
290,97,25
292,88,25
292,304,25
295,245,25
297,106,25
303,40,25
303,216,25
304,292,25
6,46,26
24,209,26
31,55,26
34,250,26
40,156,26
40,216,26
40,303,26
46,6,26
53,161,26
55,31,26
75,226,26
78,197,26
80,237,26
88,216,26
88,303,26
88,304,26
92,135,26
95,251,26
129,133,26
133,129,26
133,165,26
135,92,26
143,248,26
144,249,26
149,285,26
156,40,26
156,303,26
161,53,26
177,203,26
197,78,26
197,241,26
203,177,26
203,245,26
209,24,26
216,40,26
216,88,26
216,303,26
216,304,26
226,75,26
237,80,26
245,203,26
248,143,26
249,144,26
250,34,26
250,263,26
255,67,26
259,87,26
263,250,26
285,149,26
285,169,26
303,40,26
303,88,26
303,156,26
303,216,26
304,88,26
304,216,26
17,265,27
34,263,27
40,207,27
55,30,27
71,180,27
75,79,27
79,75,27
88,303,27
125,217,27
133,129,27
135,201,27
149,169,27
149,285,27
169,149,27
180,71,27
193,194,27
194,193,27
201,135,27
207,40,27
216,303,27
217,125,27
250,34,27
250,263,27
252,231,27
252,243,27
263,34,27
263,250,27
265,17,27
285,149,27
303,88,27
303,216,27
2,229,28
7,288,28
37,166,28
40,216,28
40,303,28
72,79,28
79,72,28
81,192,28
84,304,28
88,207,28
88,292,28
90,162,28
111,132,28
131,221,28
132,111,28
133,165,28
135,92,28
135,201,28
138,152,28
142,190,28
152,138,28
157,222,28
162,90,28
166,37,28
169,178,28
178,169,28
180,62,28
190,142,28
192,81,28
203,177,28
207,88,28
207,216,28
216,40,28
216,207,28
216,303,28
222,157,28
229,2,28
250,262,28
252,231,28
252,243,28
263,34,28
288,7,28
292,88,28
303,40,28
303,156,28
303,216,28
304,84,28
29,225,29
40,156,29
72,75,29
75,72,29
82,103,29
88,207,29
90,18,29
92,201,29
103,82,29
126,154,29
154,126,29
156,40,29
156,207,29
167,228,29
175,282,29
178,285,29
201,92,29
207,88,29
207,156,29
216,292,29
225,29,29
228,167,29
252,231,29
252,243,29
264,270,29
270,264,29
285,178,29
292,216,29
14,94,30
20,97,30
40,88,30
40,156,30
40,207,30
82,257,30
88,40,30
88,207,30
94,14,30
97,20,30
99,247,30
113,295,30
115,158,30
133,129,30
149,178,30
156,40,30
156,303,30
158,115,30
178,149,30
178,169,30
178,285,30
180,71,30
207,40,30
207,88,30
247,99,30
252,231,30
257,82,30
295,113,30
303,156,30
8,234,31
20,290,31
40,303,31
49,130,31
65,261,31
84,216,31
86,236,31
88,303,31
90,162,31
112,225,31
130,49,31
178,169,31
184,226,31
191,117,31
207,40,31
207,88,31
216,84,31
225,112,31
226,184,31
231,243,31
234,8,31
236,86,31
243,231,31
243,252,31
252,243,31
261,65,31
284,305,31
290,20,31
303,40,31
303,88,31
4,279,32
8,69,32
8,234,32
40,156,32
40,303,32
54,231,32
72,100,32
90,18,32
90,162,32
104,176,32
106,267,32
156,40,32
156,303,32
165,294,32
176,104,32
177,245,32
178,149,32
216,292,32
231,54,32
245,177,32
267,106,32
279,4,32
294,165,32
303,40,32
303,156,32
18,162,33
30,31,33
31,30,33
40,88,33
41,140,33
47,68,33
57,73,33
66,300,33
68,47,33
69,234,33
73,57,33
88,40,33
88,303,33
90,18,33
92,135,33
112,280,33
115,294,33
135,92,33
140,41,33
140,253,33
147,173,33
149,285,33
157,271,33
162,18,33
173,147,33
234,69,33
236,277,33
271,157,33
277,236,33
280,112,33
285,149,33
294,115,33
300,66,33
303,88,33
303,156,33
8,69,34
8,234,34
13,262,34
18,90,34
22,96,34
29,116,34
31,105,34
44,272,34
61,104,34
64,19,34
69,8,34
69,234,34
92,201,34
96,22,34
104,61,34
105,31,34
116,29,34
138,278,34
148,223,34
156,174,34
174,156,34
176,245,34
216,84,34
223,148,34
231,243,34
233,262,34
234,8,34
234,69,34
243,231,34
245,176,34
262,13,34
262,233,34
272,44,34
278,138,34
283,284,34
284,283,34
303,88,34
8,69,35
10,261,35
31,296,35
37,266,35
69,8,35
69,234,35
92,135,35
105,296,35
140,41,35
157,222,35
170,226,35
191,251,35
213,74,35
226,170,35
226,184,35
251,191,35
255,102,35
261,10,35
266,37,35
283,305,35
296,31,35
296,105,35
300,141,35
305,283,35
6,95,36
8,234,36
20,97,36
30,298,36
37,166,36
41,253,36
95,6,36
101,269,36
103,257,36
120,149,36
138,152,36
140,253,36
149,120,36
195,285,36
212,214,36
214,212,36
226,170,36
233,295,36
234,8,36
234,69,36
253,41,36
253,140,36
257,103,36
269,101,36
271,286,36
283,284,36
285,195,36
286,271,36
295,233,36
298,30,36
35,76,37
35,236,37
42,221,37
63,189,37
68,127,37
76,35,37
84,292,37
92,201,37
127,68,37
128,239,37
131,160,37
157,271,37
157,286,37
160,131,37
189,63,37
191,117,37
221,42,37
234,8,37
236,35,37
239,128,37
271,157,37
271,281,37
271,286,37
281,271,37
286,157,37
286,271,37
292,84,37
26,205,38
35,76,38
61,130,38
71,123,38
82,103,38
90,134,38
103,82,38
105,298,38
113,245,38
123,71,38
130,61,38
134,90,38
144,199,38
147,297,38
195,108,38
199,144,38
205,26,38
233,262,38
245,113,38
271,281,38
271,286,38
281,286,38
286,281,38
297,147,38
298,105,38
22,285,39
30,146,39
31,105,39
37,266,39
38,223,39
40,303,39
45,61,39
53,246,39
61,45,39
69,306,39
105,31,39
105,298,39
118,230,39
129,188,39
131,204,39
143,253,39
144,150,39
146,30,39
150,144,39
178,169,39
188,129,39
203,233,39
204,131,39
214,237,39
223,38,39
223,148,39
229,292,39
230,118,39
233,203,39
237,214,39
246,53,39
248,301,39
253,143,39
255,67,39
271,281,39
281,271,39
285,22,39
292,229,39
296,298,39
298,296,39
301,248,39
303,40,39
306,69,39
7,263,40
31,298,40
66,141,40
66,300,40
68,47,40
74,288,40
83,222,40
105,31,40
105,298,40
117,251,40
136,140,40
140,136,40
141,66,40
147,173,40
173,297,40
185,291,40
191,251,40
205,275,40
213,107,40
218,247,40
222,83,40
223,38,40
223,148,40
245,176,40
247,218,40
251,117,40
251,191,40
255,102,40
263,7,40
263,34,40
275,205,40
288,74,40
291,185,40
297,173,40
298,31,40
298,105,40
300,66,40
3,5,41
5,3,41
12,169,41
22,195,41
22,285,41
25,60,41
31,105,41
38,148,41
38,223,41
41,102,41
56,202,41
60,25,41
66,141,41
102,41,41
105,31,41
114,115,41
115,114,41
117,191,41
128,232,41
147,297,41
148,38,41
169,12,41
173,147,41
173,297,41
178,279,41
191,117,41
195,22,41
197,78,41
202,56,41
216,229,41
223,38,41
229,216,41
232,128,41
255,67,41
279,178,41
286,157,41
297,147,41
297,173,41
3,15,42
5,15,42
15,3,42
15,5,42
17,281,42
35,236,42
38,148,42
43,204,42
58,171,42
67,102,42
79,100,42
88,156,42
100,79,42
102,67,42
117,251,42
133,165,42
147,173,42
156,88,42
161,246,42
165,133,42
171,58,42
173,147,42
195,108,42
204,43,42
205,16,42
205,275,42
216,292,42
229,292,42
231,54,42
245,295,42
246,161,42
250,263,42
251,117,42
263,250,42
281,17,42
292,216,42
292,229,42
295,245,42
298,296,42
3,5,43
5,3,43
21,235,43
22,96,43
31,258,43
35,76,43
45,104,43
49,61,43
61,49,43
68,127,43
102,41,43
104,45,43
121,282,43
138,195,43
147,297,43
156,303,43
169,178,43
178,169,43
178,279,43
195,138,43
217,124,43
234,306,43
235,21,43
258,31,43
261,65,43
282,121,43
297,147,43
303,156,43
306,234,43
13,27,44
16,75,44
23,220,44
27,13,44
30,31,44
31,30,44
38,291,44
43,160,44
43,204,44
75,16,44
81,215,44
88,303,44
105,258,44
108,285,44
109,152,44
113,295,44
115,294,44
140,253,44
141,300,44
152,109,44
160,43,44
215,81,44
253,140,44
258,105,44
263,34,44
285,108,44
289,299,44
291,38,44
295,113,44
299,289,44
300,141,44
303,88,44
303,156,44
24,236,45
25,226,45
37,166,45
43,160,45
55,296,45
59,137,45
92,135,45
102,143,45
103,257,45
137,59,45
143,102,45
147,173,45
174,229,45
188,294,45
191,251,45
222,223,45
223,222,45
226,25,45
229,174,45
236,24,45
251,191,45
291,185,45
292,216,45
294,188,45
296,55,45
296,298,45
303,88,45
303,156,45
5,15,46
25,60,46
29,259,46
43,204,46
54,252,46
60,226,46
67,255,46
196,307,46
197,241,46
222,83,46
226,60,46
226,170,46
231,252,46
252,54,46
252,231,46
259,29,46
259,77,46
287,304,46
294,115,46
303,88,46
304,287,46
307,196,46
17,157,47
28,189,47
29,116,47
30,105,47
40,88,47
50,169,47
67,143,47
67,255,47
76,236,47
88,40,47
94,114,47
105,30,47
113,245,47
114,94,47
116,280,47
143,67,47
143,255,47
148,291,47
157,17,47
168,240,47
169,50,47
177,273,47
189,28,47
226,60,47
236,76,47
240,168,47
245,113,47
255,143,47
273,177,47
280,116,47
291,148,47
296,55,47
303,156,47
6,46,48
26,60,48
26,226,48
30,31,48
40,85,48
60,25,48
60,26,48
63,69,48
69,63,48
82,286,48
85,40,48
96,285,48
98,293,48
99,302,48
102,140,48
109,274,48
115,188,48
139,261,48
140,102,48
140,253,48
144,199,48
163,272,48
188,115,48
200,250,48
226,26,48
236,24,48
247,302,48
250,200,48
252,54,48
261,139,48
268,273,48
272,163,48
273,268,48
274,109,48
285,96,48
286,82,48
293,98,48
296,298,48
302,99,48
302,247,48
16,205,49
17,271,49
25,170,49
30,105,49
38,185,49
45,176,49
52,123,49
67,143,49
88,142,49
96,22,49
115,294,49
118,213,49
123,52,49
129,165,49
142,88,49
143,67,49
143,255,49
165,129,49
169,178,49
170,25,49
174,303,49
176,45,49
178,169,49
180,62,49
185,38,49
205,16,49
213,118,49
239,283,49
252,231,49
271,17,49
283,239,49
283,284,49
296,55,49
303,174,49
32,229,50
33,269,50
38,148,50
40,142,50
41,253,50
56,210,50
82,157,50
82,286,50
88,207,50
89,292,50
95,144,50
109,152,50
112,244,50
116,259,50
129,195,50
142,40,50
144,95,50
148,38,50
148,185,50
157,82,50
177,268,50
185,148,50
195,129,50
201,224,50
210,56,50
224,201,50
229,32,50
244,112,50
253,41,50
259,116,50
268,177,50
269,33,50
292,89,50
292,216,50
18,248,51
23,178,51
40,85,51
40,142,51
43,160,51
76,35,51
82,157,51
85,142,51
91,183,51
115,188,51
128,190,51
138,274,51
142,85,51
148,291,51
178,23,51
183,91,51
185,1,51
190,128,51
190,232,51
205,275,51
232,190,51
248,18,51
258,298,51
274,138,51
298,258,51
50,279,52
67,255,52
78,181,52
116,29,52
128,232,52
142,40,52
175,239,52
181,78,52
190,128,52
190,232,52
225,289,52
229,303,52
232,128,52
232,190,52
239,175,52
239,284,52
255,67,52
279,50,52
284,239,52
289,225,52
292,89,52
302,99,52
303,229,52
8,211,53
10,224,53
12,178,53
31,105,53
32,303,53
37,266,53
41,136,53
44,49,53
47,135,53
49,44,53
70,193,53
86,249,53
105,31,53
105,296,53
107,118,53
118,107,53
118,213,53
128,190,53
128,232,53
135,47,53
136,41,53
148,38,53
178,12,53
190,128,53
193,70,53
211,8,53
224,10,53
229,32,53
232,128,53
249,86,53
250,263,53
263,250,53
296,105,53
303,32,53
17,223,54
26,60,54
30,31,54
31,30,54
31,296,54
32,229,54
32,303,54
47,106,54
48,87,54
56,202,54
87,48,54
106,47,54
129,285,54
170,251,54
223,17,54
245,295,54
251,170,54
285,129,54
295,245,54
296,31,54
296,105,54
31,30,55
32,229,55
32,303,55
40,128,55
45,104,55
49,61,55
53,166,55
80,158,55
88,232,55
128,40,55
144,199,55
158,80,55
166,53,55
175,305,55
229,303,55
232,88,55
303,229,55
305,175,55
22,129,56
34,74,56
38,291,56
42,131,56
44,132,56
47,135,56
67,140,56
74,34,56
89,216,56
91,219,56
107,119,56
119,107,56
128,232,56
129,22,56
131,42,56
132,44,56
134,200,56
140,67,56
167,222,56
176,295,56
200,134,56
209,236,56
216,89,56
219,91,56
222,167,56
232,128,56
236,209,56
261,65,56
261,139,56
279,4,56
291,38,56
295,176,56
5,3,57
16,75,57
22,108,57
24,249,57
44,49,57
49,44,57
54,231,57
63,234,57
65,226,57
65,261,57
66,182,57
81,208,57
88,207,57
95,199,57
108,22,57
138,195,57
139,226,57
139,261,57
140,255,57
182,66,57
195,138,57
199,95,57
202,210,57
208,81,57
210,202,57
219,267,57
226,65,57
226,139,57
231,54,57
231,252,57
234,63,57
249,24,57
255,140,57
256,262,57
261,65,57
261,139,57
262,256,57
267,219,57
271,281,57
281,271,57
303,174,57
10,183,58
18,162,58
22,129,58
32,229,58
47,106,58
49,132,58
54,252,58
65,139,58
65,226,58
71,187,58
73,282,58
88,232,58
96,147,58
102,255,58
126,293,58
132,49,58
139,65,58
147,96,58
161,212,58
174,292,58
174,303,58
183,10,58
187,71,58
188,294,58
211,306,58
212,161,58
222,228,58
226,65,58
228,222,58
229,32,58
231,54,58
232,88,58
251,191,58
252,54,58
255,102,58
258,296,58
282,73,58
292,174,58
293,126,58
294,188,58
295,245,58
296,258,58
306,211,58
1,221,59
7,256,59
15,52,59
41,253,59
52,15,59
53,235,59
54,231,59
54,252,59
55,105,59
60,251,59
64,238,59
65,139,59
65,261,59
74,288,59
82,223,59
84,207,59
92,224,59
105,55,59
108,129,59
118,119,59
119,118,59
125,214,59
129,108,59
157,223,59
170,191,59
170,251,59
174,292,59
174,303,59
191,170,59
191,251,59
207,84,59
211,8,59
214,125,59
221,1,59
223,82,59
223,157,59
224,92,59
235,53,59
235,246,59
238,64,59
246,235,59
251,60,59
251,170,59
251,191,59
256,7,59
261,65,59
292,303,59
295,176,59
295,245,59
303,292,59
3,123,60
12,23,60
23,12,60
38,257,60
41,140,60
41,253,60
53,246,60
54,231,60
83,257,60
89,292,60
102,140,60
111,272,60
123,3,60
134,250,60
140,41,60
140,102,60
140,253,60
150,179,60
156,229,60
174,292,60
174,303,60
179,150,60
207,232,60
222,167,60
229,156,60
230,263,60
232,207,60
246,53,60
246,235,60
249,86,60
250,134,60
251,60,60
251,170,60
253,140,60
257,38,60
257,83,60
263,230,60
269,101,60
272,111,60
292,89,60
292,174,60
295,176,60
295,245,60
303,174,60
10,219,61
12,169,61
26,251,61
38,291,61
45,61,61
61,45,61
68,135,61
80,227,61
84,232,61
113,262,61
130,132,61
132,130,61
135,68,61
140,67,61
140,253,61
169,12,61
178,285,61
217,254,61
219,10,61
219,267,61
227,80,61
232,84,61
232,207,61
249,24,61
251,26,61
251,60,61
253,41,61
253,140,61
254,217,61
262,113,61
274,278,61
278,274,61
285,178,61
292,89,61
295,176,61
295,245,61
6,199,62
10,267,62
12,23,62
14,294,62
21,264,62
22,274,62
23,169,62
27,262,62
40,88,62
45,104,62
56,210,62
83,148,62
83,257,62
88,40,62
129,22,62
131,204,62
140,67,62
140,102,62
148,83,62
150,277,62
156,304,62
169,23,62
179,277,62
199,6,62
204,131,62
210,56,62
219,10,62
219,267,62
223,82,62
226,261,62
229,32,62
229,304,62
251,26,62
253,41,62
261,226,62
262,27,62
264,21,62
267,10,62
267,219,62
274,22,62
274,278,62
277,150,62
277,179,62
294,14,62
294,188,62
295,176,62
304,156,62
304,229,62
10,219,63
12,169,63
25,251,63
27,113,63
27,262,63
45,61,63
63,69,63
65,226,63
65,261,63
80,158,63
82,157,63
83,148,63
84,207,63
92,201,63
93,137,63
110,239,63
113,27,63
113,262,63
129,274,63
129,278,63
132,49,63
137,93,63
157,82,63
157,223,63
169,12,63
169,23,63
201,92,63
207,84,63
219,10,63
219,267,63
223,157,63
226,65,63
226,261,63
231,252,63
239,110,63
251,25,63
252,231,63
257,291,63
258,298,63
261,65,63
261,226,63
262,113,63
274,129,63
274,278,63
278,129,63
278,274,63
291,257,63
304,287,63
1,185,64
26,191,64
27,113,64
27,262,64
31,146,64
38,257,64
38,291,64
51,219,64
61,104,64
65,226,64
104,61,64
113,27,64
121,286,64
126,151,64
127,276,64
129,274,64
137,59,64
137,93,64
143,305,64
146,31,64
151,126,64
169,285,64
180,273,64
181,289,64
191,26,64
219,10,64
219,51,64
219,267,64
226,65,64
226,261,64
257,38,64
257,291,64
262,27,64
273,180,64
274,129,64
276,127,64
285,169,64
285,178,64
286,121,64
289,181,64
291,38,64
291,257,64
294,14,64
304,156,64
304,229,64
305,143,64
10,267,65
17,148,65
41,140,65
48,116,65
51,201,65
53,235,65
61,45,65
85,156,65
88,128,65
113,262,65
116,48,65
124,208,65
128,88,65
136,225,65
137,59,65
140,41,65
148,17,65
156,85,65
169,178,65
169,285,65
178,169,65
178,285,65
185,221,65
200,250,65
201,51,65
208,124,65
211,306,65
214,307,65
221,185,65
225,136,65
229,32,65
229,304,65
235,53,65
235,246,65
250,200,65
260,266,65
262,113,65
266,260,65
267,10,65
267,219,65
285,169,65
285,178,65
291,38,65
307,214,65
26,170,66
32,304,66
45,104,66
51,267,66
67,102,66
92,106,66
92,224,66
102,67,66
104,45,66
106,92,66
110,284,66
115,158,66
125,237,66
139,226,66
148,257,66
158,115,66
170,26,66
201,267,66
226,139,66
233,256,66
235,53,66
237,125,66
251,275,66
256,233,66
257,148,66
262,27,66
267,51,66
267,201,66
274,278,66
275,251,66
284,110,66
304,32,66
304,229,66
14,188,67
32,229,67
41,102,67
42,160,67
49,187,67
64,19,67
67,255,67
102,41,67
132,130,67
160,42,67
169,23,67
187,49,67
188,14,67
203,245,67
229,32,67
229,304,67
245,203,67
255,67,67
257,291,67
258,296,67
274,129,67
291,257,67
304,287,67
12,285,68
27,113,68
27,262,68
51,201,68
73,57,68
76,249,68
85,304,68
86,95,68
95,86,68
113,27,68
131,164,68
134,269,68
137,93,68
143,175,68
164,131,68
175,143,68
201,51,68
208,81,68
229,32,68
249,76,68
257,148,68
269,134,68
285,12,68
291,38,68
304,85,68
10,219,69
12,23,69
23,12,69
23,178,69
27,113,69
27,262,69
32,304,69
51,267,69
104,130,69
113,262,69
124,217,69
130,104,69
142,163,69
144,277,69
163,142,69
178,23,69
217,124,69
219,10,69
229,304,69
234,306,69
251,60,69
262,113,69
267,51,69
277,144,69
304,32,69
304,229,69
306,234,69
10,267,70
13,262,70
27,113,70
33,250,70
51,201,70
99,228,70
107,118,70
112,299,70
113,27,70
113,262,70
114,115,70
115,114,70
118,107,70
130,132,70
142,272,70
169,220,70
184,205,70
203,233,70
203,245,70
205,184,70
220,169,70
228,99,70
232,292,70
233,203,70
233,245,70
245,233,70
249,24,70
250,33,70
262,13,70
262,113,70
267,10,70
272,142,70
292,232,70
299,112,70
13,113,71
13,262,71
21,235,71
29,186,71
58,59,71
59,58,71
66,293,71
76,35,71
103,121,71
103,286,71
113,13,71
113,27,71
121,103,71
121,286,71
129,147,71
131,221,71
142,163,71
142,272,71
147,129,71
177,233,71
177,245,71
185,1,71
186,29,71
203,233,71
207,232,71
221,131,71
221,291,71
229,287,71
231,285,71
232,207,71
232,292,71
233,177,71
233,203,71
233,245,71
235,21,71
245,177,71
245,233,71
262,13,71
285,231,71
286,103,71
286,121,71
287,229,71
291,221,71
293,66,71
304,32,71
13,27,72
22,165,72
27,13,72
34,230,72
37,260,72
41,140,72
70,72,72
72,70,72
85,156,72
85,303,72
98,259,72
107,119,72
110,196,72
119,107,72
158,227,72
165,22,72
177,203,72
191,261,72
196,110,72
203,177,72
221,131,72
221,291,72
227,158,72
230,34,72
235,264,72
259,98,72
260,37,72
261,191,72
264,235,72
303,85,72
1,291,73
21,264,73
27,113,73
37,266,73
67,102,73
70,91,73
85,156,73
91,70,73
102,67,73
103,121,73
121,103,73
163,272,73
169,178,73
175,305,73
178,169,73
239,284,73
264,21,73
264,235,73
266,37,73
272,163,73
284,239,73
291,1,73
291,221,73
305,175,73
1,185,74
9,111,74
12,220,74
20,30,74
22,108,74
30,20,74
37,260,74
37,266,74
67,253,74
70,72,74
80,254,74
108,22,74
108,278,74
111,9,74
156,303,74
220,12,74
221,131,74
221,291,74
230,288,74
253,67,74
254,80,74
278,108,74
287,304,74
288,230,74
303,156,74
304,287,74
7,74,75
32,156,75
32,303,75
53,246,75
65,139,75
65,226,75
74,7,75
74,288,75
84,292,75
103,286,75
131,164,75
138,152,75
138,165,75
138,195,75
139,65,75
139,226,75
148,83,75
148,257,75
152,138,75
152,165,75
156,32,75
156,287,75
156,303,75
156,304,75
158,212,75
165,138,75
165,152,75
188,231,75
190,242,75
212,158,75
226,65,75
226,139,75
230,34,75
231,188,75
242,190,75
246,53,75
286,103,75
287,156,75
287,304,75
288,74,75
292,84,75
292,232,75
303,32,75
303,156,75
303,304,75
304,156,75
304,287,75
304,303,75
3,15,76
15,3,76
32,156,76
60,65,76
60,139,76
60,226,76
65,60,76
66,154,76
78,289,76
83,257,76
84,232,76
84,292,76
85,111,76
102,140,76
104,132,76
111,85,76
130,104,76
130,132,76
132,104,76
132,130,76
139,60,76
139,226,76
140,102,76
149,173,76
152,195,76
154,66,76
156,32,76
167,228,76
170,191,76
173,149,76
183,219,76
191,170,76
195,152,76
219,183,76
226,60,76
226,139,76
228,167,76
232,84,76
232,292,76
257,83,76
289,78,76
292,84,76
292,232,76
303,174,76
304,287,76
1,221,77
14,94,77
27,13,77
32,303,77
32,304,77
41,253,77
82,271,77
94,14,77
96,278,77
108,22,77
115,212,77
115,254,77
132,104,77
132,130,77
138,152,77
138,195,77
143,305,77
152,138,77
152,195,77
155,223,77
156,174,77
156,303,77
156,304,77
158,227,77
174,156,77
174,304,77
191,261,77
195,138,77
195,152,77
203,233,77
212,115,77
218,234,77
221,1,77
221,291,77
223,155,77
233,203,77
234,218,77
253,41,77
254,115,77
271,82,77
278,96,77
284,301,77
301,284,77
303,32,77
303,156,77
304,32,77
304,156,77
304,174,77
305,143,77
12,285,78
32,174,78
32,303,78
32,304,78
38,222,78
40,190,78
60,139,78
65,226,78
83,223,78
115,114,78
115,254,78
120,173,78
132,104,78
139,60,78
139,226,78
143,175,78
143,305,78
156,303,78
167,302,78
170,26,78
173,120,78
174,32,78
174,303,78
174,304,78
175,143,78
178,23,78
181,281,78
185,221,78
187,71,78
190,40,78
192,195,78
195,138,78
195,192,78
212,254,78
221,185,78
222,38,78
223,83,78
226,65,78
226,139,78
233,262,78
254,212,78
262,233,78
281,181,78
285,12,78
302,167,78
303,32,78
303,156,78
303,174,78
304,32,78
304,174,78
14,231,79
20,55,79
32,156,79
47,68,79
55,20,79
66,151,79
67,136,79
68,47,79
77,280,79
84,89,79
89,84,79
103,247,79
115,114,79
120,149,79
132,130,79
136,67,79
138,192,79
138,195,79
143,175,79
143,305,79
149,120,79
151,66,79
156,32,79
174,303,79
192,138,79
192,195,79
195,138,79
195,192,79
207,292,79
208,215,79
215,208,79
221,1,79
223,257,79
231,14,79
233,203,79
234,306,79
247,103,79
257,223,79
258,298,79
280,77,79
292,207,79
293,300,79
300,293,79
6,144,80
6,199,80
9,229,80
12,188,80
23,294,80
32,207,80
32,292,80
84,198,80
107,213,80
125,214,80
143,175,80
143,305,80
144,6,80
156,207,80
156,232,80
188,12,80
198,84,80
207,32,80
207,156,80
207,232,80
213,107,80
214,125,80
220,294,80
228,302,80
229,9,80
232,156,80
232,207,80
234,218,80
245,256,80
254,80,80
256,245,80
257,148,80
260,266,80
266,260,80
292,32,80
294,23,80
294,220,80
302,228,80
304,287,80
9,85,81
16,205,81
32,156,81
32,207,81
42,185,81
52,180,81
80,115,81
80,254,81
85,9,81
115,80,81
115,114,81
115,254,81
141,293,81
143,175,81
143,305,81
144,199,81
148,223,81
156,32,81
156,207,81
164,185,81
175,305,81
177,256,81
180,52,81
185,42,81
185,164,81
199,144,81
201,267,81
205,16,81
207,32,81
207,156,81
223,148,81
223,257,81
229,287,81
234,306,81
254,115,81
256,177,81
257,223,81
267,201,81
277,150,81
287,229,81
287,304,81
293,141,81
305,175,81
9,229,82
17,121,82
22,165,82
27,262,82
32,232,82
65,139,82
78,202,82
85,229,82
89,198,82
111,272,82
115,114,82
115,254,82
121,17,82
133,188,82
139,65,82
143,175,82
148,257,82
160,204,82
165,22,82
175,143,82
175,305,82
185,42,82
185,164,82
188,133,82
198,89,82
199,6,82
199,144,82
201,51,82
202,78,82
204,160,82
207,32,82
207,156,82
220,285,82
220,294,82
223,148,82
223,257,82
229,9,82
229,85,82
232,32,82
244,299,82
248,283,82
254,212,82
257,148,82
257,223,82
262,27,82
272,111,82
283,248,82
285,220,82
299,244,82
9,85,83
9,287,83
26,261,83
27,13,83
27,262,83
29,48,83
32,207,83
42,164,83
42,185,83
48,29,83
51,267,83
84,89,83
85,9,83
85,229,83
85,287,83
89,84,83
115,114,83
118,119,83
119,118,83
136,253,83
164,42,83
164,185,83
185,42,83
185,164,83
199,6,83
201,267,83
207,32,83
253,136,83
261,26,83
267,51,83
267,201,83
287,9,83
287,85,83
1,291,84
6,144,84
6,199,84
10,201,84
17,286,84
26,170,84
26,261,84
27,13,84
33,200,84
51,219,84
51,267,84
85,229,84
85,287,84
85,304,84
97,290,84
98,263,84
99,157,84
144,6,84
156,292,84
157,99,84
169,279,84
175,143,84
185,42,84
185,164,84
200,33,84
201,10,84
219,51,84
223,155,84
229,287,84
233,245,84
233,256,84
245,233,84
256,233,84
263,98,84
267,51,84
279,169,84
286,17,84
287,229,84
290,97,84
291,1,84
292,156,84
294,23,84
304,85,84
6,144,85
12,133,85
16,79,85
16,205,85
26,170,85
32,232,85
48,116,85
51,219,85
51,267,85
58,93,85
60,226,85
64,176,85
79,16,85
85,229,85
85,287,85
85,304,85
91,183,85
93,58,85
105,258,85
133,12,85
138,152,85
152,138,85
154,182,85
176,64,85
182,154,85
183,91,85
185,42,85
192,217,85
196,255,85
217,192,85
219,267,85
226,60,85
229,85,85
229,287,85
229,304,85
255,196,85
257,148,85
258,105,85
267,219,85
272,303,85
287,85,85
287,229,85
303,272,85
304,229,85
4,169,86
9,229,86
16,79,86
16,205,86
24,179,86
26,261,86
31,97,86
32,207,86
44,61,86
51,219,86
51,267,86
61,44,86
67,253,86
79,205,86
85,229,86
97,31,86
110,255,86
125,237,86
133,285,86
140,253,86
149,298,86
156,190,86
162,301,86
164,131,86
169,4,86
169,279,86
175,305,86
179,24,86
190,156,86
198,216,86
205,79,86
216,198,86
219,51,86
219,267,86
229,9,86
229,85,86
233,245,86
245,256,86
253,67,86
253,140,86
255,110,86
256,245,86
267,51,86
267,219,86
285,133,86
298,149,86
301,162,86
1,221,87
9,163,87
16,79,87
29,116,87
48,29,87
51,219,87
51,267,87
58,59,87
67,140,87
67,253,87
68,129,87
79,16,87
82,121,87
85,287,87
108,165,87
110,196,87
110,255,87
116,29,87
121,82,87
129,68,87
140,67,87
140,253,87
163,9,87
165,108,87
170,261,87
180,62,87
191,226,87
196,110,87
196,255,87
219,51,87
219,267,87
223,257,87
226,191,87
229,304,87
245,233,87
251,275,87
253,67,87
253,140,87
255,196,87
257,223,87
261,170,87
267,51,87
267,219,87
287,85,87
4,279,88
8,302,88
23,178,88
25,117,88
29,48,88
30,55,88
35,179,88
40,128,88
55,30,88
56,271,88
73,103,88
82,271,88
85,229,88
87,90,88
89,216,88
90,87,88
103,73,88
110,196,88
114,254,88
117,25,88
128,40,88
133,12,88
141,300,88
156,292,88
179,35,88
188,285,88
196,110,88
202,289,88
216,89,88
229,85,88
245,256,88
253,67,88
254,114,88
261,26,88
267,51,88
271,56,88
271,82,88
279,4,88
285,188,88
289,202,88
300,141,88
302,8,88
7,177,89
16,205,89
32,232,89
85,304,89
103,210,89
106,129,89
129,106,89
174,304,89
177,7,89
183,219,89
205,16,89
210,103,89
216,198,89
219,183,89
233,203,89
257,148,89
271,56,89
272,111,89
304,85,89
304,174,89
12,14,90
13,295,90
14,12,90
17,121,90
27,295,90
28,57,90
46,251,90
57,28,90
65,226,90
68,47,90
68,129,90
99,189,90
104,176,90
105,149,90
121,17,90
129,68,90
149,105,90
156,303,90
163,272,90
176,104,90
189,99,90
226,65,90
229,287,90
251,46,90
261,170,90
272,163,90
287,229,90
295,13,90
295,27,90
303,156,90
13,27,91
13,295,91
27,13,91
27,295,91
65,191,91
65,226,91
68,47,91
69,234,91
73,210,91
74,213,91
80,192,91
138,147,91
147,138,91
183,91,91
183,219,91
191,65,91
191,226,91
192,80,91
196,239,91
207,292,91
210,73,91
213,74,91
223,155,91
226,191,91
227,237,91
234,69,91
237,227,91
239,196,91
253,140,91
272,111,91
292,207,91
295,13,91
295,27,91
6,199,92
23,188,92
26,170,92
26,261,92
48,151,92
49,71,92
57,189,92
60,65,92
65,60,92
65,191,92
66,259,92
71,49,92
91,219,92
94,161,92
115,217,92
121,247,92
143,305,92
151,48,92
158,237,92
161,94,92
163,9,92
164,221,92
170,26,92
170,261,92
183,224,92
188,23,92
189,57,92
191,65,92
191,226,92
191,261,92
210,103,92
217,115,92
219,91,92
221,164,92
224,183,92
237,158,92
247,121,92
259,66,92
261,26,92
261,170,92
261,191,92
292,303,92
303,292,92
305,143,92
4,258,93
6,144,93
20,290,93
24,76,93
27,64,93
47,129,93
52,62,93
52,180,93
55,97,93
58,93,93
61,176,93
62,52,93
62,180,93
64,27,93
65,60,93
73,103,93
73,210,93
76,24,93
97,55,93
99,157,93
103,73,93
105,298,93
111,304,93
121,17,93
128,292,93
128,303,93
129,47,93
152,195,93
176,61,93
180,52,93
180,62,93
190,303,93
191,226,93
195,152,93
196,110,93
203,268,93
210,73,93
258,4,93
261,26,93
261,170,93
264,266,93
266,264,93
268,203,93
290,20,93
292,128,93
292,303,93
298,105,93
303,128,93
303,190,93
303,292,93
304,111,93
10,51,94
43,168,94
51,10,94
52,62,94
52,180,94
57,99,94
62,52,94
91,129,94
99,57,94
103,210,94
107,119,94
115,192,94
119,107,94
120,298,94
128,292,94
129,91,94
133,285,94
167,222,94
168,43,94
170,226,94
170,261,94
176,104,94
180,52,94
192,115,94
210,103,94
222,167,94
226,170,94
226,191,94
226,261,94
231,254,94
254,231,94
261,226,94
285,133,94
292,128,94
298,120,94
303,190,94
9,85,95
9,272,95
23,294,95
28,189,95
29,151,95
47,183,95
52,62,95
52,180,95
68,129,95
73,103,95
73,210,95
76,179,95
78,289,95
83,148,95
85,9,95
85,272,95
99,157,95
103,73,95
103,210,95
129,47,95
129,68,95
148,83,95
148,257,95
151,29,95
151,48,95
154,259,95
162,284,95
179,76,95
183,47,95
189,28,95
191,261,95
210,73,95
210,103,95
226,191,95
226,261,95
259,154,95
261,170,95
261,191,95
261,226,95
272,9,95
272,85,95
284,162,95
289,78,95
298,105,95
1,291,96
9,85,96
9,272,96
13,176,96
17,82,96
17,271,96
23,188,96
48,186,96
52,62,96
55,30,96
67,255,96
71,130,96
76,24,96
82,17,96
82,271,96
83,257,96
85,9,96
85,272,96
99,57,96
130,71,96
138,152,96
147,152,96
148,83,96
148,257,96
151,29,96
152,138,96
152,147,96
160,206,96
170,191,96
176,13,96
186,48,96
191,170,96
191,261,96
206,160,96
237,227,96
255,67,96
257,83,96
257,148,96
261,191,96
261,226,96
271,17,96
271,82,96
272,9,96
272,85,96
9,85,97
23,294,97
60,261,97
61,104,97
80,124,97
85,9,97
85,163,97
86,277,97
94,212,97
102,305,97
104,61,97
112,244,97
114,212,97
123,209,97
124,80,97
129,183,97
156,232,97
163,85,97
183,129,97
209,123,97
212,94,97
212,114,97
232,156,97
244,112,97
254,285,97
261,60,97
266,260,97
266,264,97
271,17,97
271,82,97
277,86,97
279,169,97
285,254,97
305,102,97
26,170,98
27,176,98
49,172,98
55,290,98
91,219,98
97,290,98
110,145,98
111,156,98
138,147,98
145,110,98
147,138,98
147,152,98
156,111,98
156,232,98
164,204,98
170,26,98
172,49,98
176,27,98
191,226,98
204,164,98
212,94,98
226,191,98
250,269,98
260,264,98
260,266,98
264,260,98
264,266,98
266,260,98
266,264,98
269,250,98
271,17,98
285,133,98
290,55,98
290,97,98
4,279,99
20,97,99
21,260,99
56,121,99
61,176,99
65,261,99
68,183,99
83,148,99
83,257,99
97,20,99
104,176,99
121,56,99
128,190,99
138,195,99
143,284,99
147,138,99
147,152,99
148,83,99
164,206,99
176,61,99
176,104,99
183,68,99
190,128,99
195,138,99
203,262,99
206,164,99
209,236,99
219,267,99
233,268,99
253,136,99
257,83,99
260,21,99
261,65,99
262,203,99
267,219,99
268,233,99
279,4,99
284,143,99
290,55,99
292,303,99
303,292,99
9,232,100
42,160,100
42,164,100
52,273,100
61,104,100
61,176,100
65,226,100
91,129,100
91,219,100
91,267,100
94,158,100
94,212,100
104,61,100
104,176,100
109,198,100
113,230,100
117,199,100
126,263,100
129,91,100
138,147,100
138,152,100
147,138,100
147,195,100
148,223,100
148,257,100
152,138,100
158,94,100
160,42,100
160,164,100
160,206,100
164,42,100
164,160,100
164,206,100
169,188,100
169,279,100
175,284,100
176,61,100
176,104,100
188,169,100
190,207,100
195,147,100
198,109,100
199,117,100
206,160,100
206,164,100
207,190,100
219,91,100
219,267,100
223,148,100
226,65,100
226,191,100
226,261,100
230,113,100
232,9,100
239,283,100
253,140,100
257,148,100
261,226,100
263,126,100
267,91,100
267,219,100
273,52,100
279,169,100
283,239,100
284,175,100
