9,239,1
13,46,1
19,66,1
23,277,1
26,34,1
32,217,1
34,26,1
38,148,1
43,136,1
45,72,1
46,13,1
46,215,1
51,150,1
52,123,1
53,86,1
64,214,1
66,19,1
68,125,1
69,234,1
72,45,1
77,106,1
79,261,1
82,211,1
84,232,1
85,185,1
86,53,1
95,127,1
95,190,1
98,271,1
106,77,1
110,130,1
114,229,1
115,168,1
115,224,1
117,217,1
123,52,1
125,68,1
127,95,1
127,190,1
128,131,1
130,110,1
131,128,1
135,230,1
136,43,1
138,142,1
142,138,1
143,216,1
148,38,1
150,51,1
168,115,1
180,204,1
180,240,1
185,85,1
186,258,1
190,95,1
190,127,1
195,244,1
204,180,1
211,82,1
214,64,1
215,46,1
216,143,1
217,32,1
217,117,1
224,115,1
229,114,1
230,135,1
232,84,1
233,257,1
234,69,1
239,9,1
240,180,1
244,195,1
257,233,1
258,186,1
261,79,1
271,98,1
277,23,1
2,205,2
26,200,2
33,215,2
42,188,2
46,13,2
71,99,2
74,100,2
95,127,2
99,71,2
100,74,2
127,95,2
141,181,2
180,204,2
181,141,2
188,42,2
200,26,2
205,2,2
215,33,2
217,32,2
39,83,3
42,80,3
42,188,3
46,215,3
47,268,3
49,226,3
80,42,3
81,170,3
83,39,3
95,190,3
122,222,3
139,213,3
170,81,3
173,210,3
180,240,3
182,200,3
190,95,3
200,182,3
210,173,3
213,139,3
215,46,3
217,117,3
222,122,3
223,269,3
226,49,3
236,290,3
268,47,3
269,223,3
290,236,3
3,56,4
15,281,4
33,46,4
36,245,4
42,80,4
45,49,4
46,33,4
46,215,4
49,45,4
56,3,4
61,240,4
77,95,4
89,287,4
93,132,4
95,77,4
98,100,4
98,271,4
100,98,4
115,168,4
127,190,4
132,93,4
134,171,4
166,267,4
171,134,4
179,184,4
180,204,4
184,179,4
190,127,4
218,263,4
240,61,4
245,36,4
263,218,4
267,166,4
281,15,4
287,89,4
2,117,5
4,144,5
13,215,5
14,77,5
26,34,5
39,254,5
46,33,5
55,186,5
65,222,5
67,207,5
77,14,5
77,95,5
80,91,5
81,292,5
91,80,5
98,100,5
117,2,5
118,155,5
133,138,5
138,133,5
138,142,5
144,4,5
154,158,5
155,118,5
158,154,5
160,216,5
168,224,5
170,214,5
181,200,5
186,55,5
200,181,5
204,251,5
207,67,5
214,170,5
215,13,5
216,160,5
222,65,5
224,168,5
230,236,5
236,230,5
251,204,5
254,39,5
292,81,5
11,266,6
21,79,6
48,176,6
72,283,6
79,21,6
83,85,6
85,83,6
85,185,6
88,235,6
95,127,6
117,217,6
127,95,6
127,190,6
168,115,6
176,48,6
176,265,6
177,221,6
180,251,6
216,143,6
216,160,6
221,177,6
230,286,6
235,88,6
236,286,6
251,180,6
265,176,6
266,11,6
283,72,6
286,230,6
286,236,6
12,70,7
42,46,7
45,72,7
45,283,7
46,42,7
48,265,7
49,72,7
70,12,7
72,45,7
72,49,7
73,161,7
81,214,7
86,177,7
87,115,7
96,107,7
98,271,7
107,96,7
111,118,7
115,87,7
118,111,7
118,155,7
133,142,7
134,201,7
142,133,7
146,241,7
151,183,7
161,73,7
176,48,7
176,265,7
177,86,7
181,141,7
183,151,7
201,134,7
209,239,7
214,81,7
216,143,7
230,236,7
230,286,7
236,230,7
236,286,7
239,209,7
241,146,7
265,48,7
265,176,7
283,45,7
286,230,7
286,236,7
2,217,8
14,95,8
20,137,8
33,215,8
45,49,8
45,72,8
45,283,8
48,176,8
49,45,8
49,72,8
49,283,8
52,112,8
52,123,8
71,219,8
72,45,8
72,49,8
72,283,8
73,208,8
77,190,8
82,268,8
83,185,8
95,14,8
111,263,8
112,52,8
112,123,8
112,233,8
119,206,8
123,112,8
137,20,8
170,292,8
174,248,8
176,48,8
176,265,8
177,221,8
181,200,8
185,83,8
185,85,8
190,77,8
206,119,8
208,73,8
215,33,8
217,2,8
219,71,8
233,112,8
248,174,8
251,204,8
263,111,8
268,82,8
283,49,8
283,72,8
292,170,8
25,103,9
29,53,9
41,192,9
45,72,9
45,283,9
49,72,9
49,283,9
53,29,9
65,122,9
71,99,9
72,45,9
72,49,9
72,283,9
77,95,9
81,170,9
81,214,9
83,288,9
84,96,9
84,232,9
95,77,9
96,84,9
103,25,9
118,263,9
122,65,9
123,52,9
133,138,9
133,142,9
138,133,9
138,142,9
141,200,9
142,138,9
159,267,9
170,81,9
170,214,9
170,292,9
176,48,9
176,265,9
181,141,9
181,200,9
192,41,9
200,141,9
200,181,9
214,170,9
222,276,9
230,236,9
233,257,9
236,230,9
263,118,9
267,159,9
276,222,9
283,45,9
283,49,9
283,72,9
288,83,9
3,63,10
22,41,10
41,22,10
41,192,10
52,233,10
62,69,10
62,261,10
63,3,10
69,62,10
73,149,10
100,122,10
100,271,10
111,118,10
111,263,10
118,111,10
118,263,10
122,100,10
142,133,10
142,138,10
149,73,10
159,227,10
164,255,10
181,182,10
182,181,10
182,200,10
200,182,10
227,159,10
233,52,10
255,164,10
261,62,10
263,111,10
263,118,10
268,47,10
271,100,10
283,45,10
283,49,10
283,72,10
2,117,11
3,56,11
3,63,11
22,192,11
37,272,11
62,69,11
62,261,11
65,100,11
66,75,11
75,66,11
77,127,11
84,96,11
84,232,11
87,225,11
96,232,11
100,65,11
100,271,11
117,2,11
118,155,11
118,263,11
121,280,11
127,77,11
150,227,11
150,267,11
159,267,11
172,177,11
176,48,11
177,172,11
178,199,11
182,181,11
192,22,11
194,242,11
199,178,11
213,230,11
225,87,11
227,150,11
227,159,11
227,267,11
230,213,11
232,96,11
242,194,11
267,150,11
267,159,11
267,227,11
270,275,11
272,37,11
275,270,11
280,121,11
283,49,11
2,217,12
3,56,12
14,132,12
22,41,12
28,83,12
41,22,12
41,192,12
42,80,12
45,226,12
62,69,12
65,98,12
65,100,12
69,261,12
77,95,12
80,42,12
83,28,12
83,288,12
98,65,12
98,100,12
100,65,12
100,98,12
102,157,12
118,155,12
118,263,12
122,271,12
132,14,12
157,102,12
187,227,12
192,41,12
213,236,12
215,13,12
220,256,12
226,45,12
227,187,12
236,213,12
256,220,12
261,69,12
267,150,12
271,122,12
4,218,13
6,119,13
13,46,13
13,215,13
17,59,13
34,181,13
46,13,13
59,17,13
65,98,13
98,65,13
100,271,13
119,6,13
128,210,13
142,133,13
150,159,13
159,150,13
181,34,13
210,128,13
210,173,13
218,4,13
223,292,13
241,268,13
268,241,13
271,100,13
286,290,13
290,286,13
292,223,13
7,216,14
14,95,14
14,127,14
28,288,14
30,54,14
34,26,14
35,182,14
46,215,14
54,30,14
58,78,14
65,122,14
72,137,14
77,190,14
78,58,14
95,14,14
98,122,14
122,65,14
122,98,14
122,271,14
127,14,14
127,132,14
132,127,14
137,72,14
145,275,14
169,207,14
182,35,14
182,200,14
183,234,14
189,212,14
207,169,14
212,189,14
213,290,14
215,46,14
216,7,14
223,269,14
234,183,14
271,122,14
275,145,14
288,28,14
290,213,14
3,29,15
3,56,15
23,88,15
29,3,15
31,262,15
46,204,15
58,167,15
88,23,15
88,235,15
98,100,15
100,98,15
101,141,15
122,65,15
127,14,15
141,101,15
149,161,15
161,149,15
164,288,15
167,58,15
167,245,15
182,35,15
204,46,15
213,236,15
235,277,15
236,286,15
245,167,15
255,288,15
262,31,15
275,270,15
277,235,15
286,236,15
288,164,15
288,255,15
292,170,15
3,53,16
14,77,16
14,190,16
20,246,16
23,277,16
28,255,16
29,229,16
42,188,16
53,3,16
65,98,16
77,14,16
77,127,16
88,23,16
88,235,16
97,139,16
98,65,16
98,100,16
98,271,16
122,271,16
127,77,16
139,97,16
157,186,16
167,58,16
167,245,16
186,157,16
190,14,16
213,286,16
229,29,16
235,88,16
246,20,16
255,28,16
271,98,16
271,122,16
277,23,16
286,213,16
286,236,16
288,164,16
19,238,17
23,88,17
23,277,17
51,187,17
51,227,17
56,63,17
63,56,17
65,271,17
88,23,17
97,251,17
98,122,17
122,98,17
139,251,17
146,268,17
164,255,17
164,288,17
167,58,17
182,200,17
187,51,17
188,209,17
209,188,17
225,243,17
227,51,17
238,19,17
241,146,17
241,268,17
243,225,17
251,97,17
251,139,17
255,164,17
255,288,17
268,146,17
268,241,17
271,65,17
275,145,17
275,270,17
288,255,17
14,95,18
23,88,18
41,22,18
41,192,18
51,187,18
65,98,18
65,271,18
75,198,18
98,65,18
98,271,18
101,181,18
106,230,18
112,237,18
123,237,18
164,255,18
171,211,18
181,101,18
197,206,18
198,75,18
206,197,18
211,171,18
213,230,18
230,106,18
230,213,18
237,112,18
237,123,18
251,97,18
255,164,18
263,111,18
268,146,18
271,98,18
275,145,18
5,287,19
13,33,19
13,80,19
33,13,19
41,22,19
52,163,19
64,270,19
74,122,19
80,13,19
97,139,19
118,155,19
122,74,19
139,97,19
139,251,19
141,181,19
149,201,19
151,256,19
159,227,19
163,52,19
167,245,19
181,141,19
201,149,19
227,159,19
230,106,19
230,213,19
237,112,19
251,139,19
256,151,19
270,64,19
287,5,19
13,33,20
13,80,20
14,77,20
23,235,20
41,192,20
45,279,20
55,258,20
65,98,20
65,271,20
75,238,20
77,14,20
84,264,20
88,235,20
98,65,20
98,271,20
114,141,20
117,217,20
118,263,20
120,189,20
132,93,20
139,97,20
141,114,20
141,181,20
145,212,20
145,275,20
150,267,20
152,276,20
181,101,20
181,141,20
189,120,20
212,145,20
217,117,20
235,23,20
235,88,20
236,240,20
238,75,20
240,236,20
258,55,20
263,118,20
264,84,20
271,65,20
271,98,20
276,152,20
279,45,20
3,8,21
8,3,21
13,33,21
23,88,21
25,148,21
33,42,21
42,33,21
61,290,21
88,23,21
134,149,21
141,114,21
145,212,21
148,25,21
149,134,21
167,58,21
204,215,21
215,204,21
228,237,21
237,123,21
237,228,21
255,288,21
271,65,21
271,98,21
290,61,21
28,164,22
44,264,22
65,122,22
65,271,22
77,109,22
109,77,22
112,163,22
122,65,22
123,228,22
123,233,22
138,145,22
145,138,22
149,201,22
163,112,22
164,28,22
178,195,22
195,178,22
210,128,22
212,275,22
225,87,22
228,123,22
233,123,22
240,286,22
264,44,22
271,65,22
271,98,22
275,212,22
286,240,22
2,117,23
13,80,23
19,224,23
53,56,23
56,53,23
61,213,23
61,290,23
77,14,23
117,2,23
120,212,23
122,74,23
159,187,23
159,227,23
163,52,23
163,228,23
177,86,23
187,159,23
212,120,23
213,61,23
213,230,23
214,81,23
214,269,23
224,19,23
228,163,23
236,286,23
269,214,23
271,65,23
271,98,23
286,236,23
12,202,24
14,127,24
46,180,24
65,74,24
65,122,24
69,151,24
74,65,24
74,122,24
77,109,24
101,182,24
120,275,24
122,65,24
122,74,24
127,14,24
128,173,24
151,69,24
163,52,24
164,255,24
164,288,24
168,225,24
173,128,24
177,172,24
180,46,24
182,101,24
187,51,24
202,12,24
214,81,24
214,269,24
225,168,24
255,164,24
255,288,24
275,120,24
288,164,24
288,255,24
52,233,25
56,63,25
57,278,25
78,202,25
82,211,25
112,123,25
112,233,25
123,112,25
130,219,25
168,243,25
202,78,25
211,82,25
219,130,25
233,52,25
233,112,25
236,240,25
240,236,25
240,286,25
243,168,25
278,57,25
286,240,25
3,56,26
56,3,26
82,149,26
82,211,26
86,172,26
98,152,26
98,271,26
101,114,26
101,182,26
106,240,26
114,101,26
114,182,26
138,275,26
149,82,26
152,98,26
152,271,26
159,187,26
164,255,26
172,86,26
182,114,26
187,159,26
193,196,26
196,193,26
233,52,26
233,112,26
240,106,26
240,236,26
240,286,26
255,164,26
255,288,26
271,152,26
275,138,26
287,89,26
13,33,27
27,55,27
33,13,27
39,85,27
41,22,27
46,204,27
47,241,27
49,267,27
52,257,27
55,27,27
82,149,27
82,211,27
85,39,27
87,150,27
95,127,27
101,114,27
101,182,27
106,236,27
112,123,27
114,101,27
127,95,27
135,213,27
149,211,27
150,87,27
151,234,27
171,264,27
182,101,27
204,46,27
204,215,27
211,149,27
213,135,27
233,52,27
233,257,27
234,151,27
236,106,27
236,240,27
236,286,27
240,236,27
240,286,27
241,47,27
255,164,27
255,288,27
257,52,27
257,233,27
264,171,27
267,49,27
286,236,27
286,240,27
9,104,28
51,166,28
52,233,28
54,219,28
61,135,28
75,170,28
77,231,28
86,221,28
101,114,28
104,9,28
115,225,28
122,65,28
134,211,28
135,61,28
135,213,28
138,212,28
138,275,28
145,212,28
164,288,28
166,51,28
170,75,28
172,177,28
180,204,28
204,46,28
204,180,28
211,134,28
212,138,28
212,145,28
212,275,28
219,54,28
221,86,28
225,115,28
231,77,28
233,52,28
236,106,28
264,44,28
275,212,28
288,164,28
33,42,29
46,180,29
65,74,29
65,122,29
72,243,29
74,65,29
86,172,29
86,177,29
106,286,29
144,155,29
155,144,29
160,175,29
172,86,29
175,160,29
177,86,29
177,221,29
180,46,29
180,204,29
180,215,29
204,215,29
212,145,29
215,180,29
215,204,29
221,177,29
243,72,29
263,111,29
275,120,29
275,138,29
286,106,29
2,32,30
2,117,30
32,2,30
33,209,30
34,181,30
37,176,30
56,63,30
60,209,30
61,213,30
69,256,30
72,150,30
86,172,30
112,237,30
127,14,30
150,72,30
159,267,30
172,177,30
176,37,30
177,172,30
181,34,30
199,208,30
208,199,30
209,33,30
209,60,30
212,275,30
213,61,30
213,135,30
233,257,30
237,112,30
243,168,30
256,69,30
267,159,30
275,212,30
288,83,30
1,31,31
2,32,31
14,109,31
31,1,31
37,48,31
37,176,31
46,215,31
48,37,31
51,187,31
66,258,31
109,14,31
145,275,31
166,187,31
172,86,31
177,221,31
187,51,31
187,166,31
215,46,31
215,180,31
233,52,31
233,257,31
258,66,31
258,274,31
274,258,31
275,120,31
275,145,31
275,212,31
286,290,31
290,286,31
2,117,32
13,42,32
24,91,32
32,289,32
42,13,32
52,257,32
62,79,32
66,274,32
79,62,32
82,149,32
83,164,32
91,24,32
120,212,32
120,275,32
123,237,32
137,226,32
149,82,32
164,83,32
181,182,32
182,181,32
187,267,32
212,120,32
212,275,32
213,230,32
215,46,32
215,180,32
216,279,32
226,137,32
237,123,32
257,52,32
258,66,32
267,187,32
274,66,32
275,120,32
275,212,32
279,216,32
289,32,32
16,35,33
35,16,33
38,94,33
75,238,33
87,227,33
89,156,33
94,38,33
106,135,33
120,212,33
134,201,33
135,106,33
135,213,33
145,212,33
153,183,33
156,89,33
183,153,33
187,166,33
187,267,33
201,134,33
212,120,33
212,145,33
213,135,33
223,292,33
227,87,33
240,290,33
290,240,33
292,223,33
2,32,34
2,117,34
6,187,34
32,2,34
34,101,34
37,265,34
46,180,34
52,233,34
52,257,34
72,243,34
73,121,34
101,34,34
107,167,34
121,73,34
135,106,34
167,107,34
180,46,34
187,6,34
187,166,34
233,52,34
243,72,34
265,37,34
279,45,34
2,32,35
3,8,35
15,49,35
19,238,35
32,117,35
34,181,35
49,15,35
59,205,35
66,70,35
66,274,35
70,66,35
70,274,35
72,150,35
72,243,35
77,109,35
77,231,35
85,254,35
104,188,35
106,213,35
109,77,35
109,231,35
110,235,35
117,32,35
120,145,35
135,213,35
139,286,35
145,120,35
170,258,35
181,34,35
188,104,35
192,280,35
195,199,35
199,195,35
205,59,35
213,106,35
213,135,35
231,109,35
235,110,35
238,19,35
254,85,35
258,170,35
267,159,35
274,70,35
280,192,35
286,139,35
33,42,36
42,33,36
54,235,36
64,214,36
72,168,36
74,122,36
106,135,36
122,74,36
135,106,36
137,246,36
168,72,36
170,274,36
214,64,36
231,77,36
235,54,36
242,261,36
246,137,36
261,242,36
264,84,36
269,292,36
274,66,36
274,70,36
274,170,36
292,269,36
37,176,37
39,280,37
51,282,37
52,163,37
72,150,37
72,168,37
112,123,37
123,112,37
143,160,37
160,143,37
166,267,37
170,258,37
170,274,37
187,6,37
225,243,37
243,225,37
260,285,37
263,118,37
267,166,37
274,66,37
274,170,37
279,216,37
280,39,37
282,51,37
285,260,37
292,223,37
4,111,38
13,33,38
13,42,38
15,187,38
31,262,38
33,13,38
42,13,38
45,283,38
52,233,38
72,150,38
72,243,38
95,231,38
101,114,38
111,4,38
158,281,38
162,204,38
163,233,38
174,205,38
187,15,38
204,162,38
205,174,38
209,263,38
225,115,38
225,243,38
231,95,38
233,163,38
235,110,38
243,72,38
243,225,38
263,209,38
281,158,38
283,45,38
13,33,39
14,132,39
33,42,39
37,265,39
42,33,39
47,149,39
52,163,39
58,78,39
59,174,39
59,205,39
72,150,39
72,225,39
75,258,39
78,58,39
78,202,39
88,92,39
92,88,39
105,260,39
115,159,39
115,227,39
120,275,39
132,14,39
149,47,39
150,225,39
150,243,39
159,115,39
162,180,39
162,215,39
163,52,39
174,59,39
174,205,39
180,162,39
183,273,39
205,59,39
205,174,39
213,61,39
215,162,39
225,72,39
225,150,39
227,115,39
231,77,39
243,150,39
258,75,39
260,105,39
273,183,39
275,120,39
286,290,39
290,286,39
7,181,40
42,60,40
46,162,40
46,215,40
59,174,40
59,205,40
60,42,40
72,150,40
72,225,40
76,152,40
115,159,40
115,227,40
150,72,40
151,206,40
151,234,40
152,76,40
162,46,40
162,180,40
174,59,40
174,205,40
181,7,40
204,251,40
205,59,40
205,174,40
206,151,40
215,46,40
225,72,40
251,204,40
281,283,40
283,281,40
4,155,41
11,17,41
17,11,41
42,33,41
44,84,41
46,162,41
59,174,41
75,170,41
75,258,41
84,44,41
88,277,41
139,230,41
150,168,41
150,225,41
155,4,41
159,227,41
162,46,41
168,150,41
168,243,41
170,75,41
174,59,41
174,205,41
189,212,41
201,211,41
211,201,41
212,189,41
225,150,41
227,159,41
230,139,41
243,168,41
260,285,41
263,118,41
277,88,41
9,58,42
31,1,42
33,60,42
34,182,42
45,279,42
48,284,42
58,9,42
59,205,42
60,33,42
84,241,42
85,192,42
105,285,42
115,159,42
115,227,42
120,145,42
150,168,42
150,243,42
159,115,42
159,227,42
167,239,42
168,150,42
168,225,42
168,243,42
170,274,42
182,34,42
192,85,42
205,59,42
225,168,42
227,115,42
227,159,42
239,167,42
241,84,42
243,150,42
243,168,42
279,45,42
281,158,42
284,48,42
285,105,42
20,108,43
45,158,43
45,279,43
45,281,43
59,174,43
59,205,43
60,91,43
88,92,43
91,60,43
108,20,43
151,206,43
151,234,43
158,45,43
158,281,43
174,59,43
227,115,43
263,209,43
281,45,43
281,158,43
285,260,43
7,229,44
22,178,44
33,42,44
33,91,44
45,158,44
45,279,44
58,202,44
65,74,44
74,65,44
91,33,44
91,60,44
99,291,44
100,113,44
113,100,44
125,278,44
138,145,44
145,138,44
153,281,44
158,45,44
158,279,44
163,233,44
168,225,44
178,22,44
185,289,44
197,256,44
202,58,44
203,257,44
208,244,44
229,7,44
243,150,44
244,208,44
256,197,44
257,203,44
278,125,44
279,158,44
281,153,44
285,105,44
285,260,44
289,185,44
291,99,44
4,111,45
42,60,45
56,154,45
60,42,45
64,145,45
72,168,45
76,98,45
76,152,45
91,33,45
98,76,45
98,152,45
106,286,45
111,155,45
139,286,45
145,64,45
150,227,45
152,98,45
153,158,45
153,281,45
154,56,45
155,111,45
158,153,45
158,279,45
168,72,45
168,225,45
227,150,45
263,118,45
266,276,45
276,266,45
285,105,45
285,260,45
286,106,45
286,139,45
34,181,46
37,193,46
42,91,46
44,171,46
47,268,46
60,91,46
64,138,46
70,78,46
70,81,46
78,70,46
78,81,46
81,70,46
81,78,46
91,42,46
91,60,46
111,4,46
115,159,46
138,64,46
138,145,46
145,138,46
149,268,46
159,115,46
163,52,46
171,44,46
181,34,46
193,37,46
268,47,46
268,149,46
285,105,46
8,56,47
52,257,47
56,8,47
56,154,47
64,145,47
72,150,47
76,98,47
98,76,47
106,139,47
111,155,47
115,227,47
139,106,47
145,64,47
145,138,47
150,72,47
163,257,47
198,269,47
227,115,47
257,52,47
257,163,47
263,209,47
268,47,47
269,198,47
33,188,48
36,239,48
39,85,48
42,60,48
43,130,48
47,149,48
48,165,48
52,163,48
54,30,48
56,8,48
60,42,48
64,138,48
71,291,48
81,70,48
83,185,48
85,39,48
86,177,48
88,277,48
90,175,48
106,213,48
130,43,48
138,64,48
139,286,48
149,47,48
153,158,48
153,281,48
158,153,48
162,180,48
163,52,48
163,233,48
165,48,48
175,90,48
177,86,48
181,182,48
182,181,48
185,83,48
188,33,48
204,290,48
213,106,48
239,36,48
263,118,48
263,209,48
290,204,48
291,71,48
4,155,49
22,41,49
24,67,49
52,257,49
55,75,49
67,24,49
72,87,49
72,227,49
74,122,49
75,55,49
86,172,49
87,72,49
87,159,49
96,264,49
106,139,49
106,213,49
106,286,49
111,4,49
111,155,49
113,122,49
115,267,49
122,113,49
133,167,49
133,245,49
138,145,49
139,106,49
139,213,49
139,286,49
155,4,49
155,111,49
158,283,49
159,87,49
162,215,49
163,52,49
163,257,49
167,133,49
167,245,49
168,243,49
172,177,49
177,172,49
180,215,49
192,254,49
200,253,49
213,139,49
215,162,49
215,180,49
227,72,49
243,168,49
245,133,49
245,167,49
253,200,49
254,192,49
257,52,49
257,163,49
264,96,49
267,115,49
283,158,49
285,260,49
286,106,49
286,139,49
4,111,50
12,274,50
23,174,50
34,182,50
45,153,50
52,163,50
52,257,50
56,154,50
60,91,50
106,139,50
106,213,50
106,286,50
111,4,50
122,74,50
133,232,50
138,64,50
138,145,50
139,106,50
139,213,50
147,228,50
153,45,50
153,283,50
163,52,50
163,257,50
168,225,50
174,23,50
176,265,50
182,34,50
213,106,50
213,139,50
213,286,50
226,246,50
228,147,50
230,286,50
232,133,50
246,226,50
257,52,50
257,163,50
265,176,50
267,166,50
274,12,50
283,153,50
283,158,50
286,106,50
286,213,50
286,230,50
12,81,51
12,274,51
14,190,51
19,55,51
29,141,51
50,280,51
55,19,51
60,42,51
60,91,51
64,145,51
72,115,51
81,12,51
87,150,51
94,223,51
115,72,51
138,64,51
138,145,51
141,29,51
145,64,51
145,138,51
150,87,51
150,227,51
153,45,51
168,243,51
213,230,51
213,286,51
223,94,51
227,150,51
230,213,51
257,52,51
257,163,51
280,50,51
286,213,51
6,51,52
12,81,52
21,126,52
39,280,52
51,6,52
64,138,52
72,159,52
74,113,52
86,221,52
96,245,52
111,155,52
113,74,52
126,21,52
133,167,52
133,232,52
138,64,52
152,271,52
159,72,52
167,133,52
167,232,52
205,217,52
215,162,52
217,205,52
221,86,52
232,167,52
245,96,52
247,288,52
247,289,52
280,39,52
286,106,52
288,247,52
288,289,52
289,247,52
289,288,52
39,50,53
45,283,53
50,39,53
52,163,53
56,8,53
60,42,53
72,87,53
78,258,53
85,192,53
87,72,53
114,229,53
137,150,53
149,268,53
150,137,53
159,166,53
163,52,53
166,159,53
192,85,53
204,213,53
213,204,53
229,114,53
258,78,53
268,149,53
283,45,53
289,247,53
45,279,54
45,283,54
53,63,54
55,75,54
59,217,54
60,91,54
61,109,54
63,53,54
64,270,54
72,227,54
81,274,54
106,230,54
106,286,54
109,61,54
115,267,54
133,245,54
164,288,54
182,181,54
217,59,54
227,72,54
230,106,54
230,286,54
233,257,54
245,133,54
257,233,54
267,115,54
274,81,54
279,45,54
279,283,54
281,283,54
283,279,54
283,281,54
286,230,54
288,164,54
6,282,55
40,224,55
49,187,55
62,231,55
106,230,55
106,286,55
107,245,55
150,227,55
153,279,55
187,49,55
224,40,55
227,150,55
230,106,55
230,286,55
231,62,55
232,245,55
245,107,55
245,232,55
279,153,55
282,6,55
283,45,55
286,106,55
286,230,55
288,289,55
289,288,55
28,148,56
45,281,56
47,201,56
81,12,56
83,164,56
86,172,56
137,227,56
148,28,56
150,225,56
153,158,56
153,279,56
158,153,56
158,279,56
164,83,56
164,288,56
172,86,56
201,47,56
225,150,56
227,137,56
245,107,56
279,158,56
281,45,56
281,283,56
283,281,56
288,164,56
29,101,57
29,141,57
31,65,57
47,149,57
47,201,57
65,31,57
76,113,57
101,29,57
113,76,57
120,270,57
137,246,57
149,47,57
178,199,57
199,178,57
246,137,57
270,120,57
279,153,57
279,158,57
281,45,57
7,34,58
26,143,58
29,101,58
34,7,58
45,283,58
80,180,58
82,146,58
83,289,58
106,213,58
114,141,58
127,157,58
141,114,58
143,26,58
146,82,58
149,201,58
157,127,58
164,83,58
172,221,58
180,80,58
196,259,58
201,149,58
213,106,58
221,172,58
223,292,58
236,240,58
240,236,58
259,196,58
283,45,58
289,83,58
9,33,59
13,188,59
14,139,59
14,190,59
26,175,59
29,141,59
33,9,59
45,281,59
52,228,59
59,205,59
69,206,59
72,150,59
87,159,59
88,92,59
107,133,59
112,237,59
121,195,59
133,107,59
139,14,59
141,29,59
150,72,59
159,87,59
166,282,59
175,26,59
188,13,59
195,121,59
201,47,59
205,59,59
206,69,59
213,204,59
227,267,59
228,52,59
237,112,59
255,276,59
267,227,59
276,255,59
282,166,59
10,66,60
22,121,60
27,170,60
29,101,60
29,141,60
66,10,60
70,214,60
81,70,60
91,209,60
115,282,60
121,22,60
121,195,60
141,114,60
149,268,60
153,283,60
156,264,60
170,27,60
172,86,60
209,91,60
214,70,60
264,156,60
282,115,60
283,153,60
29,101,61
64,120,61
69,234,61
84,89,61
89,84,61
106,204,61
120,64,61
121,22,61
121,195,61
180,213,61
204,106,61
204,213,61
213,180,61
213,204,61
215,251,61
234,69,61
237,257,61
251,215,61
257,237,61
276,266,61
36,133,62
41,178,62
69,151,62
69,234,62
81,12,62
85,280,62
94,38,62
107,167,62
121,22,62
133,36,62
143,175,62
151,69,62
151,234,62
153,158,62
153,279,62
158,153,62
158,279,62
167,107,62
175,143,62
178,41,62
180,80,62
204,106,62
204,213,62
234,151,62
279,153,62
279,158,62
280,85,62
4,155,63
23,59,63
59,23,63
59,205,63
62,77,63
77,62,63
80,204,63
94,223,63
98,266,63
103,148,63
132,135,63
135,132,63
148,103,63
153,158,63
155,4,63
158,153,63
174,205,63
178,199,63
180,204,63
180,213,63
189,270,63
204,80,63
204,106,63
204,180,63
205,174,63
213,180,63
222,255,63
223,94,63
255,222,63
266,98,63
266,276,63
270,189,63
5,218,64
20,249,64
22,142,64
47,171,64
75,170,64
111,144,64
142,22,64
144,111,64
170,75,64
171,47,64
180,204,64
204,213,64
205,59,64
205,174,64
210,287,64
213,204,64
218,5,64
227,282,64
249,20,64
266,98,64
266,276,64
282,227,64
287,210,64
47,201,65
83,288,65
106,180,65
121,195,65
125,179,65
155,263,65
168,246,65
179,125,65
180,106,65
246,168,65
263,155,65
288,83,65
12,78,66
12,81,66
19,191,66
41,121,66
49,51,66
51,49,66
73,199,66
78,12,66
83,117,66
88,277,66
98,291,66
117,83,66
118,188,66
121,41,66
121,195,66
123,228,66
180,204,66
188,118,66
191,19,66
199,73,66
204,180,66
205,59,66
228,123,66
266,98,66
266,276,66
291,98,66
6,166,67
12,78,67
13,91,67
23,174,67
70,81,67
80,290,67
81,70,67
83,288,67
91,13,67
98,266,67
98,276,67
106,204,67
147,163,67
162,46,67
163,147,67
166,6,67
174,23,67
180,213,67
204,106,67
204,180,67
213,180,67
225,243,67
243,225,67
266,98,67
276,98,67
290,80,67
3,56,68
39,103,68
41,195,68
54,174,68
56,3,68
70,78,68
70,81,68
78,70,68
78,81,68
81,78,68
86,221,68
100,122,68
103,39,68
121,41,68
122,100,68
171,264,68
174,54,68
180,204,68
195,41,68
217,248,68
221,86,68
248,217,68
264,171,68
266,276,68
276,266,68
6,227,69
12,70,69
12,198,69
16,181,69
16,182,69
21,62,69
37,176,69
39,85,69
39,103,69
53,281,69
55,170,69
62,21,69
70,12,69
85,39,69
85,103,69
103,85,69
112,177,69
121,195,69
159,267,69
167,245,69
170,55,69
174,23,69
174,54,69
176,37,69
177,112,69
181,16,69
181,182,69
182,16,69
182,181,69
195,121,69
198,12,69
207,209,69
209,207,69
227,6,69
245,167,69
267,159,69
281,53,69
281,283,69
283,281,69
11,276,70
16,181,70
21,126,70
36,107,70
39,85,70
41,121,70
83,289,70
85,39,70
94,38,70
107,36,70
121,41,70
121,195,70
137,187,70
174,23,70
174,54,70
181,16,70
187,137,70
192,212,70
212,192,70
276,11,70
291,99,70
4,111,71
6,166,71
23,54,71
23,174,71
29,141,71
37,193,71
53,283,71
54,23,71
111,4,71
121,41,71
124,249,71
141,29,71
142,254,71
167,232,71
168,225,71
174,23,71
175,182,71
182,175,71
183,197,71
197,183,71
202,214,71
214,202,71
225,168,71
225,243,71
232,167,71
238,258,71
249,124,71
254,142,71
258,238,71
281,45,71
283,53,71
6,87,72
20,124,72
20,249,72
23,54,72
34,143,72
37,176,72
39,103,72
41,178,72
41,195,72
53,63,72
59,217,72
87,6,72
97,180,72
103,39,72
117,32,72
121,195,72
124,20,72
124,249,72
143,34,72
145,292,72
167,245,72
178,41,72
180,97,72
195,41,72
195,121,72
217,59,72
217,248,72
225,168,72
240,290,72
249,20,72
249,124,72
290,240,72
292,145,72
9,104,73
17,71,73
45,153,73
59,205,73
59,248,73
68,278,73
71,17,73
79,206,73
104,9,73
121,178,73
128,287,73
134,254,73
153,45,73
161,232,73
178,121,73
195,41,73
206,79,73
225,243,73
232,161,73
248,59,73
254,134,73
278,68,73
287,128,73
288,289,73
289,288,73
290,80,73
36,239,74
44,84,74
44,171,74
59,205,74
62,126,74
84,44,74
84,171,74
87,159,74
89,146,74
91,209,74
126,62,74
128,173,74
146,89,74
159,87,74
171,44,74
171,84,74
175,181,74
177,257,74
181,175,74
209,91,74
248,217,74
249,20,74
257,177,74
15,119,75
21,231,75
41,50,75
41,195,75
42,213,75
44,84,75
44,171,75
50,41,75
59,217,75
59,248,75
60,118,75
84,44,75
118,60,75
119,15,75
171,44,75
181,182,75
182,181,75
198,238,75
206,234,75
213,42,75
217,59,75
217,248,75
225,246,75
231,21,75
234,206,75
238,198,75
246,225,75
248,59,75
248,217,75
254,142,75
257,237,75
290,240,75
14,236,76
41,50,76
45,281,76
49,256,76
55,72,76
58,245,76
72,55,76
79,234,76
93,127,76
127,93,76
141,229,76
150,267,76
154,183,76
181,175,76
181,182,76
183,154,76
229,141,76
234,79,76
234,206,76
236,14,76
245,58,76
256,49,76
257,177,76
267,150,76
6,159,77
13,188,77
28,39,77
36,107,77
39,28,77
41,195,77
59,205,77
74,100,77
100,74,77
120,138,77
138,120,77
159,6,77
167,232,77
181,175,77
181,182,77
188,13,77
204,213,77
213,204,77
232,167,77
276,266,77
33,104,78
36,239,78
41,50,78
42,204,78
64,292,78
88,92,78
104,33,78
175,182,78
177,112,78
181,175,78
182,175,78
204,42,78
205,248,78
248,205,78
257,237,78
266,291,78
291,266,78
292,64,78
14,190,79
34,7,79
42,213,79
44,84,79
78,274,79
94,145,79
115,119,79
119,115,79
145,94,79
147,203,79
149,171,79
158,279,79
171,149,79
173,287,79
180,286,79
189,192,79
192,189,79
203,147,79
204,213,79
213,42,79
213,204,79
262,269,79
269,262,79
274,78,79
276,291,79
286,180,79
287,173,79
291,276,79
23,110,80
24,155,80
28,164,80
40,72,80
72,40,80
81,202,80
99,276,80
101,228,80
110,23,80
117,185,80
119,15,80
155,24,80
156,241,80
164,28,80
185,117,80
192,270,80
202,81,80
205,217,80
212,280,80
217,205,80
228,101,80
232,245,80
241,156,80
245,232,80
270,192,80
276,99,80
280,212,80
291,266,80
2,289,81
9,33,81
16,114,81
17,291,81
28,148,81
28,164,81
33,9,81
57,184,81
72,55,81
80,236,81
90,143,81
110,174,81
114,16,81
117,32,81
143,90,81
148,28,81
148,164,81
150,282,81
164,148,81
168,267,81
174,110,81
184,57,81
189,270,81
236,80,81
240,251,81
251,240,81
267,168,81
270,189,81
282,150,81
289,2,81
289,288,81
291,17,81
8,154,82
9,104,82
70,238,82
92,277,82
99,266,82
102,186,82
104,9,82
109,132,82
132,109,82
134,142,82
142,134,82
154,8,82
164,28,82
164,148,82
186,102,82
213,42,82
231,260,82
234,242,82
238,70,82
238,198,82
242,234,82
260,231,82
266,99,82
277,92,82
281,283,82
283,281,82
289,2,82
9,33,83
9,104,83
33,104,83
34,175,83
48,160,83
52,233,83
75,198,83
93,95,83
95,93,83
101,123,83
103,280,83
104,33,83
123,101,83
139,230,83
160,48,83
164,28,83
175,34,83
198,75,83
198,238,83
230,139,83
233,52,83
238,70,83
238,198,83
243,267,83
267,243,83
280,103,83
1,223,84
6,150,84
6,282,84
16,182,84
22,134,84
26,216,84
34,35,84
35,34,84
35,175,84
50,178,84
58,232,84
60,188,84
63,281,84
63,283,84
86,172,84
92,88,84
99,276,84
101,228,84
104,9,84
134,22,84
144,263,84
150,6,84
150,282,84
164,148,84
175,35,84
175,182,84
178,50,84
182,16,84
182,175,84
188,60,84
195,254,84
216,26,84
223,1,84
232,58,84
238,70,84
254,195,84
263,144,84
266,276,84
276,266,84
281,63,84
281,283,84
282,6,84
282,150,84
283,63,84
283,281,84
12,238,85
22,142,85
25,164,85
34,175,85
34,182,85
35,34,85
35,182,85
36,107,85
41,178,85
97,169,85
99,266,85
99,276,85
108,249,85
142,22,85
156,218,85
164,25,85
169,97,85
175,34,85
178,41,85
178,50,85
182,16,85
182,34,85
182,35,85
218,156,85
238,12,85
249,108,85
256,273,85
266,99,85
266,276,85
273,256,85
276,99,85
276,266,85
283,63,85
9,33,86
16,35,86
16,175,86
16,182,86
33,9,86
33,104,86
34,7,86
34,35,86
35,16,86
35,34,86
35,175,86
41,50,86
50,41,86
84,268,86
104,33,86
128,287,86
129,183,86
175,16,86
175,35,86
175,182,86
182,16,86
182,175,86
183,129,86
231,21,86
231,260,86
238,70,86
268,84,86
276,99,86
276,266,86
287,128,86
9,104,87
14,106,87
22,254,87
33,9,87
35,34,87
84,149,87
104,9,87
106,14,87
107,214,87
119,115,87
149,84,87
164,148,87
167,245,87
197,256,87
214,107,87
236,290,87
245,167,87
254,22,87
256,197,87
290,236,87
6,150,88
12,75,88
13,209,88
17,98,88
25,148,88
25,164,88
28,83,88
46,157,88
55,170,88
72,168,88
75,12,88
83,28,88
98,17,88
117,185,88
135,190,88
148,25,88
148,164,88
150,6,88
157,46,88
164,25,88
164,148,88
168,72,88
190,135,88
209,13,88
213,204,88
238,274,88
274,238,88
287,173,88
22,134,89
22,254,89
53,141,89
66,157,89
70,274,89
75,198,89
107,202,89
123,228,89
134,142,89
141,53,89
142,134,89
157,66,89
198,75,89
199,244,89
202,107,89
228,123,89
244,199,89
274,70,89
274,238,89
6,282,90
43,136,90
46,66,90
66,46,90
86,101,90
101,86,90
101,172,90
112,257,90
164,25,90
172,101,90
257,112,90
276,291,90
282,6,90
291,276,90
10,27,91
27,10,91
44,268,91
72,159,91
75,12,91
80,290,91
93,186,91
94,38,91
159,72,91
166,282,91
168,243,91
186,93,91
234,206,91
243,168,91
244,208,91
268,44,91
282,166,91
287,128,91
290,80,91
9,118,92
53,229,92
70,238,92
75,198,92
83,148,92
103,192,92
116,156,92
118,9,92
123,163,92
148,83,92
156,116,92
163,123,92
166,187,92
171,264,92
187,166,92
192,103,92
229,53,92
238,70,92
244,199,92
244,208,92
276,99,92
20,124,93
35,181,93
75,12,93
83,28,93
83,148,93
84,268,93
115,227,93
124,20,93
161,201,93
181,35,93
183,220,93
201,161,93
220,183,93
227,115,93
268,84,93
7,182,94
34,181,94
35,34,94
35,181,94
46,157,94
52,257,94
83,28,94
83,148,94
84,149,94
104,188,94
109,135,94
135,109,94
137,166,94
137,187,94
157,46,94
159,243,94
166,137,94
181,34,94
181,35,94
182,7,94
183,256,94
187,137,94
188,104,94
217,235,94
235,217,94
243,159,94
254,195,94
256,183,94
257,52,94
4,131,95
9,188,95
12,238,95
27,157,95
28,148,95
34,35,95
35,34,95
42,204,95
67,97,95
75,238,95
83,28,95
97,67,95
101,228,95
118,188,95
131,4,95
137,166,95
148,28,95
156,218,95
157,27,95
157,46,95
188,9,95
188,118,95
204,42,95
215,240,95
228,101,95
238,12,95
238,75,95
240,215,95
243,168,95
282,6,95
287,173,95
9,118,96
9,188,96
34,181,96
83,148,96
99,291,96
107,232,96
118,9,96
148,83,96
159,87,96
170,198,96
181,34,96
183,220,96
188,9,96
198,170,96
232,107,96
238,70,96
238,75,96
257,112,96
257,237,96
291,99,96
6,166,97
9,118,97
23,54,97
45,283,97
49,246,97
80,236,97
151,256,97
157,27,97
163,172,97
166,6,97
172,163,97
178,185,97
183,256,97
185,178,97
203,253,97
236,80,97
238,12,97
238,75,97
246,49,97
253,203,97
256,151,97
256,183,97
257,112,97
257,237,97
260,261,97
261,260,97
283,45,97
6,137,98
6,166,98
9,188,98
12,170,98
17,71,98
24,209,98
28,164,98
34,182,98
35,181,98
38,275,98
52,112,98
80,290,98
106,236,98
108,124,98
112,52,98
124,108,98
132,190,98
137,6,98
137,166,98
145,258,98
148,164,98
164,28,98
164,148,98
166,137,98
170,12,98
181,35,98
182,34,98
190,132,98
209,24,98
231,21,98
236,106,98
254,22,98
258,145,98
275,38,98
283,281,98
2,32,99
12,198,99
12,238,99
13,60,99
31,222,99
32,2,99
60,13,99
67,169,99
86,228,99
87,150,99
89,252,99
92,205,99
120,258,99
134,161,99
150,87,99
151,183,99
157,46,99
159,243,99
161,134,99
164,28,99
169,67,99
170,198,99
170,238,99
183,151,99
198,12,99
198,170,99
198,238,99
205,92,99
222,31,99
228,86,99
238,12,99
238,170,99
238,198,99
243,159,99
252,89,99
258,120,99
267,282,99
276,266,99
282,267,99
2,289,100
12,198,100
17,99,100
25,28,100
26,90,100
28,25,100
28,164,100
30,219,100
90,26,100
91,155,100
99,17,100
125,184,100
148,83,100
155,91,100
166,6,100
182,7,100
184,125,100
197,220,100
198,12,100
219,30,100
220,197,100
238,170,100
