1,85,1
2,247,1
5,53,1
7,154,1
9,133,1
13,158,1
19,72,1
26,169,1
28,126,1
29,30,1
30,29,1
39,206,1
47,235,1
49,210,1
53,5,1
60,280,1
61,242,1
66,255,1
72,19,1
80,141,1
83,258,1
85,1,1
89,196,1
91,95,1
95,91,1
96,187,1
100,198,1
101,187,1
103,170,1
105,180,1
105,219,1
106,123,1
115,191,1
119,210,1
120,289,1
122,277,1
123,106,1
126,28,1
130,229,1
133,9,1
137,248,1
141,80,1
153,267,1
154,7,1
158,13,1
168,259,1
169,26,1
170,103,1
173,216,1
177,205,1
180,105,1
187,96,1
187,101,1
191,115,1
192,193,1
192,207,1
193,192,1
196,89,1
196,200,1
198,100,1
200,196,1
205,177,1
206,39,1
207,192,1
210,49,1
210,119,1
216,173,1
219,105,1
224,270,1
229,130,1
235,47,1
242,61,1
247,2,1
248,137,1
255,66,1
256,260,1
258,83,1
259,168,1
260,256,1
267,153,1
270,224,1
277,122,1
280,60,1
289,120,1
31,230,2
34,235,2
39,176,2
42,143,2
54,91,2
58,123,2
71,112,2
91,54,2
96,101,2
101,96,2
109,214,2
112,71,2
116,203,2
123,58,2
142,166,2
143,42,2
166,142,2
167,292,2
176,39,2
179,181,2
181,179,2
192,193,2
194,255,2
196,89,2
203,116,2
214,109,2
230,31,2
235,34,2
237,262,2
255,194,2
262,237,2
292,167,2
47,195,3
50,214,3
62,173,3
63,216,3
66,225,3
85,134,3
89,200,3
96,187,3
114,165,3
134,85,3
152,259,3
165,114,3
173,62,3
175,227,3
176,206,3
184,211,3
187,96,3
193,207,3
195,47,3
200,89,3
206,176,3
207,193,3
210,49,3
211,184,3
214,50,3
216,63,3
225,66,3
227,175,3
259,152,3
14,290,4
32,133,4
47,141,4
57,269,4
65,69,4
69,65,4
85,1,4
86,249,4
96,101,4
101,190,4
103,238,4
124,217,4
125,258,4
133,32,4
141,47,4
146,226,4
147,282,4
177,267,4
190,101,4
192,207,4
193,192,4
193,207,4
205,267,4
207,192,4
207,193,4
212,277,4
214,109,4
217,124,4
226,146,4
238,103,4
249,86,4
258,125,4
267,177,4
267,205,4
269,57,4
277,212,4
282,147,4
290,14,4
1,134,5
8,234,5
16,62,5
19,22,5
22,19,5
39,206,5
46,140,5
47,195,5
51,179,5
62,16,5
71,265,5
89,196,5
91,184,5
94,294,5
97,169,5
98,260,5
134,1,5
135,149,5
140,46,5
149,135,5
169,97,5
176,39,5
176,206,5
179,51,5
184,91,5
192,193,5
192,207,5
193,192,5
193,207,5
206,39,5
206,176,5
207,192,5
207,193,5
210,119,5
234,8,5
260,98,5
260,256,5
263,276,5
265,71,5
267,177,5
276,263,5
294,94,5
7,93,6
19,58,6
21,199,6
39,176,6
54,184,6
57,90,6
58,19,6
70,156,6
73,94,6
90,57,6
93,7,6
94,73,6
96,190,6
101,96,6
101,190,6
141,195,6
156,70,6
172,201,6
176,39,6
184,54,6
184,91,6
190,96,6
190,101,6
195,141,6
199,21,6
201,172,6
267,205,6
36,45,7
45,36,7
51,181,7
60,148,7
88,217,7
89,239,7
116,223,7
127,174,7
148,60,7
152,172,7
172,152,7
174,127,7
179,181,7
181,51,7
181,179,7
190,96,7
194,225,7
196,293,7
217,88,7
219,270,7
223,116,7
225,194,7
233,285,7
239,89,7
270,219,7
285,233,7
293,196,7
27,281,8
35,271,8
37,159,8
133,9,8
152,201,8
159,37,8
172,201,8
181,51,8
196,200,8
200,196,8
201,152,8
201,172,8
207,192,8
226,254,8
254,226,8
271,35,8
281,27,8
18,295,9
19,72,9
22,253,9
24,85,9
35,133,9
39,206,9
43,187,9
43,190,9
50,109,9
51,179,9
54,104,9
54,184,9
85,24,9
89,200,9
90,269,9
91,211,9
95,104,9
104,54,9
104,95,9
109,50,9
110,185,9
133,35,9
152,172,9
161,214,9
172,152,9
172,201,9
179,51,9
184,54,9
185,110,9
187,43,9
190,43,9
200,89,9
206,39,9
211,91,9
214,161,9
239,293,9
253,22,9
267,153,9
269,90,9
293,239,9
295,18,9
34,133,10
40,231,10
43,187,10
43,190,10
89,239,10
123,106,10
133,34,10
141,235,10
144,180,10
147,212,10
172,152,10
179,181,10
180,144,10
181,179,10
187,210,10
200,239,10
210,187,10
212,147,10
231,40,10
235,141,10
239,89,10
239,200,10
252,253,10
253,252,10
9,34,11
15,124,11
28,100,11
32,35,11
32,246,11
34,9,11
35,32,11
41,125,11
100,28,11
106,233,11
112,265,11
113,262,11
124,15,11
125,41,11
148,280,11
155,261,11
168,201,11
190,96,11
192,193,11
193,192,11
193,207,11
200,196,11
201,168,11
207,193,11
233,106,11
233,285,11
239,89,11
246,32,11
261,155,11
262,113,11
265,112,11
280,148,11
11,286,12
22,252,12
27,86,12
35,246,12
35,271,12
43,187,12
60,290,12
72,166,12
81,290,12
86,27,12
101,121,12
111,167,12
121,101,12
122,212,12
123,233,12
166,72,12
167,111,12
187,43,12
195,235,12
212,122,12
233,123,12
235,195,12
246,35,12
252,22,12
252,253,12
266,288,12
273,281,12
281,273,12
286,11,12
288,266,12
290,60,12
290,81,12
13,88,13
13,158,13
35,246,13
39,176,13
55,223,13
56,228,13
69,245,13
88,13,13
118,166,13
164,250,13
166,118,13
193,192,13
194,255,13
196,293,13
197,234,13
214,220,13
220,214,13
223,55,13
228,56,13
233,285,13
234,197,13
245,69,13
250,164,13
251,252,13
252,251,13
272,287,13
272,291,13
287,272,13
291,272,13
293,196,13
5,10,14
10,5,14
13,88,14
20,236,14
22,251,14
22,252,14
27,281,14
49,78,14
61,149,14
72,19,14
78,49,14
83,137,14
89,196,14
105,144,14
112,218,14
137,83,14
144,105,14
149,61,14
176,185,14
185,176,14
196,89,14
196,293,14
200,270,14
218,112,14
230,258,14
236,20,14
251,22,14
252,22,14
253,285,14
258,230,14
270,200,14
281,27,14
285,253,14
4,117,15
37,70,15
46,131,15
48,134,15
70,37,15
70,156,15
88,158,15
89,293,15
95,184,15
96,187,15
96,190,15
117,4,15
131,46,15
134,48,15
135,182,15
158,88,15
176,39,15
182,135,15
184,95,15
187,96,15
187,190,15
190,187,15
201,259,15
225,296,15
235,141,15
251,252,15
252,251,15
259,201,15
262,271,15
271,262,15
280,290,15
290,280,15
293,89,15
296,225,15
5,53,16
9,133,16
17,140,16
22,251,16
31,215,16
34,133,16
67,79,16
70,37,16
77,98,16
79,67,16
80,110,16
81,280,16
81,290,16
88,13,16
88,158,16
96,187,16
96,190,16
98,77,16
110,80,16
133,9,16
133,34,16
140,17,16
146,254,16
148,290,16
160,274,16
176,185,16
187,96,16
187,190,16
190,96,16
190,187,16
215,31,16
226,242,16
241,289,16
242,226,16
251,22,16
251,252,16
254,146,16
274,160,16
280,81,16
280,148,16
289,241,16
290,81,16
290,148,16
5,10,17
5,53,17
10,53,17
13,158,17
14,81,17
18,115,17
20,162,17
41,264,17
43,210,17
52,276,17
53,10,17
58,233,17
58,252,17
71,238,17
72,118,17
81,14,17
81,290,17
88,13,17
88,158,17
95,104,17
96,187,17
96,190,17
104,132,17
115,18,17
115,295,17
118,72,17
125,264,17
129,164,17
132,104,17
148,280,17
158,13,17
158,88,17
162,20,17
164,129,17
187,96,17
190,96,17
197,246,17
210,43,17
233,58,17
233,253,17
238,71,17
246,197,17
252,58,17
253,233,17
264,41,17
264,125,17
276,52,17
290,81,17
295,115,17
1,85,18
5,10,18
10,5,18
10,53,18
53,225,18
81,14,18
81,290,18
85,1,18
94,214,18
123,285,18
154,251,18
176,39,18
201,168,18
214,94,18
214,220,18
225,53,18
234,8,18
251,154,18
264,41,18
285,123,18
5,53,19
10,5,19
10,53,19
13,88,19
13,158,19
39,185,19
40,145,19
44,56,19
53,5,19
53,10,19
56,44,19
58,72,19
72,58,19
88,13,19
88,158,19
99,263,19
108,255,19
112,265,19
145,40,19
158,13,19
158,88,19
185,39,19
214,94,19
225,296,19
246,271,19
255,108,19
263,99,19
271,246,19
1,77,20
2,218,20
9,113,20
13,88,20
34,288,20
53,5,20
53,225,20
64,169,20
70,274,20
77,1,20
88,13,20
113,9,20
115,18,20
168,172,20
169,64,20
169,97,20
171,207,20
172,168,20
207,171,20
218,2,20
225,53,20
228,282,20
274,70,20
282,228,20
288,34,20
1,134,21
8,262,21
14,148,21
35,197,21
43,96,21
53,10,21
58,233,21
88,158,21
96,43,21
134,1,21
148,14,21
167,249,21
187,190,21
190,187,21
197,35,21
233,58,21
234,262,21
249,167,21
251,253,21
253,251,21
262,8,21
262,234,21
18,295,22
64,97,22
72,233,22
85,24,22
88,13,22
88,158,22
90,57,22
97,64,22
115,295,22
233,72,22
239,293,22
251,154,22
262,8,22
262,234,22
293,239,22
295,18,22
295,115,22
3,141,23
5,199,23
8,234,23
8,262,23
15,275,23
19,91,23
33,78,23
57,108,23
65,245,23
70,159,23
74,222,23
78,33,23
85,194,23
88,13,23
88,158,23
91,19,23
100,138,23
103,170,23
108,57,23
111,292,23
138,100,23
141,3,23
141,235,23
159,70,23
164,250,23
194,85,23
199,5,23
222,74,23
234,8,23
245,65,23
262,8,23
275,15,23
292,111,23
3,235,24
8,234,24
10,225,24
12,155,24
14,290,24
20,236,24
35,63,24
35,197,24
36,148,24
41,125,24
60,81,24
63,35,24
64,257,24
65,121,24
81,60,24
82,93,24
93,82,24
95,132,24
107,117,24
113,271,24
117,107,24
121,65,24
125,41,24
132,95,24
134,48,24
141,3,24
141,235,24
148,36,24
155,12,24
189,229,24
200,224,24
224,200,24
225,10,24
229,189,24
235,3,24
235,141,24
257,64,24
271,113,24
290,14,24
14,60,25
14,148,25
18,232,25
58,252,25
60,14,25
60,81,25
85,24,25
88,13,25
90,255,25
112,247,25
112,265,25
113,9,25
113,271,25
148,14,25
155,261,25
168,201,25
169,257,25
232,18,25
247,112,25
255,90,25
257,169,25
13,158,26
14,60,26
34,47,26
35,63,26
35,197,26
44,228,26
45,105,26
47,34,26
50,236,26
60,14,26
60,81,26
60,290,26
72,166,26
81,290,26
95,184,26
105,45,26
112,247,26
112,265,26
121,245,26
123,233,26
132,104,26
154,253,26
158,13,26
166,72,26
193,207,26
199,296,26
207,193,26
218,265,26
227,263,26
228,44,26
233,123,26
236,50,26
245,121,26
247,265,26
253,154,26
263,227,26
265,218,26
265,247,26
290,60,26
290,81,26
296,199,26
4,232,27
13,88,27
13,158,27
14,36,27
14,148,27
36,14,27
36,148,27
58,233,27
72,123,27
72,166,27
109,236,27
112,247,27
112,265,27
121,65,27
121,245,27
123,72,27
137,230,27
144,200,27
148,36,27
154,251,27
200,144,27
230,137,27
232,4,27
233,58,27
236,20,27
236,50,27
236,109,27
247,112,27
247,265,27
263,99,27
265,112,27
265,247,27
273,292,27
290,60,27
292,273,27
1,48,28
3,141,28
5,53,28
8,262,28
14,290,28
20,109,28
34,288,28
36,45,28
45,36,28
48,1,28
51,117,28
53,5,28
56,135,28
72,123,28
73,187,28
81,148,28
89,196,28
99,227,28
99,263,28
109,20,28
112,218,28
117,51,28
123,166,28
135,56,28
141,3,28
148,14,28
148,81,28
148,290,28
155,12,28
164,226,28
166,123,28
178,222,28
187,73,28
196,89,28
218,112,28
222,178,28
226,164,28
227,99,28
236,50,28
290,14,28
290,148,28
5,199,29
30,169,29
35,62,29
37,159,29
43,65,29
53,199,29
54,211,29
62,35,29
63,197,29
65,43,29
106,285,29
108,134,29
109,236,29
112,247,29
115,191,29
134,108,29
144,188,29
144,200,29
148,81,29
156,159,29
159,37,29
159,156,29
169,30,29
188,144,29
197,63,29
199,5,29
199,53,29
211,54,29
236,109,29
247,112,29
247,265,29
285,106,29
290,14,29
13,217,30
26,139,30
35,63,30
35,197,30
38,208,30
63,35,30
63,197,30
88,158,30
106,166,30
112,265,30
139,26,30
158,88,30
159,70,30
166,106,30
197,35,30
197,63,30
208,38,30
212,282,30
217,13,30
218,247,30
229,130,30
233,253,30
247,218,30
247,265,30
253,233,30
257,64,30
265,112,30
265,247,30
282,212,30
28,126,31
35,62,31
35,63,31
35,197,31
37,70,31
37,159,31
39,180,31
62,63,31
63,35,31
63,62,31
64,277,31
69,100,31
70,37,31
70,159,31
93,7,31
100,69,31
112,247,31
159,37,31
159,70,31
180,39,31
197,35,31
210,245,31
218,265,31
223,116,31
233,58,31
245,210,31
247,112,31
265,218,31
277,64,31
5,53,32
35,62,32
35,63,32
44,212,32
46,286,32
50,109,32
53,5,32
58,253,32
58,285,32
59,174,32
61,135,32
62,35,32
62,63,32
63,35,32
63,62,32
73,96,32
78,268,32
96,73,32
109,50,32
113,9,32
123,72,32
124,256,32
135,61,32
144,224,32
174,59,32
198,283,32
203,267,32
212,44,32
224,144,32
233,285,32
253,58,32
256,124,32
267,203,32
268,78,32
283,198,32
285,58,32
285,233,32
286,46,32
2,265,33
11,46,33
11,286,33
35,62,33
46,11,33
46,286,33
58,233,33
58,253,33
58,285,33
60,148,33
62,35,33
72,233,33
78,33,33
86,115,33
109,236,33
115,86,33
135,56,33
135,61,33
148,60,33
150,275,33
153,177,33
177,153,33
202,279,33
227,263,33
233,58,33
233,72,33
233,285,33
263,227,33
265,2,33
265,218,33
275,150,33
279,202,33
285,58,33
285,233,33
286,11,33
286,46,33
292,111,33
4,18,34
9,234,34
18,4,34
44,282,34
65,101,34
72,253,34
72,285,34
85,194,34
101,65,34
106,123,34
107,230,34
123,106,34
128,204,34
135,56,34
135,61,34
141,241,34
200,219,34
204,128,34
218,247,34
219,200,34
230,107,34
233,253,34
234,9,34
241,141,34
247,218,34
253,72,34
253,233,34
265,2,34
282,44,34
285,72,34
286,11,34
3,120,35
3,141,35
9,113,35
35,234,35
54,91,35
62,197,35
65,43,35
72,253,35
77,194,35
90,296,35
91,54,35
102,170,35
104,108,35
106,285,35
108,104,35
109,20,35
112,218,35
112,247,35
112,265,35
120,3,35
120,141,35
123,285,35
130,276,35
141,3,35
141,120,35
141,241,35
159,156,35
164,242,35
170,102,35
194,77,35
194,85,35
197,62,35
213,250,35
218,112,35
234,35,35
242,164,35
247,112,35
247,265,35
250,213,35
253,72,35
265,112,35
265,247,35
276,130,35
285,106,35
285,123,35
296,90,35
2,218,36
3,120,36
3,141,36
3,241,36
9,271,36
17,121,36
28,259,36
36,144,36
36,224,36
46,131,36
64,257,36
76,80,36
80,76,36
109,50,36
112,247,36
120,3,36
120,141,36
121,17,36
123,253,36
123,285,36
141,3,36
141,120,36
141,241,36
144,36,36
148,81,36
149,192,36
192,149,36
218,2,36
224,36,36
229,276,36
241,3,36
241,141,36
247,112,36
253,123,36
259,28,36
271,9,36
276,229,36
2,112,37
2,265,37
5,10,37
9,113,37
10,5,37
21,217,37
54,211,37
58,233,37
64,277,37
93,82,37
112,2,37
112,247,37
112,265,37
113,271,37
133,216,37
140,221,37
144,224,37
216,133,37
217,21,37
221,140,37
224,144,37
233,58,37
241,3,37
247,265,37
253,72,37
265,2,37
265,112,37
265,247,37
271,113,37
2,247,38
43,162,38
48,194,38
54,91,38
64,257,38
70,156,38
70,159,38
78,268,38
101,162,38
112,247,38
156,70,38
159,70,38
162,43,38
162,101,38
194,48,38
247,2,38
247,112,38
247,265,38
285,106,38
285,123,38
9,234,39
11,131,39
16,183,39
43,65,39
52,130,39
54,211,39
72,233,39
77,85,39
85,77,39
92,209,39
122,147,39
129,250,39
130,52,39
131,11,39
143,201,39
147,122,39
149,207,39
152,204,39
182,220,39
183,16,39
192,242,39
201,143,39
204,152,39
207,149,39
209,92,39
220,182,39
233,72,39
234,9,39
241,141,39
242,192,39
247,2,39
249,260,39
250,129,39
260,249,39
2,218,40
39,188,40
43,101,40
44,228,40
54,91,40
54,211,40
55,267,40
58,154,40
62,234,40
66,255,40
75,235,40
91,211,40
101,43,40
101,162,40
105,144,40
118,252,40
118,253,40
125,281,40
144,105,40
154,58,40
167,273,40
188,39,40
211,91,40
227,229,40
227,263,40
229,227,40
234,62,40
235,75,40
252,118,40
253,118,40
255,66,40
267,55,40
273,167,40
281,125,40
3,141,41
3,241,41
8,35,41
29,147,41
35,8,41
48,134,41
66,90,41
71,264,41
90,66,41
90,255,41
114,189,41
130,276,41
134,48,41
141,3,41
141,241,41
147,29,41
149,193,41
154,251,41
159,37,41
189,114,41
193,149,41
227,229,41
227,263,41
229,263,41
234,9,41
241,3,41
241,141,41
255,90,41
263,229,41
264,71,41
267,203,41
276,130,41
3,32,42
32,3,42
47,120,42
47,141,42
54,253,42
71,238,42
94,161,42
101,43,42
112,265,42
120,47,42
124,158,42
129,213,42
129,250,42
141,47,42
158,124,42
161,94,42
213,129,42
227,229,42
229,227,42
234,246,42
246,234,42
247,112,42
253,54,42
263,276,42
265,112,42
276,263,42
3,289,43
9,35,43
35,9,43
39,180,43
47,120,43
47,141,43
54,91,43
77,296,43
91,54,43
112,247,43
112,265,43
118,252,43
120,141,43
123,252,43
141,120,43
149,207,43
207,284,43
213,250,43
229,263,43
247,265,43
250,213,43
252,123,43
263,229,43
265,247,43
276,130,43
284,207,43
289,3,43
296,77,43
1,194,44
22,211,44
25,145,44
58,251,44
65,101,44
77,85,44
99,138,44
101,65,44
112,247,44
112,265,44
115,191,44
118,123,44
118,252,44
123,118,44
123,252,44
138,99,44
141,47,44
141,120,44
145,25,44
154,285,44
161,187,44
164,192,44
179,230,44
187,161,44
192,164,44
194,1,44
209,278,44
211,22,44
216,246,44
229,227,44
229,263,44
230,179,44
246,216,44
247,112,44
251,58,44
252,118,44
252,123,44
252,253,44
253,252,44
265,112,44
278,209,44
285,154,44
1,48,45
6,186,45
29,122,45
33,268,45
48,1,45
49,68,45
51,226,45
68,49,45
85,296,45
108,134,45
112,247,45
112,265,45
122,29,45
122,147,45
134,108,45
143,42,45
145,40,45
147,122,45
154,233,45
186,6,45
207,149,45
226,51,45
229,227,45
233,154,45
233,285,45
252,118,45
252,123,45
268,33,45
285,233,45
296,85,45
13,24,46
15,158,46
24,13,46
26,97,46
29,147,46
35,8,46
42,201,46
46,286,46
66,255,46
72,154,46
84,87,46
87,84,46
97,26,46
118,253,46
121,210,46
123,253,46
130,263,46
143,201,46
147,29,46
147,122,46
154,72,46
154,233,46
158,15,46
187,268,46
201,42,46
201,143,46
210,121,46
233,154,46
252,118,46
252,123,46
252,253,46
253,118,46
253,123,46
253,252,46
255,66,46
263,130,46
268,187,46
286,46,46
5,225,47
42,143,47
55,203,47
55,267,47
58,72,47
64,178,47
70,156,47
72,58,47
72,154,47
77,296,47
80,266,47
91,19,47
105,224,47
108,57,47
123,252,47
123,253,47
143,42,47
143,201,47
154,72,47
154,233,47
178,64,47
203,55,47
203,267,47
224,105,47
225,5,47
252,123,47
253,123,47
266,80,47
267,55,47
267,203,47
296,77,47
296,85,47
34,271,48
42,172,48
43,162,48
62,63,48
71,258,48
72,58,48
94,187,48
95,132,48
106,253,48
110,180,48
116,239,48
123,252,48
132,95,48
134,296,48
140,204,48
143,42,48
147,29,48
162,43,48
172,42,48
180,110,48
187,94,48
187,268,48
190,236,48
203,231,48
204,140,48
229,276,48
231,203,48
236,190,48
239,116,48
253,106,48
258,71,48
271,34,48
276,229,48
296,77,48
296,134,48
10,225,49
14,60,49
18,191,49
26,139,49
32,133,49
47,241,49
60,14,49
75,195,49
88,256,49
93,165,49
94,268,49
123,253,49
125,41,49
133,32,49
135,56,49
143,201,49
147,212,49
157,221,49
162,236,49
165,93,49
178,277,49
180,39,49
191,18,49
195,75,49
203,267,49
212,147,49
221,157,49
225,10,49
236,162,49
236,190,49
241,47,49
253,123,49
256,88,49
268,33,49
268,94,49
277,178,49
4,51,50
24,85,50
27,83,50
33,94,50
35,9,50
51,4,50
65,210,50
83,27,50
85,24,50
94,33,50
106,154,50
107,248,50
116,243,50
117,179,50
129,242,50
145,25,50
154,106,50
162,43,50
179,117,50
187,214,50
210,65,50
214,187,50
229,227,50
229,276,50
242,129,50
243,116,50
248,107,50
8,9,51
8,35,51
9,8,51
35,8,51
43,101,51
43,162,51
94,187,51
101,43,51
111,273,51
118,123,51
123,118,51
155,157,51
157,155,51
179,230,51
180,185,51
185,180,51
187,94,51
239,243,51
243,239,51
273,111,51
15,88,52
24,13,52
33,268,52
64,277,52
77,85,52
77,134,52
85,77,52
85,134,52
88,15,52
88,256,52
109,20,52
116,239,52
118,154,52
129,192,52
129,242,52
134,77,52
134,85,52
154,118,52
178,64,52
179,117,52
192,129,52
210,245,52
229,263,52
229,276,52
235,241,52
239,116,52
241,235,52
247,265,52
263,229,52
265,247,52
268,33,52
277,64,52
33,94,53
33,187,53
39,185,53
41,281,53
43,101,53
85,296,53
94,33,53
94,187,53
109,214,53
118,123,53
130,229,53
130,276,53
154,285,53
176,237,53
185,39,53
187,33,53
187,94,53
199,255,53
200,270,53
214,109,53
225,5,53
229,130,53
229,276,53
237,176,53
255,199,53
276,130,53
276,229,53
281,41,53
285,154,53
296,85,53
13,77,54
17,286,54
33,268,54
47,235,54
53,269,54
65,162,54
73,94,54
73,187,54
77,13,54
92,278,54
94,73,54
94,187,54
118,253,54
123,154,54
127,139,54
128,240,54
129,149,54
129,242,54
130,227,54
130,229,54
130,276,54
139,127,54
149,129,54
154,123,54
154,285,54
162,65,54
163,293,54
179,230,54
187,73,54
187,94,54
216,234,54
227,130,54
227,229,54
229,130,54
229,227,54
229,276,54
233,251,54
234,216,54
235,47,54
240,128,54
251,233,54
253,118,54
267,55,54
269,53,54
272,287,54
276,130,54
276,229,54
278,92,54
286,17,54
293,163,54
3,133,55
15,275,55
19,104,55
22,184,55
39,110,55
73,94,55
84,151,55
88,158,55
94,73,55
94,187,55
98,256,55
104,19,55
110,39,55
130,227,55
130,276,55
133,3,55
149,242,55
151,84,55
154,123,55
158,88,55
184,22,55
227,130,55
227,276,55
242,149,55
256,98,55
275,15,55
276,130,55
276,227,55
7,82,56
12,46,56
46,12,56
71,137,56
82,7,56
89,290,56
91,54,56
111,292,56
113,234,56
118,123,56
118,253,56
123,118,56
123,154,56
123,253,56
130,227,56
137,71,56
142,252,56
146,226,56
162,190,56
179,117,56
179,230,56
190,162,56
214,236,56
226,146,56
227,130,56
227,276,56
233,285,56
234,113,56
236,214,56
252,142,56
253,123,56
276,229,56
285,233,56
290,89,56
45,60,57
60,45,57
69,138,57
94,73,57
109,187,57
118,123,57
123,118,57
123,253,57
129,149,57
129,242,57
138,69,57
140,221,57
149,129,57
149,242,57
180,288,57
187,109,57
195,241,57
221,140,57
241,195,57
242,129,57
242,149,57
288,180,57
15,256,58
26,127,58
41,125,58
62,197,58
70,159,58
72,252,58
94,161,58
113,216,58
127,26,58
134,296,58
146,192,58
147,122,58
159,70,58
161,94,58
164,254,58
192,146,58
206,215,58
215,206,58
216,113,58
242,129,58
252,72,58
254,164,58
256,15,58
296,134,58
13,24,59
13,77,59
20,236,59
33,187,59
35,62,59
35,197,59
62,35,59
101,161,59
107,230,59
110,266,59
113,234,59
161,101,59
187,33,59
197,35,59
228,282,59
230,107,59
235,241,59
236,20,59
236,214,59
241,235,59
249,273,59
266,110,59
267,203,59
273,249,59
282,228,59
13,24,60
21,124,60
21,217,60
25,40,60
26,139,60
35,62,60
40,25,60
123,118,60
124,21,60
139,26,60
140,155,60
146,226,60
155,140,60
182,222,60
193,207,60
207,193,60
216,234,60
222,182,60
234,216,60
1,19,61
1,48,61
1,104,61
16,103,61
19,1,61
19,48,61
21,124,61
24,134,61
26,127,61
33,268,61
35,197,61
42,201,61
45,266,61
48,19,61
73,187,61
103,16,61
104,1,61
125,281,61
134,24,61
138,259,61
146,192,61
154,253,61
187,73,61
201,42,61
227,229,61
229,227,61
229,276,61
230,179,61
236,20,61
241,195,61
241,235,61
253,154,61
259,138,61
266,45,61
281,125,61
28,100,62
53,199,62
53,255,62
55,151,62
62,234,62
77,134,62
80,105,62
83,137,62
100,28,62
105,80,62
107,179,62
109,214,62
112,247,62
115,86,62
123,154,62
134,77,62
137,83,62
142,184,62
144,196,62
146,226,62
151,55,62
154,123,62
154,253,62
166,253,62
179,107,62
179,230,62
184,142,62
196,144,62
199,53,62
199,255,62
201,143,62
214,109,62
215,31,62
234,62,62
234,216,62
247,112,62
249,260,62
253,166,62
255,53,62
255,199,62
152,168,63
153,205,63
154,166,63
161,94,63
166,154,63
166,253,63
168,152,63
179,107,63
179,230,63
199,296,63
201,42,63
205,153,63
255,296,63
256,98,63
284,293,63
293,284,63
296,199,63
296,255,63
1,85,64
25,145,64
33,187,64
47,241,64
65,190,64
85,1,64
89,144,64
91,118,64
94,96,64
96,94,64
118,91,64
125,150,64
134,24,64
144,89,64
150,125,64
153,203,64
172,201,64
187,33,64
190,65,64
199,255,64
201,143,64
201,172,64
203,153,64
203,205,64
205,203,64
205,267,64
224,270,64
241,47,64
255,199,64
255,296,64
267,205,64
270,224,64
8,234,65
24,255,65
33,268,65
60,266,65
94,161,65
96,161,65
100,259,65
116,243,65
135,61,65
142,211,65
161,96,65
164,226,65
184,22,65
199,296,65
201,143,65
203,267,65
211,142,65
215,206,65
226,164,65
234,8,65
234,62,65
243,116,65
247,265,65
255,24,65
255,199,65
258,264,65
259,100,65
264,258,65
266,60,65
267,203,65
296,199,65
13,85,66
23,59,66
24,199,66
24,255,66
33,187,66
33,268,66
37,160,66
53,199,66
53,255,66
53,296,66
58,233,66
59,23,66
65,210,66
71,248,66
85,13,66
89,196,66
94,96,66
96,94,66
115,191,66
121,221,66
124,217,66
154,253,66
160,37,66
184,211,66
187,268,66
191,115,66
196,89,66
197,262,66
199,24,66
199,53,66
199,255,66
199,296,66
210,65,66
211,184,66
217,124,66
221,121,66
233,58,66
248,71,66
253,154,66
253,166,66
255,24,66
255,53,66
255,199,66
255,296,66
262,197,66
268,187,66
296,53,66
296,199,66
296,255,66
33,187,67
33,268,67
46,286,67
47,235,67
47,241,67
55,177,67
58,72,67
62,216,67
72,58,67
73,101,67
89,144,67
89,196,67
100,138,67
100,259,67
101,73,67
108,199,67
122,178,67
124,158,67
127,139,67
138,100,67
138,259,67
139,127,67
142,184,67
142,211,67
158,124,67
158,217,67
170,215,67
177,55,67
178,122,67
184,142,67
184,211,67
187,33,67
199,108,67
199,296,67
211,142,67
211,184,67
215,170,67
216,62,67
217,158,67
227,130,67
235,47,67
247,112,67
259,138,67
266,45,67
268,33,67
286,46,67
296,53,67
296,199,67
13,134,68
30,178,68
33,187,68
53,199,68
53,296,68
58,285,68
72,252,68
77,255,68
82,251,68
100,138,68
100,259,68
113,271,68
115,137,68
134,13,68
137,115,68
138,100,68
138,259,68
143,172,68
158,124,68
165,263,68
172,143,68
178,30,68
178,122,68
184,22,68
184,211,68
199,53,68
199,296,68
251,82,68
255,77,68
255,296,68
259,100,68
259,138,68
263,165,68
271,113,68
285,58,68
296,53,68
296,199,68
296,255,68
22,211,69
30,122,69
48,85,69
53,199,69
58,233,69
83,115,69
85,48,69
100,138,69
109,187,69
115,83,69
122,30,69
122,178,69
138,100,69
155,157,69
158,217,69
187,109,69
199,53,69
199,296,69
211,22,69
211,142,69
211,184,69
221,286,69
255,77,69
286,221,69
296,199,69
1,104,70
4,146,70
13,255,70
35,173,70
43,94,70
53,77,70
53,199,70
56,294,70
63,216,70
77,53,70
77,296,70
83,137,70
91,123,70
94,43,70
100,259,70
118,285,70
122,30,70
123,91,70
137,83,70
146,4,70
158,124,70
168,172,70
172,168,70
173,35,70
185,237,70
187,33,70
187,109,70
199,53,70
211,142,70
216,63,70
237,185,70
255,13,70
255,296,70
259,100,70
266,60,70
285,118,70
294,56,70
296,77,70
296,255,70
4,51,71
30,169,71
32,113,71
44,282,71
48,134,71
53,296,71
58,285,71
83,115,71
100,138,71
100,259,71
113,32,71
127,26,71
134,48,71
140,157,71
152,172,71
157,140,71
157,155,71
168,152,71
168,172,71
172,152,71
172,168,71
187,33,71
235,241,71
241,235,71
255,24,71
275,281,71
281,275,71
282,44,71
285,58,71
286,17,71
286,221,71
296,53,71
1,85,72
8,34,72
8,197,72
12,261,72
24,53,72
24,108,72
24,199,72
24,255,72
34,8,72
48,256,72
53,24,72
53,199,72
72,233,72
72,252,72
85,1,72
100,138,72
108,24,72
108,199,72
120,180,72
124,217,72
133,141,72
140,155,72
140,157,72
141,133,72
152,168,72
152,172,72
155,140,72
155,157,72
157,140,72
157,155,72
168,152,72
168,172,72
170,206,72
172,152,72
172,168,72
180,120,72
197,8,72
199,24,72
199,53,72
199,108,72
206,170,72
206,215,72
215,206,72
217,124,72
229,263,72
233,72,72
256,48,72
261,12,72
263,229,72
286,17,72
286,221,72
8,34,73
8,197,73
24,53,73
24,255,73
24,296,73
30,122,73
31,136,73
34,197,73
53,24,73
53,199,73
75,280,73
119,190,73
136,31,73
138,259,73
140,155,73
140,157,73
155,140,73
155,157,73
157,140,73
157,155,73
187,109,73
190,119,73
197,34,73
199,53,73
216,62,73
255,296,73
259,138,73
280,75,73
296,24,73
296,255,73
8,34,74
24,255,74
24,296,74
33,294,74
34,8,74
76,288,74
90,225,74
125,41,74
133,3,74
140,155,74
155,140,74
155,157,74
191,295,74
199,296,74
225,90,74
228,293,74
255,24,74
255,296,74
288,76,74
293,228,74
294,33,74
295,191,74
296,24,74
296,199,74
296,255,74
5,90,75
8,197,75
13,24,75
13,255,75
24,13,75
24,255,75
31,102,75
36,80,75
63,234,75
65,190,75
73,214,75
80,36,75
86,111,75
90,5,75
90,225,75
102,31,75
108,296,75
111,86,75
113,271,75
118,142,75
142,118,75
160,274,75
163,193,75
190,65,75
190,119,75
193,163,75
197,8,75
199,53,75
211,184,75
214,73,75
234,63,75
255,13,75
255,24,75
272,291,75
274,160,75
296,108,75
1,104,76
8,34,76
8,197,76
13,24,76
13,108,76
13,255,76
13,296,76
20,101,76
20,236,76
24,13,76
24,108,76
26,257,76
34,197,76
46,221,76
46,286,76
63,216,76
72,184,76
72,211,76
90,5,76
90,225,76
101,20,76
108,13,76
108,24,76
108,296,76
130,276,76
155,140,76
165,229,76
184,72,76
184,211,76
197,34,76
211,72,76
211,184,76
216,63,76
221,46,76
229,165,76
255,13,76
257,26,76
276,130,76
286,46,76
296,13,76
296,108,76
13,255,77
20,101,77
20,236,77
24,53,77
24,108,77
44,228,77
52,227,77
53,24,77
53,108,77
108,24,77
108,53,77
143,201,77
173,246,77
227,52,77
228,44,77
233,252,77
246,173,77
252,233,77
10,90,78
11,23,78
13,85,78
23,11,78
53,296,78
65,210,78
85,13,78
90,5,78
90,10,78
106,251,78
113,32,78
134,255,78
179,117,78
182,277,78
184,252,78
197,8,78
216,62,78
216,234,78
218,281,78
230,248,78
234,216,78
248,230,78
251,106,78
252,184,78
255,134,78
256,260,78
260,256,78
277,182,78
281,218,78
296,53,78
13,255,79
14,266,79
28,126,79
43,119,79
43,162,79
46,157,79
54,95,79
62,234,79
64,182,79
82,175,79
85,255,79
90,5,79
95,54,79
95,132,79
107,181,79
113,271,79
119,43,79
119,162,79
129,193,79
157,46,79
162,43,79
162,119,79
175,82,79
177,205,79
181,107,79
182,64,79
193,129,79
197,34,79
205,177,79
216,62,79
216,234,79
228,293,79
234,62,79
234,216,79
252,233,79
255,13,79
255,85,79
266,14,79
3,141,80
9,185,80
13,24,80
13,255,80
24,13,80
33,109,80
35,63,80
62,216,80
63,35,80
66,199,80
85,134,80
85,255,80
109,33,80
110,195,80
113,32,80
113,271,80
134,85,80
134,255,80
141,3,80
183,262,80
185,9,80
193,163,80
195,110,80
195,241,80
199,66,80
216,62,80
216,234,80
241,195,80
255,13,80
255,85,80
255,134,80
262,183,80
279,282,80
282,279,80
3,133,81
3,141,81
5,225,81
13,85,81
13,255,81
19,104,81
48,53,81
48,296,81
53,48,81
53,296,81
54,132,81
62,63,81
62,216,81
63,62,81
72,233,81
85,13,81
101,236,81
104,19,81
113,32,81
124,158,81
132,54,81
143,152,81
152,143,81
184,233,81
216,62,81
225,5,81
233,72,81
233,184,81
236,101,81
255,13,81
255,134,81
266,45,81
296,48,81
296,53,81
5,90,82
5,225,82
8,34,82
13,85,82
13,255,82
22,95,82
34,8,82
40,67,82
44,293,82
48,53,82
48,296,82
53,48,82
54,95,82
54,132,82
67,40,82
85,255,82
86,249,82
95,22,82
95,54,82
109,187,82
129,192,82
192,129,82
195,110,82
233,72,82
249,86,82
255,13,82
255,85,82
293,44,82
294,56,82
296,48,82
5,90,83
5,225,83
13,134,83
21,217,83
95,22,83
125,273,83
134,13,83
172,204,83
175,263,83
204,172,83
217,21,83
263,175,83
273,125,83
16,31,84
25,70,84
31,16,84
54,95,84
54,132,84
70,25,84
72,142,84
89,144,84
95,54,84
95,132,84
110,280,84
113,141,84
132,95,84
141,113,84
142,72,84
148,266,84
266,148,84
280,110,84
22,132,85
32,120,85
43,94,85
47,75,85
73,187,85
75,47,85
99,161,85
113,133,85
115,258,85
120,32,85
132,22,85
132,54,85
133,113,85
142,233,85
145,205,85
161,99,85
181,248,85
185,237,85
187,73,85
205,145,85
221,286,85
233,142,85
248,181,85
258,115,85
286,221,85
8,271,86
9,237,86
14,280,86
32,235,86
35,173,86
55,151,86
86,111,86
86,249,86
92,196,86
98,158,86
132,22,86
138,100,86
158,98,86
163,250,86
173,35,86
196,92,86
235,32,86
237,9,86
250,163,86
271,8,86
280,14,86
286,17,86
8,185,87
22,54,87
24,134,87
32,120,87
48,108,87
48,296,87
54,22,87
60,105,87
83,137,87
86,111,87
86,249,87
89,116,87
100,245,87
105,60,87
108,48,87
108,296,87
113,235,87
116,89,87
124,217,87
134,24,87
185,8,87
185,271,87
217,124,87
235,113,87
245,100,87
271,185,87
296,108,87
6,232,88
13,85,88
19,123,88
22,132,88
48,108,88
48,296,88
55,177,88
63,183,88
82,251,88
85,13,88
100,138,88
100,245,88
108,48,88
123,19,88
138,245,88
142,184,88
177,55,88
183,63,88
184,142,88
185,8,88
232,6,88
245,138,88
251,82,88
296,48,88
1,13,89
13,1,89
13,255,89
15,21,89
21,15,89
22,54,89
22,132,89
30,127,89
39,288,89
53,77,89
54,132,89
64,169,89
77,53,89
77,108,89
77,296,89
81,239,89
88,275,89
108,77,89
114,233,89
127,30,89
131,214,89
131,236,89
132,54,89
152,201,89
169,64,89
183,216,89
184,211,89
201,152,89
214,131,89
216,183,89
233,114,89
236,131,89
239,81,89
245,100,89
255,13,89
275,88,89
279,202,89
288,39,89
296,77,89
27,167,90
48,77,90
48,296,90
77,48,90
77,296,90
83,111,90
92,278,90
111,83,90
126,227,90
155,157,90
157,155,90
165,189,90
167,27,90
189,165,90
227,126,90
296,48,90
296,77,90
27,249,91
35,246,91
53,108,91
53,296,91
77,53,91
77,108,91
77,296,91
81,290,91
86,111,91
92,196,91
92,278,91
107,248,91
108,53,91
108,77,91
111,86,91
120,180,91
149,200,91
173,183,91
183,173,91
183,216,91
187,236,91
190,210,91
196,278,91
200,149,91
210,190,91
236,187,91
246,35,91
248,107,91
249,27,91
278,196,91
290,81,91
296,53,91
296,77,91
17,221,92
48,53,92
48,296,92
53,48,92
58,123,92
109,33,92
110,241,92
123,58,92
132,184,92
149,163,92
163,149,92
163,250,92
183,173,92
183,216,92
184,132,92
221,17,92
221,286,92
226,232,92
227,52,92
232,226,92
241,110,92
275,281,92
281,275,92
286,221,92
296,48,92
296,77,92
8,9,93
9,8,93
9,62,93
9,185,93
15,124,93
15,217,93
34,237,93
47,110,93
48,53,93
62,9,93
62,185,93
65,121,93
75,195,93
97,139,93
108,296,93
110,47,93
111,249,93
121,65,93
124,15,93
139,97,93
142,211,93
146,164,93
163,149,93
164,146,93
177,231,93
183,173,93
185,9,93
185,62,93
195,75,93
211,142,93
217,15,93
220,277,93
231,177,93
233,252,93
237,34,93
249,111,93
277,220,93
278,92,93
296,108,93
9,62,94
9,185,94
22,54,94
27,111,94
27,249,94
37,279,94
44,228,94
47,241,94
54,22,94
56,73,94
57,66,94
62,9,94
62,185,94
65,210,94
65,286,94
66,57,94
73,56,94
74,135,94
81,89,94
89,81,94
110,241,94
111,27,94
123,91,94
127,139,94
135,74,94
139,127,94
142,184,94
178,208,94
184,142,94
185,9,94
185,62,94
197,234,94
208,178,94
210,65,94
218,247,94
228,44,94
234,197,94
241,47,94
241,110,94
247,218,94
249,27,94
279,37,94
286,65,94
9,62,95
27,86,95
27,249,95
31,102,95
47,75,95
48,108,95
62,9,95
75,47,95
86,27,95
86,249,95
108,48,95
123,58,95
123,91,95
129,228,95
143,201,95
184,132,95
184,142,95
201,143,95
214,236,95
228,129,95
233,114,95
233,252,95
236,214,95
239,290,95
249,86,95
279,202,95
286,221,95
290,239,95
9,185,96
37,202,96
37,279,96
43,119,96
47,195,96
48,53,96
62,120,96
74,277,96
91,154,96
119,43,96
120,62,96
123,58,96
149,200,96
151,177,96
154,91,96
155,140,96
163,200,96
177,151,96
177,231,96
185,9,96
195,47,96
200,163,96
202,37,96
210,286,96
249,27,96
277,74,96
279,37,96
286,210,96
11,12,97
12,11,97
42,240,97
45,80,97
47,75,97
62,288,97
65,210,97
80,45,97
114,252,97
120,288,97
123,19,97
149,163,97
163,149,97
183,234,97
210,65,97
234,183,97
234,197,97
240,42,97
240,128,97
252,114,97
252,233,97
277,220,97
286,221,97
288,62,97
288,120,97
17,157,98
17,221,98
19,58,98
37,202,98
43,96,98
43,119,98
58,19,98
58,123,98
62,120,98
93,189,98
95,104,98
96,43,98
104,95,98
108,134,98
120,62,98
120,180,98
123,58,98
134,108,98
157,17,98
189,93,98
200,250,98
202,282,98
210,286,98
221,17,98
228,44,98
250,200,98
252,114,98
282,202,98
286,210,98
18,86,99
20,56,99
22,194,99
24,66,99
32,235,99
39,76,99
43,96,99
43,119,99
53,260,99
54,194,99
56,20,99
58,19,99
62,180,99
63,136,99
66,24,99
69,119,99
76,39,99
80,266,99
86,18,99
96,119,99
116,270,99
119,69,99
119,96,99
120,62,99
120,180,99
132,194,99
136,63,99
151,231,99
180,62,99
180,120,99
184,211,99
194,22,99
194,54,99
194,132,99
202,37,99
211,184,99
231,151,99
234,183,99
235,32,99
260,53,99
266,80,99
270,116,99
9,8,100
11,23,100
14,235,100
22,54,100
22,132,100
52,126,100
54,22,100
62,120,100
62,180,100
109,244,100
111,115,100
115,111,100
117,137,100
119,43,100
120,62,100
120,180,100
126,52,100
132,22,100
132,194,100
137,117,100
142,194,100
163,219,100
180,62,100
180,120,100
180,288,100
187,214,100
194,142,100
214,187,100
219,163,100
235,14,100
235,32,100
241,289,100
244,109,100
288,180,100
289,241,100
