5,84,1
15,46,1
18,21,1
21,18,1
33,143,1
35,129,1
38,130,1
42,58,1
46,15,1
56,144,1
58,42,1
61,169,1
63,78,1
65,171,1
73,163,1
74,141,1
76,91,1
76,139,1
78,63,1
84,5,1
86,108,1
91,76,1
95,104,1
104,95,1
108,86,1
110,131,1
113,159,1
129,35,1
130,38,1
131,110,1
139,76,1
141,74,1
143,33,1
144,56,1
150,174,1
155,171,1
159,113,1
163,73,1
169,61,1
171,65,1
171,155,1
174,150,1
177,183,1
179,184,1
183,177,1
184,179,1
11,25,2
13,17,2
17,13,2
23,78,2
25,11,2
33,162,2
39,87,2
40,106,2
57,110,2
74,181,2
78,23,2
86,89,2
86,108,2
87,39,2
89,86,2
106,40,2
110,57,2
124,159,2
159,124,2
162,33,2
181,74,2
74,141,3
74,181,3
78,63,3
80,158,3
86,89,3
110,131,3
141,181,3
156,165,3
158,80,3
165,156,3
181,141,3
15,75,4
56,123,4
75,15,4
76,91,4
80,166,4
81,147,4
97,185,4
106,131,4
123,56,4
131,106,4
131,110,4
147,81,4
166,80,4
185,97,4
46,182,5
57,106,5
75,182,5
88,179,5
106,57,5
106,131,5
114,186,5
131,106,5
179,88,5
182,46,5
182,75,5
186,114,5
3,148,6
36,49,6
44,115,6
49,36,6
75,15,6
90,170,6
106,57,6
115,44,6
148,3,6
170,90,6
182,46,6
12,111,7
34,64,7
40,131,7
55,153,7
64,34,7
86,108,7
91,95,7
95,91,7
111,12,7
131,40,7
153,55,7
162,172,7
171,184,7
172,162,7
184,171,7
37,178,8
65,70,8
70,65,8
80,138,8
80,158,8
86,89,8
86,108,8
99,139,8
106,131,8
114,117,8
117,114,8
131,106,8
138,80,8
138,166,8
139,99,8
166,138,8
178,37,8
24,89,9
47,96,9
57,110,9
86,89,9
89,24,9
89,86,9
91,76,9
91,95,9
96,47,9
104,157,9
110,57,9
138,158,9
154,183,9
157,104,9
158,138,9
183,154,9
4,109,10
16,29,10
24,167,10
29,16,10
46,181,10
91,76,10
97,99,10
97,185,10
99,97,10
108,135,10
109,4,10
134,170,10
135,108,10
167,24,10
170,134,10
181,46,10
46,182,11
79,168,11
81,101,11
92,153,11
97,139,11
97,185,11
101,81,11
139,97,11
151,173,11
153,92,11
168,79,11
173,151,11
45,115,12
46,181,12
97,139,12
115,45,12
152,180,12
180,152,12
33,156,13
33,162,13
40,161,13
46,182,13
54,177,13
90,134,13
97,185,13
99,139,13
99,185,13
134,90,13
134,170,13
136,160,13
137,163,13
139,99,13
156,33,13
160,136,13
161,40,13
162,33,13
163,137,13
177,54,13
185,99,13
11,45,14
16,151,14
42,84,14
45,11,14
53,60,14
58,138,14
60,53,14
65,155,14
67,144,14
84,42,14
97,99,14
97,185,14
99,97,14
99,185,14
115,44,14
120,178,14
131,161,14
134,90,14
138,58,14
144,67,14
151,16,14
151,173,14
155,65,14
156,162,14
161,131,14
162,156,14
178,120,14
185,97,14
185,99,14
16,29,15
16,151,15
32,36,15
33,156,15
36,32,15
42,58,15
58,42,15
61,145,15
75,107,15
86,167,15
97,99,15
99,97,15
107,75,15
139,185,15
145,61,15
145,169,15
151,16,15
156,33,15
167,86,15
169,145,15
178,37,15
185,139,15
2,94,16
9,126,16
15,182,16
16,29,16
16,151,16
22,118,16
29,151,16
47,116,16
80,166,16
94,2,16
97,139,16
99,139,16
99,185,16
116,47,16
118,22,16
126,9,16
139,97,16
139,99,16
151,29,16
166,80,16
167,24,16
182,15,16
185,99,16
10,39,17
24,86,17
32,120,17
33,162,17
39,10,17
46,181,17
46,182,17
47,96,17
47,116,17
56,67,17
67,56,17
76,104,17
77,142,17
86,24,17
104,76,17
120,32,17
139,97,17
142,77,17
162,33,17
182,46,17
33,156,18
61,111,18
61,145,18
96,116,18
111,61,18
116,96,18
145,61,18
145,169,18
157,185,18
165,172,18
172,165,18
185,157,18
15,46,19
27,122,19
42,84,19
46,15,19
47,96,19
47,116,19
58,138,19
96,47,19
97,185,19
116,47,19
122,27,19
145,61,19
185,97,19
15,182,20
33,162,20
46,182,20
65,101,20
65,155,20
80,158,20
96,116,20
97,99,20
99,97,20
101,65,20
101,115,20
115,101,20
116,96,20
122,137,20
137,122,20
158,80,20
182,15,20
182,46,20
22,93,21
48,148,21
65,101,21
65,155,21
77,98,21
91,104,21
93,22,21
98,77,21
101,65,21
101,155,21
104,91,21
120,178,21
122,27,21
148,48,21
155,101,21
161,40,21
161,131,21
178,120,21
182,15,21
182,46,21
6,177,22
15,181,22
32,36,22
65,101,22
65,115,22
65,155,22
86,167,22
101,65,22
101,115,22
101,155,22
115,65,22
115,101,22
115,155,22
155,65,22
155,101,22
155,115,22
161,40,22
167,86,22
177,6,22
181,15,22
181,182,22
182,181,22
7,174,23
67,166,23
101,115,23
115,101,23
115,155,23
166,67,23
174,7,23
12,92,24
90,170,24
92,12,24
97,139,24
104,76,24
115,101,24
170,90,24
16,29,25
24,167,25
29,16,25
65,70,25
71,147,25
72,183,25
147,71,25
156,162,25
162,156,25
167,24,25
183,72,25
44,70,26
65,101,26
65,115,26
70,44,26
70,65,26
101,65,26
101,115,26
115,65,26
115,101,26
13,138,27
21,85,27
41,165,27
57,106,27
65,70,27
65,101,27
76,91,27
83,160,27
85,21,27
91,76,27
101,65,27
101,115,27
105,188,27
106,57,27
138,13,27
160,83,27
165,41,27
167,86,27
188,105,27
38,144,28
70,44,28
122,137,28
144,38,28
167,24,28
25,68,29
41,172,29
65,70,29
68,25,29
70,65,29
91,104,29
104,91,29
111,145,29
145,111,29
160,136,29
167,86,29
172,41,29
20,43,30
24,89,30
37,120,30
41,165,30
41,172,30
43,20,30
46,181,30
79,82,30
82,79,30
89,24,30
120,37,30
146,172,30
160,83,30
172,146,30
181,46,30
13,58,31
13,138,31
20,23,31
23,20,31
31,132,31
33,165,31
41,165,31
58,13,31
65,115,31
84,166,31
115,65,31
132,31,31
165,33,31
165,41,31
166,84,31
13,58,32
13,138,32
23,43,32
33,172,32
43,23,32
57,132,32
132,57,32
165,33,32
165,172,32
172,33,32
172,165,32
12,111,33
23,20,33
33,41,33
41,33,33
44,65,33
65,44,33
65,115,33
89,167,33
101,81,33
110,131,33
111,12,33
131,110,33
167,89,33
13,58,34
24,86,34
24,89,34
24,167,34
44,155,34
50,102,34
55,107,34
64,83,34
70,71,34
71,70,34
83,64,34
86,24,34
89,24,34
89,167,34
91,76,34
102,50,34
107,55,34
122,27,34
155,44,34
167,24,34
167,89,34
170,187,34
187,170,34
24,89,35
24,167,35
76,185,35
89,24,35
107,182,35
167,24,35
182,107,35
185,76,35
6,137,36
7,57,36
24,89,36
57,7,36
84,42,36
97,99,36
97,139,36
99,139,36
118,138,36
128,147,36
137,6,36
138,118,36
139,99,36
147,128,36
76,91,37
183,154,37
51,59,38
59,51,38
89,167,38
152,176,38
167,89,38
176,152,38
181,141,38
35,169,39
42,80,39
42,84,39
47,93,39
80,42,39
93,47,39
97,162,39
162,97,39
162,156,39
169,35,39
7,31,40
7,57,40
17,58,40
31,7,40
42,80,40
42,84,40
42,158,40
46,141,40
58,17,40
60,121,40
65,155,40
67,56,40
80,84,40
84,80,40
84,158,40
89,24,40
121,60,40
141,46,40
155,65,40
158,42,40
158,84,40
7,31,41
7,57,41
13,138,41
24,86,41
29,140,41
38,130,41
42,80,41
42,158,41
80,42,41
98,142,41
138,13,41
140,29,41
142,98,41
158,42,41
26,189,42
42,80,42
54,183,42
64,34,42
97,99,42
99,97,42
131,161,42
161,131,42
183,54,42
189,26,42
44,171,43
70,128,43
128,70,43
137,163,43
171,44,43
56,166,44
61,169,44
166,56,44
169,61,44
6,163,45
19,114,45
41,172,45
81,155,45
91,185,45
113,164,45
114,19,45
155,81,45
163,6,45
164,113,45
172,41,45
185,91,45
1,117,46
2,117,46
7,174,46
32,178,46
36,37,46
36,120,46
37,36,46
59,168,46
61,145,46
61,169,46
67,166,46
117,1,46
117,2,46
120,36,46
123,166,46
145,61,46
145,169,46
166,67,46
166,123,46
167,170,46
168,59,46
169,145,46
170,167,46
172,165,46
178,32,46
17,56,47
56,17,47
56,58,47
58,56,47
61,145,47
131,110,47
145,61,47
145,169,47
1,2,48
2,1,48
2,117,48
11,108,48
17,58,48
56,17,48
56,58,48
56,123,48
58,17,48
58,56,48
108,11,48
123,56,48
123,166,48
166,67,48
166,123,48
18,134,49
21,174,49
25,76,49
56,67,49
56,166,49
58,17,49
67,56,49
76,25,49
134,18,49
161,40,49
166,56,49
166,123,49
174,21,49
30,173,50
35,145,50
67,166,50
101,108,50
108,101,50
145,35,50
166,67,50
171,184,50
173,30,50
174,7,50
174,21,50
23,78,51
38,144,51
78,23,51
97,162,51
128,147,51
139,157,51
157,139,51
162,97,51
166,123,51
108,11,52
166,56,52
56,67,53
67,56,53
10,87,54
17,56,54
17,166,54
32,95,54
56,17,54
56,166,54
80,158,54
87,10,54
95,32,54
158,80,54
166,17,54
166,56,54
174,150,54
56,58,55
56,166,55
58,56,55
69,102,55
99,157,55
102,69,55
111,169,55
123,130,55
130,123,55
157,99,55
169,111,55
21,57,56
51,53,56
53,51,56
57,21,56
61,111,56
67,130,56
71,81,56
81,71,56
111,61,56
111,169,56
127,173,56
130,67,56
134,170,56
170,134,56
173,127,56
1,117,57
31,57,57
56,138,57
57,31,57
61,169,57
64,83,57
111,61,57
117,1,57
130,123,57
138,56,57
169,61,57
39,114,58
57,174,58
58,138,58
114,39,58
138,13,58
138,58,58
166,17,58
170,167,58
174,57,58
18,90,59
27,137,59
31,174,59
34,160,59
49,185,59
90,18,59
110,161,59
111,169,59
129,153,59
137,27,59
153,129,59
160,34,59
161,110,59
169,111,59
174,31,59
185,49,59
61,111,60
111,61,60
25,104,61
33,172,61
61,169,61
104,25,61
112,160,61
130,67,61
160,112,61
169,61,61
172,33,61
17,138,62
21,174,62
128,135,62
128,147,62
130,123,62
135,128,62
138,17,62
174,21,62
13,58,63
15,24,63
21,150,63
21,174,63
24,15,63
58,13,63
128,135,63
128,147,63
135,147,63
147,135,63
150,21,63
150,174,63
174,150,63
21,150,64
111,169,64
123,166,64
147,128,64
150,21,64
150,174,64
166,123,64
169,111,64
36,37,65
58,138,65
74,128,65
128,74,65
130,67,65
138,58,65
17,166,66
128,135,66
129,132,66
129,153,66
132,129,66
135,128,66
139,165,66
160,34,66
165,139,66
166,17,66
13,56,67
44,184,67
49,178,67
56,13,67
63,151,67
122,149,67
128,74,67
129,132,67
129,153,67
132,153,67
149,122,67
151,63,67
153,132,67
160,112,67
161,40,67
167,187,67
178,49,67
184,44,67
187,167,67
13,58,68
47,175,68
58,13,68
61,111,68
67,123,68
111,61,68
123,67,68
141,182,68
153,129,68
160,34,68
160,112,68
162,165,68
165,162,68
175,47,68
182,141,68
10,189,69
29,63,69
34,64,69
48,52,69
52,48,69
63,29,69
64,34,69
124,164,69
164,124,69
189,10,69
17,138,70
17,166,70
34,160,70
64,160,70
138,17,70
160,34,70
160,64,70
57,107,71
107,57,71
144,178,71
178,144,71
24,86,72
65,184,72
139,162,72
162,139,72
162,165,72
184,65,72
59,82,73
70,115,73
82,59,73
115,70,73
150,21,73
162,139,73
16,83,74
34,112,74
83,16,74
112,34,74
126,186,74
186,126,74
8,105,75
49,144,75
105,8,75
122,163,75
123,166,75
144,49,75
163,122,75
166,123,75
16,160,76
67,178,76
76,99,76
99,76,76
160,16,76
178,67,76
17,138,77
18,48,77
25,91,77
48,18,77
71,147,77
86,101,77
91,25,77
91,104,77
97,139,77
101,86,77
104,91,77
139,97,77
147,71,77
7,107,78
15,170,78
16,83,78
25,104,78
40,131,78
91,25,78
91,104,78
104,25,78
104,91,78
107,7,78
131,40,78
170,15,78
7,174,79
16,160,79
25,91,79
48,52,79
71,81,79
83,160,79
91,25,79
91,104,79
160,83,79
174,7,79
1,94,80
16,64,80
26,150,80
38,49,80
49,38,80
63,151,80
64,16,80
64,160,80
72,137,80
87,114,80
90,187,80
91,25,80
94,1,80
114,87,80
137,72,80
139,156,80
150,26,80
156,139,80
160,64,80
187,90,80
46,182,81
49,144,81
67,130,81
77,167,81
167,77,81
182,46,81
4,121,82
27,180,82
64,16,82
67,144,82
80,84,82
84,80,82
85,134,82
121,4,82
134,85,82
139,157,82
144,67,82
156,157,82
157,139,82
157,156,82
180,27,82
9,110,83
17,58,83
24,89,83
27,137,83
35,169,83
58,17,83
110,9,83
136,151,83
137,27,83
151,136,83
169,35,83
9,106,84
24,86,84
24,89,84
57,92,84
86,24,84
92,57,84
106,9,84
113,125,84
125,113,84
9,110,85
24,86,85
57,107,85
64,112,85
79,176,85
86,89,85
89,86,85
92,107,85
107,57,85
107,92,85
112,64,85
145,169,85
169,145,85
176,79,85
16,83,86
24,89,86
30,151,86
83,16,86
86,24,86
86,89,86
89,24,86
89,86,86
111,129,86
112,160,86
129,111,86
151,30,86
160,112,86
24,86,87
27,163,87
57,92,87
86,24,87
92,57,87
137,180,87
139,165,87
151,63,87
163,27,87
165,139,87
180,137,87
30,63,88
30,151,88
61,129,88
63,30,88
63,151,88
79,82,88
82,79,88
91,99,88
99,91,88
129,61,88
151,30,88
151,63,88
169,35,88
5,124,89
21,148,89
25,104,89
49,38,89
52,148,89
61,111,89
61,129,89
104,25,89
111,61,89
124,5,89
148,21,89
148,52,89
24,101,90
42,185,90
64,160,90
79,176,90
101,24,90
144,178,90
148,21,90
151,136,90
160,64,90
163,6,90
178,144,90
185,42,90
2,87,91
2,114,91
21,52,91
21,148,91
52,21,91
64,83,91
83,64,91
87,2,91
87,114,91
114,2,91
114,87,91
138,166,91
151,63,91
166,138,91
2,87,92
4,60,92
52,148,92
60,4,92
87,2,92
148,52,92
160,112,92
11,86,93
16,151,93
23,20,93
35,145,93
36,109,93
86,11,93
109,36,93
145,35,93
151,16,93
158,166,93
166,158,93
4,121,94
20,78,94
32,37,94
37,32,94
60,121,94
78,20,94
121,60,94
151,63,94
163,27,94
4,60,95
20,23,95
45,113,95
60,4,95
64,112,95
112,64,95
113,45,95
122,149,95
151,16,95
30,136,97
56,123,97
123,56,97
136,30,97
139,97,97
148,21,97
151,63,97
2,10,98
10,2,98
16,63,98
16,151,98
35,129,98
37,103,98
63,16,98
63,151,98
64,140,98
77,90,98
79,82,98
90,77,98
93,124,98
103,37,98
111,153,98
112,160,98
124,93,98
129,35,98
140,64,98
151,16,98
151,63,98
153,111,98
157,165,98
165,157,98
178,185,98
185,178,98
16,63,99
34,83,99
60,121,99
63,16,99
63,151,99
83,34,99
139,172,99
172,139,99
32,103,100
37,32,100
37,103,100
96,138,100
103,32,100
103,37,100
115,128,100
128,115,100
129,61,100
138,96,100
