7,16,1
10,127,1
14,120,1
16,7,1
27,236,1
31,197,1
32,195,1
36,202,1
37,150,1
38,157,1
40,204,1
46,73,1
46,190,1
50,83,1
68,216,1
71,214,1
72,304,1
73,46,1
76,186,1
83,50,1
85,117,1
91,122,1
91,234,1
113,223,1
114,252,1
116,121,1
117,85,1
120,14,1
121,116,1
122,91,1
126,205,1
127,10,1
137,278,1
139,263,1
150,37,1
152,260,1
157,38,1
158,275,1
161,299,1
169,176,1
169,242,1
174,179,1
176,169,1
179,174,1
186,76,1
190,46,1
195,32,1
195,201,1
197,31,1
201,195,1
202,36,1
204,40,1
205,126,1
207,219,1
208,278,1
211,292,1
214,71,1
216,68,1
217,258,1
217,273,1
219,207,1
220,255,1
223,113,1
234,91,1
236,27,1
242,169,1
252,114,1
255,220,1
258,217,1
260,152,1
263,139,1
273,217,1
275,158,1
278,137,1
278,208,1
281,293,1
285,302,1
291,294,1
292,211,1
293,281,1
294,291,1
299,161,1
302,285,1
304,72,1
2,266,2
3,53,2
20,105,2
21,231,2
26,284,2
42,168,2
43,56,2
45,257,2
53,3,2
56,43,2
59,191,2
68,147,2
68,216,2
88,193,2
92,180,2
104,105,2
105,20,2
105,104,2
114,181,2
114,252,2
137,215,2
137,278,2
147,68,2
147,216,2
153,298,2
161,190,2
168,42,2
175,290,2
176,242,2
177,297,2
180,92,2
181,114,2
190,161,2
191,59,2
193,88,2
203,262,2
215,137,2
216,147,2
231,21,2
242,176,2
257,45,2
262,203,2
266,2,2
278,137,2
284,26,2
290,175,2
297,177,2
298,153,2
9,253,3
11,90,3
12,304,3
33,144,3
46,73,3
55,155,3
57,171,3
68,147,3
68,216,3
79,266,3
86,194,3
88,118,3
90,11,3
105,20,3
106,175,3
114,181,3
117,185,3
118,88,3
137,215,3
144,33,3
146,149,3
147,68,3
149,146,3
151,182,3
155,55,3
171,57,3
175,106,3
182,151,3
185,117,3
194,86,3
197,199,3
199,197,3
206,270,3
216,68,3
235,244,3
237,301,3
244,235,3
253,9,3
266,79,3
270,206,3
301,237,3
304,12,3
24,271,4
28,74,4
32,201,4
38,110,4
46,190,4
55,226,4
56,163,4
64,112,4
68,206,4
73,264,4
74,28,4
104,262,4
110,38,4
110,142,4
112,64,4
114,282,4
118,193,4
142,110,4
148,217,4
161,299,4
163,56,4
175,290,4
190,46,4
193,118,4
197,31,4
201,32,4
201,195,4
206,68,4
216,270,4
217,148,4
226,55,4
262,104,4
264,73,4
270,216,4
271,24,4
282,114,4
3,132,5
19,238,5
25,193,5
41,51,5
46,73,5
47,265,5
49,233,5
51,41,5
55,155,5
65,261,5
68,270,5
69,280,5
73,46,5
73,264,5
87,291,5
132,3,5
181,282,5
193,25,5
193,118,5
206,270,5
221,248,5
223,228,5
228,223,5
233,49,5
238,19,5
248,221,5
261,65,5
265,47,5
270,68,5
270,206,5
280,69,5
282,181,5
291,87,5
12,164,6
25,118,6
25,193,6
46,190,6
73,46,6
81,87,6
87,81,6
87,291,6
90,217,6
90,254,6
92,208,6
114,252,6
118,25,6
127,193,6
131,170,6
147,206,6
164,12,6
170,131,6
178,277,6
193,25,6
193,127,6
206,147,6
208,92,6
212,259,6
217,90,6
217,148,6
254,90,6
259,212,6
266,2,6
270,68,6
277,178,6
19,50,7
25,127,7
31,199,7
46,73,7
46,190,7
50,19,7
59,79,7
79,59,7
87,81,7
99,180,7
101,213,7
103,299,7
114,282,7
127,25,7
127,193,7
131,243,7
134,165,7
137,278,7
165,134,7
180,99,7
195,250,7
199,31,7
213,101,7
215,278,7
243,131,7
250,195,7
278,215,7
282,114,7
291,294,7
299,103,7
5,56,8
5,163,8
38,142,8
45,108,8
46,73,8
56,5,8
56,163,8
68,117,8
86,289,8
108,45,8
115,161,8
117,68,8
119,187,8
129,177,8
131,170,8
137,215,8
141,247,8
142,38,8
161,115,8
163,5,8
163,56,8
175,106,8
177,129,8
187,119,8
201,32,8
215,137,8
232,258,8
247,141,8
258,232,8
289,86,8
2,79,9
3,53,9
7,123,9
8,141,9
25,193,9
27,168,9
32,50,9
32,201,9
48,210,9
50,32,9
50,201,9
67,304,9
79,2,9
109,119,9
112,184,9
114,181,9
117,185,9
119,109,9
123,7,9
134,245,9
141,8,9
142,110,9
163,5,9
168,27,9
181,114,9
184,112,9
186,283,9
193,25,9
201,50,9
210,48,9
245,134,9
262,203,9
283,186,9
304,67,9
19,32,10
19,50,10
26,305,10
32,19,10
36,51,10
45,257,10
47,275,10
50,19,10
50,201,10
51,36,10
67,185,10
83,306,10
85,270,10
112,64,10
112,184,10
118,127,10
120,295,10
127,118,10
142,268,10
145,259,10
147,270,10
179,276,10
185,67,10
222,272,10
259,145,10
268,142,10
270,85,10
270,147,10
272,222,10
275,47,10
276,179,10
295,120,10
305,26,10
306,83,10
8,161,11
29,194,11
42,58,11
45,108,11
45,257,11
50,19,11
55,122,11
58,42,11
64,184,11
106,111,11
108,257,11
111,106,11
122,55,11
142,110,11
147,206,11
147,270,11
158,259,11
161,8,11
162,265,11
184,64,11
184,112,11
194,29,11
206,270,11
234,244,11
237,281,11
244,234,11
257,108,11
259,158,11
265,162,11
270,206,11
281,237,11
293,301,11
301,293,11
2,189,12
4,226,12
19,250,12
38,218,12
45,108,12
55,155,12
56,152,12
56,163,12
64,112,12
64,184,12
87,294,12
108,45,12
112,64,12
112,184,12
117,304,12
142,268,12
145,158,12
147,206,12
147,270,12
152,56,12
158,145,12
158,259,12
160,265,12
163,56,12
184,64,12
184,112,12
189,2,12
194,289,12
206,147,12
206,270,12
218,38,12
221,246,12
224,229,12
226,4,12
229,224,12
234,235,12
234,244,12
235,234,12
246,221,12
250,19,12
265,160,12
270,147,12
270,206,12
289,194,12
294,87,12
304,117,12
1,116,13
3,132,13
6,227,13
8,149,13
13,131,13
19,50,13
19,250,13
27,58,13
27,168,13
50,250,13
55,122,13
55,155,13
58,27,13
64,112,13
98,134,13
112,64,13
116,1,13
116,121,13
122,155,13
131,13,13
134,98,13
135,158,13
149,8,13
155,122,13
158,135,13
158,259,13
159,197,13
160,162,13
160,265,13
162,160,13
162,265,13
194,29,13
197,159,13
227,6,13
234,235,13
234,244,13
235,244,13
244,235,13
246,248,13
248,246,13
250,50,13
265,162,13
2,203,14
3,53,14
3,132,14
19,50,14
27,58,14
34,172,14
46,190,14
50,19,14
53,132,14
55,122,14
55,155,14
56,152,14
76,115,14
83,217,14
114,282,14
115,76,14
122,55,14
122,155,14
126,209,14
130,239,14
132,53,14
142,110,14
155,55,14
155,122,14
169,176,14
172,34,14
176,169,14
201,250,14
203,2,14
209,126,14
217,83,14
217,254,14
221,248,14
234,235,14
234,244,14
235,234,14
235,244,14
239,130,14
244,234,14
244,235,14
246,221,14
246,248,14
248,221,14
248,246,14
250,201,14
252,282,14
254,217,14
265,160,14
282,252,14
3,53,15
53,3,15
55,122,15
69,156,15
73,103,15
73,299,15
78,150,15
91,244,15
103,73,15
103,299,15
122,55,15
132,274,15
141,149,15
147,206,15
149,141,15
150,78,15
156,69,15
181,282,15
206,147,15
217,83,15
217,148,15
221,246,15
221,248,15
234,235,15
235,234,15
244,91,15
246,221,15
248,221,15
258,273,15
273,258,15
274,132,15
282,181,15
299,73,15
299,103,15
5,43,16
43,5,16
46,264,16
61,257,16
68,270,16
79,203,16
104,189,16
104,262,16
114,215,16
147,187,16
152,260,16
155,180,16
180,155,16
187,147,16
189,104,16
203,79,16
206,216,16
215,114,16
216,206,16
221,246,16
246,248,16
248,246,16
257,61,16
262,104,16
264,46,16
270,68,16
292,300,16
299,73,16
300,292,16
10,193,17
11,148,17
11,254,17
35,222,17
50,250,17
63,297,17
65,192,17
72,164,17
89,238,17
92,99,17
97,225,17
99,92,17
114,282,17
122,137,17
137,122,17
145,259,17
148,11,17
153,186,17
153,298,17
158,145,17
158,259,17
164,72,17
165,245,17
167,195,17
186,153,17
192,65,17
193,10,17
195,167,17
203,2,17
222,35,17
225,97,17
234,244,17
238,89,17
244,234,17
245,165,17
250,50,17
254,11,17
259,145,17
259,158,17
268,288,17
282,114,17
282,252,17
288,268,17
297,63,17
299,103,17
11,148,18
13,256,18
29,289,18
66,281,18
110,268,18
114,181,18
114,215,18
114,252,18
114,282,18
145,158,18
145,259,18
147,216,18
158,145,18
158,259,18
181,114,18
181,252,18
182,196,18
190,264,18
196,182,18
208,287,18
212,243,18
216,147,18
216,206,18
234,235,18
234,244,18
235,244,18
243,212,18
244,91,18
244,234,18
244,235,18
252,114,18
252,181,18
252,282,18
256,13,18
259,145,18
259,158,18
264,190,18
268,110,18
281,66,18
281,237,18
282,114,18
282,252,18
287,208,18
289,29,18
2,79,19
8,146,19
32,50,19
46,115,19
47,162,19
50,32,19
51,41,19
68,206,19
74,221,19
79,2,19
82,288,19
85,105,19
105,85,19
114,215,19
115,46,19
146,8,19
152,56,19
153,186,19
160,162,19
162,47,19
162,160,19
206,68,19
215,282,19
221,74,19
222,272,19
225,271,19
230,267,19
244,91,19
244,235,19
258,306,19
259,145,19
267,230,19
271,225,19
282,215,19
282,252,19
288,82,19
299,73,19
306,258,19
10,253,20
11,254,20
21,296,20
26,194,20
28,40,20
30,67,20
40,28,20
44,108,20
57,260,20
67,30,20
73,103,20
96,305,20
97,271,20
103,73,20
104,189,20
108,44,20
123,138,20
128,142,20
131,289,20
137,172,20
138,123,20
142,128,20
172,137,20
194,26,20
215,114,20
216,147,20
244,91,20
244,234,20
253,10,20
260,57,20
271,97,20
289,131,20
296,21,20
305,96,20
11,148,21
19,32,21
24,254,21
32,19,21
48,166,21
79,59,21
103,299,21
112,295,21
137,122,21
148,217,21
148,254,21
166,48,21
215,282,21
244,235,21
254,24,21
254,148,21
282,215,21
295,112,21
299,103,21
14,112,22
14,295,22
19,238,22
29,86,22
32,50,22
69,280,22
73,299,22
86,29,22
112,14,22
112,295,22
114,282,22
147,187,22
215,114,22
215,252,22
215,282,22
217,273,22
238,19,22
252,215,22
252,282,22
254,24,22
254,148,22
273,217,22
282,114,22
282,215,22
282,252,22
295,14,22
295,112,22
299,73,22
11,254,23
24,148,23
65,141,23
82,110,23
82,288,23
90,97,23
97,90,23
99,278,23
107,171,23
110,82,23
122,172,23
137,172,23
141,65,23
148,11,23
148,24,23
148,254,23
171,107,23
172,122,23
172,137,23
187,279,23
215,252,23
215,282,23
237,301,23
244,91,23
252,215,23
252,282,23
254,11,23
254,148,23
278,99,23
279,187,23
282,215,23
282,252,23
295,14,23
301,237,23
11,90,24
11,97,24
19,32,24
19,50,24
24,254,24
24,273,24
32,19,24
32,50,24
33,48,24
47,160,24
48,33,24
50,19,24
50,32,24
67,203,24
90,11,24
90,97,24
94,211,24
97,11,24
97,90,24
104,262,24
113,228,24
114,252,24
139,147,24
147,139,24
148,24,24
148,273,24
154,188,24
160,47,24
172,122,24
181,215,24
181,282,24
188,154,24
189,262,24
203,67,24
206,216,24
211,94,24
215,181,24
215,252,24
215,282,24
216,206,24
228,113,24
244,235,24
252,114,24
252,215,24
254,24,24
254,273,24
262,189,24
271,225,24
273,24,24
273,148,24
273,254,24
282,181,24
282,215,24
11,90,25
11,97,25
19,201,25
24,148,25
47,265,25
50,19,25
55,137,25
67,185,25
67,203,25
76,190,25
90,11,25
90,97,25
97,11,25
97,90,25
114,181,25
122,55,25
122,137,25
137,55,25
137,122,25
148,24,25
148,273,25
181,114,25
190,76,25
191,232,25
193,25,25
201,19,25
232,191,25
244,91,25
265,47,25
273,148,25
273,254,25
9,127,26
11,90,26
16,123,26
19,50,26
19,89,26
24,254,26
37,78,26
50,89,26
50,238,26
51,36,26
67,185,26
67,203,26
69,195,26
78,37,26
89,19,26
89,50,26
90,11,26
91,235,26
93,220,26
110,288,26
123,16,26
127,9,26
128,268,26
137,55,26
139,187,26
139,279,26
148,254,26
181,252,26
187,139,26
195,69,26
220,93,26
235,91,26
238,50,26
252,181,26
254,24,26
254,148,26
254,273,26
268,128,26
279,139,26
288,110,26
14,64,27
19,50,27
19,201,27
34,197,27
38,302,27
50,19,27
50,201,27
64,14,27
67,185,27
81,294,27
88,127,27
90,97,27
91,234,27
91,235,27
102,133,27
123,138,27
127,88,27
133,102,27
137,122,27
139,187,27
145,275,27
148,273,27
152,163,27
163,152,27
168,236,27
187,279,27
197,34,27
201,50,27
234,91,27
236,168,27
240,261,27
254,148,27
254,273,27
261,240,27
273,148,27
273,254,27
275,145,27
279,187,27
294,81,27
302,38,27
7,57,28
8,161,28
37,150,28
46,87,28
57,7,28
68,147,28
80,162,28
87,46,28
90,11,28
90,97,28
90,273,28
113,277,28
127,9,28
137,55,28
145,259,28
147,68,28
150,37,28
162,80,28
220,296,28
273,90,28
273,254,28
277,113,28
281,301,28
296,220,28
301,281,28
301,293,28
43,184,29
55,122,29
73,103,29
73,115,29
74,248,29
91,244,29
103,73,29
103,299,29
115,73,29
122,55,29
134,165,29
153,283,29
154,213,29
158,212,29
165,134,29
184,43,29
185,203,29
201,19,29
203,185,29
212,158,29
213,154,29
220,93,29
220,296,29
237,293,29
248,74,29
262,104,29
271,300,29
273,90,29
273,254,29
283,153,29
293,237,29
293,301,29
299,103,29
300,271,29
301,281,29
301,293,29
32,250,30
51,204,30
58,236,30
74,221,30
90,254,30
90,273,30
91,235,30
91,244,30
99,208,30
99,278,30
113,241,30
113,277,30
139,279,30
142,268,30
204,51,30
208,99,30
236,58,30
241,113,30
241,277,30
250,32,30
254,90,30
268,142,30
273,90,30
277,241,30
279,139,30
293,237,30
300,292,30
8,146,31
25,219,31
32,201,31
47,135,31
68,216,31
73,103,31
73,115,31
92,278,31
98,245,31
99,208,31
103,73,31
103,115,31
104,189,31
115,103,31
127,88,31
135,47,31
142,302,31
154,188,31
154,213,31
189,104,31
201,32,31
216,68,31
219,25,31
220,93,31
245,98,31
278,92,31
300,271,31
300,292,31
302,142,31
7,123,32
8,161,32
13,170,32
20,95,32
24,217,32
68,279,32
89,238,32
95,20,32
109,205,32
123,7,32
125,280,32
133,242,32
153,190,32
170,13,32
188,213,32
190,153,32
193,219,32
205,109,32
213,188,32
217,24,32
219,193,32
220,296,32
228,277,32
238,89,32
242,133,32
277,228,32
277,241,32
279,68,32
279,139,32
280,125,32
293,301,32
8,141,33
8,161,33
11,273,33
13,86,33
21,200,33
30,164,33
38,268,33
56,207,33
68,139,33
68,147,33
68,279,33
83,250,33
86,13,33
93,296,33
101,225,33
113,241,33
139,68,33
139,279,33
141,8,33
141,161,33
148,254,33
158,259,33
161,141,33
164,30,33
200,21,33
207,56,33
220,93,33
220,296,33
225,101,33
241,113,33
250,83,33
254,148,33
259,158,33
268,38,33
273,11,33
273,90,33
277,228,33
279,68,33
279,139,33
293,237,33
296,93,33
296,220,33
4,35,34
8,141,34
8,146,34
11,90,34
11,97,34
35,4,34
39,169,34
55,137,34
55,197,34
68,216,34
73,149,34
86,170,34
89,201,34
89,238,34
90,11,34
90,273,34
91,234,34
97,11,34
137,197,34
139,147,34
141,8,34
146,161,34
147,139,34
149,73,34
154,188,34
154,213,34
161,146,34
169,39,34
170,86,34
188,154,34
197,55,34
197,137,34
201,89,34
201,238,34
213,154,34
216,279,34
218,282,34
220,294,34
220,296,34
229,236,34
232,306,34
236,229,34
238,201,34
279,216,34
281,293,34
282,218,34
293,281,34
294,220,34
296,93,34
296,220,34
306,232,34
2,164,35
11,90,35
32,250,35
51,63,35
63,51,35
77,99,35
86,13,35
89,201,35
89,238,35
90,11,35
93,294,35
93,296,35
99,77,35
99,208,35
153,298,35
154,188,35
160,265,35
164,2,35
174,276,35
186,283,35
197,55,35
201,89,35
220,294,35
238,89,35
250,32,35
250,83,35
265,160,35
276,174,35
283,186,35
294,93,35
294,220,35
294,296,35
296,93,35
296,294,35
300,271,35
27,234,36
40,245,36
52,276,36
55,137,36
68,147,36
82,282,36
88,118,36
89,201,36
100,205,36
107,260,36
118,88,36
122,197,36
137,55,36
139,187,36
147,68,36
182,264,36
184,230,36
187,139,36
197,122,36
205,100,36
220,296,36
230,184,36
234,27,36
245,40,36
260,107,36
264,182,36
276,52,36
276,174,36
282,82,36
294,220,36
296,220,36
1,26,37
10,260,37
16,163,37
18,285,37
20,104,37
20,266,37
26,1,37
43,230,37
77,208,37
85,119,37
99,278,37
104,20,37
104,266,37
116,198,37
119,85,37
153,186,37
163,16,37
163,152,37
167,196,37
186,153,37
190,283,37
196,167,37
198,116,37
208,77,37
230,43,37
250,32,37
250,83,37
260,10,37
266,20,37
266,104,37
278,99,37
283,190,37
285,18,37
9,25,38
17,140,38
20,104,38
25,9,38
37,214,38
40,98,38
46,76,38
76,46,38
77,99,38
98,40,38
99,77,38
99,278,38
104,20,38
111,169,38
116,305,38
125,195,38
128,218,38
138,163,38
140,17,38
154,213,38
161,240,38
163,16,38
163,138,38
163,152,38
169,111,38
172,252,38
195,125,38
197,288,38
214,37,38
218,128,38
220,294,38
221,248,38
225,292,38
230,184,38
240,161,38
247,255,38
248,221,38
252,172,38
254,273,38
255,247,38
260,107,38
273,254,38
288,197,38
292,225,38
305,116,38
16,138,39
16,152,39
40,245,39
51,202,39
55,122,39
76,87,39
84,107,39
87,76,39
93,220,39
96,116,39
99,77,39
106,175,39
107,84,39
107,260,39
116,96,39
122,55,39
122,197,39
131,170,39
138,16,39
138,152,39
138,163,39
152,16,39
152,138,39
158,212,39
163,138,39
169,39,39
169,111,39
170,131,39
189,262,39
197,122,39
202,51,39
220,93,39
221,263,39
230,43,39
262,189,39
263,221,39
271,292,39
292,271,39
4,222,40
16,138,40
39,111,40
73,115,40
73,149,40
98,165,40
107,84,40
107,260,40
111,39,40
111,169,40
114,287,40
115,73,40
115,149,40
120,126,40
122,55,40
126,120,40
138,16,40
147,187,40
149,115,40
153,283,40
154,188,40
165,98,40
187,147,40
199,227,40
218,302,40
220,294,40
221,248,40
222,4,40
227,199,40
276,52,40
283,153,40
287,114,40
292,225,40
292,271,40
302,218,40
2,72,41
19,269,41
43,184,41
53,129,41
72,2,41
73,115,41
79,185,41
93,200,41
99,208,41
107,84,41
107,260,41
111,39,41
111,169,41
115,73,41
129,53,41
138,152,41
167,298,41
184,43,41
185,79,41
185,203,41
187,279,41
200,93,41
208,99,41
225,271,41
261,266,41
266,261,41
269,19,41
271,225,41
279,187,41
279,216,41
298,167,41
10,84,42
10,107,42
51,63,42
51,202,42
57,194,42
79,203,42
84,10,42
85,303,42
86,170,42
90,101,42
93,299,42
101,90,42
107,10,42
107,260,42
138,16,42
138,152,42
153,190,42
170,86,42
187,216,42
190,153,42
194,57,42
200,299,42
203,79,42
203,185,42
216,187,42
256,289,42
289,256,42
294,296,42
296,294,42
299,93,42
299,200,42
303,85,42
10,84,43
10,107,43
17,285,43
46,87,43
49,248,43
51,63,43
84,107,43
84,260,43
87,46,43
87,76,43
90,292,43
93,200,43
94,300,43
101,292,43
107,10,43
107,84,43
107,260,43
111,39,43
122,137,43
136,173,43
137,122,43
140,285,43
167,186,43
173,136,43
186,167,43
200,93,43
216,279,43
248,49,43
248,221,43
260,84,43
260,107,43
285,17,43
285,140,43
292,90,43
292,101,43
293,301,43
300,94,43
11,32,44
29,170,44
32,11,44
43,54,44
46,190,44
52,233,44
54,43,44
82,252,44
84,107,44
85,105,44
86,256,44
107,84,44
152,163,44
163,152,44
170,29,44
187,279,44
190,46,44
197,288,44
221,74,44
221,248,44
233,52,44
252,82,44
254,148,44
256,86,44
279,187,44
292,90,44
6,199,45
10,84,45
10,260,45
17,140,45
18,38,45
28,49,45
29,289,45
38,18,45
46,87,45
47,293,45
49,28,45
73,149,45
82,282,45
84,10,45
87,46,45
92,155,45
99,114,45
100,126,45
100,205,45
113,277,45
114,99,45
125,280,45
126,100,45
134,204,45
135,293,45
140,17,45
149,73,45
155,92,45
191,217,45
199,6,45
204,134,45
217,191,45
222,272,45
260,10,45
277,113,45
289,29,45
293,47,45
293,135,45
294,220,45
10,84,46
16,96,46
50,89,46
79,189,46
89,50,46
96,16,46
97,273,46
103,255,46
115,149,46
122,244,46
137,226,46
149,115,46
189,79,46
195,280,46
222,4,46
222,272,46
226,137,46
236,168,46
244,122,46
255,103,46
273,97,46
280,195,46
293,47,46
294,296,46
24,148,47
57,70,47
70,57,47
81,299,47
88,260,47
93,220,47
110,282,47
117,270,47
137,244,47
145,275,47
147,206,47
148,24,47
149,73,47
158,275,47
159,227,47
206,147,47
220,93,47
222,4,47
222,253,47
227,159,47
244,137,47
253,222,47
260,88,47
270,117,47
275,158,47
282,110,47
293,135,47
299,81,47
4,253,48
10,88,48
35,180,48
64,112,48
74,248,48
77,278,48
85,119,48
88,10,48
105,119,48
109,233,48
112,64,48
119,105,48
121,124,48
124,121,48
135,301,48
148,254,48
162,265,48
167,190,48
180,35,48
190,167,48
221,74,48
221,248,48
222,272,48
233,109,48
238,306,48
248,74,48
248,221,48
253,4,48
265,162,48
275,145,48
278,77,48
301,135,48
306,238,48
2,12,49
4,222,49
8,141,49
10,84,49
12,2,49
29,170,49
32,183,49
52,109,49
55,244,49
74,221,49
85,105,49
85,119,49
87,190,49
91,235,49
95,262,49
104,262,49
105,85,49
105,119,49
105,303,49
109,52,49
119,85,49
119,105,49
124,305,49
132,174,49
137,226,49
140,285,49
149,115,49
174,132,49
183,32,49
190,87,49
218,128,49
221,74,49
221,248,49
222,4,49
222,272,49
244,55,49
262,95,49
262,104,49
282,82,49
293,301,49
301,293,49
303,105,49
305,124,49
4,253,50
6,159,50
10,260,50
23,267,50
31,159,50
47,135,50
48,251,50
74,248,50
87,182,50
105,119,50
105,303,50
119,303,50
121,305,50
129,177,50
130,211,50
135,47,50
159,6,50
159,31,50
160,162,50
162,160,50
162,265,50
167,298,50
170,289,50
182,87,50
187,206,50
206,187,50
211,130,50
221,74,50
221,248,50
222,4,50
222,253,50
248,74,50
248,221,50
251,48,50
253,222,50
260,10,50
262,95,50
267,23,50
279,216,50
282,110,50
289,170,50
303,119,50
305,121,50
305,124,50
3,43,51
4,222,51
10,84,51
10,260,51
33,210,51
42,78,51
43,3,51
47,301,51
52,233,51
64,14,51
64,112,51
72,164,51
78,42,51
146,192,51
149,73,51
152,138,51
160,265,51
162,160,51
164,72,51
190,153,51
192,146,51
210,33,51
216,270,51
216,279,51
220,296,51
222,4,51
233,52,51
253,272,51
265,160,51
270,216,51
270,279,51
272,253,51
279,270,51
296,220,51
301,47,51
305,121,51
305,124,51
1,116,52
10,88,52
20,262,52
64,14,52
69,298,52
88,260,52
93,200,52
93,220,52
93,299,52
116,1,52
117,279,52
119,85,52
125,195,52
140,249,52
149,115,52
159,6,52
195,125,52
200,299,52
216,270,52
216,279,52
220,93,52
228,223,52
249,140,52
260,88,52
262,20,52
262,95,52
270,216,52
279,117,52
279,216,52
298,69,52
298,167,52
299,93,52
299,200,52
6,227,53
10,260,53
11,254,53
20,95,53
80,160,53
80,265,53
81,283,53
86,170,53
86,256,53
88,10,53
93,200,53
93,299,53
95,20,53
132,274,53
153,186,53
156,280,53
160,80,53
160,265,53
170,86,53
186,153,53
200,93,53
220,299,53
222,253,53
227,6,53
253,222,53
254,11,53
260,10,53
265,80,53
265,160,53
280,156,53
283,81,53
293,281,53
296,294,53
299,93,53
299,220,53
4,253,54
5,193,54
17,285,54
27,229,54
28,40,54
40,28,54
46,264,54
69,167,54
69,298,54
73,81,54
74,263,54
76,264,54
80,160,54
81,73,54
81,283,54
84,88,54
85,105,54
86,170,54
88,84,54
92,278,54
93,200,54
95,262,54
105,85,54
119,303,54
135,301,54
136,295,54
139,206,54
148,24,54
159,227,54
160,80,54
167,69,54
167,298,54
186,190,54
190,186,54
193,5,54
200,296,54
200,299,54
206,139,54
222,4,54
222,253,54
227,159,54
229,27,54
253,4,54
253,222,54
263,74,54
264,46,54
264,76,54
278,92,54
285,17,54
295,136,54
296,200,54
296,299,54
298,69,54
298,167,54
299,200,54
299,296,54
301,135,54
10,84,55
10,88,55
11,97,55
27,235,55
28,248,55
30,117,55
46,186,55
46,190,55
67,119,55
69,167,55
73,283,55
77,208,55
80,265,55
81,73,55
81,283,55
84,10,55
84,88,55
88,10,55
88,84,55
93,115,55
93,200,55
97,11,55
115,93,55
117,30,55
119,67,55
136,173,55
150,286,55
167,69,55
170,256,55
186,46,55
186,190,55
190,46,55
190,186,55
200,93,55
200,299,55
208,77,55
235,27,55
248,28,55
253,4,55
256,170,55
265,80,55
283,73,55
283,81,55
286,150,55
296,294,55
296,299,55
299,200,55
299,296,55
9,260,56
10,84,56
11,24,56
24,11,56
32,271,56
54,267,56
69,298,56
75,249,56
84,10,56
85,303,56
93,299,56
95,104,56
95,262,56
104,95,56
131,256,56
170,131,56
183,271,56
200,93,56
200,299,56
213,225,56
225,213,56
249,75,56
256,131,56
260,9,56
267,54,56
271,32,56
271,183,56
298,69,56
299,93,56
299,200,56
299,296,56
303,85,56
11,273,57
20,266,57
28,49,57
30,216,57
45,61,57
61,45,57
66,160,57
69,167,57
76,186,57
79,262,57
80,162,57
93,200,57
93,296,57
95,104,57
97,254,57
125,280,57
137,235,57
156,195,57
160,66,57
162,80,57
178,241,57
183,269,57
183,271,57
186,76,57
195,156,57
200,93,57
200,296,57
216,30,57
235,137,57
241,178,57
254,97,57
262,79,57
266,20,57
267,23,57
267,54,57
268,282,57
269,183,57
269,271,57
271,269,57
273,11,57
280,125,57
282,82,57
282,268,57
296,93,57
296,200,57
296,299,57
302,142,57
1,124,58
10,88,58
22,166,58
23,54,58
27,229,58
27,235,58
32,183,58
54,23,58
82,110,58
84,118,58
88,10,58
105,187,58
109,174,58
110,82,58
118,84,58
124,1,58
137,226,58
139,147,58
147,139,58
151,290,58
158,259,58
166,22,58
167,298,58
174,109,58
183,32,58
187,105,58
200,299,58
235,27,58
236,58,58
236,168,58
249,140,58
253,257,58
257,253,58
266,261,58
290,151,58
298,167,58
299,200,58
299,296,58
1,116,59
7,70,59
23,198,59
27,229,59
38,285,59
39,290,59
70,7,59
76,190,59
83,254,59
135,237,59
147,206,59
149,255,59
155,197,59
170,86,59
190,76,59
197,155,59
198,23,59
200,294,59
200,299,59
206,147,59
212,259,59
220,296,59
237,135,59
254,83,59
255,149,59
259,212,59
276,179,59
285,38,59
290,39,59
294,200,59
296,220,59
299,200,59
4,272,60
20,79,60
30,270,60
33,251,60
47,135,60
47,293,60
49,245,60
79,20,60
110,268,60
133,176,60
135,47,60
153,167,60
158,212,60
158,259,60
167,153,60
176,133,60
186,190,60
190,186,60
200,294,60
207,219,60
212,158,60
219,207,60
236,58,60
245,49,60
251,33,60
259,158,60
268,110,60
270,30,60
272,4,60
293,47,60
296,299,60
299,296,60
7,56,61
30,67,61
32,269,61
47,135,61
47,301,61
50,250,61
53,277,61
56,7,61
57,123,61
66,80,61
66,162,61
67,30,61
79,192,61
80,66,61
87,167,61
115,149,61
123,57,61
135,293,61
137,244,61
149,115,61
162,66,61
167,87,61
167,153,61
170,29,61
192,79,61
202,223,61
223,202,61
232,238,61
238,232,61
244,137,61
250,50,61
269,32,61
277,53,61
285,17,61
293,135,61
301,47,61
1,124,62
7,70,62
18,285,62
64,173,62
67,105,62
70,123,62
80,162,62
105,67,62
123,70,62
130,242,62
135,281,62
156,280,62
162,80,62
173,64,62
182,298,62
198,267,62
242,130,62
255,103,62
267,198,62
268,282,62
280,156,62
281,135,62
281,293,62
285,18,62
293,281,62
298,182,62
1,116,63
4,35,63
27,91,63
27,224,63
32,271,63
35,4,63
39,169,63
46,76,63
50,196,63
52,245,63
76,46,63
84,88,63
88,84,63
91,27,63
100,233,63
123,57,63
152,163,63
169,39,63
170,86,63
196,50,63
212,259,63
215,287,63
216,270,63
224,27,63
232,306,63
233,100,63
238,306,63
245,52,63
259,212,63
270,216,63
271,32,63
287,215,63
306,232,63
306,238,63
26,121,64
27,91,64
47,135,64
48,210,64
63,129,64
65,247,64
85,95,64
85,303,64
95,85,64
95,303,64
104,303,64
112,184,64
121,26,64
123,70,64
129,63,64
131,284,64
135,47,64
149,299,64
156,195,64
156,280,64
184,112,64
195,280,64
196,250,64
210,48,64
232,238,64
238,232,64
244,55,64
247,65,64
250,196,64
280,195,64
283,73,64
284,131,64
299,149,64
303,95,64
303,104,64
17,18,65
18,17,65
18,285,65
24,83,65
27,224,65
28,248,65
35,272,65
36,98,65
47,281,65
61,257,65
68,74,65
74,68,65
76,186,65
79,266,65
80,160,65
83,24,65
85,95,65
85,303,65
95,85,65
95,303,65
98,36,65
105,187,65
108,253,65
109,179,65
127,222,65
135,281,65
160,80,65
179,109,65
186,76,65
196,50,65
222,127,65
244,137,65
253,108,65
257,61,65
266,79,65
272,35,65
280,125,65
280,195,65
281,47,65
281,135,65
303,85,65
303,95,65
3,198,66
7,56,66
10,107,66
14,25,66
17,285,66
18,17,66
24,254,66
25,14,66
30,270,66
35,4,66
43,112,66
55,137,66
97,273,66
107,10,66
107,253,66
112,43,66
112,184,66
119,270,66
137,55,66
147,139,66
162,66,66
187,279,66
198,3,66
218,302,66
232,306,66
253,107,66
253,108,66
254,24,66
268,110,66
270,30,66
270,119,66
273,97,66
279,187,66
285,17,66
302,218,66
306,232,66
1,124,67
7,70,67
7,123,67
17,18,67
17,285,67
24,83,67
50,250,67
70,7,67
70,123,67
73,81,67
73,283,67
79,261,67
81,73,67
86,289,67
91,226,67
104,189,67
110,282,67
119,216,67
123,7,67
123,70,67
137,244,67
179,276,67
189,104,67
197,252,67
216,119,67
226,91,67
250,50,67
252,197,67
253,107,67
261,79,67
270,30,67
273,11,67
280,125,67
280,195,67
282,110,67
289,86,67
4,272,68
24,254,68
28,221,68
31,34,68
34,31,68
35,272,68
45,257,68
47,135,68
73,81,68
86,170,68
86,289,68
100,120,68
105,139,68
107,10,68
107,253,68
120,100,68
120,233,68
122,226,68
123,7,68
123,70,68
135,47,68
139,105,68
142,218,68
142,302,68
170,289,68
186,190,68
188,213,68
192,262,68
213,188,68
218,142,68
221,28,68
226,122,68
229,234,68
229,235,68
233,120,68
234,229,68
235,229,68
252,181,68
252,197,68
257,45,68
257,61,68
262,192,68
272,4,68
272,35,68
289,170,68
302,142,68
6,78,69
7,138,69
11,97,69
45,61,69
51,297,69
61,45,69
78,6,69
79,240,69
97,11,69
100,233,69
120,174,69
120,233,69
121,152,69
123,7,69
123,70,69
137,55,69
138,7,69
142,218,69
142,302,69
144,278,69
152,121,69
174,120,69
193,230,69
203,306,69
230,193,69
232,258,69
233,100,69
233,120,69
240,79,69
258,232,69
259,158,69
272,4,69
278,144,69
289,86,69
289,170,69
297,51,69
306,203,69
7,123,70
7,138,70
10,253,70
23,267,70
30,119,70
37,42,70
42,37,70
55,288,70
67,263,70
76,87,70
87,76,70
119,30,70
120,174,70
120,233,70
123,7,70
123,138,70
138,123,70
174,233,70
183,300,70
200,299,70
218,302,70
232,238,70
232,258,70
233,174,70
240,261,70
253,10,70
253,107,70
255,283,70
261,240,70
263,67,70
267,23,70
283,255,70
288,55,70
299,200,70
300,183,70
302,218,70
4,35,71
4,272,71
7,123,71
7,138,71
16,26,71
20,262,71
26,16,71
30,216,71
35,4,71
39,111,71
40,165,71
41,204,71
64,143,71
75,227,71
76,46,71
90,97,71
97,90,71
120,174,71
120,233,71
123,7,71
123,138,71
138,7,71
138,123,71
143,64,71
165,40,71
174,120,71
204,41,71
216,30,71
227,75,71
227,249,71
232,238,71
233,120,71
240,79,71
240,261,71
249,227,71
262,20,71
290,151,71
302,142,71
4,35,72
16,96,72
18,285,72
30,119,72
30,216,72
37,150,72
54,277,72
66,265,72
84,118,72
92,155,72
100,126,72
110,268,72
110,282,72
119,270,72
120,174,72
150,37,72
155,92,72
174,233,72
182,195,72
195,182,72
226,91,72
233,174,72
238,258,72
240,79,72
240,261,72
258,238,72
265,66,72
268,282,72
270,119,72
277,54,72
282,268,72
285,18,72
296,93,72
16,26,73
17,38,73
20,192,73
22,99,73
26,96,73
30,119,73
30,216,73
30,270,73
35,272,73
38,17,73
50,69,73
52,248,73
69,50,73
79,146,73
79,240,73
86,170,73
96,26,73
99,22,73
119,30,73
119,270,73
121,131,73
131,121,73
138,7,73
146,79,73
170,86,73
192,20,73
199,249,73
203,232,73
216,270,73
226,122,73
227,75,73
232,203,73
240,79,73
248,52,73
249,199,73
270,30,73
270,119,73
270,216,73
272,35,73
16,96,74
30,216,74
35,4,74
35,272,74
47,293,74
50,250,74
82,268,74
91,122,74
96,16,74
96,26,74
122,91,74
122,226,74
128,302,74
135,281,74
137,288,74
145,301,74
146,240,74
203,238,74
216,30,74
216,270,74
227,249,74
238,203,74
240,146,74
249,227,74
268,82,74
270,119,74
270,216,74
288,137,74
293,47,74
294,299,74
299,294,74
301,145,74
302,128,74
9,127,75
24,90,75
24,254,75
35,222,75
35,272,75
37,42,75
37,150,75
40,49,75
40,165,75
49,40,75
56,70,75
69,250,75
70,56,75
84,88,75
84,118,75
88,118,75
90,24,75
96,16,75
99,287,75
118,88,75
119,216,75
122,91,75
127,9,75
216,119,75
216,270,75
222,35,75
222,272,75
250,69,75
272,222,75
287,99,75
299,200,75
8,103,76
11,254,76
22,215,76
24,90,76
24,254,76
25,193,76
29,289,76
30,270,76
35,222,76
35,272,76
37,42,76
37,150,76
41,98,76
75,249,76
83,191,76
84,253,76
96,26,76
97,188,76
98,41,76
103,8,76
128,218,76
172,215,76
188,97,76
191,83,76
193,25,76
215,22,76
215,172,76
218,128,76
222,35,76
227,75,76
227,249,76
249,75,76
249,227,76
253,84,76
254,11,76
254,24,76
270,30,76
272,35,76
282,110,76
289,29,76
3,43,77
11,188,77
18,140,77
24,90,77
24,254,77
25,14,77
28,52,77
30,216,77
40,49,77
43,3,77
46,87,77
52,28,77
52,248,77
65,146,77
76,186,77
84,88,77
85,117,77
87,46,77
88,84,77
94,183,77
96,16,77
97,213,77
116,121,77
117,85,77
119,304,77
121,116,77
121,131,77
123,57,77
128,302,77
140,18,77
146,65,77
167,195,77
169,290,77
183,94,77
186,76,77
188,11,77
195,167,77
213,97,77
216,30,77
240,261,77
249,75,77
267,305,77
290,169,77
304,119,77
305,267,77
5,163,78
23,305,78
39,169,78
40,165,78
40,245,78
49,245,78
58,229,78
58,235,78
66,80,78
75,227,78
77,278,78
80,66,78
89,250,78
92,252,78
96,26,78
121,116,78
121,131,78
163,5,78
169,39,78
183,300,78
227,75,78
229,58,78
235,58,78
245,40,78
245,49,78
250,89,78
252,92,78
252,197,78
253,260,78
260,253,78
267,23,78
267,305,78
278,77,78
290,151,78
305,23,78
305,267,78
20,266,79
23,267,79
38,157,79
39,151,79
40,165,79
40,245,79
58,229,79
68,206,79
69,89,79
82,282,79
84,253,79
89,69,79
96,16,79
139,187,79
151,39,79
161,255,79
183,94,79
187,139,79
206,68,79
212,275,79
245,40,79
245,49,79
252,92,79
252,197,79
253,84,79
255,161,79
266,20,79
267,23,79
268,282,79
275,212,79
282,82,79
282,268,79
9,62,80
16,198,80
22,287,80
23,178,80
23,305,80
26,198,80
28,248,80
29,284,80
35,222,80
40,165,80
47,237,80
52,28,80
52,248,80
62,9,80
69,298,80
76,87,80
76,186,80
80,160,80
82,268,80
87,76,80
89,250,80
90,188,80
96,198,80
118,207,80
122,244,80
140,249,80
149,294,80
178,23,80
178,305,80
188,90,80
198,16,80
198,26,80
198,96,80
207,118,80
237,47,80
244,122,80
248,28,80
248,52,80
249,140,80
268,82,80
268,282,80
284,29,80
287,22,80
287,99,80
294,149,80
298,69,80
305,23,80
305,178,80
9,127,81
19,211,81
23,267,81
23,305,81
28,52,81
30,270,81
31,249,81
39,169,81
39,290,81
40,49,81
40,165,81
40,245,81
43,112,81
49,40,81
49,165,81
52,28,81
65,261,81
79,261,81
81,291,81
107,260,81
112,43,81
112,184,81
151,290,81
165,49,81
167,280,81
187,279,81
188,154,81
198,16,81
198,26,81
211,19,81
245,40,81
249,31,81
260,107,81
261,65,81
261,79,81
280,167,81
290,39,81
290,151,81
291,81,81
305,23,81
305,178,81
16,96,82
23,267,82
23,305,82
28,248,82
39,151,82
40,49,82
40,245,82
43,3,82
43,112,82
49,40,82
49,245,82
61,144,82
82,110,82
96,16,82
110,82,82
110,268,82
112,43,82
144,61,82
146,262,82
147,206,82
151,39,82
151,290,82
165,245,82
169,290,82
171,207,82
172,252,82
188,90,82
206,147,82
207,171,82
226,288,82
245,49,82
245,165,82
248,28,82
252,172,82
262,146,82
268,110,82
287,22,82
288,226,82
290,169,82
305,23,82
39,182,83
40,165,83
43,3,83
43,112,83
43,184,83
46,186,83
69,89,83
69,250,83
75,140,83
84,108,83
89,69,83
89,239,83
91,226,83
102,242,83
108,84,83
112,184,83
116,124,83
124,116,83
128,218,83
140,75,83
151,39,83
165,40,83
181,268,83
182,39,83
184,43,83
184,112,83
186,46,83
195,280,83
200,283,83
200,299,83
206,68,83
226,91,83
229,235,83
235,229,83
237,281,83
239,89,83
242,102,83
245,49,83
250,69,83
267,305,83
268,181,83
280,195,83
281,237,83
283,200,83
305,267,83
5,230,84
7,57,84
11,269,84
23,267,84
23,305,84
28,52,84
34,159,84
39,151,84
40,245,84
57,7,84
69,239,84
69,250,84
92,172,84
94,271,84
94,300,84
103,190,84
110,82,84
129,276,84
131,152,84
151,182,84
152,131,84
154,273,84
159,34,84
172,92,84
182,151,84
190,103,84
192,205,84
205,192,84
207,118,84
208,278,84
230,5,84
232,238,84
237,293,84
238,232,84
239,69,84
245,40,84
245,49,84
267,23,84
267,305,84
269,11,84
271,94,84
273,154,84
276,129,84
278,208,84
293,237,84
300,94,84
305,23,84
305,267,84
11,24,85
24,11,85
24,254,85
40,165,85
40,245,85
59,258,85
69,196,85
73,264,85
80,66,85
82,302,85
86,256,85
94,271,85
110,302,85
120,126,85
126,120,85
142,157,85
147,221,85
148,232,85
151,39,85
157,142,85
178,241,85
196,69,85
221,147,85
232,148,85
232,238,85
245,40,85
256,86,85
258,59,85
264,73,85
288,55,85
302,82,85
302,110,85
8,190,86
11,254,86
18,227,86
23,241,86
24,11,86
24,254,86
37,168,86
39,182,86
82,110,86
86,170,86
94,300,86
110,82,86
110,302,86
168,37,86
182,39,86
184,43,86
187,139,86
190,8,86
212,265,86
227,18,86
241,23,86
247,262,86
254,11,86
254,24,86
261,65,86
261,79,86
262,247,86
265,212,86
5,25,87
8,255,87
23,305,87
25,5,87
36,204,87
39,151,87
39,182,87
76,103,87
82,181,87
82,268,87
84,253,87
97,225,87
103,76,87
106,195,87
109,174,87
110,82,87
110,181,87
151,182,87
174,109,87
178,305,87
181,82,87
181,110,87
181,268,87
182,151,87
185,240,87
190,255,87
195,106,87
196,250,87
204,36,87
220,299,87
225,97,87
237,281,87
240,185,87
241,178,87
241,305,87
250,196,87
254,269,87
255,8,87
255,190,87
262,146,87
268,82,87
268,181,87
269,254,87
281,135,87
281,237,87
299,220,87
305,23,87
305,178,87
305,241,87
8,190,88
37,150,88
39,290,88
67,187,88
69,239,88
82,181,88
82,268,88
94,271,88
105,279,88
110,268,88
115,291,88
147,206,88
147,221,88
178,241,88
178,305,88
181,82,88
181,268,88
181,282,88
187,67,88
187,139,88
190,8,88
199,227,88
206,147,88
227,199,88
241,178,88
241,305,88
258,306,88
268,82,88
268,110,88
268,181,88
279,105,88
282,181,88
290,39,88
291,115,88
305,178,88
305,241,88
306,258,88
6,234,89
8,255,89
24,269,89
34,157,89
67,139,89
67,187,89
68,147,89
68,206,89
84,108,89
88,207,89
91,122,89
122,91,89
134,245,89
139,67,89
140,159,89
147,68,89
147,206,89
157,34,89
159,140,89
171,253,89
181,268,89
187,67,89
206,68,89
206,147,89
207,88,89
232,148,89
234,6,89
245,134,89
253,171,89
255,8,89
269,24,89
284,289,89
289,284,89
305,178,89
305,241,89
4,231,90
8,190,90
8,255,90
13,194,90
28,40,90
37,111,90
37,168,90
40,28,90
46,87,90
76,153,90
82,110,90
87,46,90
91,226,90
95,189,90
110,82,90
111,37,90
111,168,90
116,198,90
118,171,90
128,302,90
133,242,90
153,76,90
168,111,90
171,118,90
188,254,90
189,95,90
194,13,90
195,280,90
198,116,90
206,68,90
206,147,90
215,252,90
229,58,90
231,4,90
242,133,90
252,215,90
254,188,90
254,269,90
263,303,90
268,282,90
269,254,90
270,304,90
282,268,90
302,128,90
303,263,90
304,270,90
305,178,90
8,190,91
14,230,91
26,116,91
28,165,91
62,88,91
65,79,91
65,161,91
79,65,91
82,181,91
82,268,91
84,171,91
88,62,91
105,216,91
106,280,91
110,181,91
110,268,91
111,150,91
111,168,91
116,26,91
116,198,91
150,111,91
161,65,91
165,28,91
168,37,91
168,111,91
171,84,91
171,118,91
181,82,91
181,110,91
181,268,91
182,290,91
188,90,91
190,255,91
195,106,91
195,280,91
206,68,91
213,273,91
216,105,91
227,18,91
230,14,91
247,266,91
255,190,91
266,247,91
268,82,91
268,110,91
268,181,91
273,213,91
280,106,91
280,195,91
290,182,91
24,97,92
28,40,92
28,165,92
40,165,92
55,91,92
79,146,92
82,110,92
82,181,92
82,268,92
91,55,92
91,122,92
97,24,92
108,253,92
110,82,92
110,181,92
110,268,92
116,26,92
125,167,92
146,79,92
153,186,92
165,40,92
167,125,92
181,82,92
181,110,92
186,153,92
188,269,92
225,269,92
253,108,92
256,289,92
261,266,92
266,261,92
268,82,92
268,110,92
269,188,92
269,225,92
284,29,92
289,256,92
5,230,93
24,271,93
28,40,93
28,52,93
30,304,93
40,28,93
53,178,93
80,265,93
82,181,93
82,268,93
85,189,93
87,125,93
91,55,93
97,271,93
105,279,93
108,171,93
125,87,93
125,167,93
150,168,93
168,150,93
170,256,93
171,108,93
178,53,93
181,82,93
189,85,93
190,8,93
190,255,93
218,302,93
230,5,93
256,170,93
256,289,93
265,80,93
268,82,93
268,110,93
271,24,93
271,97,93
290,39,93
302,218,93
304,30,93
4,10,94
9,107,94
10,4,94
23,277,94
24,97,94
31,159,94
34,142,94
34,157,94
39,182,94
40,52,94
52,40,94
66,265,94
69,83,94
79,262,94
82,181,94
82,268,94
83,69,94
91,226,94
93,299,94
97,24,94
106,195,94
107,9,94
124,284,94
125,87,94
125,167,94
129,179,94
134,165,94
142,34,94
142,157,94
151,280,94
157,142,94
159,31,94
165,134,94
168,111,94
179,129,94
182,39,94
182,290,94
189,95,94
195,106,94
216,279,94
225,271,94
256,170,94
262,79,94
265,66,94
265,80,94
268,82,94
268,110,94
269,271,94
271,225,94
271,269,94
277,23,94
279,216,94
280,151,94
284,124,94
287,99,94
290,182,94
299,93,94
8,200,95
28,40,95
29,124,95
29,284,95
34,142,95
34,157,95
40,28,95
46,186,95
82,110,95
82,181,95
82,268,95
83,89,95
87,167,95
89,83,95
92,252,95
110,82,95
115,299,95
124,29,95
124,284,95
125,87,95
142,34,95
157,34,95
167,87,95
171,253,95
172,252,95
179,276,95
186,46,95
189,85,95
191,238,95
200,8,95
238,191,95
252,92,95
252,172,95
253,171,95
268,82,95
276,179,95
284,29,95
284,124,95
299,115,95
302,128,95
11,188,96
17,285,96
29,124,96
29,284,96
32,211,96
64,296,96
65,146,96
68,147,96
83,69,96
85,95,96
85,189,96
87,125,96
92,172,96
92,252,96
95,85,96
95,189,96
108,118,96
118,108,96
124,29,96
124,284,96
128,218,96
141,185,96
146,65,96
147,68,96
147,221,96
151,195,96
172,92,96
172,252,96
182,39,96
182,290,96
185,141,96
188,11,96
189,95,96
195,151,96
211,32,96
212,275,96
218,128,96
252,92,96
252,172,96
277,54,96
279,105,96
281,293,96
284,29,96
284,124,96
285,17,96
293,281,96
296,64,96
8,190,97
29,124,97
40,52,97
52,248,97
55,288,97
59,203,97
65,266,97
68,221,97
69,89,97
84,118,97
89,69,97
117,270,97
118,84,97
118,108,97
124,29,97
124,284,97
128,302,97
129,174,97
170,289,97
174,129,97
182,39,97
190,8,97
195,106,97
195,151,97
203,59,97
221,68,97
241,267,97
248,52,97
252,92,97
266,65,97
267,241,97
270,117,97
289,170,97
299,93,97
8,200,98
9,10,98
10,9,98
19,130,98
24,271,98
29,284,98
34,218,98
52,40,98
64,299,98
70,253,98
84,108,98
84,118,98
88,127,98
108,84,98
108,118,98
118,84,98
118,108,98
121,198,98
122,244,98
127,88,98
129,276,98
130,19,98
146,266,98
157,282,98
195,106,98
195,151,98
197,215,98
198,121,98
206,221,98
207,260,98
215,197,98
218,34,98
221,206,98
248,303,98
253,70,98
260,207,98
266,146,98
271,24,98
276,129,98
282,157,98
284,29,98
299,64,98
303,248,98
10,107,99
26,124,99
29,198,99
29,284,99
64,296,99
64,299,99
74,221,99
84,108,99
84,118,99
85,95,99
91,155,99
91,226,99
95,85,99
107,10,99
108,84,99
108,118,99
118,84,99
118,108,99
124,26,99
130,300,99
146,261,99
146,266,99
155,91,99
157,268,99
166,287,99
198,29,99
198,284,99
201,240,99
218,302,99
221,74,99
221,206,99
222,272,99
240,201,99
261,146,99
266,65,99
266,146,99
268,157,99
271,225,99
272,222,99
284,198,99
287,166,99
296,299,99
299,296,99
300,130,99
302,218,99
1,241,100
14,193,100
19,300,100
24,188,100
29,121,100
29,198,100
64,296,100
74,206,100
84,108,100
91,155,100
91,226,100
98,223,100
108,84,100
108,118,100
119,139,100
121,29,100
121,198,100
130,19,100
130,300,100
139,119,100
172,215,100
188,24,100
193,14,100
198,29,100
198,121,100
206,74,100
215,172,100
223,98,100
241,1,100
259,275,100
261,266,100
266,261,100
275,259,100
296,64,100
300,19,100
300,130,100
