2,94,1
6,33,1
11,79,1
14,156,1
16,119,1
29,147,1
33,6,1
34,60,1
41,162,1
42,77,1
48,61,1
53,84,1
60,34,1
61,48,1
75,114,1
77,42,1
79,11,1
84,53,1
93,157,1
94,2,1
114,75,1
119,16,1
132,168,1
147,29,1
156,14,1
157,93,1
162,41,1
168,132,1
37,44,2
44,37,2
49,90,2
66,88,2
88,66,2
90,49,2
92,160,2
123,169,2
160,92,2
169,123,2
5,56,3
7,20,3
13,95,3
20,7,3
54,62,3
56,5,3
62,54,3
83,105,3
95,13,3
97,139,3
105,83,3
114,124,3
123,125,3
123,169,3
124,114,3
125,123,3
139,97,3
4,73,4
50,116,4
73,4,4
99,153,4
116,50,4
121,147,4
123,125,4
123,169,4
125,169,4
147,121,4
153,99,4
169,125,4
17,40,5
40,17,5
68,124,5
74,121,5
110,137,5
121,74,5
121,147,5
124,68,5
124,114,5
137,110,5
169,123,5
21,127,6
47,82,6
61,149,6
82,47,6
96,117,6
114,75,6
114,124,6
117,96,6
127,21,6
149,61,6
66,153,7
114,75,7
121,74,7
121,147,7
153,66,7
9,152,8
32,45,8
45,32,8
74,147,8
123,125,8
123,169,8
125,123,8
125,169,8
147,74,8
147,121,8
152,9,8
169,125,8
12,98,9
46,104,9
98,12,9
104,46,9
113,114,9
114,113,9
147,74,9
51,163,10
54,161,10
55,76,10
56,81,10
66,88,10
66,153,10
76,55,10
81,56,10
88,153,10
114,75,10
122,165,10
153,88,10
161,54,10
163,51,10
165,122,10
49,118,11
62,161,11
68,114,11
72,101,11
101,72,11
114,68,11
114,75,11
118,49,11
153,66,11
153,88,11
161,62,11
5,25,12
6,92,12
7,69,12
13,67,12
17,22,12
22,17,12
25,5,12
28,72,12
35,98,12
67,13,12
69,7,12
72,28,12
92,6,12
98,35,12
147,121,12
3,124,13
31,140,13
74,121,13
75,124,13
90,118,13
118,90,13
121,74,13
123,125,13
124,3,13
124,75,13
125,123,13
140,31,13
5,56,14
13,95,14
25,56,14
33,92,14
56,5,14
56,25,14
92,33,14
114,68,14
124,3,14
56,5,15
68,113,15
79,86,15
86,79,15
87,115,15
113,68,15
115,87,15
49,90,16
68,114,16
69,93,16
90,49,16
93,69,16
6,160,17
19,82,17
49,118,17
82,19,17
118,49,17
124,75,17
147,153,17
153,147,17
160,6,17
43,138,18
49,90,18
54,62,18
57,59,18
59,57,18
62,54,18
95,166,18
138,43,18
166,95,18
15,132,19
22,164,19
32,128,19
45,140,19
52,162,19
62,161,19
74,128,19
95,13,19
128,32,19
128,74,19
132,15,19
140,45,19
162,52,19
164,22,19
7,93,20
24,113,20
25,81,20
27,129,20
32,169,20
36,165,20
59,87,20
75,167,20
81,25,20
87,59,20
93,7,20
113,24,20
128,32,20
128,169,20
129,27,20
165,36,20
165,122,20
167,75,20
169,32,20
169,128,20
11,117,21
49,62,21
49,90,21
54,158,21
54,161,21
62,49,21
62,90,21
87,115,21
90,62,21
117,11,21
134,142,21
142,134,21
158,54,21
161,54,21
165,36,21
165,122,21
3,75,22
7,69,22
32,128,22
41,48,22
48,41,22
49,118,22
54,158,22
54,161,22
69,7,22
75,3,22
75,124,22
87,59,22
128,32,22
165,36,22
165,122,22
32,74,23
72,87,23
74,32,23
74,128,23
87,72,23
90,161,23
128,74,23
161,90,23
3,124,24
5,25,24
5,56,24
20,143,24
25,5,24
28,59,24
31,45,24
36,122,24
36,165,24
45,31,24
48,149,24
49,62,24
49,118,24
59,28,24
59,72,24
59,87,24
62,49,24
62,90,24
67,95,24
72,59,24
72,87,24
87,59,24
87,72,24
90,62,24
90,161,24
95,67,24
122,36,24
122,165,24
124,3,24
143,20,24
149,48,24
165,36,24
165,122,24
1,85,25
12,35,25
32,128,25
35,12,25
36,122,25
41,149,25
49,90,25
49,118,25
49,161,25
59,72,25
59,87,25
72,59,25
74,88,25
85,1,25
87,59,25
88,74,25
90,49,25
90,118,25
118,90,25
121,153,25
122,36,25
122,165,25
128,32,25
149,41,25
149,48,25
153,121,25
161,49,25
13,67,26
49,118,26
59,28,26
59,72,26
59,87,26
62,161,26
67,13,26
67,95,26
72,87,26
87,72,26
90,62,26
113,114,26
114,113,26
118,49,26
122,36,26
149,41,26
149,48,26
161,62,26
13,95,27
32,74,27
36,165,27
54,158,27
59,72,27
59,87,27
66,147,27
67,13,27
72,59,27
74,32,27
87,59,27
95,13,27
147,66,27
149,41,27
165,36,27
11,79,28
34,35,28
35,34,28
41,48,28
41,149,28
48,41,28
49,99,28
79,11,28
90,118,28
93,152,28
98,124,28
99,49,28
118,90,28
118,161,28
124,98,28
152,93,28
161,118,28
25,143,29
49,118,29
51,101,29
68,75,29
75,68,29
99,118,29
101,51,29
117,96,29
118,49,29
118,99,29
143,25,29
161,62,29
3,98,30
66,88,30
66,147,30
87,101,30
88,66,30
88,147,30
98,3,30
98,124,30
101,87,30
122,165,30
147,88,30
165,122,30
3,124,31
7,25,31
25,7,31
28,72,31
36,122,31
66,88,31
66,147,31
72,28,31
87,59,31
88,66,31
90,161,31
98,3,31
101,51,31
122,36,31
124,3,31
147,66,31
161,90,31
3,98,32
3,124,32
36,165,32
45,123,32
49,99,32
54,118,32
66,88,32
66,153,32
88,153,32
98,124,32
99,49,32
118,54,32
123,45,32
124,98,32
153,66,32
153,88,32
165,36,32
15,111,33
19,63,33
54,161,33
62,118,33
62,161,33
63,19,33
66,88,33
66,153,33
79,162,33
88,66,33
88,147,33
88,153,33
111,15,33
118,62,33
124,3,33
124,98,33
147,88,33
153,66,33
153,88,33
161,54,33
161,62,33
161,90,33
162,79,33
5,7,34
5,56,34
7,5,34
7,56,34
12,114,34
50,94,34
54,118,34
56,7,34
62,118,34
94,50,34
114,12,34
118,54,34
118,62,34
118,161,34
124,3,34
153,66,34
161,118,34
20,93,35
45,169,35
54,62,35
56,5,35
56,7,35
62,54,35
93,20,35
161,90,35
169,45,35
3,98,36
3,124,36
11,162,36
56,5,36
56,7,36
98,3,36
98,124,36
124,98,36
162,11,36
32,66,37
50,116,37
66,32,37
124,3,37
2,43,38
16,60,38
25,56,38
43,2,38
56,25,38
60,16,38
63,82,38
82,63,38
9,157,39
12,24,39
24,12,39
27,77,39
77,27,39
79,96,39
90,118,39
96,79,39
118,90,39
157,9,39
3,98,40
3,167,40
25,143,40
50,94,40
56,5,40
69,152,40
95,159,40
98,3,40
152,69,40
159,95,40
167,3,40
3,98,41
121,125,41
125,121,41
12,114,42
33,104,42
42,131,42
46,97,42
97,46,42
98,167,42
104,33,42
131,42,42
167,98,42
25,56,43
56,25,43
74,169,43
104,160,43
160,104,43
169,74,43
3,135,44
6,105,44
11,86,44
75,167,44
86,11,44
88,147,44
91,92,44
92,91,44
104,33,44
104,160,44
105,6,44
135,3,44
167,75,44
167,98,44
31,123,45
34,136,45
48,149,45
78,148,45
80,94,45
94,80,45
123,31,45
136,34,45
148,78,45
149,48,45
25,143,46
33,160,46
50,80,46
62,137,46
80,50,46
137,62,46
160,33,46
31,45,47
44,63,47
45,31,47
63,44,47
90,161,47
118,161,47
127,165,47
161,118,47
165,127,47
7,143,48
56,5,48
90,118,48
118,90,48
124,167,48
143,7,48
167,124,48
5,25,49
5,56,49
25,5,49
25,56,49
49,118,49
56,25,49
118,49,49
3,124,50
33,104,50
56,5,50
56,25,50
104,33,50
124,3,50
124,135,50
124,167,50
135,124,50
137,110,50
3,135,51
5,25,51
5,56,51
25,5,51
26,64,51
48,61,51
56,5,51
61,48,51
64,26,51
124,135,51
135,3,51
135,124,51
3,124,52
8,69,52
50,94,52
59,115,52
60,107,52
67,159,52
69,8,52
78,97,52
87,144,52
90,158,52
94,50,52
97,78,52
103,132,52
107,60,52
115,59,52
124,3,52
132,103,52
144,87,52
158,90,52
159,67,52
5,25,53
5,56,53
25,56,53
45,74,53
56,25,53
74,45,53
83,91,53
91,83,53
17,164,54
49,158,54
56,5,54
56,25,54
158,49,54
164,17,54
5,25,55
5,56,55
25,5,55
25,56,55
47,84,55
56,5,55
56,25,55
80,94,55
84,47,55
94,80,55
6,160,56
50,80,56
75,68,56
80,50,56
101,163,56
158,161,56
160,6,56
161,158,56
163,101,56
7,152,57
50,94,57
56,5,57
56,25,57
80,94,57
94,50,57
94,80,57
99,161,57
152,7,57
161,99,57
32,58,58
50,80,58
50,94,58
54,90,58
56,5,58
56,25,58
58,32,58
80,50,58
80,94,58
90,54,58
94,50,58
94,80,58
1,81,59
1,85,59
31,33,59
33,31,59
34,35,59
50,80,59
59,87,59
70,142,59
74,121,59
80,50,59
81,1,59
83,105,59
87,59,59
95,166,59
105,83,59
120,126,59
121,74,59
126,120,59
142,70,59
167,98,59
2,80,60
34,136,60
67,134,60
68,124,60
73,142,60
80,2,60
99,158,60
124,68,60
134,67,60
142,73,60
158,99,60
4,78,61
49,161,61
66,153,61
78,4,61
80,94,61
161,49,61
165,36,61
10,134,62
48,162,62
49,90,62
58,128,62
71,77,62
77,71,62
80,50,62
90,49,62
128,58,62
134,10,62
156,164,62
162,48,62
164,156,62
2,94,63
30,76,63
49,161,63
54,161,63
76,30,63
91,105,63
94,2,63
105,91,63
161,54,63
15,168,64
41,102,64
47,76,64
49,99,64
49,161,64
54,90,64
76,47,64
80,94,64
89,130,64
90,54,64
90,161,64
94,80,64
99,49,64
102,41,64
108,112,64
112,108,64
114,138,64
130,89,64
138,114,64
161,49,64
161,90,64
168,15,64
38,66,65
41,149,65
49,99,65
66,38,65
80,50,65
87,144,65
99,161,65
142,70,65
149,41,65
161,99,65
13,159,66
56,5,66
74,147,66
98,135,66
135,98,66
147,74,66
159,13,66
50,94,67
65,76,67
67,73,67
73,67,67
76,65,67
80,94,67
94,50,67
94,80,67
106,116,67
116,106,67
123,169,67
169,123,67
50,80,68
50,94,68
76,47,68
80,50,68
80,94,68
94,50,68
94,80,68
161,90,68
6,83,69
14,17,69
17,14,69
50,80,69
50,94,69
57,149,69
76,65,69
80,50,69
80,94,69
83,6,69
94,50,69
94,80,69
149,57,69
35,107,70
58,153,70
94,50,70
100,112,70
107,35,70
112,100,70
114,12,70
121,125,70
128,153,70
153,58,70
153,128,70
6,91,71
14,156,71
91,6,71
156,14,71
3,135,72
14,164,72
94,80,72
135,3,72
164,14,72
34,167,73
59,115,73
94,50,73
167,34,73
12,138,74
32,128,74
38,58,74
56,25,74
58,38,74
123,153,74
128,32,74
138,12,74
153,123,74
100,108,75
108,100,75
132,137,75
137,132,75
19,82,77
75,124,77
82,19,77
113,136,77
118,139,77
124,75,77
136,113,77
139,118,77
17,156,78
18,63,78
24,163,78
60,119,78
63,18,78
86,117,78
117,86,78
119,60,78
136,167,78
156,17,78
163,24,78
167,136,78
31,105,79
56,143,79
86,89,79
89,86,79
105,31,79
143,56,79
56,5,80
56,143,80
102,149,80
149,102,80
81,124,81
96,162,81
110,132,81
110,137,81
124,81,81
132,110,81
136,113,81
136,167,81
137,110,81
162,96,81
5,143,82
12,167,82
56,5,82
56,143,82
57,102,82
102,57,82
136,113,82
143,5,82
143,56,82
167,12,82
3,163,83
25,152,83
30,47,83
47,30,83
68,75,83
68,135,83
75,68,83
80,138,83
135,68,83
138,80,83
152,25,83
163,3,83
68,75,84
98,167,84
143,5,84
167,98,84
29,61,85
47,157,85
58,125,85
61,29,85
68,135,85
125,58,85
143,56,85
157,47,85
2,43,86
10,150,86
59,101,86
68,81,86
81,68,86
101,59,86
143,5,86
150,10,86
6,83,88
32,38,88
38,32,88
60,16,88
80,114,88
114,80,88
136,167,88
143,56,88
167,136,88
30,157,89
58,169,89
80,138,89
93,109,89
109,93,89
157,30,89
169,58,89
4,134,90
6,91,90
15,111,90
54,62,90
62,54,90
80,114,90
134,4,90
143,5,90
143,56,90
2,94,91
5,56,91
45,121,91
56,5,91
80,138,91
94,2,91
102,149,91
121,45,91
125,169,91
169,125,91
25,69,92
69,25,92
73,142,92
123,144,92
142,73,92
144,123,92
162,48,92
31,33,93
34,135,93
40,156,93
135,34,93
156,40,93
99,118,94
118,99,94
16,119,95
119,16,95
164,22,95
41,102,97
57,115,97
70,73,97
73,70,97
86,130,97
102,41,97
115,57,97
130,86,97
8,92,98
8,152,98
50,114,98
54,155,98
92,8,98
114,50,98
123,128,98
128,123,98
152,8,98
155,54,98
57,101,99
57,115,99
68,124,99
101,57,99
101,115,99
115,101,99
124,68,99
33,45,100
45,33,100
101,59,100
115,57,100
169,58,100
