17,118,1
18,210,1
22,26,1
25,217,1
26,22,1
26,104,1
28,126,1
33,258,1
35,267,1
47,222,1
56,158,1
57,75,1
58,133,1
60,270,1
66,149,1
68,174,1
69,200,1
72,242,1
75,57,1
78,274,1
94,148,1
95,272,1
104,26,1
108,270,1
109,236,1
117,267,1
118,17,1
124,222,1
126,28,1
129,186,1
130,225,1
133,58,1
143,194,1
146,243,1
148,94,1
149,66,1
156,163,1
158,56,1
159,161,1
161,159,1
163,156,1
167,263,1
174,68,1
186,129,1
194,143,1
198,203,1
200,69,1
203,198,1
210,18,1
217,25,1
222,47,1
222,124,1
225,130,1
236,109,1
237,271,1
240,267,1
242,72,1
243,146,1
258,33,1
263,167,1
267,35,1
267,117,1
267,240,1
270,60,1
270,108,1
271,237,1
272,95,1
274,78,1
1,43,2
13,177,2
22,104,2
26,22,2
34,255,2
39,136,2
43,1,2
45,114,2
46,142,2
50,163,2
58,127,2
68,275,2
82,253,2
104,22,2
114,45,2
127,58,2
132,189,2
136,39,2
142,46,2
163,50,2
177,13,2
178,261,2
189,132,2
207,209,2
209,207,2
222,47,2
227,276,2
253,82,2
255,34,2
261,178,2
267,117,2
275,68,2
276,227,2
22,26,3
22,104,3
44,65,3
54,202,3
56,166,3
65,44,3
82,266,3
94,207,3
94,209,3
111,120,3
115,162,3
120,111,3
162,115,3
166,56,3
176,206,3
185,221,3
200,240,3
201,258,3
202,54,3
206,176,3
207,94,3
207,209,3
209,94,3
209,207,3
215,249,3
221,185,3
240,200,3
249,215,3
258,201,3
266,82,3
20,233,4
22,26,4
22,104,4
30,40,4
40,30,4
56,249,4
70,214,4
71,237,4
75,103,4
80,90,4
82,253,4
86,274,4
90,80,4
100,118,4
103,75,4
111,251,4
113,115,4
115,113,4
115,162,4
118,100,4
166,215,4
183,220,4
214,70,4
215,166,4
220,183,4
233,20,4
237,71,4
249,56,4
251,111,4
254,260,4
260,254,4
274,86,4
9,65,5
49,150,5
65,9,5
65,44,5
75,57,5
85,172,5
99,180,5
108,269,5
108,270,5
127,133,5
129,204,5
133,127,5
150,49,5
162,178,5
172,85,5
178,162,5
180,99,5
197,208,5
200,69,5
204,129,5
208,197,5
240,245,5
244,248,5
245,240,5
248,244,5
269,108,5
269,270,5
270,269,5
2,167,6
5,109,6
6,246,6
14,96,6
56,166,6
56,249,6
65,9,6
72,152,6
81,223,6
87,258,6
96,14,6
100,259,6
108,269,6
109,5,6
115,178,6
128,239,6
129,186,6
129,204,6
152,72,6
166,56,6
167,2,6
178,115,6
186,204,6
200,240,6
204,186,6
223,81,6
239,128,6
240,200,6
246,6,6
253,266,6
258,87,6
259,100,6
266,253,6
269,108,6
269,270,6
6,84,7
21,253,7
21,266,7
22,64,7
33,49,7
49,33,7
64,22,7
69,240,7
81,166,7
81,223,7
84,6,7
88,247,7
100,118,7
106,123,7
109,236,7
115,162,7
115,178,7
118,259,7
123,106,7
129,186,7
158,215,7
162,115,7
162,178,7
166,81,7
166,223,7
178,162,7
186,129,7
200,69,7
200,240,7
209,263,7
215,158,7
223,166,7
239,250,7
240,69,7
240,200,7
247,88,7
250,239,7
253,21,7
253,266,7
259,118,7
263,209,7
266,21,7
266,253,7
5,236,8
6,246,8
13,58,8
21,253,8
21,266,8
54,175,8
54,202,8
56,166,8
58,13,8
84,246,8
94,148,8
115,162,8
116,189,8
118,100,8
118,259,8
129,204,8
162,115,8
166,56,8
175,54,8
189,116,8
196,215,8
200,267,8
204,129,8
215,196,8
223,81,8
236,5,8
236,109,8
240,245,8
246,84,8
253,21,8
253,266,8
266,21,8
266,253,8
267,200,8
2,110,9
5,109,9
5,236,9
6,84,9
6,246,9
29,176,9
38,161,9
54,175,9
56,223,9
78,86,9
80,104,9
81,158,9
81,223,9
84,6,9
84,246,9
86,78,9
100,259,9
104,80,9
109,5,9
109,236,9
110,2,9
129,186,9
129,204,9
158,81,9
161,38,9
174,187,9
176,29,9
187,174,9
222,124,9
223,56,9
223,81,9
236,5,9
236,109,9
246,6,9
246,84,9
259,100,9
266,21,9
10,102,10
15,143,10
21,253,10
23,61,10
23,163,10
25,47,10
26,136,10
32,83,10
47,25,10
61,23,10
61,163,10
66,257,10
80,90,10
81,158,10
81,223,10
83,32,10
98,171,10
102,10,10
108,134,10
118,17,10
123,191,10
128,250,10
129,186,10
134,108,10
136,26,10
139,213,10
143,15,10
158,223,10
163,23,10
163,61,10
171,98,10
191,123,10
213,139,10
215,223,10
223,158,10
223,215,10
246,6,10
246,84,10
250,128,10
253,21,10
257,66,10
267,117,10
8,55,11
12,166,11
22,104,11
55,8,11
56,249,11
59,74,11
74,59,11
80,104,11
81,172,11
104,22,11
104,80,11
118,259,11
138,143,11
143,138,11
163,23,11
166,12,11
172,81,11
223,158,11
253,266,11
255,261,11
259,118,11
261,255,11
266,253,11
7,192,12
15,138,12
15,143,12
20,127,12
21,79,12
22,80,12
22,104,12
32,218,12
54,202,12
56,223,12
72,242,12
79,21,12
80,22,12
80,104,12
100,118,12
104,22,12
104,80,12
118,100,12
127,20,12
128,239,12
128,250,12
137,229,12
138,15,12
138,143,12
143,15,12
143,138,12
158,215,12
175,202,12
192,7,12
200,210,12
202,175,12
210,200,12
212,228,12
215,158,12
215,223,12
218,32,12
219,241,12
222,227,12
223,56,12
223,215,12
227,222,12
228,212,12
229,137,12
239,128,12
239,250,12
241,219,12
246,6,12
246,84,12
250,239,12
15,138,13
20,233,13
23,274,13
33,201,13
51,135,13
54,175,13
56,81,13
56,223,13
81,56,13
91,131,13
117,240,13
131,91,13
135,51,13
138,15,13
146,269,13
158,223,13
175,54,13
196,249,13
201,33,13
223,56,13
223,158,13
240,117,13
249,196,13
269,146,13
274,23,13
4,28,14
28,4,14
32,111,14
56,196,14
56,223,14
64,104,14
80,90,14
104,64,14
110,167,14
111,32,14
111,218,14
112,176,14
118,185,14
118,259,14
128,239,14
133,228,14
138,194,14
158,215,14
167,110,14
176,112,14
185,118,14
194,138,14
196,56,14
215,158,14
218,111,14
223,56,14
228,133,14
239,128,14
239,250,14
5,109,15
17,100,15
33,49,15
33,201,15
39,212,15
41,45,15
45,41,15
49,201,15
55,242,15
61,121,15
64,136,15
100,17,15
105,159,15
109,5,15
111,32,15
118,185,15
118,259,15
121,61,15
136,64,15
159,105,15
185,259,15
196,249,15
201,49,15
212,39,15
215,223,15
223,215,15
242,55,15
259,185,15
33,49,16
41,114,16
49,33,16
49,201,16
55,8,16
55,182,16
60,203,16
64,104,16
71,264,16
88,239,16
110,263,16
114,41,16
118,185,16
118,259,16
158,223,16
172,85,16
178,255,16
182,55,16
185,118,16
185,259,16
203,60,16
210,267,16
223,158,16
231,258,16
237,264,16
239,88,16
243,275,16
255,178,16
258,231,16
259,118,16
259,185,16
263,110,16
264,71,16
264,237,16
267,210,16
275,243,16
5,120,17
6,84,17
6,246,17
14,40,17
30,232,17
31,145,17
36,254,17
36,260,17
40,14,17
47,222,17
49,33,17
67,190,17
71,237,17
84,6,17
84,246,17
87,234,17
96,164,17
110,167,17
110,263,17
114,184,17
115,147,17
119,199,17
120,5,17
145,31,17
147,115,17
164,96,17
184,114,17
190,67,17
199,119,17
202,227,17
210,240,17
222,47,17
227,202,17
232,30,17
234,87,17
237,71,17
237,264,17
240,210,17
246,6,17
246,84,17
254,36,17
254,260,17
260,36,17
260,254,17
275,68,17
8,242,18
26,64,18
54,102,18
55,242,18
56,215,18
57,135,18
64,26,18
71,264,18
73,154,18
102,54,18
104,136,18
108,269,18
131,141,18
135,57,18
136,104,18
141,131,18
149,262,18
154,73,18
215,56,18
221,259,18
237,71,18
237,264,18
242,8,18
242,55,18
246,6,18
259,221,18
260,36,18
262,149,18
264,71,18
264,237,18
269,108,18
275,243,18
2,167,19
3,199,19
55,182,19
57,75,19
57,135,19
75,135,19
94,209,19
135,75,19
167,2,19
199,3,19
199,119,19
209,94,19
210,267,19
242,8,19
246,84,19
259,118,19
264,71,19
3,119,20
8,55,20
12,73,20
25,222,20
26,136,20
31,179,20
45,114,20
47,25,20
54,139,20
55,8,20
55,72,20
71,237,20
71,264,20
72,55,20
73,12,20
110,224,20
114,45,20
119,3,20
121,130,20
130,121,20
136,26,20
136,104,20
139,54,20
176,29,20
179,31,20
222,25,20
224,110,20
237,71,20
237,264,20
246,6,20
260,254,20
264,237,20
23,163,21
38,57,21
41,45,21
45,41,21
56,81,21
56,215,21
57,38,21
77,203,21
88,250,21
116,132,21
118,221,21
132,116,21
158,196,21
167,263,21
196,158,21
203,77,21
221,118,21
224,263,21
246,84,21
250,88,21
255,34,21
263,167,21
263,224,21
20,277,22
24,239,22
26,39,22
33,201,22
39,26,22
40,216,22
96,244,22
119,199,22
164,244,22
201,33,22
202,222,22
203,60,22
210,240,22
216,40,22
222,202,22
239,24,22
239,128,22
244,96,22
244,164,22
263,167,22
277,20,22
6,84,23
20,233,23
20,277,23
23,274,23
40,14,23
41,42,23
42,41,23
45,114,23
55,182,23
55,235,23
56,81,23
56,158,23
56,215,23
79,82,23
82,79,23
84,6,23
96,164,23
122,261,23
146,243,23
158,56,23
163,274,23
164,96,23
174,268,23
176,206,23
235,55,23
243,146,23
261,122,23
263,224,23
268,174,23
274,163,23
10,54,24
10,139,24
23,163,24
40,216,24
47,202,24
54,10,24
55,182,24
56,158,24
56,215,24
65,44,24
81,215,24
87,140,24
114,184,24
119,3,24
139,10,24
140,87,24
158,215,24
163,23,24
164,244,24
182,235,24
202,47,24
202,222,24
215,81,24
215,158,24
222,25,24
222,202,24
235,182,24
7,63,25
8,72,25
10,54,25
10,139,25
21,253,25
33,87,25
40,14,25
40,216,25
63,7,25
72,8,25
84,271,25
87,33,25
99,171,25
115,162,25
116,189,25
132,189,25
140,234,25
148,167,25
155,176,25
167,148,25
171,99,25
176,155,25
176,206,25
182,55,25
189,132,25
202,47,25
213,255,25
234,140,25
253,21,25
255,213,25
271,84,25
6,271,26
7,192,26
10,54,26
58,127,26
64,136,26
73,154,26
78,107,26
84,6,26
107,78,26
112,193,26
127,58,26
136,64,26
164,96,26
169,170,26
170,169,26
171,180,26
176,29,26
180,171,26
182,235,26
189,116,26
193,112,26
215,56,26
215,158,26
255,34,26
271,6,26
6,84,27
6,271,27
7,63,27
7,192,27
10,139,27
23,130,27
43,69,27
54,139,27
56,158,27
69,43,27
87,140,27
91,141,27
130,23,27
139,54,27
140,87,27
141,91,27
158,56,27
164,244,27
171,99,27
176,206,27
218,251,27
222,25,27
251,218,27
6,84,28
6,271,28
23,274,28
26,104,28
29,206,28
47,124,28
64,90,28
68,243,28
68,275,28
90,64,28
96,244,28
99,180,28
104,26,28
110,263,28
124,47,28
176,155,28
176,206,28
180,99,28
184,250,28
189,132,28
201,258,28
206,29,28
206,176,28
243,68,28
244,96,28
250,184,28
258,201,28
263,110,28
264,71,28
274,23,28
275,68,28
50,156,29
54,175,29
56,152,29
67,251,29
84,271,29
90,80,29
109,236,29
118,259,29
127,228,29
152,56,29
153,198,29
156,50,29
198,153,29
206,29,29
228,127,29
243,275,29
251,67,29
271,84,29
275,243,29
6,84,30
6,246,30
7,63,30
17,185,30
17,190,30
27,263,30
34,261,30
36,131,30
56,215,30
57,135,30
70,271,30
84,6,30
95,208,30
115,204,30
126,227,30
131,36,30
135,57,30
148,224,30
185,17,30
185,190,30
190,17,30
190,185,30
204,115,30
206,176,30
208,95,30
215,56,30
223,249,30
224,148,30
227,126,30
244,164,30
246,6,30
249,223,30
261,34,30
263,27,30
263,110,30
271,70,30
8,55,31
27,110,31
27,263,31
33,140,31
38,135,31
55,8,31
69,240,31
87,234,31
90,64,31
96,164,31
96,244,31
110,27,31
115,162,31
115,204,31
124,202,31
125,234,31
135,38,31
135,57,31
140,33,31
145,179,31
164,96,31
164,244,31
179,145,31
190,17,31
190,185,31
201,231,31
202,124,31
206,29,31
221,259,31
231,201,31
234,87,31
234,125,31
239,247,31
240,69,31
243,146,31
243,275,31
244,96,31
244,164,31
247,239,31
259,221,31
263,27,31
13,177,32
23,163,32
26,58,32
26,104,32
34,255,32
42,114,32
58,26,32
62,272,32
64,80,32
64,90,32
74,144,32
80,64,32
114,42,32
115,162,32
115,204,32
118,221,32
118,259,32
130,274,32
135,161,32
144,74,32
161,135,32
162,204,32
176,155,32
204,162,32
221,118,32
243,146,32
259,118,32
272,62,32
274,130,32
6,84,33
17,185,33
17,190,33
23,130,33
23,274,33
26,127,33
38,161,33
42,45,33
42,114,33
45,42,33
46,273,33
54,139,33
59,144,33
64,80,33
70,246,33
74,59,33
74,144,33
87,125,33
108,229,33
110,224,33
125,87,33
127,26,33
130,23,33
144,59,33
144,74,33
148,167,33
161,38,33
161,135,33
177,233,33
185,17,33
190,17,33
204,115,33
224,110,33
229,108,33
233,177,33
246,70,33
255,213,33
273,46,33
274,23,33
13,233,34
17,185,34
22,64,34
23,130,34
47,113,34
57,161,34
64,22,34
72,152,34
75,193,34
84,246,34
98,182,34
104,127,34
110,167,34
110,224,34
113,47,34
127,104,34
140,234,34
152,72,34
161,38,34
161,57,34
167,110,34
177,13,34
182,98,34
185,190,34
190,185,34
193,75,34
233,13,34
234,140,34
246,84,34
6,271,35
7,265,35
13,177,35
40,186,35
47,276,35
59,74,35
60,238,35
67,185,35
74,59,35
74,144,35
80,90,35
87,140,35
87,234,35
90,80,35
99,171,35
117,216,35
117,245,35
127,26,35
140,87,35
140,234,35
161,38,35
161,57,35
167,224,35
185,67,35
186,40,35
190,221,35
205,266,35
216,117,35
221,190,35
224,167,35
234,87,35
234,140,35
238,60,35
245,117,35
246,70,35
265,7,35
266,205,35
271,6,35
276,47,35
19,20,36
20,19,36
33,49,36
35,216,36
38,57,36
39,136,36
46,142,36
57,38,36
57,161,36
62,95,36
63,192,36
70,84,36
84,70,36
87,140,36
95,62,36
98,219,36
110,167,36
113,227,36
117,216,36
117,245,36
125,140,36
127,228,36
136,39,36
140,87,36
140,125,36
167,110,36
182,219,36
192,63,36
216,35,36
216,117,36
216,245,36
219,98,36
219,182,36
227,113,36
245,216,36
35,245,37
43,270,37
57,38,37
68,268,37
69,43,37
69,270,37
98,182,37
103,203,37
113,126,37
113,227,37
118,221,37
126,113,37
127,26,37
127,104,37
148,224,37
151,260,37
178,213,37
182,98,37
203,103,37
213,178,37
216,35,37
216,245,37
221,118,37
221,190,37
224,148,37
245,35,37
245,117,37
245,216,37
260,151,37
268,68,37
270,43,37
270,69,37
12,166,38
23,274,38
29,75,38
43,69,38
43,270,38
61,130,38
62,149,38
67,118,38
69,43,38
75,29,38
118,67,38
127,26,38
130,61,38
149,62,38
178,255,38
185,190,38
185,221,38
190,185,38
190,221,38
213,255,38
219,241,38
221,185,38
221,190,38
237,271,38
244,96,38
245,117,38
255,178,38
255,213,38
270,43,38
271,237,38
20,277,39
35,181,39
38,161,39
81,172,39
86,230,39
90,136,39
115,162,39
121,225,39
123,106,39
128,209,39
136,90,39
138,173,39
154,196,39
156,274,39
161,38,39
162,115,39
172,81,39
173,138,39
181,35,39
196,154,39
209,128,39
213,276,39
221,185,39
221,190,39
225,121,39
230,86,39
274,156,39
276,213,39
18,270,40
27,205,40
39,64,40
39,90,40
62,95,40
64,39,40
87,234,40
88,239,40
90,39,40
126,227,40
205,27,40
227,126,40
234,87,40
239,88,40
255,178,40
270,18,40
24,183,41
25,109,41
49,194,41
67,190,41
75,193,41
86,155,41
95,208,41
104,228,41
109,25,41
113,126,41
113,227,41
126,113,41
126,227,41
155,86,41
183,24,41
190,67,41
193,112,41
194,49,41
227,113,41
227,126,41
228,104,41
3,199,42
22,48,42
26,104,42
26,127,42
39,136,42
45,114,42
48,22,42
48,136,42
57,135,42
61,156,42
67,221,42
83,124,42
104,26,42
113,126,42
113,227,42
114,45,42
118,251,42
124,83,42
126,113,42
126,227,42
135,57,42
136,39,42
136,48,42
156,61,42
159,187,42
187,159,42
193,75,42
193,112,42
199,3,42
213,261,42
221,67,42
227,113,42
227,126,42
234,258,42
245,216,42
251,118,42
258,234,42
261,213,42
2,63,43
13,233,43
31,145,43
33,194,43
49,33,43
63,2,43
67,259,43
68,174,43
96,169,43
100,185,43
110,263,43
124,236,43
136,39,43
145,31,43
150,201,43
169,96,43
169,248,43
174,68,43
175,239,43
185,100,43
193,75,43
194,33,43
201,150,43
236,124,43
239,175,43
248,169,43
259,67,43
263,110,43
22,64,44
33,49,44
33,194,44
48,80,44
55,98,44
63,192,44
64,22,44
70,101,44
80,48,44
84,246,44
95,272,44
98,55,44
101,70,44
107,201,44
114,42,44
133,277,44
169,96,44
201,107,44
201,150,44
234,87,44
246,84,44
272,95,44
277,133,44
33,49,45
33,194,45
90,252,45
96,248,45
110,148,45
114,45,45
128,247,45
148,110,45
185,221,45
193,206,45
206,193,45
221,185,45
247,128,45
248,96,45
252,90,45
26,104,46
33,49,46
37,145,46
49,194,46
54,178,46
55,182,46
98,182,46
145,37,46
178,54,46
182,55,46
182,98,46
193,75,46
194,49,46
201,107,46
222,227,46
227,222,46
228,277,46
277,228,46
2,192,47
7,263,47
29,206,47
47,255,47
55,98,47
55,182,47
58,233,47
72,215,47
77,153,47
98,55,47
98,182,47
110,263,47
117,216,47
150,258,47
153,77,47
182,55,47
182,98,47
185,259,47
192,2,47
206,29,47
213,276,47
215,72,47
216,117,47
233,58,47
255,47,47
258,150,47
259,185,47
263,7,47
263,110,47
14,267,48
27,207,48
72,152,48
72,215,48
83,202,48
83,226,48
105,174,48
128,209,48
133,253,48
174,105,48
202,83,48
202,226,48
207,27,48
226,83,48
226,202,48
239,88,48
253,133,48
259,67,48
263,7,48
267,14,48
17,221,49
25,83,49
33,194,49
47,261,49
83,25,49
83,202,49
86,274,49
92,213,49
95,208,49
139,178,49
163,230,49
169,267,49
177,233,49
178,139,49
182,55,49
194,33,49
194,49,49
202,83,49
202,226,49
208,272,49
213,92,49
221,17,49
227,126,49
230,163,49
233,177,49
261,47,49
267,169,49
272,208,49
274,86,49
7,265,50
17,185,50
36,168,50
68,268,50
72,152,50
79,128,50
83,25,50
83,226,50
94,224,50
95,272,50
108,243,50
122,232,50
128,79,50
128,247,50
137,240,50
165,181,50
168,36,50
169,200,50
169,267,50
181,165,50
182,98,50
185,17,50
194,33,50
200,169,50
224,94,50
226,83,50
232,122,50
239,175,50
240,137,50
243,108,50
263,265,50
265,263,50
272,95,50
272,208,50
6,84,51
25,126,51
25,226,51
68,105,51
75,206,51
81,85,51
84,6,51
85,81,51
89,241,51
105,68,51
110,148,51
126,25,51
126,227,51
128,209,51
153,198,51
178,255,51
194,49,51
206,75,51
226,25,51
226,83,51
241,89,51
241,219,51
247,250,51
250,247,51
255,178,51
265,7,51
265,263,51
3,91,52
13,58,52
25,126,52
35,165,52
39,80,52
40,129,52
58,13,52
61,130,52
63,167,52
73,196,52
78,201,52
79,250,52
80,39,52
80,48,52
91,3,52
126,25,52
128,79,52
129,40,52
165,35,52
167,63,52
196,73,52
201,78,52
220,239,52
231,234,52
234,231,52
239,220,52
250,79,52
250,247,52
17,190,53
20,21,53
21,20,53
25,102,53
25,126,53
42,82,53
66,262,53
79,128,53
79,247,53
79,250,53
80,39,53
82,42,53
102,25,53
102,126,53
107,150,53
126,102,53
150,107,53
167,263,53
190,17,53
206,29,53
216,245,53
247,79,53
250,79,53
262,66,53
263,167,53
1,240,54
6,246,54
47,255,54
55,98,54
60,77,54
68,174,54
72,215,54
77,60,54
79,128,54
79,250,54
97,173,54
98,55,54
98,182,54
126,25,54
126,102,54
128,250,54
152,215,54
173,97,54
174,68,54
190,259,54
215,152,54
239,175,54
240,1,54
246,6,54
247,250,54
250,128,54
250,247,54
255,47,54
259,190,54
6,237,55
7,263,55
41,45,55
45,41,55
55,8,55
89,219,55
105,174,55
118,218,55
165,181,55
174,105,55
218,118,55
219,89,55
237,6,55
244,248,55
248,244,55
250,128,55
263,7,55
7,167,56
7,263,56
21,277,56
37,214,56
62,197,56
64,136,56
72,152,56
83,202,56
119,199,56
128,247,56
136,64,56
138,194,56
145,179,56
152,72,56
152,215,56
167,7,56
185,221,56
188,235,56
194,138,56
197,62,56
199,119,56
200,270,56
202,83,56
202,226,56
209,247,56
214,37,56
221,185,56
226,202,56
235,188,56
237,246,56
239,220,56
246,237,56
247,128,56
247,209,56
270,200,56
277,21,56
6,271,57
8,98,57
25,113,57
39,48,57
48,39,57
84,237,57
98,8,57
105,268,57
107,201,57
110,265,57
113,25,57
122,276,57
128,209,57
145,31,57
145,179,57
167,263,57
201,107,57
202,83,57
202,226,57
209,128,57
210,245,57
212,252,57
237,84,57
245,210,57
247,250,57
250,247,57
252,212,57
253,277,57
263,167,57
265,110,57
268,105,57
271,6,57
276,122,57
277,253,57
8,188,58
31,179,58
41,82,58
82,41,58
83,226,58
96,169,58
98,188,58
103,112,58
112,103,58
145,31,58
151,254,58
169,96,58
179,31,58
188,8,58
188,98,58
197,272,58
202,83,58
226,83,58
240,137,58
254,151,58
272,197,58
277,21,58
277,253,58
5,93,59
21,253,59
31,145,59
31,179,59
60,238,59
75,155,59
93,5,59
98,235,59
99,180,59
102,202,59
121,262,59
145,179,59
152,72,59
155,75,59
179,145,59
188,235,59
202,102,59
202,226,59
209,250,59
226,202,59
230,274,59
235,98,59
235,188,59
250,209,59
253,21,59
262,121,59
274,230,59
8,55,60
17,251,60
29,57,60
29,135,60
43,200,60
56,72,60
56,215,60
57,29,60
57,135,60
62,272,60
72,56,60
75,193,60
84,246,60
93,144,60
98,188,60
100,221,60
110,167,60
124,222,60
128,250,60
130,156,60
135,29,60
135,57,60
138,150,60
140,234,60
144,93,60
150,138,60
150,194,60
156,130,60
167,110,60
167,265,60
178,139,60
179,31,60
188,98,60
188,235,60
194,150,60
197,62,60
197,272,60
200,43,60
215,56,60
221,100,60
222,124,60
234,140,60
237,246,60
245,260,60
246,84,60
246,237,60
250,128,60
251,17,60
260,245,60
265,167,60
272,62,60
272,197,60
8,235,61
25,227,61
29,57,61
47,54,61
54,47,61
56,72,61
57,29,61
57,135,61
62,197,61
72,152,61
79,247,61
83,202,61
83,226,61
93,5,61
93,144,61
197,62,61
202,83,61
202,226,61
210,216,61
216,210,61
226,83,61
226,202,61
227,25,61
235,8,61
246,84,61
247,79,61
4,264,62
25,113,62
39,64,62
40,232,62
57,29,62
64,39,62
75,155,62
75,193,62
84,237,62
84,246,62
102,217,62
108,268,62
110,265,62
113,126,62
126,113,62
185,259,62
217,102,62
232,40,62
237,84,62
259,185,62
264,4,62
265,110,62
265,167,62
268,108,62
7,98,63
15,143,63
17,100,63
25,227,63
30,96,63
45,114,63
61,156,63
75,155,63
75,193,63
82,42,63
84,237,63
84,271,63
87,258,63
92,255,63
96,30,63
98,7,63
100,17,63
108,243,63
113,25,63
113,126,63
129,147,63
143,15,63
147,129,63
156,61,63
255,92,63
258,87,63
265,110,63
268,105,63
271,84,63
48,64,64
64,48,64
69,77,64
77,69,64
78,138,64
79,209,64
79,247,64
84,237,64
94,250,64
127,252,64
138,78,64
163,274,64
169,267,64
200,270,64
205,266,64
209,79,64
250,94,64
252,127,64
264,71,64
274,163,64
6,84,65
6,271,65
7,188,65
32,46,65
36,91,65
41,45,65
45,41,65
46,32,65
56,152,65
69,238,65
78,107,65
78,138,65
84,6,65
84,271,65
91,36,65
92,178,65
92,255,65
93,5,65
107,78,65
112,206,65
132,273,65
141,168,65
152,56,65
155,193,65
167,263,65
168,141,65
178,92,65
188,7,65
193,155,65
206,112,65
207,266,65
209,247,65
226,83,65
238,69,65
247,209,65
259,190,65
266,207,65
271,6,65
271,84,65
273,132,65
6,84,66
6,271,66
17,251,66
21,277,66
45,217,66
67,190,66
67,259,66
68,105,66
78,107,66
84,6,66
84,271,66
98,188,66
105,68,66
127,212,66
165,179,66
174,268,66
179,165,66
188,98,66
190,67,66
190,259,66
212,127,66
217,45,66
259,67,66
259,190,66
268,174,66
271,6,66
271,84,66
277,21,66
6,84,67
6,271,67
31,165,67
40,122,67
55,89,67
55,219,67
79,209,67
84,6,67
89,55,67
89,219,67
107,138,67
108,275,67
112,103,67
122,40,67
131,254,67
138,107,67
159,268,67
165,31,67
193,75,67
193,194,67
194,193,67
209,79,67
218,251,67
219,55,67
219,89,67
237,271,67
239,175,67
251,218,67
254,131,67
259,185,67
259,190,67
268,159,67
271,6,67
271,237,67
275,108,67
4,71,68
6,237,68
6,271,68
13,90,68
17,118,68
17,251,68
23,163,68
29,206,68
39,80,68
42,191,68
43,198,68
68,268,68
71,4,68
90,13,68
92,178,68
107,201,68
108,243,68
118,17,68
122,276,68
163,23,68
164,220,68
191,42,68
198,43,68
206,29,68
219,55,68
219,89,68
220,164,68
237,6,68
251,17,68
253,277,68
268,68,68
271,6,68
277,253,68
6,84,69
10,25,69
17,100,69
17,118,69
17,251,69
20,205,69
25,10,69
68,174,69
68,268,69
94,128,69
98,192,69
102,227,69
108,275,69
118,251,69
128,94,69
174,68,69
174,268,69
178,255,69
192,98,69
193,75,69
205,20,69
227,102,69
251,118,69
255,178,69
268,174,69
277,21,69
7,265,70
9,19,70
19,9,70
39,48,70
48,39,70
63,110,70
69,153,70
72,242,70
79,128,70
84,237,70
85,154,70
100,118,70
100,221,70
100,251,70
110,63,70
117,267,70
118,100,70
118,251,70
128,79,70
128,94,70
153,69,70
154,85,70
237,84,70
242,72,70
243,275,70
251,17,70
251,100,70
251,118,70
265,7,70
267,117,70
272,208,70
275,243,70
7,98,71
7,110,71
7,265,71
12,196,71
17,118,71
17,251,71
51,161,71
69,238,71
75,155,71
77,238,71
87,150,71
98,7,71
98,110,71
98,265,71
107,231,71
110,7,71
110,98,71
118,17,71
118,251,71
128,79,71
150,87,71
155,75,71
161,51,71
170,244,71
196,12,71
207,263,71
231,107,71
238,77,71
244,170,71
251,17,71
251,100,71
251,118,71
263,207,71
265,98,71
7,110,72
17,100,72
17,118,72
27,247,72
39,80,72
53,99,72
54,178,72
98,110,72
99,53,72
100,17,72
110,7,72
110,98,72
118,17,72
118,251,72
145,186,72
153,238,72
178,54,72
182,188,72
186,145,72
188,182,72
212,252,72
238,153,72
247,27,72
252,212,72
259,67,72
259,190,72
7,192,73
29,57,73
85,172,73
98,192,73
102,113,73
113,102,73
118,17,73
118,251,73
127,252,73
172,85,73
190,251,73
192,7,73
192,98,73
212,127,73
251,190,73
252,127,73
13,58,74
47,178,74
59,264,74
69,153,74
128,247,74
153,69,74
178,47,74
188,265,74
192,7,74
192,98,74
217,227,74
227,217,74
243,268,74
247,128,74
251,259,74
259,251,74
264,59,74
265,188,74
268,243,74
270,18,74
47,54,75
54,47,75
54,178,75
60,174,75
74,93,75
87,258,75
93,74,75
102,217,75
174,60,75
178,54,75
190,259,75
193,201,75
201,193,75
208,257,75
208,272,75
209,247,75
217,102,75
247,209,75
251,190,75
251,259,75
257,208,75
257,272,75
259,190,75
259,251,75
272,257,75
17,67,76
20,266,76
29,86,76
47,178,76
50,130,76
67,17,76
86,29,76
94,247,76
101,246,76
108,159,76
128,79,76
128,94,76
130,50,76
138,231,76
147,232,76
159,108,76
162,214,76
178,47,76
208,257,76
214,162,76
219,55,76
231,138,76
232,147,76
238,77,76
246,101,76
247,94,76
257,208,76
257,272,76
259,190,76
266,20,76
2,7,77
7,2,77
8,195,77
17,251,77
22,142,77
26,123,77
45,114,77
66,95,77
79,94,77
79,128,77
94,79,77
94,128,77
95,66,77
100,144,77
100,221,77
102,227,77
104,106,77
106,104,77
118,144,77
123,26,77
128,79,77
128,94,77
142,22,77
144,100,77
144,118,77
144,221,77
195,8,77
213,276,77
220,239,77
221,144,77
227,102,77
239,220,77
251,17,77
251,259,77
259,251,77
276,213,77
3,36,78
15,244,78
36,3,78
38,135,78
57,155,78
82,191,78
94,247,78
102,113,78
117,169,78
135,38,78
144,118,78
155,57,78
163,274,78
169,117,78
176,230,78
190,251,78
190,259,78
190,273,78
191,82,78
212,252,78
221,100,78
230,176,78
244,15,78
247,209,78
251,190,78
252,212,78
259,190,78
273,190,78
17,67,79
19,21,79
21,19,79
23,225,79
39,48,79
60,243,79
79,94,79
91,168,79
94,79,79
129,232,79
138,194,79
153,238,79
168,91,79
190,259,79
194,138,79
225,23,79
232,129,79
238,153,79
243,60,79
244,170,79
251,259,79
259,251,79
17,259,80
26,104,80
28,115,80
31,119,80
42,106,80
94,209,80
94,247,80
104,26,80
106,42,80
115,28,80
119,31,80
144,221,80
153,69,80
153,238,80
168,141,80
185,273,80
209,94,80
209,247,80
221,144,80
247,94,80
247,209,80
259,17,80
273,185,80
41,217,81
56,215,81
79,128,81
83,111,81
91,141,81
94,128,81
107,150,81
111,83,81
128,79,81
128,94,81
138,201,81
141,91,81
150,107,81
151,240,81
153,69,81
159,268,81
201,138,81
217,41,81
221,100,81
225,274,81
235,242,81
237,271,81
240,151,81
242,235,81
259,251,81
268,159,81
271,237,81
274,225,81
19,253,82
27,209,82
63,224,82
107,201,82
129,210,82
151,254,82
167,224,82
183,250,82
201,107,82
201,138,82
209,27,82
210,129,82
221,144,82
224,63,82
224,167,82
225,23,82
231,258,82
237,84,82
250,183,82
253,19,82
254,151,82
258,231,82
7,85,83
85,7,83
87,231,83
91,168,83
109,126,83
120,221,83
126,109,83
131,151,83
151,131,83
151,240,83
163,225,83
163,274,83
168,91,83
201,107,83
201,138,83
221,120,83
224,63,83
225,163,83
231,87,83
231,258,83
274,163,83
33,49,84
49,33,84
66,262,84
95,257,84
105,161,84
128,247,84
131,240,84
134,174,84
150,194,84
161,105,84
163,225,84
174,134,84
188,182,84
194,150,84
201,107,84
225,23,84
225,163,84
237,271,84
240,131,84
247,128,84
257,95,84
260,267,84
262,66,84
267,260,84
2,192,85
14,137,85
22,80,85
25,54,85
29,193,85
54,25,85
80,22,85
118,273,85
137,14,85
151,254,85
163,274,85
192,2,85
193,29,85
194,201,85
201,194,85
209,263,85
232,147,85
263,209,85
273,118,85
48,127,86
54,92,86
63,167,86
64,136,86
92,54,86
127,48,86
133,191,86
154,172,86
163,225,86
167,63,86
172,154,86
176,193,86
191,133,86
193,176,86
234,258,86
258,234,86
3,91,87
29,86,87
59,256,87
91,3,87
91,168,87
96,147,87
141,168,87
147,96,87
148,205,87
168,141,87
170,248,87
205,148,87
240,254,87
248,170,87
254,240,87
256,59,87
10,114,88
19,277,88
41,102,88
47,222,88
49,97,88
63,224,88
67,273,88
78,87,88
78,231,88
84,271,88
87,78,88
91,3,88
97,49,88
102,41,88
109,226,88
114,10,88
122,40,88
128,263,88
138,230,88
139,239,88
151,240,88
151,254,88
204,236,88
222,47,88
226,109,88
230,138,88
231,78,88
236,204,88
239,139,88
240,151,88
240,254,88
254,151,88
254,240,88
263,128,88
263,209,88
271,84,88
273,67,88
277,19,88
3,36,89
41,113,89
69,238,89
78,87,89
102,217,89
111,120,89
113,41,89
120,111,89
120,221,89
151,240,89
151,254,89
217,102,89
219,89,89
238,69,89
240,151,89
240,254,89
254,151,89
254,240,89
263,128,89
21,277,90
29,155,90
58,233,90
61,107,90
78,231,90
83,226,90
87,258,90
107,61,90
111,221,90
120,111,90
120,221,90
128,247,90
128,263,90
144,190,90
155,29,90
163,274,90
190,144,90
215,249,90
221,111,90
221,120,90
226,83,90
233,58,90
249,215,90
258,87,90
277,21,90
17,190,91
40,145,91
78,87,91
78,258,91
87,78,91
112,198,91
128,79,91
145,40,91
190,17,91
190,144,91
198,112,91
202,217,91
217,202,91
221,111,91
221,120,91
226,109,91
258,78,91
277,19,91
8,99,92
15,34,92
19,253,92
34,15,92
65,110,92
66,208,92
67,259,92
67,273,92
75,193,92
99,8,92
110,65,92
113,126,92
126,113,92
141,160,92
150,201,92
160,141,92
176,194,92
193,75,92
194,176,92
201,150,92
207,247,92
208,66,92
221,111,92
225,23,92
247,207,92
259,67,92
259,251,92
13,90,93
36,168,93
67,259,93
67,273,93
78,234,93
102,113,93
104,106,93
106,104,93
111,120,93
111,221,93
113,102,93
120,111,93
123,228,93
157,199,93
168,36,93
190,17,93
199,157,93
228,123,93
234,78,93
259,67,93
271,237,93
1,146,94
10,54,94
29,86,94
29,155,94
41,102,94
54,10,94
68,105,94
68,161,94
71,256,94
81,172,94
91,168,94
102,41,94
105,68,94
117,260,94
128,207,94
131,151,94
146,1,94
151,131,94
161,68,94
167,247,94
168,91,94
172,81,94
185,190,94
190,144,94
190,185,94
207,128,94
224,247,94
230,274,94
238,77,94
242,72,94
247,167,94
247,224,94
256,71,94
259,251,94
260,117,94
274,230,94
14,200,95
15,170,95
29,230,95
36,91,95
54,114,95
68,105,95
68,161,95
75,194,95
91,36,95
91,168,95
105,161,95
114,54,95
138,176,95
138,274,95
144,185,95
161,105,95
170,15,95
173,198,95
176,138,95
185,144,95
185,190,95
193,194,95
194,75,95
194,193,95
198,173,95
200,14,95
224,63,95
230,29,95
274,138,95
277,21,95
52,81,96
67,118,96
68,105,96
73,223,96
81,52,96
105,68,96
109,126,96
117,169,96
118,67,96
126,109,96
144,259,96
178,276,96
194,75,96
223,73,96
259,144,96
259,251,96
276,178,96
25,47,97
41,202,97
47,25,97
51,149,97
65,205,97
111,118,97
113,202,97
118,111,97
120,221,97
125,250,97
144,185,97
144,190,97
144,259,97
149,51,97
185,144,97
185,259,97
190,144,97
202,41,97
202,113,97
205,65,97
221,120,97
240,245,97
240,254,97
243,268,97
245,240,97
250,125,97
251,273,97
259,144,97
259,185,97
259,273,97
268,243,97
271,84,97
273,251,97
273,259,97
5,264,98
15,248,98
19,58,98
36,168,98
41,113,98
41,202,98
46,218,98
58,19,98
87,234,98
92,239,98
113,41,98
138,176,98
144,273,98
150,234,98
155,57,98
157,160,98
160,157,98
168,36,98
168,91,98
187,243,98
187,268,98
202,41,98
218,46,98
234,87,98
234,150,98
239,92,98
240,245,98
243,187,98
247,167,98
248,15,98
264,5,98
268,187,98
273,144,98
6,237,99
26,42,99
41,102,99
42,26,99
46,32,99
61,274,99
83,109,99
87,150,99
102,113,99
109,83,99
109,226,99
113,102,99
126,226,99
150,87,99
160,141,99
167,207,99
174,203,99
187,243,99
201,234,99
203,174,99
207,167,99
226,126,99
234,201,99
237,6,99
273,259,99
274,61,99
3,91,100
12,73,100
19,233,100
27,184,100
32,218,100
34,213,100
63,94,100
63,224,100
69,153,100
73,12,100
75,193,100
82,133,100
91,3,100
91,168,100
94,63,100
106,123,100
123,106,100
133,82,100
141,157,100
144,190,100
144,259,100
147,232,100
155,206,100
157,141,100
169,267,100
184,27,100
185,251,100
190,259,100
193,75,100
197,257,100
206,155,100
213,34,100
218,32,100
233,19,100
234,78,100
243,268,100
251,185,100
257,197,100
259,144,100
259,190,100
260,267,100
267,169,100
267,260,100
268,243,100
