6,279,1
7,75,1
12,13,1
13,12,1
19,288,1
32,88,1
41,266,1
43,79,1
48,97,1
48,206,1
61,77,1
63,130,1
63,198,1
65,121,1
74,249,1
75,7,1
77,61,1
79,43,1
88,32,1
95,172,1
97,48,1
99,284,1
105,244,1
112,273,1
115,215,1
121,65,1
128,141,1
128,231,1
130,63,1
136,192,1
141,128,1
141,231,1
167,229,1
172,95,1
173,267,1
177,272,1
177,274,1
192,136,1
198,63,1
206,48,1
215,115,1
226,271,1
229,167,1
231,128,1
231,141,1
244,105,1
249,74,1
266,41,1
267,173,1
271,226,1
272,177,1
272,274,1
273,112,1
274,177,1
274,272,1
279,6,1
284,99,1
288,19,1
7,285,2
9,235,2
16,284,2
17,184,2
18,55,2
33,35,2
35,33,2
47,277,2
48,97,2
55,18,2
60,83,2
72,231,2
73,169,2
78,109,2
83,60,2
94,196,2
109,78,2
110,168,2
113,187,2
116,158,2
128,141,2
141,128,2
141,231,2
158,116,2
168,110,2
169,73,2
175,289,2
184,17,2
187,113,2
193,279,2
196,94,2
204,279,2
231,72,2
231,141,2
235,9,2
240,268,2
268,240,2
274,177,2
274,272,2
277,47,2
279,193,2
279,204,2
284,16,2
285,7,2
289,175,2
17,166,3
38,127,3
47,58,3
58,47,3
63,219,3
66,190,3
69,232,3
72,128,3
72,141,3
75,91,3
75,285,3
89,218,3
91,75,3
91,93,3
91,285,3
93,91,3
98,257,3
127,38,3
128,72,3
128,141,3
129,255,3
135,281,3
140,199,3
141,72,3
141,128,3
142,184,3
166,17,3
184,142,3
190,66,3
199,140,3
218,89,3
219,63,3
232,69,3
255,129,3
257,98,3
274,177,3
279,193,3
281,135,3
285,75,3
285,91,3
7,75,4
7,285,4
14,47,4
17,165,4
24,219,4
35,124,4
41,159,4
47,14,4
71,181,4
72,128,4
74,257,4
75,7,4
75,285,4
85,169,4
90,132,4
105,232,4
124,35,4
125,207,4
128,72,4
128,141,4
132,90,4
159,41,4
161,226,4
162,231,4
163,260,4
165,17,4
169,85,4
170,266,4
181,71,4
186,235,4
188,217,4
207,125,4
217,188,4
219,24,4
219,63,4
226,161,4
231,162,4
232,105,4
235,186,4
257,74,4
260,163,4
266,170,4
277,281,4
281,277,4
285,7,4
285,75,4
7,75,5
13,50,5
14,58,5
27,72,5
35,33,5
40,189,5
50,13,5
58,14,5
70,213,5
72,27,5
72,94,5
72,141,5
74,249,5
75,7,5
75,285,5
94,72,5
94,128,5
94,141,5
128,94,5
135,277,5
141,72,5
141,94,5
143,252,5
144,267,5
189,40,5
205,257,5
213,70,5
226,271,5
233,282,5
240,258,5
252,143,5
257,205,5
258,240,5
267,144,5
277,135,5
277,281,5
282,233,5
1,107,6
7,285,6
14,47,6
14,58,6
27,141,6
41,114,6
47,58,6
57,261,6
58,47,6
68,179,6
71,215,6
72,27,6
72,141,6
94,128,6
97,206,6
107,1,6
114,41,6
127,259,6
129,272,6
130,219,6
138,193,6
141,27,6
141,72,6
150,245,6
165,166,6
166,165,6
179,68,6
186,206,6
193,138,6
200,210,6
206,97,6
206,186,6
210,200,6
215,71,6
219,130,6
245,150,6
259,127,6
261,57,6
272,129,6
277,135,6
285,7,6
285,75,6
6,204,7
7,91,7
7,285,7
9,144,7
12,50,7
14,47,7
15,30,7
27,162,7
30,15,7
45,48,7
47,14,7
48,45,7
50,12,7
58,281,7
70,178,7
70,213,7
81,269,7
82,275,7
91,7,7
97,186,7
97,206,7
116,191,7
119,225,7
144,9,7
161,237,7
162,27,7
178,70,7
178,213,7
183,291,7
186,97,7
191,116,7
198,219,7
204,6,7
206,97,7
213,178,7
219,198,7
225,119,7
237,161,7
248,266,7
266,248,7
269,81,7
275,82,7
281,58,7
285,7,7
291,183,7
9,267,8
14,58,8
22,31,8
27,72,8
27,162,8
31,22,8
41,42,8
42,41,8
51,126,8
52,273,8
58,14,8
70,178,8
70,213,8
72,27,8
97,186,8
117,284,8
126,51,8
141,252,8
142,165,8
155,253,8
165,142,8
170,188,8
178,70,8
188,170,8
188,217,8
213,70,8
220,280,8
252,141,8
253,155,8
267,9,8
273,52,8
277,281,8
280,220,8
281,277,8
284,117,8
16,117,9
16,284,9
21,51,9
27,128,9
27,162,9
33,124,9
38,203,9
51,21,9
73,85,9
85,73,9
111,176,9
117,16,9
117,284,9
124,33,9
128,27,9
128,94,9
144,267,9
176,111,9
203,38,9
232,244,9
244,232,9
267,144,9
277,135,9
284,16,9
284,117,9
12,276,10
14,281,10
23,198,10
27,128,10
43,263,10
70,178,10
72,94,10
94,72,10
100,130,10
100,219,10
126,238,10
128,27,10
129,274,10
130,100,10
130,219,10
144,186,10
178,213,10
186,144,10
186,206,10
188,170,10
198,23,10
206,186,10
213,178,10
219,100,10
219,130,10
238,126,10
263,43,10
267,9,10
274,129,10
276,12,10
281,14,10
52,162,11
63,269,11
65,290,11
70,213,11
97,206,11
108,120,11
120,108,11
147,200,11
162,52,11
200,147,11
200,210,11
206,97,11
211,247,11
213,70,11
213,178,11
222,261,11
226,237,11
237,226,11
237,271,11
247,211,11
261,222,11
269,63,11
271,237,11
285,75,11
290,65,11
7,91,12
8,39,12
20,36,12
24,113,12
27,273,12
31,64,12
36,20,12
39,8,12
42,188,12
47,122,12
63,81,12
64,31,12
68,224,12
78,151,12
80,153,12
81,63,12
81,269,12
110,199,12
113,24,12
122,47,12
128,273,12
129,272,12
135,281,12
147,210,12
151,78,12
153,80,12
161,226,12
186,235,12
188,42,12
199,110,12
210,147,12
213,70,12
213,256,12
224,68,12
226,161,12
226,237,12
237,226,12
237,271,12
256,213,12
265,277,12
269,81,12
273,27,12
273,128,12
277,265,12
281,135,12
31,22,13
47,58,13
58,47,13
81,63,13
99,154,13
128,162,13
128,273,13
131,172,13
138,262,13
147,200,13
154,99,13
162,128,13
172,131,13
180,197,13
186,206,13
197,180,13
200,147,13
206,186,13
213,70,13
213,256,13
226,161,13
226,237,13
237,226,13
259,260,13
260,259,13
262,138,13
273,27,13
273,128,13
6,44,14
44,6,14
76,168,14
116,158,14
147,210,14
168,76,14
191,204,14
204,191,14
225,241,14
232,69,14
241,225,14
246,250,14
250,246,14
259,127,14
281,14,14
1,10,15
7,285,15
10,1,15
11,241,15
17,230,15
28,35,15
28,231,15
35,28,15
35,231,15
39,239,15
52,128,15
63,269,15
127,260,15
128,52,15
147,200,15
149,176,15
171,197,15
176,149,15
197,171,15
219,100,15
230,17,15
231,28,15
231,35,15
232,244,15
239,39,15
241,11,15
241,225,15
260,127,15
269,63,15
281,135,15
285,7,15
2,26,16
26,2,16
28,35,16
35,28,16
35,231,16
55,148,16
99,211,16
105,291,16
111,149,16
111,176,16
148,55,16
149,111,16
149,176,16
157,268,16
176,111,16
176,149,16
200,210,16
210,200,16
211,99,16
213,70,16
268,157,16
291,105,16
9,81,17
14,135,17
18,262,17
27,128,17
35,28,17
46,282,17
81,9,17
109,249,17
111,149,17
111,176,17
116,204,17
128,27,17
135,14,17
149,111,17
158,204,17
176,111,17
201,263,17
203,259,17
204,116,17
204,158,17
249,109,17
259,203,17
262,18,17
263,201,17
282,46,17
4,261,18
14,281,18
27,72,18
52,141,18
70,178,18
72,27,18
141,52,18
161,237,18
178,70,18
187,228,18
213,256,18
228,187,18
237,161,18
248,258,18
258,248,18
261,4,18
281,14,18
6,279,19
14,58,19
26,37,19
30,131,19
37,26,19
44,193,19
47,122,19
50,209,19
58,14,19
62,118,19
69,157,19
86,222,19
105,183,19
118,62,19
128,141,19
131,30,19
135,281,19
141,128,19
147,210,19
150,290,19
153,251,19
157,69,19
157,268,19
159,266,19
170,248,19
170,258,19
183,105,19
183,291,19
186,235,19
193,44,19
209,50,19
210,147,19
210,200,19
222,86,19
239,291,19
241,11,19
248,170,19
251,153,19
252,273,19
258,170,19
266,159,19
273,252,19
279,6,19
281,135,19
290,150,19
291,183,19
291,239,19
6,44,20
6,279,20
44,6,20
44,193,20
74,257,20
106,181,20
141,52,20
147,200,20
181,106,20
191,194,20
194,191,20
200,147,20
248,258,20
257,74,20
258,248,20
262,138,20
291,183,20
6,193,21
6,279,21
11,225,21
11,241,21
12,50,21
28,72,21
48,97,21
50,12,21
50,209,21
72,28,21
91,93,21
97,48,21
99,247,21
141,128,21
142,184,21
155,202,21
161,271,21
174,254,21
188,217,21
193,6,21
193,44,21
202,155,21
215,115,21
225,11,21
247,99,21
254,174,21
271,161,21
6,193,22
6,279,22
12,209,22
34,89,22
50,12,22
78,203,22
89,34,22
105,120,22
120,105,22
139,211,22
141,52,22
161,226,22
193,6,22
203,78,22
209,12,22
211,139,22
226,161,22
258,240,22
6,193,23
11,225,23
22,210,23
27,128,23
40,278,23
44,279,23
50,209,23
52,162,23
86,167,23
86,222,23
89,218,23
94,273,23
96,223,23
128,27,23
141,162,23
162,52,23
162,141,23
167,86,23
167,222,23
186,267,23
209,50,23
210,22,23
222,167,23
223,96,23
235,267,23
237,271,23
267,186,23
267,235,23
271,237,23
273,94,23
278,40,23
279,44,23
6,279,24
28,35,24
52,141,24
52,162,24
67,129,24
86,167,24
86,222,24
87,112,24
105,291,24
112,87,24
129,67,24
141,52,24
141,162,24
152,185,24
162,52,24
162,141,24
167,86,24
167,222,24
174,245,24
185,152,24
201,233,24
209,12,24
209,50,24
215,71,24
222,86,24
222,167,24
233,201,24
240,248,24
245,174,24
248,240,24
265,281,24
267,186,24
267,235,24
273,252,24
279,6,24
281,265,24
291,105,24
7,91,25
58,135,25
86,167,25
86,222,25
91,7,25
97,208,25
131,172,25
135,58,25
135,265,25
140,287,25
146,286,25
150,229,25
151,203,25
162,52,25
162,141,25
167,86,25
167,222,25
203,151,25
208,97,25
222,86,25
222,167,25
229,150,25
245,254,25
254,245,25
265,135,25
265,281,25
267,186,25
273,94,25
285,75,25
286,146,25
287,140,25
11,241,26
14,137,26
24,173,26
32,197,26
52,141,26
59,259,26
76,179,26
137,14,26
141,52,26
141,162,26
173,24,26
179,76,26
181,215,26
197,32,26
215,181,26
222,86,26
245,174,26
259,59,26
262,18,26
265,135,26
265,281,26
275,282,26
282,275,26
5,10,27
10,5,27
32,185,27
52,162,27
58,137,27
117,243,27
123,227,27
129,274,27
137,58,27
141,52,27
141,162,27
162,52,27
162,141,27
174,254,27
185,32,27
197,171,27
227,123,27
243,117,27
245,254,27
254,174,27
254,245,27
256,288,27
288,256,27
12,80,28
48,57,28
57,48,28
80,12,28
99,154,28
169,182,28
182,169,28
185,152,28
192,236,28
236,192,28
265,135,28
11,164,29
28,231,29
40,222,29
162,52,29
164,11,29
174,245,29
188,42,29
189,250,29
222,40,29
231,28,29
245,174,29
245,254,29
250,189,29
4,206,30
16,288,30
20,134,30
32,152,30
41,217,30
100,282,30
129,272,30
130,269,30
134,20,30
152,32,30
206,4,30
217,41,30
262,138,30
269,130,30
282,100,30
288,16,30
12,153,31
30,95,31
32,185,31
43,125,31
74,264,31
91,93,31
95,30,31
108,208,31
125,43,31
153,12,31
155,201,31
155,202,31
164,241,31
168,243,31
185,32,31
201,155,31
208,108,31
211,247,31
228,263,31
241,164,31
243,168,31
247,211,31
248,266,31
263,228,31
264,74,31
266,248,31
17,242,32
18,148,32
21,83,32
27,162,32
83,21,32
95,172,32
117,168,32
117,243,32
147,210,32
148,18,32
155,201,32
161,237,32
162,27,32
168,117,32
168,243,32
170,240,32
170,248,32
172,95,32
203,286,32
210,147,32
228,187,32
228,263,32
237,161,32
240,170,32
242,17,32
243,117,32
243,168,32
245,174,32
248,170,32
248,266,32
286,203,32
291,239,32
14,58,33
21,51,33
21,83,33
32,152,33
37,133,33
58,14,33
58,137,33
68,238,33
77,205,33
94,196,33
104,212,33
133,37,33
136,270,33
155,202,33
164,11,33
170,266,33
174,254,33
205,77,33
206,235,33
210,22,33
212,104,33
222,278,33
235,206,33
238,68,33
243,117,33
254,174,33
266,170,33
270,136,33
278,222,33
16,256,34
21,51,34
21,83,34
22,31,34
22,210,34
32,185,34
35,128,34
67,272,34
89,101,34
95,30,34
99,247,34
101,89,34
128,35,34
152,185,34
155,201,34
161,271,34
170,240,34
174,245,34
177,223,34
185,152,34
187,263,34
188,217,34
217,188,34
222,40,34
222,278,34
223,177,34
237,271,34
247,99,34
247,211,34
256,16,34
263,187,34
271,161,34
271,237,34
272,67,34
3,50,35
8,183,35
23,216,35
50,3,35
67,129,35
94,273,35
99,211,35
100,275,35
129,67,35
135,281,35
145,289,35
183,8,35
211,99,35
216,23,35
222,40,35
229,290,35
250,246,35
265,281,35
271,161,35
275,100,35
275,282,35
281,135,35
281,265,35
282,275,35
289,145,35
290,229,35
1,166,36
4,235,36
22,31,36
24,113,36
31,64,36
94,196,36
96,177,36
96,223,36
100,282,36
105,239,36
116,194,36
129,272,36
165,184,36
166,1,36
177,96,36
184,165,36
194,116,36
223,96,36
235,4,36
239,105,36
239,244,36
240,266,36
244,239,36
266,240,36
272,129,36
282,100,36
6,193,37
12,209,37
22,64,37
31,22,37
31,64,37
33,70,37
36,169,37
56,178,37
64,22,37
64,31,37
67,272,37
70,33,37
74,109,37
99,247,37
109,74,37
125,263,37
128,252,37
129,67,37
129,272,37
137,265,37
139,154,37
146,203,37
154,139,37
169,36,37
178,56,37
203,146,37
203,286,37
209,12,37
213,251,37
245,254,37
247,99,37
250,189,37
251,213,37
252,128,37
252,273,37
254,245,37
263,125,37
265,137,37
272,67,37
272,129,37
273,252,37
14,122,38
22,31,38
31,22,38
33,56,38
33,178,38
33,226,38
39,75,38
49,69,38
51,83,38
56,33,38
56,178,38
56,226,38
69,49,38
75,39,38
83,51,38
95,172,38
97,108,38
108,97,38
122,14,38
137,58,38
137,265,38
146,286,38
178,33,38
178,56,38
178,226,38
203,146,38
203,286,38
211,247,38
226,33,38
226,56,38
226,178,38
247,211,38
252,128,38
286,146,38
286,203,38
30,172,39
31,64,39
32,152,39
58,265,39
67,274,39
80,230,39
95,30,39
97,208,39
128,35,39
129,274,39
137,58,39
152,32,39
162,52,39
163,259,39
170,266,39
172,30,39
187,228,39
191,212,39
208,97,39
212,191,39
228,187,39
230,80,39
259,163,39
265,58,39
266,170,39
274,67,39
274,129,39
9,206,40
13,250,40
14,47,40
17,253,40
22,210,40
30,95,40
33,56,40
47,14,40
56,33,40
58,137,40
67,129,40
72,94,40
72,196,40
89,218,40
94,72,40
97,108,40
97,208,40
108,208,40
129,67,40
129,274,40
137,265,40
182,224,40
196,72,40
206,9,40
208,108,40
224,182,40
250,13,40
253,17,40
256,288,40
265,137,40
277,281,40
281,277,40
288,256,40
6,158,41
25,283,41
30,15,41
45,66,41
56,178,41
58,265,41
60,134,41
66,45,41
134,60,41
158,6,41
158,204,41
178,56,41
184,142,41
211,287,41
265,58,41
283,25,41
287,211,41
11,241,42
15,95,42
30,95,42
30,172,42
37,26,42
49,105,42
58,137,42
63,219,42
95,15,42
95,30,42
105,49,42
137,58,42
159,188,42
185,197,42
186,198,42
188,159,42
197,185,42
198,186,42
219,63,42
241,11,42
242,253,42
253,242,42
12,80,43
15,30,43
21,51,43
30,15,43
30,95,43
30,172,43
51,21,43
58,265,43
61,273,43
71,106,43
72,94,43
78,259,43
80,12,43
80,230,43
89,101,43
91,7,43
92,233,43
95,172,43
106,71,43
128,162,43
152,185,43
162,128,43
172,95,43
185,152,43
233,92,43
259,78,43
273,61,43
15,131,44
22,31,44
29,119,44
30,15,44
30,172,44
31,22,44
35,72,44
42,217,44
72,35,44
80,12,44
83,134,44
104,282,44
119,29,44
131,15,44
134,83,44
142,165,44
155,187,44
162,52,44
162,128,44
165,142,44
172,30,44
174,254,44
187,155,44
217,42,44
240,248,44
248,240,44
254,174,44
282,104,44
12,230,45
15,30,45
20,83,45
30,15,45
44,148,45
80,230,45
83,20,45
86,174,45
86,254,45
99,154,45
110,139,45
123,159,45
125,129,45
129,125,45
139,110,45
148,44,45
154,99,45
159,123,45
174,86,45
174,254,45
187,228,45
217,248,45
230,12,45
230,80,45
248,217,45
254,86,45
254,174,45
289,175,45
32,215,46
35,94,46
46,132,46
86,174,46
94,35,46
96,177,46
132,46,46
174,86,46
174,254,46
178,226,46
214,261,46
215,32,46
217,42,46
261,214,46
281,135,46
14,122,47
24,228,47
30,131,47
85,106,47
102,173,47
106,85,47
112,160,47
127,259,47
128,141,47
128,162,47
131,30,47
141,128,47
160,112,47
165,184,47
173,102,47
184,165,47
188,266,47
217,248,47
228,24,47
259,127,47
266,188,47
7,93,48
13,246,48
23,63,48
30,95,48
37,258,48
63,23,48
63,219,48
71,85,48
71,106,48
74,203,48
85,71,48
93,7,48
95,30,48
106,71,48
125,201,48
137,265,48
141,231,48
170,188,48
174,86,48
188,170,48
201,125,48
203,74,48
230,12,48
231,141,48
246,13,48
258,37,48
265,137,48
11,164,49
15,131,49
15,172,49
16,199,49
23,219,49
39,285,49
41,114,49
42,240,49
69,239,49
69,244,49
85,106,49
106,85,49
131,15,49
152,169,49
169,152,49
172,15,49
183,291,49
193,279,49
198,269,49
199,16,49
217,240,49
217,248,49
219,23,49
219,63,49
239,69,49
239,244,49
240,42,49
240,217,49
244,69,49
244,239,49
263,280,49
269,198,49
279,193,49
280,263,49
285,39,49
291,183,49
23,63,50
23,219,50
31,64,50
35,72,50
42,217,50
42,240,50
63,23,50
67,272,50
81,144,50
97,108,50
108,97,50
125,43,50
125,201,50
144,81,50
155,220,50
165,283,50
203,286,50
217,42,50
217,240,50
219,23,50
220,155,50
240,42,50
240,217,50
258,268,50
268,258,50
272,67,50
283,165,50
290,65,50
23,63,51
31,210,51
33,70,51
61,205,51
91,93,51
93,91,51
125,129,51
125,201,51
129,274,51
134,60,51
156,250,51
169,36,51
188,266,51
205,61,51
210,31,51
243,284,51
250,156,51
284,243,51
3,118,52
14,207,52
23,219,52
31,64,52
74,264,52
118,3,52
128,196,52
135,277,52
158,194,52
162,196,52
171,185,52
184,283,52
185,171,52
188,170,52
194,158,52
196,128,52
196,162,52
202,233,52
207,14,52
229,234,52
233,202,52
234,229,52
240,248,52
244,69,52
248,240,52
277,135,52
283,184,52
16,288,53
18,138,53
22,210,53
26,268,53
31,22,53
36,215,53
57,97,53
57,108,53
70,256,53
86,261,53
97,57,53
97,108,53
108,57,53
108,97,53
111,247,53
135,281,53
138,18,53
176,211,53
183,8,53
196,231,53
210,22,53
211,176,53
215,36,53
231,196,53
247,111,53
256,70,53
261,86,53
268,26,53
268,258,53
288,16,53
289,145,53
22,31,54
22,210,54
26,37,54
37,26,54
39,66,54
48,245,54
63,269,54
66,39,54
86,254,54
86,261,54
106,181,54
152,185,54
170,266,54
179,182,54
181,106,54
182,179,54
185,152,54
188,217,54
203,264,54
217,188,54
245,48,54
254,86,54
264,203,54
266,170,54
269,63,54
33,56,55
56,33,55
60,83,55
64,210,55
79,223,55
83,60,55
86,174,55
86,254,55
106,85,55
117,284,55
122,200,55
152,171,55
152,185,55
161,237,55
171,152,55
171,185,55
183,291,55
185,171,55
188,266,55
191,282,55
200,122,55
210,64,55
223,79,55
237,161,55
243,117,55
243,284,55
254,261,55
261,254,55
266,188,55
282,191,55
284,117,55
284,243,55
9,208,56
28,124,56
40,250,56
41,159,56
95,180,56
101,218,56
115,246,56
124,28,56
136,236,56
152,171,56
155,280,56
159,41,56
162,231,56
171,152,56
174,254,56
177,223,56
180,95,56
183,8,56
183,291,56
208,9,56
217,240,56
218,101,56
220,280,56
223,177,56
231,162,56
236,136,56
240,217,56
246,115,56
250,40,56
254,174,56
254,261,56
264,74,56
280,155,56
280,220,56
18,98,57
20,134,57
22,31,57
29,241,57
30,131,57
35,252,57
38,163,57
49,157,57
72,252,57
78,127,57
82,283,57
98,18,57
101,172,57
127,78,57
128,162,57
131,30,57
134,20,57
137,200,57
137,265,57
154,199,57
157,49,57
162,128,57
163,38,57
172,101,57
199,154,57
200,137,57
241,29,57
252,35,57
252,72,57
264,203,57
277,281,57
280,155,57
280,220,57
281,277,57
283,82,57
20,60,58
27,141,58
56,226,58
60,20,58
79,177,58
79,223,58
106,181,58
111,149,58
125,129,58
129,125,58
141,27,58
155,228,58
155,280,58
173,228,58
177,79,58
177,223,58
185,215,58
200,122,58
204,212,58
212,204,58
215,185,58
223,79,58
223,177,58
226,56,58
228,155,58
228,173,58
228,280,58
280,155,58
280,228,58
284,117,58
20,134,59
25,184,59
30,95,59
36,185,59
42,114,59
60,134,59
63,219,59
63,269,59
79,177,59
79,223,59
84,121,59
95,30,59
97,105,59
105,97,59
114,42,59
114,240,59
121,84,59
122,137,59
122,200,59
134,60,59
137,122,59
144,206,59
145,175,59
145,270,59
155,173,59
155,228,59
155,280,59
162,231,59
165,242,59
170,188,59
173,155,59
173,228,59
175,145,59
177,79,59
184,25,59
184,283,59
185,36,59
187,202,59
188,170,59
198,186,59
202,187,59
206,144,59
217,266,59
219,63,59
223,79,59
228,155,59
228,173,59
228,280,59
240,114,59
242,165,59
266,217,59
270,145,59
280,155,59
280,228,59
283,184,59
19,271,60
33,226,60
42,240,60
48,174,60
62,189,60
63,219,60
87,160,60
104,204,60
106,85,60
134,20,60
134,60,60
152,215,60
154,99,60
155,173,60
155,228,60
155,280,60
159,123,60
160,87,60
162,128,60
162,231,60
173,102,60
173,155,60
174,48,60
178,237,60
184,25,60
189,62,60
198,267,60
204,104,60
211,287,60
215,152,60
226,33,60
228,155,60
228,280,60
237,178,60
240,42,60
240,114,60
267,198,60
271,19,60
280,155,60
280,228,60
13,156,61
14,47,61
14,207,61
25,165,61
25,184,61
28,231,61
33,256,61
41,123,61
41,159,61
47,207,61
48,254,61
123,41,61
123,159,61
136,270,61
142,275,61
154,199,61
155,228,61
155,280,61
156,13,61
159,41,61
159,123,61
162,128,61
165,25,61
165,184,61
165,242,61
173,228,61
173,280,61
184,165,61
185,215,61
207,47,61
215,185,61
228,155,61
228,173,61
228,280,61
231,28,61
254,48,61
256,33,61
265,58,61
270,136,61
275,142,61
280,155,61
280,173,61
280,228,61
284,243,61
14,47,62
14,207,62
20,60,62
20,83,62
25,165,62
25,184,62
25,242,62
30,197,62
42,114,62
47,14,62
47,207,62
59,127,62
60,20,62
60,83,62
83,20,62
83,60,62
83,134,62
86,174,62
114,42,62
127,59,62
128,196,62
129,220,62
134,83,62
137,200,62
154,99,62
155,228,62
155,280,62
165,25,62
171,185,62
174,86,62
174,261,62
178,226,62
184,25,62
184,242,62
185,171,62
185,215,62
193,262,62
196,128,62
197,30,62
200,137,62
207,14,62
207,47,62
220,129,62
226,178,62
228,155,62
228,280,62
242,25,62
242,184,62
261,174,62
262,193,62
270,145,62
280,155,62
280,228,62
283,82,62
25,184,63
25,242,63
35,94,63
63,269,63
83,20,63
83,60,63
155,228,63
162,231,63
174,86,63
174,261,63
184,25,63
215,152,63
215,185,63
228,155,63
228,280,63
231,162,63
242,25,63
248,258,63
258,248,63
23,24,64
24,23,64
25,184,64
25,242,64
135,200,64
152,185,64
152,215,64
160,271,64
173,263,64
185,152,64
185,215,64
193,279,64
195,209,64
200,135,64
204,212,64
207,14,64
209,195,64
215,152,64
215,185,64
263,173,64
271,160,64
7,192,65
11,241,65
14,47,65
15,131,65
36,169,65
41,170,65
47,14,65
51,126,65
56,70,65
70,56,65
87,271,65
92,191,65
92,233,65
118,189,65
126,51,65
131,15,65
144,198,65
144,206,65
170,41,65
175,210,65
184,242,65
189,118,65
191,92,65
191,233,65
191,282,65
192,7,65
193,262,65
193,279,65
198,144,65
210,175,65
215,152,65
219,269,65
230,80,65
233,92,65
233,191,65
241,11,65
242,184,65
269,219,65
271,87,65
29,211,66
31,64,66
37,248,66
39,54,66
41,188,66
54,39,66
63,219,66
63,269,66
64,31,66
86,261,66
102,228,66
133,248,66
135,277,66
164,287,66
173,228,66
173,280,66
188,41,66
211,29,66
219,63,66
219,269,66
228,102,66
228,173,66
231,28,66
233,92,66
248,37,66
248,133,66
261,86,66
269,63,66
269,219,66
277,135,66
280,173,66
287,164,66
23,269,67
33,70,67
33,256,67
40,222,67
41,170,67
53,93,67
62,118,67
63,219,67
70,33,67
75,91,67
87,160,67
88,150,67
91,75,67
92,191,67
92,282,67
93,53,67
118,62,67
140,164,67
150,88,67
152,171,67
152,185,67
155,173,67
160,87,67
164,140,67
171,152,67
171,185,67
173,155,67
185,152,67
185,171,67
191,92,67
198,206,67
206,198,67
219,63,67
254,261,67
261,254,67
269,23,67
282,92,67
14,207,68
33,70,68
33,256,68
42,121,68
42,240,68
63,269,68
66,285,68
92,191,68
104,212,68
112,161,68
118,189,68
121,42,68
121,240,68
133,258,68
152,171,68
161,112,68
162,196,68
171,152,68
196,162,68
200,137,68
212,104,68
240,42,68
240,121,68
258,133,68
269,63,68
285,66,68
23,63,69
23,275,69
25,283,69
41,188,69
47,207,69
59,259,69
63,23,69
63,219,69
64,210,69
97,244,69
102,280,69
106,181,69
128,162,69
128,196,69
162,128,69
162,196,69
171,185,69
173,280,69
196,128,69
196,162,69
207,47,69
210,64,69
233,282,69
240,42,69
244,97,69
259,59,69
275,23,69
280,102,69
280,173,69
282,233,69
283,25,69
37,258,70
64,175,70
67,201,70
67,272,70
67,274,70
111,271,70
117,243,70
124,161,70
161,124,70
162,252,70
164,287,70
175,64,70
201,67,70
201,272,70
219,269,70
243,117,70
252,162,70
258,37,70
269,219,70
271,111,70
272,201,70
274,67,70
33,226,71
38,151,71
64,210,71
67,272,71
67,274,71
69,105,71
70,256,71
104,116,71
105,69,71
116,104,71
128,252,71
129,125,71
132,90,71
151,38,71
165,253,71
171,152,71
226,33,71
226,178,71
252,128,71
253,165,71
256,70,71
261,86,71
272,67,71
3,189,72
6,194,72
9,81,72
17,267,72
20,134,72
23,219,72
33,178,72
81,9,72
85,181,72
91,291,72
106,85,72
106,181,72
119,176,72
134,20,72
135,147,72
147,135,72
155,220,72
161,112,72
161,124,72
169,185,72
176,119,72
178,33,72
181,85,72
181,106,72
185,169,72
189,3,72
194,6,72
219,23,72
219,63,72
220,155,72
225,287,72
240,121,72
250,278,72
252,162,72
267,17,72
278,250,72
287,225,72
291,91,72
25,166,73
26,268,73
29,287,73
31,210,73
36,185,73
37,133,73
37,258,73
42,121,73
59,127,73
59,259,73
62,168,73
95,180,73
101,89,73
102,173,73
102,228,73
121,42,73
133,37,73
133,258,73
161,112,73
161,124,73
162,196,73
166,25,73
168,62,73
169,36,73
173,102,73
173,228,73
177,201,73
185,36,73
201,177,73
210,31,73
228,102,73
228,173,73
252,128,73
258,133,73
268,26,73
287,29,73
9,285,74
11,225,74
19,160,74
42,240,74
51,68,74
59,127,74
62,118,74
68,51,74
102,173,74
102,228,74
115,118,74
118,62,74
118,115,74
160,19,74
161,112,74
161,124,74
169,185,74
173,102,74
185,169,74
225,11,74
228,102,74
240,42,74
258,37,74
285,9,74
3,246,75
9,81,75
28,35,75
29,211,75
35,28,75
61,273,75
63,269,75
67,272,75
75,291,75
102,173,75
102,228,75
118,62,75
128,196,75
137,147,75
137,200,75
147,137,75
147,200,75
162,231,75
178,256,75
196,128,75
200,147,75
231,162,75
242,283,75
246,3,75
256,178,75
269,63,75
283,242,75
291,75,75
3,189,76
4,206,76
67,274,76
76,284,76
81,285,76
110,243,76
137,277,76
141,252,76
178,33,76
189,246,76
191,282,76
200,137,76
206,4,76
243,110,76
246,189,76
252,141,76
264,286,76
277,137,76
282,191,76
284,76,76
285,81,76
286,264,76
291,91,76
33,256,77
37,133,77
37,258,77
61,72,77
66,45,77
72,61,77
81,9,77
97,105,77
105,97,77
115,168,77
116,132,77
132,46,77
132,116,77
133,37,77
133,258,77
137,200,77
148,55,77
161,112,77
162,196,77
168,115,77
171,185,77
178,256,77
185,171,77
191,92,77
196,162,77
200,147,77
216,275,77
256,33,77
256,178,77
258,133,77
275,216,77
14,43,78
24,216,78
24,275,78
37,133,78
43,14,78
81,285,78
104,191,78
119,211,78
128,162,78
132,46,78
133,37,78
147,277,78
155,173,78
162,128,78
173,155,78
191,104,78
200,137,78
202,282,78
209,276,78
211,119,78
216,24,78
275,24,78
276,209,78
277,147,78
282,202,78
291,75,78
291,91,78
15,89,79
23,275,79
24,216,79
24,275,79
25,82,79
33,226,79
44,55,79
44,148,79
55,44,79
62,115,79
62,118,79
64,200,79
75,91,79
75,291,79
76,238,79
82,25,79
89,15,79
91,75,79
91,291,79
115,62,79
115,118,79
115,168,79
118,115,79
118,168,79
119,176,79
127,259,79
128,196,79
131,150,79
133,258,79
148,44,79
150,131,79
162,196,79
168,118,79
183,244,79
187,282,79
195,276,79
196,128,79
196,162,79
200,64,79
202,187,79
202,282,79
226,33,79
232,239,79
238,76,79
239,232,79
244,183,79
259,127,79
275,23,79
275,24,79
276,195,79
282,187,79
282,202,79
291,75,79
291,91,79
13,246,80
15,131,80
22,210,80
24,216,80
26,217,80
26,268,80
33,256,80
35,72,80
59,163,80
72,35,80
74,205,80
81,9,80
83,179,80
92,104,80
104,92,80
115,118,80
115,168,80
118,115,80
118,168,80
128,162,80
128,196,80
131,15,80
152,197,80
160,87,80
162,128,80
163,59,80
168,115,80
168,118,80
179,83,80
187,202,80
196,128,80
197,152,80
202,187,80
205,74,80
210,22,80
217,26,80
217,268,80
246,13,80
246,189,80
256,33,80
268,217,80
276,209,80
291,75,80
291,91,80
25,242,81
28,162,81
39,45,81
45,39,81
52,273,81
60,134,81
82,242,81
87,271,81
101,172,81
111,149,81
123,227,81
124,231,81
134,60,81
136,236,81
156,250,81
162,28,81
176,211,81
187,282,81
195,209,81
200,277,81
209,195,81
209,276,81
211,176,81
226,256,81
231,124,81
242,25,81
242,82,81
250,156,81
256,226,81
271,87,81
273,52,81
275,23,81
277,200,81
282,187,81
25,82,82
27,143,82
28,128,82
64,147,82
71,115,82
74,257,82
81,285,82
82,25,82
82,242,82
100,104,82
104,100,82
106,71,82
115,71,82
121,240,82
128,28,82
132,116,82
143,27,82
147,64,82
147,200,82
147,277,82
160,19,82
189,3,82
200,147,82
200,277,82
209,195,82
240,121,82
246,13,82
250,278,82
256,178,82
277,147,82
277,200,82
28,196,83
41,42,83
42,41,83
64,137,83
64,200,83
82,25,83
106,115,83
115,106,83
137,64,83
185,169,83
196,28,83
200,64,83
200,277,83
230,12,83
250,156,83
250,278,83
277,147,83
277,200,83
30,215,84
37,157,84
44,55,84
50,118,84
59,127,84
59,259,84
64,137,84
64,200,84
98,138,84
118,50,84
127,59,84
127,259,84
135,175,84
137,200,84
138,98,84
156,278,84
157,37,84
159,188,84
170,227,84
175,135,84
188,159,84
191,212,84
200,64,84
200,137,84
211,29,84
212,191,84
215,30,84
227,170,84
250,156,84
259,59,84
259,127,84
277,147,84
278,156,84
4,17,85
17,4,85
19,87,85
24,102,85
49,239,85
64,137,85
64,200,85
71,106,85
87,19,85
102,24,85
104,202,85
106,71,85
137,64,85
137,200,85
141,162,85
154,199,85
162,141,85
200,64,85
200,137,85
202,104,85
230,80,85
238,284,85
239,49,85
265,281,85
270,289,85
281,265,85
284,238,85
289,270,85
2,245,86
49,97,86
49,239,86
64,137,86
68,126,86
86,254,86
87,271,86
97,49,86
104,100,86
125,173,86
126,68,86
129,274,86
135,137,86
137,64,86
137,135,86
142,165,86
165,142,86
173,125,86
185,171,86
245,2,86
254,86,86
265,58,86
265,281,86
274,129,86
25,283,87
28,112,87
28,162,87
28,196,87
37,258,87
46,90,87
59,127,87
60,83,87
64,200,87
83,60,87
87,19,87
90,46,87
94,257,87
102,125,87
104,202,87
112,28,87
125,102,87
125,173,87
127,59,87
137,64,87
137,200,87
162,28,87
200,64,87
200,137,87
257,94,87
258,37,87
265,58,87
283,25,87
9,66,88
28,112,88
28,162,88
32,224,88
62,71,88
66,9,88
71,62,88
71,106,88
72,124,88
112,162,88
113,130,88
117,182,88
124,72,88
124,231,88
130,113,88
135,200,88
162,112,88
165,267,88
182,117,88
200,135,88
224,32,88
224,284,88
265,281,88
267,165,88
284,224,88
2,120,89
2,245,89
4,186,89
44,148,89
63,219,89
64,137,89
79,204,89
96,233,89
97,239,89
106,115,89
112,141,89
114,170,89
120,2,89
124,72,89
124,128,89
125,102,89
125,173,89
128,124,89
137,64,89
141,112,89
156,250,89
170,114,89
176,119,89
186,4,89
187,202,89
201,272,89
202,187,89
204,79,89
224,238,89
224,284,89
233,96,89
238,224,89
238,284,89
239,97,89
253,283,89
272,201,89
283,253,89
284,238,89
2,120,90
2,245,90
8,232,90
9,285,90
37,157,90
53,54,90
54,53,90
59,259,90
64,135,90
64,137,90
67,220,90
83,134,90
92,191,90
102,24,90
115,181,90
118,168,90
124,196,90
134,83,90
135,64,90
181,115,90
191,92,90
196,124,90
202,104,90
220,67,90
224,238,90
232,8,90
238,224,90
238,284,90
259,59,90
285,9,90
2,120,91
6,158,91
19,160,91
20,60,91
40,214,91
50,168,91
60,20,91
72,196,91
96,223,91
100,202,91
105,239,91
120,245,91
124,72,91
124,196,91
144,208,91
158,6,91
162,28,91
168,50,91
168,118,91
196,72,91
196,124,91
202,100,91
202,104,91
208,144,91
214,40,91
223,96,91
239,105,91
245,120,91
285,81,91
48,245,92
60,134,92
61,257,92
68,51,92
72,124,92
72,231,92
89,172,92
97,133,92
124,72,92
124,196,92
133,97,92
134,60,92
137,265,92
171,197,92
172,89,92
197,171,92
231,72,92
245,48,92
250,278,92
257,61,92
265,137,92
265,281,92
278,250,92
26,266,93
28,124,93
28,141,93
31,277,93
32,238,93
36,169,93
100,104,93
104,100,93
106,181,93
120,2,93
124,28,93
135,200,93
141,28,93
148,163,93
163,148,93
169,36,93
181,106,93
209,253,93
224,32,93
238,32,93
250,156,93
253,209,93
266,26,93
277,31,93
16,243,94
20,134,94
49,183,94
64,135,94
67,272,94
71,62,94
89,101,94
92,116,94
101,89,94
116,92,94
131,150,94
134,20,94
134,60,94
135,64,94
141,162,94
146,260,94
156,278,94
162,141,94
183,49,94
195,253,94
204,212,94
209,195,94
212,204,94
243,16,94
250,278,94
253,195,94
260,146,94
272,67,94
278,156,94
278,250,94
285,9,94
15,180,95
24,129,95
29,287,95
32,224,95
37,258,95
52,286,95
60,83,95
60,134,95
83,60,95
89,172,95
103,204,95
129,24,95
141,28,95
180,15,95
187,216,95
195,209,95
204,103,95
216,187,95
286,52,95
1,23,96
4,17,96
9,81,96
23,1,96
28,231,96
42,240,96
58,137,96
81,9,96
81,285,96
129,274,96
137,58,96
156,250,96
159,266,96
209,253,96
214,235,96
227,123,96
231,28,96
235,214,96
240,42,96
250,156,96
253,209,96
266,159,96
285,81,96
14,47,97
15,131,97
41,170,97
44,55,97
47,14,97
60,83,97
64,137,97
70,251,97
81,9,97
101,172,97
129,24,97
131,15,97
131,150,97
137,64,97
141,162,97
141,231,97
155,228,97
158,194,97
170,41,97
172,101,97
185,197,97
194,158,97
197,185,97
209,195,97
228,155,97
231,141,97
251,70,97
42,121,98
45,81,98
81,45,98
90,191,98
100,233,98
119,211,98
121,42,98
137,58,98
137,64,98
165,142,98
169,197,98
191,90,98
197,169,98
211,119,98
231,28,98
231,141,98
233,100,98
242,283,98
266,26,98
283,242,98
25,195,99
36,197,99
44,163,99
45,285,99
81,9,99
87,160,99
104,202,99
112,162,99
112,231,99
157,258,99
160,87,99
162,112,99
162,231,99
163,44,99
195,25,99
196,231,99
197,36,99
219,269,99
231,112,99
231,162,99
231,196,99
257,74,99
258,157,99
269,219,99
285,45,99
6,194,100
15,180,100
17,186,100
28,141,100
28,231,100
30,152,100
32,117,100
44,55,100
117,32,100
128,273,100
131,180,100
141,28,100
152,30,100
171,185,100
180,131,100
183,244,100
185,171,100
186,17,100
194,6,100
219,275,100
231,28,100
231,196,100
243,110,100
273,128,100
275,219,100
