6,198,1
7,309,1
10,259,1
18,238,1
20,49,1
26,44,1
29,42,1
31,167,1
32,82,1
37,254,1
39,90,1
42,29,1
44,26,1
45,282,1
49,20,1
52,138,1
54,153,1
60,121,1
68,232,1
73,280,1
82,32,1
86,267,1
86,293,1
90,39,1
91,218,1
95,258,1
95,306,1
121,60,1
126,241,1
133,269,1
134,308,1
138,52,1
145,256,1
146,171,1
146,264,1
150,159,1
153,54,1
159,150,1
161,231,1
163,261,1
167,31,1
171,146,1
171,264,1
173,198,1
173,295,1
186,270,1
191,225,1
191,271,1
192,216,1
198,6,1
198,173,1
198,295,1
216,192,1
218,91,1
221,285,1
225,191,1
225,296,1
231,161,1
232,68,1
238,18,1
241,126,1
254,37,1
256,145,1
258,95,1
258,306,1
259,10,1
261,163,1
264,146,1
264,171,1
267,86,1
267,293,1
269,133,1
270,186,1
271,191,1
280,73,1
282,45,1
285,221,1
293,86,1
293,267,1
295,173,1
295,198,1
296,225,1
306,95,1
306,258,1
308,134,1
309,7,1
13,62,2
14,147,2
20,113,2
21,122,2
34,200,2
38,309,2
39,228,2
49,113,2
54,236,2
55,158,2
62,13,2
72,160,2
86,163,2
92,103,2
100,244,2
103,92,2
113,20,2
113,49,2
113,220,2
122,21,2
124,152,2
126,206,2
130,284,2
146,252,2
147,14,2
152,124,2
157,229,2
158,55,2
159,303,2
160,72,2
163,86,2
163,261,2
178,248,2
191,225,2
198,6,2
200,34,2
206,126,2
206,241,2
211,275,2
217,270,2
220,113,2
225,191,2
227,298,2
228,39,2
229,157,2
236,54,2
241,206,2
244,100,2
248,178,2
252,146,2
270,217,2
275,211,2
284,130,2
298,227,2
303,159,2
309,38,2
7,38,3
32,186,3
32,217,3
38,7,3
39,90,3
39,228,3
58,300,3
70,309,3
74,89,3
84,210,3
89,74,3
95,258,3
97,238,3
104,255,3
125,230,3
159,150,3
168,240,3
178,266,3
186,32,3
186,217,3
186,270,3
190,304,3
191,296,3
197,292,3
198,295,3
200,277,3
210,84,3
217,32,3
217,186,3
217,270,3
230,125,3
238,97,3
240,168,3
255,104,3
258,95,3
266,178,3
270,186,3
270,217,3
277,200,3
292,197,3
296,191,3
300,58,3
304,190,3
309,70,3
6,173,4
13,139,4
20,118,4
20,220,4
26,165,4
32,270,4
39,90,4
39,228,4
42,289,4
43,121,4
53,184,4
59,129,4
59,242,4
62,139,4
90,228,4
99,268,4
113,49,4
118,20,4
121,43,4
123,156,4
126,241,4
129,59,4
139,13,4
139,62,4
141,297,4
151,273,4
156,123,4
161,294,4
162,269,4
164,185,4
165,26,4
173,6,4
178,248,4
184,53,4
185,164,4
191,225,4
193,225,4
193,271,4
199,279,4
200,34,4
200,277,4
211,227,4
217,32,4
217,270,4
220,20,4
225,193,4
225,271,4
227,211,4
228,90,4
241,126,4
242,59,4
268,99,4
269,162,4
270,32,4
270,186,4
270,217,4
271,193,4
271,225,4
273,151,4
279,199,4
289,42,4
294,161,4
297,141,4
3,193,5
12,185,5
13,62,5
13,139,5
18,97,5
18,238,5
19,242,5
27,144,5
27,295,5
32,217,5
32,270,5
34,277,5
38,309,5
62,13,5
62,139,5
75,283,5
78,119,5
82,186,5
82,217,5
84,109,5
97,18,5
97,238,5
109,84,5
119,78,5
137,149,5
139,13,5
139,62,5
144,27,5
145,176,5
149,137,5
151,307,5
176,145,5
185,12,5
186,82,5
186,217,5
186,270,5
191,271,5
193,3,5
193,225,5
217,32,5
217,82,5
217,186,5
217,270,5
225,191,5
225,193,5
225,271,5
238,18,5
238,97,5
241,206,5
242,19,5
242,59,5
258,301,5
270,32,5
270,186,5
270,217,5
271,191,5
271,225,5
273,307,5
277,34,5
277,200,5
283,75,5
295,27,5
301,258,5
307,151,5
307,273,5
309,38,5
1,49,6
3,191,6
7,309,6
13,62,6
13,139,6
32,217,6
32,270,6
39,90,6
43,60,6
49,1,6
49,113,6
56,198,6
58,241,6
60,43,6
62,13,6
74,121,6
83,172,6
90,39,6
113,220,6
119,205,6
121,74,6
139,13,6
151,284,6
172,83,6
191,3,6
191,271,6
198,56,6
205,119,6
217,32,6
217,270,6
220,113,6
238,18,6
241,58,6
242,19,6
253,287,6
270,32,6
270,186,6
270,217,6
271,191,6
271,225,6
277,34,6
284,151,6
287,253,6
309,7,6
309,38,6
7,70,7
10,50,7
13,62,7
13,139,7
21,105,7
21,122,7
29,289,7
37,292,7
41,199,7
49,1,7
50,10,7
62,139,7
67,71,7
70,7,7
71,67,7
74,89,7
79,206,7
80,305,7
94,149,7
96,289,7
105,21,7
105,122,7
107,174,7
109,115,7
112,260,7
115,109,7
118,220,7
122,105,7
126,206,7
139,62,7
144,295,7
146,171,7
149,94,7
171,146,7
174,107,7
182,204,7
191,3,7
195,279,7
197,254,7
197,292,7
199,41,7
204,182,7
206,79,7
206,126,7
208,268,7
220,118,7
234,259,7
254,197,7
259,234,7
260,112,7
264,303,7
268,208,7
270,32,7
270,217,7
279,195,7
289,29,7
289,96,7
292,37,7
292,197,7
295,144,7
303,264,7
305,80,7
1,113,8
3,193,8
7,100,8
21,189,8
31,134,8
38,70,8
52,210,8
70,38,8
88,262,8
90,228,8
93,131,8
100,7,8
108,124,8
113,1,8
119,78,8
122,21,8
122,189,8
124,108,8
127,142,8
131,93,8
134,31,8
142,127,8
189,21,8
189,122,8
193,3,8
197,254,8
210,52,8
214,220,8
220,214,8
262,88,8
284,130,8
284,307,8
289,29,8
295,27,8
295,144,8
307,284,8
1,49,9
1,113,9
8,281,9
13,62,9
24,128,9
30,70,9
32,186,9
32,270,9
37,197,9
38,100,9
39,228,9
49,113,9
56,165,9
56,198,9
62,13,9
70,30,9
90,39,9
90,228,9
95,301,9
100,38,9
113,49,9
119,205,9
128,24,9
129,242,9
157,283,9
160,296,9
165,56,9
186,32,9
189,21,9
189,122,9
191,225,9
197,37,9
206,79,9
223,265,9
225,191,9
228,39,9
228,90,9
242,129,9
258,95,9
258,301,9
265,223,9
270,32,9
277,200,9
279,309,9
281,8,9
283,157,9
284,151,9
295,27,9
296,160,9
301,95,9
301,258,9
309,279,9
3,271,10
8,149,10
8,281,10
21,105,10
33,44,10
34,164,10
37,292,10
44,33,10
49,214,10
52,138,10
52,210,10
59,104,10
79,126,10
95,258,10
104,59,10
105,21,10
126,79,10
126,206,10
130,307,10
138,210,10
149,8,10
149,281,10
157,229,10
164,34,10
167,239,10
171,252,10
206,126,10
208,218,10
208,268,10
210,138,10
211,226,10
214,49,10
218,208,10
225,271,10
226,211,10
228,39,10
238,261,10
239,167,10
252,171,10
258,95,10
261,238,10
271,3,10
271,225,10
281,149,10
292,37,10
295,144,10
307,130,10
3,225,11
3,271,11
7,38,11
13,251,11
18,97,11
36,67,11
38,7,11
38,100,11
56,170,11
67,36,11
79,206,11
86,293,11
91,117,11
97,18,11
117,91,11
157,283,11
163,186,11
165,198,11
170,56,11
186,163,11
198,165,11
206,79,11
208,218,11
214,220,11
220,118,11
220,214,11
225,3,11
225,271,11
229,283,11
251,13,11
259,272,11
261,267,11
267,261,11
270,217,11
271,3,11
271,225,11
272,259,11
281,8,11
283,229,11
289,96,11
293,86,11
2,286,12
3,193,12
4,248,12
26,252,12
32,186,12
85,237,12
89,121,12
102,155,12
109,212,12
121,89,12
124,152,12
155,102,12
163,267,12
171,146,12
186,32,12
186,217,12
201,235,12
210,52,12
211,298,12
212,109,12
217,186,12
235,201,12
237,85,12
248,4,12
252,26,12
261,238,12
267,163,12
273,284,12
279,195,12
284,273,12
286,2,12
298,211,12
5,132,13
21,187,13
26,171,13
26,252,13
32,217,13
38,7,13
67,239,13
76,268,13
84,223,13
86,163,13
89,74,13
89,121,13
106,209,13
117,215,13
131,237,13
132,5,13
139,251,13
160,271,13
163,86,13
163,267,13
171,26,13
187,21,13
206,126,13
209,106,13
214,49,13
215,117,13
217,32,13
217,186,13
223,84,13
234,276,13
237,131,13
239,67,13
251,139,13
268,76,13
271,160,13
276,234,13
283,157,13
1,49,14
1,214,14
7,70,14
16,215,14
27,173,14
49,1,14
49,214,14
59,242,14
68,245,14
70,7,14
74,121,14
86,261,14
103,246,14
121,74,14
121,89,14
140,179,14
146,252,14
146,264,14
150,246,14
163,86,14
163,267,14
173,27,14
179,140,14
210,138,14
211,227,14
214,1,14
214,49,14
215,16,14
215,117,14
217,32,14
222,308,14
226,298,14
242,59,14
245,68,14
246,103,14
246,150,14
252,146,14
252,264,14
261,86,14
264,146,14
264,252,14
274,287,14
287,274,14
298,226,14
308,222,14
13,139,15
19,59,15
38,100,15
44,71,15
50,272,15
59,19,15
64,190,15
71,44,15
74,89,15
89,74,15
91,208,15
95,301,15
103,150,15
103,246,15
135,231,15
138,207,15
139,13,15
150,103,15
160,225,15
190,64,15
191,271,15
207,138,15
208,91,15
215,16,15
215,117,15
225,160,15
225,191,15
225,271,15
226,227,15
226,298,15
227,226,15
231,135,15
246,103,15
252,26,15
271,191,15
271,225,15
272,50,15
283,229,15
301,95,15
6,198,16
16,117,16
20,258,16
21,189,16
24,121,16
56,165,16
59,242,16
70,30,16
86,163,16
86,261,16
93,293,16
103,150,16
117,16,16
117,215,16
121,24,16
122,253,16
149,239,16
163,86,16
165,56,16
165,198,16
185,299,16
189,21,16
191,225,16
191,271,16
198,6,16
198,165,16
211,226,16
214,1,16
225,191,16
225,271,16
226,211,16
226,227,16
226,298,16
227,298,16
239,149,16
249,266,16
253,122,16
253,287,16
258,20,16
264,146,16
266,249,16
271,191,16
271,225,16
287,253,16
293,93,16
298,227,16
299,185,16
38,257,17
41,279,17
56,198,17
75,123,17
79,126,17
79,206,17
84,302,17
86,186,17
86,238,17
92,207,17
97,261,17
100,174,17
110,304,17
116,251,17
120,124,17
121,128,17
123,75,17
124,120,17
126,79,17
128,121,17
157,229,17
160,72,17
163,186,17
174,100,17
186,86,17
186,163,17
193,271,17
196,230,17
198,56,17
206,79,17
207,92,17
211,227,17
226,211,17
226,227,17
227,211,17
227,226,17
229,157,17
230,196,17
238,86,17
238,261,17
251,116,17
257,38,17
261,97,17
261,238,17
271,193,17
279,41,17
302,84,17
304,110,17
14,250,18
18,162,18
31,308,18
36,71,18
51,102,18
59,129,18
70,7,18
71,36,18
84,223,18
84,302,18
102,51,18
105,274,18
118,147,18
118,220,18
124,152,18
129,59,18
131,243,18
139,251,18
147,118,18
147,220,18
162,18,18
163,270,18
182,256,18
186,238,18
191,225,18
217,270,18
220,118,18
220,147,18
223,302,18
225,191,18
225,271,18
227,211,18
228,235,18
233,254,18
235,228,18
238,186,18
238,261,18
243,131,18
244,288,18
250,14,18
251,139,18
254,233,18
256,182,18
270,163,18
270,217,18
271,225,18
274,105,18
288,244,18
302,223,18
308,31,18
15,152,19
27,295,19
36,67,19
36,71,19
39,235,19
63,178,19
64,299,19
67,36,19
86,186,19
86,238,19
116,283,19
117,16,19
118,147,19
122,189,19
122,274,19
146,171,19
147,118,19
152,15,19
159,246,19
171,146,19
178,63,19
186,86,19
186,238,19
189,122,19
233,292,19
235,39,19
235,228,19
238,86,19
238,186,19
246,159,19
271,193,19
271,225,19
274,122,19
283,116,19
292,233,19
295,27,19
299,64,19
12,81,20
13,305,20
23,203,20
24,74,20
33,303,20
39,228,20
74,24,20
74,89,20
81,12,20
105,122,20
105,189,20
112,245,20
122,105,20
122,274,20
129,242,20
163,217,20
186,261,20
189,21,20
189,105,20
193,225,20
203,23,20
217,163,20
225,193,20
225,271,20
228,39,20
228,235,20
238,261,20
242,129,20
245,112,20
261,186,20
261,238,20
274,287,20
287,274,20
303,33,20
305,13,20
26,170,21
30,107,21
34,236,21
37,224,21
41,199,21
48,207,21
67,134,21
71,44,21
73,141,21
104,242,21
105,122,21
105,287,21
107,30,21
118,258,21
122,105,21
122,287,21
134,67,21
141,73,21
152,124,21
170,26,21
189,21,21
207,48,21
224,37,21
236,34,21
242,104,21
258,118,21
261,186,21
287,105,21
287,122,21
287,274,21
308,222,21
21,105,22
28,250,22
36,44,22
36,71,22
38,70,22
44,36,22
44,71,22
45,185,22
64,190,22
70,38,22
71,36,22
71,44,22
73,297,22
82,293,22
86,163,22
105,21,22
160,191,22
163,86,22
180,187,22
185,45,22
187,180,22
191,160,22
230,125,22
242,129,22
250,28,22
261,238,22
293,82,22
295,144,22
297,73,22
301,306,22
306,301,22
1,49,23
6,173,23
9,154,23
21,122,23
21,189,23
31,167,23
32,285,23
34,164,23
43,74,23
48,92,23
49,1,23
59,242,23
66,268,23
74,43,23
86,267,23
87,205,23
92,48,23
92,207,23
105,189,23
121,257,23
122,21,23
126,206,23
130,273,23
131,237,23
134,239,23
146,264,23
154,9,23
155,166,23
159,303,23
160,72,23
163,267,23
166,155,23
167,31,23
173,6,23
186,238,23
189,105,23
193,271,23
205,87,23
206,126,23
207,92,23
217,270,23
225,193,23
228,39,23
238,186,23
239,134,23
242,59,23
245,68,23
257,121,23
267,86,23
267,163,23
268,66,23
271,193,23
273,130,23
285,32,23
303,159,23
13,62,24
48,207,24
85,194,24
86,163,24
86,267,24
90,156,24
96,155,24
104,255,24
122,274,24
127,259,24
147,220,24
153,190,24
155,96,24
156,90,24
163,86,24
163,267,24
176,247,24
182,226,24
189,21,24
190,153,24
194,85,24
205,119,24
207,48,24
207,92,24
226,182,24
247,176,24
259,127,24
267,86,24
267,163,24
274,122,24
303,33,24
11,220,25
11,258,25
20,214,25
38,128,25
58,300,25
64,299,25
70,89,25
72,191,25
86,163,25
86,267,25
89,70,25
94,168,25
122,287,25
124,120,25
128,38,25
140,158,25
147,258,25
158,140,25
163,86,25
168,94,25
170,198,25
188,301,25
191,72,25
198,170,25
207,48,25
214,20,25
218,268,25
220,11,25
225,271,25
258,11,25
258,147,25
262,275,25
267,86,25
268,218,25
271,225,25
275,262,25
287,122,25
301,188,25
1,258,26
6,55,26
8,137,26
11,147,26
11,220,26
11,258,26
15,124,26
26,198,26
55,6,26
86,163,26
97,162,26
116,251,26
124,15,26
124,120,26
128,257,26
137,8,26
138,210,26
147,11,26
147,220,26
160,296,26
161,195,26
162,97,26
170,26,26
170,198,26
182,204,26
191,193,26
193,191,26
195,161,26
198,26,26
198,170,26
210,52,26
210,138,26
220,147,26
228,235,26
251,116,26
257,128,26
258,1,26
258,11,26
261,285,26
262,88,26
285,261,26
293,93,26
1,49,27
7,107,27
11,147,27
11,220,27
11,258,27
18,238,27
24,43,27
26,173,27
26,198,27
31,308,27
32,261,27
43,24,27
49,258,27
87,119,27
94,284,27
95,306,27
105,287,27
107,7,27
119,87,27
122,274,27
124,15,27
126,241,27
140,144,27
140,158,27
144,140,27
147,11,27
147,220,27
147,258,27
155,166,27
173,26,27
189,105,27
198,26,27
207,92,27
210,52,27
220,11,27
220,147,27
234,259,27
238,18,27
241,126,27
252,264,27
257,121,27
258,49,27
258,147,27
259,234,27
261,32,27
261,285,27
262,275,27
264,252,27
284,94,27
287,105,27
302,84,27
306,95,27
308,31,27
32,285,28
36,67,28
38,70,28
43,47,28
47,43,28
49,1,28
67,36,28
70,38,28
96,166,28
97,186,28
99,218,28
105,189,28
124,120,28
138,207,28
140,144,28
166,96,28
166,307,28
185,299,28
186,97,28
189,287,28
198,165,28
207,138,28
218,99,28
228,39,28
261,32,28
261,285,28
285,32,28
285,261,28
287,189,28
299,185,28
307,166,28
24,74,29
32,261,29
36,239,29
43,24,29
43,74,29
52,84,29
53,141,29
59,104,29
59,129,29
68,112,29
74,24,29
74,43,29
82,93,29
84,52,29
91,99,29
91,218,29
93,82,29
94,168,29
99,91,29
104,59,29
104,129,29
107,30,29
112,68,29
129,59,29
129,104,29
141,53,29
146,171,29
166,155,29
191,271,29
218,91,29
239,36,29
239,149,29
250,14,29
251,283,29
259,127,29
261,32,29
261,285,29
268,76,29
271,191,29
271,225,29
283,251,29
1,11,30
11,1,30
11,20,30
20,11,30
25,247,30
36,67,30
39,235,30
43,89,30
62,280,30
65,133,30
66,308,30
74,24,30
74,43,30
78,205,30
88,275,30
89,43,30
94,284,30
96,155,30
99,218,30
105,287,30
113,306,30
116,157,30
118,220,30
129,242,30
133,65,30
155,96,30
155,166,30
157,116,30
163,217,30
191,193,30
205,78,30
217,163,30
218,99,30
220,118,30
235,39,30
242,129,30
242,255,30
247,25,30
255,242,30
262,88,30
275,88,30
280,62,30
287,105,30
287,189,30
303,159,30
306,113,30
308,66,30
1,214,31
4,178,31
11,220,31
14,28,31
19,129,31
28,14,31
43,74,31
43,89,31
47,244,31
59,104,31
59,129,31
64,190,31
71,183,31
74,89,31
79,278,31
82,267,31
84,302,31
86,217,31
89,74,31
104,59,31
105,189,31
105,287,31
129,19,31
129,59,31
129,242,31
155,289,31
157,251,31
162,186,31
178,4,31
183,71,31
186,162,31
189,105,31
189,287,31
190,64,31
211,226,31
214,1,31
217,86,31
217,163,31
217,293,31
220,11,31
226,211,31
242,129,31
242,255,31
244,47,31
251,139,31
251,157,31
259,234,31
262,275,31
267,82,31
275,262,31
278,79,31
279,309,31
287,105,31
287,189,31
289,155,31
293,217,31
10,203,32
11,20,32
11,220,32
19,242,32
22,144,32
52,302,32
59,255,32
84,223,32
86,285,32
89,43,32
96,166,32
96,307,32
97,162,32
105,189,32
105,287,32
107,229,32
144,22,32
155,96,32
162,97,32
163,270,32
166,96,32
166,307,32
172,254,32
189,105,32
203,10,32
209,276,32
217,163,32
223,84,32
229,107,32
242,19,32
242,255,32
243,269,32
251,139,32
251,157,32
254,172,32
255,59,32
255,242,32
259,127,32
269,243,32
270,163,32
275,88,32
276,209,32
285,86,32
287,105,32
301,306,32
302,52,32
306,301,32
307,96,32
307,166,32
7,38,33
11,20,33
11,220,33
19,255,33
20,220,33
24,47,33
24,74,33
27,175,33
36,71,33
38,7,33
47,24,33
47,74,33
48,92,33
59,104,33
67,239,33
71,36,33
73,197,33
74,24,33
74,47,33
74,244,33
84,302,33
86,293,33
88,262,33
92,48,33
97,243,33
97,269,33
126,206,33
127,234,33
127,259,33
150,246,33
157,283,33
160,248,33
162,243,33
175,27,33
189,287,33
197,73,33
217,270,33
217,293,33
220,20,33
223,302,33
234,127,33
234,259,33
239,67,33
242,19,33
242,129,33
242,255,33
243,97,33
243,162,33
243,269,33
244,74,33
246,150,33
248,160,33
255,19,33
255,242,33
259,234,33
262,88,33
269,97,33
269,243,33
270,217,33
283,157,33
287,189,33
293,86,33
293,217,33
302,84,33
302,223,33
306,95,33
307,96,33
308,222,33
8,239,34
18,86,34
24,47,34
24,74,34
24,244,34
41,279,34
45,282,34
47,24,34
47,244,34
49,258,34
52,223,34
59,242,34
74,24,34
74,244,34
86,18,34
86,285,34
97,162,34
116,251,34
121,128,34
126,300,34
128,121,34
162,97,34
162,269,34
163,217,34
185,45,34
208,215,34
215,208,34
217,163,34
217,270,34
223,52,34
239,8,34
242,59,34
242,255,34
244,24,34
244,47,34
244,74,34
251,116,34
255,19,34
255,242,34
258,49,34
269,162,34
269,243,34
270,293,34
279,41,34
285,293,34
293,270,34
293,285,34
300,126,34
11,20,35
15,108,35
20,11,35
20,220,35
24,47,35
34,236,35
47,24,35
47,244,35
59,255,35
68,245,35
86,18,35
94,168,35
94,284,35
108,15,35
126,206,35
126,300,35
127,234,35
162,243,35
162,269,35
189,21,35
189,287,35
217,163,35
223,302,35
234,127,35
234,276,35
242,59,35
242,255,35
243,162,35
243,269,35
244,47,35
248,296,35
255,59,35
255,242,35
269,162,35
269,243,35
276,234,35
296,248,35
24,43,36
24,47,36
31,57,36
36,183,36
43,24,36
45,185,36
45,282,36
47,24,36
47,244,36
57,31,36
67,71,36
71,67,36
79,241,36
79,278,36
92,207,36
94,168,36
94,284,36
97,269,36
107,30,36
126,206,36
139,157,36
150,264,36
155,307,36
157,139,36
164,200,36
168,284,36
183,36,36
185,282,36
191,225,36
193,271,36
200,164,36
207,92,36
225,191,36
241,79,36
255,59,36
264,150,36
269,97,36
269,243,36
271,193,36
282,185,36
284,168,36
303,33,36
306,301,36
307,155,36
9,109,37
14,148,37
47,24,37
78,112,37
79,241,37
88,275,37
88,298,37
92,48,37
108,120,37
109,9,37
112,78,37
120,108,37
125,196,37
148,14,37
150,246,37
150,264,37
196,125,37
233,254,37
246,264,37
254,233,37
264,246,37
269,97,37
269,243,37
275,298,37
282,45,37
293,270,37
298,88,37
298,275,37
303,159,37
307,166,37
20,49,38
49,20,38
67,239,38
71,239,38
72,248,38
79,278,38
82,163,38
86,285,38
88,227,38
88,275,38
88,298,38
93,237,38
102,155,38
108,15,38
108,120,38
112,205,38
126,300,38
127,276,38
133,267,38
144,295,38
155,102,38
157,283,38
163,82,38
163,270,38
163,293,38
164,236,38
205,112,38
209,106,38
227,88,38
236,164,38
237,93,38
239,67,38
239,71,38
248,72,38
255,19,38
261,32,38
264,150,38
267,133,38
269,97,38
269,243,38
270,163,38
270,293,38
275,88,38
275,298,38
276,127,38
276,234,38
285,86,38
293,163,38
293,270,38
298,88,38
298,275,38
307,96,38
28,250,39
47,244,39
53,184,39
59,242,39
66,222,39
82,270,39
88,275,39
88,298,39
91,99,39
97,243,39
97,269,39
99,91,39
114,310,39
163,82,39
163,270,39
172,233,39
173,198,39
198,173,39
222,66,39
227,298,39
233,172,39
242,59,39
243,97,39
250,28,39
269,97,39
270,82,39
270,163,39
270,293,39
275,88,39
276,127,39
284,94,39
298,88,39
298,227,39
310,114,39
3,119,40
11,118,40
16,215,40
19,59,40
19,255,40
23,33,40
32,238,40
33,23,40
52,207,40
59,19,40
82,293,40
84,223,40
88,227,40
108,15,40
117,208,40
118,11,40
119,3,40
127,234,40
127,276,40
164,200,40
207,52,40
208,117,40
215,16,40
223,84,40
227,88,40
234,127,40
234,276,40
238,32,40
259,272,40
270,82,40
272,259,40
276,234,40
293,82,40
22,158,41
27,158,41
32,261,41
64,299,41
67,71,41
71,67,41
76,222,41
82,270,41
88,275,41
91,218,41
92,207,41
96,102,41
96,307,41
102,96,41
127,234,41
127,276,41
137,149,41
142,181,41
149,137,41
158,22,41
158,27,41
163,217,41
163,270,41
181,142,41
207,92,41
217,270,41
218,91,41
221,244,41
222,76,41
234,127,41
244,221,41
258,147,41
270,163,41
270,217,41
272,50,41
272,259,41
276,127,41
285,293,41
293,285,41
299,64,41
1,216,42
17,148,42
18,186,42
20,214,42
22,179,42
27,140,42
41,199,42
41,279,42
59,242,42
86,238,42
102,307,42
113,290,42
127,234,42
139,283,42
140,27,42
148,17,42
154,274,42
158,22,42
158,179,42
179,22,42
179,158,42
186,18,42
196,249,42
214,20,42
216,1,42
216,192,42
222,66,42
229,283,42
238,86,42
249,196,42
262,275,42
267,293,42
270,82,42
270,163,42
274,154,42
275,262,42
283,139,42
283,229,42
290,113,42
293,267,42
307,102,42
13,305,43
19,59,43
19,242,43
20,49,43
20,214,43
26,165,43
27,158,43
50,259,43
57,167,43
59,19,43
59,242,43
92,48,43
123,157,43
133,293,43
146,310,43
157,123,43
158,27,43
162,285,43
165,26,43
167,57,43
179,22,43
223,302,43
242,19,43
242,59,43
259,50,43
259,272,43
267,133,43
267,293,43
270,82,43
270,163,43
282,185,43
283,139,43
285,162,43
293,133,43
293,267,43
310,146,43
1,192,44
6,198,44
7,121,44
18,86,44
19,104,44
19,242,44
20,49,44
20,214,44
21,271,44
32,238,44
34,164,44
50,272,44
67,183,44
86,18,44
104,19,44
110,213,44
121,7,44
140,158,44
158,140,44
164,34,44
183,67,44
191,230,44
192,1,44
192,216,44
198,6,44
207,52,44
213,110,44
230,191,44
238,32,44
242,19,44
242,59,44
253,265,44
259,50,44
262,298,44
265,253,44
271,21,44
272,50,44
298,262,44
1,216,45
19,104,45
20,49,45
20,214,45
21,287,45
27,140,45
29,34,45
34,29,45
34,164,45
36,71,45
47,60,45
49,214,45
50,259,45
55,308,45
60,47,45
67,71,45
71,36,45
71,67,45
79,88,45
82,217,45
86,238,45
88,79,45
100,128,45
109,122,45
111,240,45
120,124,45
122,109,45
128,100,45
133,267,45
139,157,45
140,27,45
140,158,45
157,139,45
157,283,45
162,293,45
189,271,45
192,1,45
192,216,45
214,49,45
216,1,45
216,192,45
217,82,45
238,86,45
240,111,45
245,260,45
260,245,45
267,133,45
267,293,45
271,189,45
275,278,45
278,275,45
283,157,45
287,21,45
293,162,45
293,267,45
308,55,45
12,64,46
20,49,46
25,201,46
34,29,46
34,164,46
44,165,46
49,20,46
56,144,46
57,31,46
64,12,46
86,186,46
86,261,46
89,100,46
93,163,46
93,270,46
100,89,46
109,274,46
123,283,46
128,257,46
139,283,46
144,56,46
157,123,46
157,283,46
163,93,46
163,270,46
165,44,46
167,222,46
186,86,46
186,261,46
201,25,46
222,167,46
227,262,46
238,32,46
257,128,46
261,86,46
261,186,46
262,227,46
262,298,46
267,133,46
267,293,46
270,93,46
270,163,46
274,109,46
282,45,46
283,123,46
283,139,46
283,157,46
7,38,47
24,43,47
30,229,47
34,29,47
49,214,47
52,103,47
70,121,47
87,263,47
88,126,47
95,118,47
103,52,47
104,242,47
118,95,47
121,70,47
123,157,47
123,283,47
124,306,47
126,88,47
133,162,47
133,267,47
157,123,47
162,133,47
162,267,47
162,285,47
216,1,47
229,30,47
242,104,47
261,86,47
261,186,47
262,227,47
262,298,47
263,87,47
267,133,47
267,162,47
280,297,47
283,123,47
283,139,47
297,280,47
306,124,47
310,114,47
7,121,48
34,164,48
35,268,48
59,255,48
88,79,48
93,163,48
95,220,48
96,289,48
104,19,48
104,255,48
109,122,48
112,245,48
121,7,48
121,70,48
126,204,48
133,293,48
141,184,48
163,93,48
165,252,48
167,308,48
180,189,48
184,141,48
189,180,48
204,126,48
204,300,48
220,95,48
245,112,48
252,165,48
255,59,48
255,104,48
268,35,48
285,293,48
289,96,48
293,133,48
293,285,48
300,204,48
306,301,48
308,167,48
16,208,49
16,215,49
20,214,49
22,158,49
22,179,49
29,236,49
32,82,49
39,228,49
75,90,49
82,32,49
88,300,49
90,75,49
93,270,49
121,7,49
130,151,49
139,288,49
146,150,49
150,146,49
151,130,49
158,22,49
158,179,49
163,270,49
165,44,49
165,252,49
179,158,49
189,271,49
193,248,49
207,138,49
208,16,49
214,20,49
236,29,49
248,193,49
255,59,49
261,86,49
262,227,49
270,93,49
270,163,49
280,62,49
283,288,49
285,162,49
288,139,49
288,283,49
300,88,49
300,204,49
16,208,50
27,158,50
47,221,50
59,104,50
88,204,50
93,133,50
95,118,50
95,220,50
104,59,50
115,292,50
121,70,50
133,93,50
158,27,50
158,179,50
165,44,50
165,252,50
186,244,50
198,173,50
204,88,50
208,215,50
215,208,50
221,47,50
228,235,50
235,228,50
238,261,50
244,186,50
259,272,50
261,238,50
272,259,50
288,139,50
288,283,50
292,115,50
9,253,51
11,20,51
13,135,51
20,11,51
38,128,51
39,235,51
51,136,51
67,159,51
79,204,51
86,293,51
88,300,51
93,270,51
95,118,51
95,220,51
103,138,51
109,274,51
121,7,51
121,70,51
128,38,51
134,137,51
135,13,51
136,51,51
137,134,51
138,103,51
138,207,51
146,171,51
158,27,51
159,67,51
204,79,51
208,16,51
217,291,51
222,76,51
226,247,51
227,298,51
235,39,51
235,228,51
247,226,51
253,9,51
259,50,51
270,93,51
291,217,51
293,86,51
298,227,51
300,88,51
7,70,52
18,97,52
19,59,52
20,95,52
20,118,52
29,34,52
30,123,52
34,29,52
34,200,52
52,207,52
53,73,52
59,19,52
70,7,52
70,121,52
73,53,52
78,205,52
91,99,52
91,218,52
92,138,52
95,20,52
95,118,52
95,220,52
97,18,52
99,218,52
104,242,52
118,20,52
118,95,52
118,220,52
123,30,52
124,120,52
138,92,52
140,295,52
163,217,52
165,44,52
172,292,52
174,309,52
191,225,52
200,34,52
205,78,52
207,52,52
217,163,52
218,99,52
220,118,52
227,262,52
227,298,52
262,298,52
292,172,52
295,140,52
298,262,52
309,174,52
12,29,53
12,200,53
20,95,53
24,47,53
29,12,53
29,34,53
34,29,53
47,24,53
86,238,53
95,20,53
128,257,53
149,239,53
162,267,53
172,233,53
200,12,53
204,300,53
207,302,53
217,291,53
238,86,53
239,149,53
245,260,53
280,305,53
285,293,53
293,285,53
300,204,53
302,207,53
305,280,53
7,121,54
12,29,54
12,34,54
12,200,54
29,12,54
29,34,54
34,12,54
34,29,54
34,200,54
50,272,54
52,103,54
53,184,54
58,187,54
66,76,54
76,66,54
86,285,54
96,155,54
100,257,54
103,52,54
121,7,54
121,70,54
155,96,54
184,53,54
187,58,54
200,34,54
200,236,54
217,163,54
227,275,54
234,272,54
236,200,54
245,112,54
245,260,54
257,100,54
259,272,54
272,50,54
272,234,54
272,259,54
275,227,54
285,86,54
300,88,54
12,34,55
12,200,55
12,236,55
29,64,55
34,12,55
34,200,55
38,70,55
38,121,55
64,29,55
70,38,55
70,121,55
77,187,55
82,291,55
94,168,55
94,284,55
103,138,55
104,129,55
105,154,55
108,290,55
121,38,55
121,70,55
129,104,55
138,103,55
140,144,55
144,140,55
154,105,55
157,283,55
157,288,55
161,179,55
168,94,55
179,161,55
187,77,55
200,12,55
200,34,55
200,236,55
204,79,55
234,259,55
235,39,55
236,12,55
236,200,55
245,112,55
245,260,55
259,234,55
259,272,55
283,157,55
283,288,55
288,157,55
288,283,55
290,108,55
291,82,55
307,166,55
15,152,56
25,235,56
26,170,56
38,70,56
38,121,56
47,221,56
62,297,56
70,38,56
70,121,56
81,277,56
82,133,56
92,103,56
92,138,56
93,163,56
97,238,56
103,52,56
103,92,56
113,214,56
121,38,56
121,70,56
125,160,56
129,242,56
133,82,56
138,92,56
138,207,56
152,15,56
157,283,56
160,125,56
162,293,56
163,93,56
170,26,56
200,34,56
204,300,56
207,138,56
214,113,56
217,291,56
235,25,56
238,97,56
242,129,56
277,81,56
283,157,56
291,217,56
293,162,56
297,62,56
300,204,56
3,263,57
7,38,57
24,43,57
38,7,57
52,92,57
52,103,57
52,302,57
70,128,57
82,93,57
82,163,57
92,52,57
93,82,57
93,163,57
98,296,57
100,89,57
103,52,57
104,242,57
107,174,57
110,210,57
128,70,57
137,149,57
140,295,57
149,137,57
163,82,57
163,93,57
168,284,57
174,107,57
176,226,57
186,221,57
210,110,57
221,186,57
226,176,57
227,298,57
235,39,57
242,104,57
242,129,57
263,3,57
283,288,57
284,168,57
296,98,57
298,227,57
302,52,57
20,192,58
63,190,58
67,167,58
70,89,58
88,126,58
88,300,58
89,70,58
92,103,58
93,133,58
93,163,58
103,92,58
103,302,58
120,152,58
126,88,58
133,93,58
150,171,58
152,120,58
167,67,58
171,150,58
190,63,58
192,20,58
200,236,58
235,25,58
236,12,58
236,200,58
245,112,58
283,157,58
298,262,58
300,88,58
302,103,58
7,121,59
19,255,59
20,214,59
36,159,59
52,103,59
60,244,59
62,184,59
67,173,59
72,287,59
80,219,59
86,133,59
88,126,59
90,139,59
93,237,59
93,270,59
103,52,59
103,302,59
106,302,59
121,7,59
133,86,59
133,163,59
135,251,59
139,90,59
152,15,59
159,36,59
163,133,59
163,270,59
173,67,59
184,62,59
214,20,59
219,80,59
234,276,59
237,270,59
244,60,59
251,135,59
255,19,59
263,87,59
269,285,59
270,163,59
270,237,59
276,234,59
285,269,59
287,72,59
298,227,59
301,188,59
302,106,59
11,258,60
12,200,60
18,238,60
20,113,60
20,214,60
25,39,60
39,25,60
52,302,60
53,297,60
63,282,60
74,97,60
82,237,60
92,106,60
92,302,60
93,163,60
93,270,60
97,74,60
97,238,60
106,92,60
113,20,60
113,214,60
157,288,60
163,93,60
163,270,60
167,308,60
176,182,60
182,176,60
200,12,60
204,79,60
214,113,60
234,272,60
237,82,60
238,18,60
238,97,60
258,11,60
270,93,60
270,163,60
272,234,60
282,63,60
288,157,60
297,53,60
302,52,60
302,92,60
12,29,61
15,16,61
16,15,61
20,113,61
29,12,61
31,66,61
52,92,61
66,31,61
70,121,61
88,275,61
92,52,61
93,163,61
93,237,61
97,285,61
113,20,61
121,70,61
163,93,61
163,237,61
165,252,61
221,47,61
237,93,61
237,163,61
275,88,61
285,97,61
12,200,62
15,152,62
20,95,62
20,113,62
20,214,62
50,142,62
55,67,62
67,55,62
82,93,62
82,237,62
86,270,62
92,302,62
93,82,62
95,214,62
141,297,62
142,50,62
150,310,62
162,243,62
172,292,62
200,236,62
214,20,62
214,95,62
234,276,62
237,82,62
243,162,62
244,261,62
247,298,62
261,244,62
270,86,62
272,276,62
276,272,62
297,141,62
298,247,62
310,150,62
8,168,63
15,16,63
16,215,63
20,113,63
20,214,63
30,229,63
32,217,63
37,197,63
59,129,63
59,242,63
82,93,63
92,52,63
95,192,63
103,138,63
113,214,63
129,59,63
133,270,63
138,103,63
138,302,63
142,276,63
162,293,63
168,8,63
171,146,63
192,95,63
197,37,63
208,117,63
211,300,63
214,20,63
214,113,63
215,16,63
217,32,63
234,272,63
242,59,63
270,133,63
272,234,63
272,276,63
276,142,63
276,272,63
300,211,63
302,138,63
17,175,64
20,113,64
20,214,64
46,208,64
55,167,64
62,297,64
68,230,64
78,245,64
95,214,64
100,257,64
113,20,64
124,301,64
133,163,64
133,270,64
138,103,64
148,268,64
153,304,64
162,243,64
162,293,64
163,133,64
167,55,64
175,17,64
205,245,64
208,46,64
214,20,64
214,95,64
218,91,64
230,68,64
235,228,64
244,60,64
245,78,64
245,205,64
268,148,64
270,86,64
270,133,64
272,234,64
276,142,64
297,62,64
298,227,64
298,247,64
301,124,64
304,153,64
15,152,65
17,22,65
20,113,65
20,214,65
22,17,65
27,161,65
43,221,65
67,173,65
74,244,65
82,237,65
85,201,65
98,125,65
101,278,65
113,214,65
125,98,65
126,300,65
133,163,65
158,161,65
161,27,65
161,158,65
179,231,65
201,85,65
203,307,65
214,20,65
214,113,65
221,43,65
231,179,65
238,269,65
244,74,65
269,238,65
270,86,65
272,276,65
276,272,65
278,101,65
300,126,65
307,203,65
20,95,66
20,214,66
24,221,66
72,271,66
78,205,66
82,93,66
95,20,66
123,157,66
129,242,66
130,273,66
131,267,66
140,144,66
157,123,66
161,27,66
161,158,66
165,44,66
205,78,66
205,245,66
214,20,66
221,24,66
234,276,66
242,129,66
263,3,66
267,131,66
271,72,66
276,234,66
298,227,66
12,29,67
20,95,67
20,214,67
49,192,67
70,89,67
76,222,67
95,113,67
95,214,67
112,263,67
113,95,67
122,256,67
141,280,67
183,198,67
192,49,67
198,183,67
211,226,67
214,95,67
226,211,67
227,247,67
227,298,67
247,227,67
256,122,67
263,112,67
280,141,67
285,293,67
293,285,67
20,95,68
20,113,68
22,161,68
27,158,68
35,148,68
53,235,68
70,121,68
95,20,68
95,113,68
106,138,68
113,20,68
113,95,68
138,106,68
148,35,68
158,27,68
161,22,68
162,270,68
162,293,68
167,173,68
173,167,68
178,190,68
187,241,68
190,178,68
214,220,68
220,214,68
227,247,68
235,53,68
241,187,68
263,3,68
264,310,68
270,162,68
293,162,68
310,264,68
36,303,69
39,228,69
50,234,69
50,276,69
62,141,69
70,89,69
116,156,69
125,160,69
141,62,69
156,116,69
162,270,69
178,299,69
207,302,69
212,253,69
220,118,69
227,275,69
228,39,69
234,50,69
242,59,69
253,212,69
275,227,69
276,50,69
299,178,69
302,207,69
303,36,69
6,56,70
8,137,70
11,147,70
11,258,70
48,264,70
56,6,70
59,129,70
73,254,70
82,163,70
92,209,70
93,163,70
109,145,70
118,214,70
120,215,70
123,229,70
129,59,70
137,8,70
145,109,70
147,11,70
147,258,70
148,175,70
163,82,70
163,93,70
175,148,70
209,92,70
211,300,70
214,118,70
215,120,70
225,248,70
229,123,70
247,275,70
248,225,70
254,73,70
258,147,70
264,48,70
275,88,70
275,227,70
275,247,70
300,211,70
14,35,71
20,118,71
27,231,71
35,14,71
59,242,71
60,74,71
74,60,71
86,267,71
96,289,71
103,106,71
106,103,71
112,245,71
113,118,71
118,20,71
118,113,71
141,184,71
158,231,71
163,82,71
163,93,71
184,141,71
205,78,71
211,226,71
211,300,71
217,291,71
221,47,71
231,27,71
231,158,71
245,112,71
258,11,71
267,86,71
3,87,72
13,80,72
14,148,72
16,120,72
21,265,72
23,127,72
27,158,72
41,199,72
49,214,72
66,308,72
80,13,72
80,219,72
87,3,72
95,118,72
113,214,72
114,150,72
115,223,72
118,20,72
118,95,72
120,16,72
127,23,72
129,242,72
140,295,72
148,14,72
150,114,72
152,215,72
158,27,72
159,183,72
162,293,72
163,82,72
183,159,72
184,305,72
211,226,72
211,300,72
214,49,72
214,113,72
215,152,72
223,115,72
235,297,72
242,129,72
265,21,72
270,285,72
270,293,72
275,88,72
285,270,72
285,293,72
293,270,72
293,285,72
297,235,72
305,184,72
308,66,72
12,81,73
14,35,73
24,43,73
43,24,73
44,198,73
49,192,73
81,12,73
82,133,73
82,163,73
98,266,73
118,20,73
118,95,73
133,82,73
141,62,73
148,175,73
162,270,73
173,67,73
193,225,73
198,44,73
211,226,73
211,300,73
218,222,73
222,218,73
225,193,73
235,53,73
242,59,73
266,98,73
270,162,73
270,293,73
293,270,73
293,285,73
14,148,74
27,161,74
35,148,74
49,214,74
57,66,74
66,57,74
74,261,74
113,192,74
133,237,74
134,149,74
144,179,74
148,14,74
148,35,74
149,134,74
159,173,74
161,27,74
173,159,74
176,201,74
179,144,74
192,113,74
192,214,74
201,176,74
214,49,74
214,192,74
235,297,74
237,133,74
237,291,74
261,74,74
270,162,74
291,237,74
10,234,75
14,35,75
14,148,75
14,268,75
22,27,75
27,22,75
35,14,75
35,148,75
74,60,75
113,214,75
118,20,75
133,291,75
145,154,75
148,14,75
148,35,75
154,145,75
159,183,75
189,180,75
192,113,75
214,49,75
214,113,75
234,10,75
237,133,75
237,291,75
244,261,75
261,244,75
268,14,75
291,133,75
291,237,75
22,294,76
30,123,76
30,229,76
49,113,76
74,261,76
77,180,76
100,128,76
113,49,76
123,30,76
123,157,76
128,100,76
132,146,76
133,237,76
145,109,76
146,132,76
146,171,76
157,229,76
158,231,76
163,237,76
167,55,76
174,309,76
180,77,76
229,30,76
229,157,76
237,133,76
237,163,76
253,9,76
261,74,76
275,227,76
294,22,76
14,175,77
24,186,77
30,123,77
47,269,77
48,310,77
49,192,77
73,297,77
78,232,77
113,192,77
123,30,77
146,132,77
146,171,77
175,14,77
186,24,77
192,49,77
192,113,77
198,252,77
205,232,77
209,259,77
232,78,77
232,205,77
237,133,77
243,270,77
252,198,77
259,209,77
269,47,77
270,243,77
297,73,77
310,48,77
9,212,78
9,253,78
14,268,78
22,161,78
24,74,78
38,89,78
49,113,78
49,192,78
50,209,78
74,24,78
78,205,78
78,232,78
79,206,78
82,237,78
89,38,78
89,70,78
113,49,78
113,192,78
120,215,78
122,154,78
146,132,78
148,175,78
154,122,78
156,280,78
161,22,78
175,148,78
188,306,78
192,49,78
192,113,78
205,78,78
205,232,78
206,79,78
209,50,78
212,9,78
215,120,78
227,247,78
232,78,78
232,205,78
237,82,78
237,133,78
247,227,78
280,156,78
298,262,78
306,188,78
9,212,79
13,219,79
14,148,79
14,175,79
18,293,79
20,49,79
49,20,79
49,113,79
89,38,79
113,49,79
120,16,79
148,14,79
150,171,79
171,150,79
175,14,79
188,301,79
203,272,79
210,265,79
212,224,79
219,13,79
224,212,79
237,163,79
264,246,79
265,210,79
272,203,79
293,18,79
301,188,79
1,290,80
15,215,80
15,306,80
18,97,80
20,113,80
27,231,80
38,70,80
49,20,80
49,113,80
50,259,80
60,261,80
70,38,80
97,18,80
100,107,80
107,100,80
113,20,80
113,49,80
122,256,80
125,266,80
126,211,80
128,279,80
141,233,80
153,236,80
162,267,80
211,126,80
211,300,80
212,9,80
212,224,80
215,15,80
231,27,80
233,141,80
236,153,80
259,50,80
261,60,80
266,125,80
267,162,80
269,238,80
275,88,80
279,128,80
280,305,80
290,1,80
305,280,80
306,15,80
11,220,81
14,148,81
20,49,81
38,89,81
49,20,81
52,209,81
64,178,81
64,299,81
82,86,81
86,82,81
101,262,81
116,139,81
120,215,81
122,154,81
122,256,81
139,116,81
153,200,81
178,64,81
178,299,81
200,153,81
209,52,81
211,126,81
212,9,81
215,120,81
220,11,81
232,245,81
237,133,81
245,232,81
262,101,81
290,108,81
299,64,81
299,178,81
9,253,82
13,80,82
15,188,82
15,306,82
16,215,82
18,293,82
38,70,82
42,164,82
49,113,82
61,258,82
80,13,82
87,119,82
102,136,82
107,128,82
119,87,82
120,16,82
126,300,82
128,107,82
136,102,82
160,266,82
164,42,82
184,280,82
186,244,82
186,261,82
188,15,82
215,16,82
244,186,82
244,261,82
247,275,82
258,61,82
261,186,82
261,244,82
266,160,82
275,247,82
280,184,82
300,126,82
14,175,83
22,294,83
30,135,83
58,154,83
72,274,83
75,270,83
78,205,83
78,245,83
82,133,83
97,293,83
101,275,83
133,82,83
135,30,83
154,58,83
154,256,83
186,244,83
186,261,83
205,78,83
205,245,83
244,186,83
245,78,83
245,205,83
256,154,83
261,186,83
270,75,83
274,72,83
275,101,83
275,247,83
293,97,83
13,219,84
14,148,84
14,175,84
17,56,84
20,113,84
21,271,84
29,277,84
39,85,84
40,302,84
56,17,84
62,254,84
85,39,84
107,279,84
113,20,84
128,279,84
132,165,84
137,239,84
147,220,84
148,175,84
157,288,84
159,303,84
165,132,84
175,148,84
183,303,84
220,147,84
239,137,84
254,62,84
266,125,84
266,160,84
271,21,84
277,29,84
279,107,84
279,128,84
293,18,84
293,97,84
302,40,84
303,159,84
303,183,84
12,236,85
14,148,85
16,120,85
16,215,85
22,161,85
28,258,85
40,48,85
47,238,85
48,40,85
48,310,85
74,186,85
86,163,85
120,215,85
125,160,85
125,266,85
127,276,85
131,243,85
148,14,85
148,175,85
159,173,85
160,125,85
163,86,85
186,74,85
209,259,85
215,120,85
223,292,85
236,12,85
238,47,85
240,284,85
242,129,85
243,131,85
258,28,85
259,209,85
266,125,85
276,127,85
284,240,85
292,223,85
9,212,86
16,120,86
16,215,86
30,123,86
31,76,86
31,222,86
41,174,86
76,31,86
78,260,86
88,247,86
91,99,86
99,91,86
106,302,86
120,16,86
121,7,86
174,41,86
188,301,86
215,16,86
221,269,86
222,31,86
244,261,86
247,88,86
256,122,86
260,78,86
261,244,86
269,221,86
302,106,86
9,253,87
31,76,87
31,222,87
45,190,87
50,209,87
52,92,87
60,186,87
78,245,87
78,260,87
82,86,87
86,82,87
86,163,87
92,52,87
110,265,87
112,263,87
123,295,87
148,14,87
182,227,87
186,60,87
186,74,87
190,45,87
209,50,87
227,182,87
232,263,87
245,78,87
263,112,87
263,232,87
265,110,87
295,123,87
307,166,87
40,138,88
40,310,88
47,89,88
66,281,88
70,257,88
73,235,88
76,222,88
82,163,88
84,212,88
86,82,88
89,47,88
97,285,88
104,129,88
122,154,88
125,160,88
125,266,88
129,104,88
132,171,88
138,40,88
148,175,88
154,58,88
154,122,88
163,82,88
171,132,88
186,60,88
195,286,88
198,44,88
212,84,88
222,76,88
235,73,88
245,205,88
250,258,88
257,70,88
258,250,88
263,112,88
281,66,88
285,97,88
286,195,88
310,40,88
18,162,89
22,294,89
31,76,89
31,218,89
40,138,89
43,74,89
74,43,89
76,31,89
78,205,89
78,260,89
83,197,89
92,103,89
98,225,89
103,92,89
104,242,89
125,160,89
125,266,89
129,242,89
154,58,89
160,266,89
162,18,89
162,285,89
167,308,89
183,198,89
197,83,89
198,183,89
205,78,89
205,245,89
205,260,89
213,299,89
218,31,89
225,98,89
235,254,89
242,104,89
242,129,89
243,267,89
254,235,89
260,205,89
263,232,89
266,160,89
267,243,89
280,305,89
285,162,89
299,213,89
308,167,89
18,97,90
18,162,90
36,246,90
42,236,90
50,276,90
70,38,90
81,200,90
86,133,90
97,18,90
107,128,90
107,257,90
125,160,90
125,266,90
128,107,90
128,257,90
131,267,90
133,86,90
148,14,90
160,125,90
160,266,90
162,18,90
162,293,90
200,81,90
236,42,90
242,104,90
246,36,90
254,297,90
257,107,90
257,128,90
259,272,90
260,78,90
262,278,90
266,125,90
266,160,90
267,131,90
267,243,90
272,259,90
276,50,90
278,262,90
280,184,90
293,162,90
297,254,90
18,97,91
25,53,91
31,76,91
44,170,91
53,25,91
65,93,91
93,65,91
103,138,91
107,128,91
128,107,91
129,255,91
138,103,91
138,264,91
170,44,91
205,245,91
255,129,91
264,138,91
9,84,92
12,200,92
18,162,92
18,285,92
23,234,92
33,71,92
40,103,92
40,264,92
44,198,92
52,209,92
60,74,92
62,141,92
71,33,92
74,60,92
84,9,92
97,285,92
103,40,92
103,92,92
107,257,92
137,8,92
141,62,92
162,18,92
198,44,92
200,12,92
209,52,92
218,222,92
222,218,92
230,248,92
234,23,92
248,230,92
257,107,92
264,40,92
280,305,92
285,18,92
285,97,92
18,97,93
18,285,93
20,49,93
21,253,93
32,186,93
44,165,93
44,198,93
49,20,93
69,96,93
69,289,93
74,244,93
86,163,93
92,264,93
96,69,93
97,18,93
97,285,93
100,128,93
101,182,93
106,115,93
115,106,93
118,95,93
128,100,93
163,86,93
165,44,93
182,101,93
186,32,93
199,309,93
244,74,93
253,21,93
264,92,93
285,18,93
285,97,93
289,69,93
309,199,93
5,292,94
7,70,94
8,239,94
12,153,94
12,200,94
20,192,94
21,210,94
21,253,94
22,161,94
22,294,94
40,310,94
43,60,94
43,186,94
44,165,94
52,264,94
60,43,94
70,7,94
77,143,94
80,305,94
97,162,94
100,107,94
100,128,94
103,264,94
107,100,94
112,260,94
113,192,94
126,211,94
130,151,94
133,243,94
136,51,94
143,77,94
153,12,94
162,97,94
186,43,94
192,20,94
192,113,94
210,21,94
210,253,94
226,254,94
239,8,94
243,133,94
253,210,94
254,226,94
260,112,94
264,52,94
264,103,94
285,18,94
290,1,94
292,5,94
305,80,94
305,280,94
12,153,95
14,175,95
20,49,95
21,271,95
25,39,95
34,63,95
39,25,95
39,228,95
44,198,95
53,116,95
63,34,95
65,82,95
77,119,95
80,280,95
80,305,95
82,65,95
88,278,95
92,103,95
92,209,95
98,193,95
98,225,95
100,107,95
103,92,95
105,287,95
116,53,95
119,77,95
120,152,95
148,175,95
152,120,95
156,184,95
162,285,95
168,240,95
175,14,95
175,148,95
182,201,95
184,156,95
193,98,95
201,182,95
209,92,95
240,168,95
253,21,95
253,210,95
278,88,95
278,262,95
280,80,95
280,305,95
285,162,95
287,105,95
305,80,95
305,280,95
32,261,96
49,113,96
50,138,96
60,74,96
65,243,96
70,257,96
73,85,96
74,60,96
77,143,96
85,73,96
88,247,96
101,201,96
103,209,96
103,264,96
112,263,96
113,49,96
138,50,96
162,293,96
170,252,96
175,14,96
175,148,96
182,101,96
182,201,96
201,101,96
201,182,96
204,300,96
209,103,96
209,264,96
226,297,96
243,65,96
252,170,96
257,70,96
261,32,96
263,112,96
264,52,96
264,103,96
264,209,96
285,293,96
293,285,96
297,226,96
300,204,96
305,80,96
5,114,97
18,237,97
21,210,97
82,243,97
87,3,97
89,221,97
91,124,97
96,289,97
103,209,97
114,5,97
115,302,97
124,91,97
133,267,97
160,296,97
162,285,97
162,293,97
172,302,97
176,228,97
209,103,97
209,264,97
210,21,97
210,271,97
221,89,97
226,254,97
228,176,97
229,283,97
237,18,97
243,82,97
263,232,97
266,125,97
267,133,97
267,293,97
271,210,97
283,229,97
285,162,97
289,96,97
293,162,97
293,267,97
296,160,97
302,115,97
302,172,97
11,214,98
15,188,98
21,271,98
26,140,98
54,164,98
65,97,98
65,243,98
86,291,98
93,131,98
97,65,98
97,243,98
101,182,98
103,264,98
109,253,98
131,93,98
140,26,98
144,231,98
164,54,98
182,101,98
188,15,98
214,11,98
231,144,98
234,276,98
243,65,98
243,97,98
253,109,98
264,103,98
265,299,98
267,133,98
267,293,98
271,21,98
276,234,98
285,293,98
291,86,98
293,285,98
299,265,98
21,210,99
21,271,99
43,74,99
48,302,99
50,276,99
59,129,99
66,137,99
66,281,99
67,268,99
74,43,99
74,60,99
86,163,99
86,291,99
88,275,99
95,216,99
100,279,99
107,279,99
115,106,99
129,59,99
137,66,99
159,303,99
198,252,99
210,21,99
210,271,99
216,95,99
226,233,99
233,226,99
243,65,99
252,198,99
254,297,99
263,112,99
263,232,99
266,296,99
268,67,99
271,210,99
275,88,99
276,50,99
279,100,99
279,107,99
296,266,99
297,254,99
302,48,99
303,159,99
21,210,100
32,186,100
39,25,100
40,103,100
42,54,100
52,276,100
54,42,100
66,137,100
100,107,100
100,279,100
103,40,100
103,264,100
107,100,100
134,308,100
138,276,100
170,198,100
186,32,100
198,170,100
210,21,100
235,297,100
267,133,100
276,52,100
276,138,100
279,100,100
297,235,100
299,213,100
308,134,100
