1,274,1
3,184,1
7,52,1
7,215,1
7,279,1
11,24,1
17,225,1
24,11,1
27,241,1
33,85,1
33,247,1
35,288,1
42,154,1
52,7,1
57,253,1
63,81,1
71,249,1
80,168,1
81,63,1
82,122,1
85,33,1
87,148,1
108,140,1
111,188,1
115,155,1
122,82,1
125,140,1
140,108,1
140,125,1
141,216,1
143,245,1
148,87,1
150,271,1
154,42,1
155,115,1
167,191,1
168,80,1
180,269,1
180,276,1
184,3,1
188,111,1
191,167,1
192,222,1
195,258,1
205,262,1
213,233,1
215,7,1
216,141,1
221,277,1
222,192,1
223,253,1
225,17,1
233,213,1
233,277,1
234,261,1
241,27,1
245,143,1
247,33,1
249,71,1
253,57,1
253,223,1
258,195,1
261,234,1
262,205,1
269,180,1
271,150,1
274,1,1
276,180,1
277,221,1
277,233,1
279,7,1
288,35,1
7,52,2
7,279,2
14,264,2
15,208,2
25,66,2
30,54,2
36,148,2
41,78,2
52,215,2
52,279,2
53,135,2
54,30,2
66,25,2
68,162,2
78,41,2
87,205,2
106,221,2
108,125,2
113,241,2
120,260,2
125,108,2
125,140,2
135,53,2
141,233,2
148,36,2
148,87,2
162,68,2
174,240,2
182,238,2
205,87,2
205,262,2
208,15,2
211,266,2
213,277,2
215,52,2
215,279,2
217,225,2
220,274,2
221,106,2
225,217,2
233,141,2
233,213,2
238,182,2
239,248,2
240,174,2
241,113,2
248,239,2
253,57,2
253,223,2
260,120,2
264,14,2
266,211,2
274,220,2
277,213,2
279,52,2
279,215,2
5,258,3
8,176,3
10,39,3
20,79,3
29,104,3
33,85,3
35,255,3
39,10,3
52,215,3
52,279,3
79,20,3
79,265,3
86,112,3
87,262,3
104,29,3
106,233,3
112,86,3
125,108,3
132,271,3
151,212,3
176,8,3
192,247,3
202,249,3
205,87,3
212,151,3
215,52,3
221,233,3
225,17,3
233,106,3
233,221,3
243,259,3
247,192,3
249,202,3
255,35,3
258,5,3
258,195,3
259,243,3
262,87,3
265,79,3
270,285,3
271,132,3
279,7,3
279,52,3
285,270,3
4,55,4
44,87,4
46,271,4
52,215,4
52,279,4
54,165,4
55,4,4
69,214,4
71,192,4
87,44,4
127,274,4
135,151,4
141,213,4
141,277,4
151,135,4
151,212,4
165,54,4
192,71,4
192,247,4
205,262,4
213,141,4
213,277,4
214,69,4
215,279,4
262,205,4
271,46,4
274,127,4
277,141,4
277,213,4
279,215,4
5,231,5
33,247,5
40,259,5
44,262,5
52,215,5
52,279,5
56,139,5
63,201,5
71,249,5
73,183,5
77,230,5
78,142,5
87,205,5
95,260,5
98,251,5
139,56,5
142,78,5
143,226,5
144,238,5
172,216,5
183,73,5
201,63,5
205,87,5
210,257,5
215,52,5
215,279,5
216,172,5
226,143,5
230,77,5
231,5,5
238,144,5
247,33,5
247,192,5
249,71,5
249,202,5
251,98,5
257,210,5
259,40,5
260,95,5
262,44,5
271,132,5
277,141,5
277,213,5
279,52,5
279,215,5
13,222,6
30,165,6
47,182,6
52,215,6
52,279,6
57,140,6
57,186,6
71,85,6
71,249,6
81,201,6
85,71,6
87,262,6
125,266,6
140,57,6
140,186,6
143,245,6
165,30,6
182,47,6
186,57,6
186,140,6
201,81,6
205,262,6
213,221,6
215,52,6
221,213,6
222,13,6
225,217,6
233,106,6
249,71,6
262,87,6
262,205,6
266,125,6
277,141,6
279,7,6
279,52,6
4,243,7
12,134,7
19,170,7
24,156,7
31,32,7
32,31,7
36,179,7
36,286,7
38,125,7
38,266,7
55,155,7
57,140,7
60,161,7
125,38,7
131,269,7
132,150,7
134,12,7
138,244,7
140,57,7
143,226,7
143,245,7
148,262,7
150,132,7
155,55,7
156,24,7
158,254,7
161,60,7
168,228,7
170,19,7
179,36,7
201,63,7
208,239,7
211,253,7
228,168,7
239,208,7
243,4,7
244,138,7
253,211,7
254,158,7
262,148,7
266,38,7
269,131,7
286,36,7
13,202,8
30,54,8
33,85,8
36,171,8
38,125,8
54,30,8
57,108,8
57,140,8
70,73,8
73,70,8
85,33,8
87,286,8
106,277,8
108,57,8
108,140,8
119,275,8
135,212,8
140,108,8
141,172,8
143,226,8
143,245,8
145,288,8
155,281,8
166,259,8
171,36,8
172,141,8
172,216,8
201,81,8
202,13,8
212,135,8
212,151,8
226,245,8
245,226,8
259,166,8
275,119,8
277,106,8
281,155,8
286,87,8
288,145,8
1,220,9
7,52,9
7,279,9
13,192,9
13,222,9
20,34,9
30,98,9
34,20,9
38,266,9
52,7,9
52,279,9
57,108,9
57,140,9
83,136,9
98,30,9
108,57,9
108,140,9
110,246,9
125,266,9
136,83,9
140,57,9
140,108,9
143,226,9
155,55,9
172,141,9
192,13,9
220,1,9
226,143,9
246,110,9
266,125,9
279,7,9
279,52,9
9,198,10
12,22,10
17,134,10
22,12,10
44,87,10
57,108,10
58,265,10
59,125,10
85,192,10
87,44,10
87,205,10
108,57,10
108,140,10
114,116,10
116,114,10
125,59,10
132,271,10
134,17,10
141,213,10
141,277,10
172,213,10
179,286,10
192,85,10
192,247,10
198,9,10
205,87,10
209,218,10
213,141,10
213,172,10
213,277,10
218,209,10
220,274,10
265,58,10
274,220,10
277,141,10
277,213,10
286,179,10
1,274,11
13,192,11
16,107,11
19,288,11
31,71,11
41,206,11
71,31,11
71,249,11
85,33,11
87,44,11
107,16,11
108,57,11
135,151,11
141,172,11
150,242,11
151,135,11
172,141,11
172,277,11
192,13,11
206,41,11
220,1,11
220,274,11
242,150,11
274,1,11
274,220,11
277,172,11
277,213,11
282,285,11
285,282,11
288,19,11
1,220,12
23,61,12
36,179,12
36,286,12
50,169,12
61,23,12
71,31,12
108,186,12
141,277,12
149,227,12
167,276,12
169,50,12
172,141,12
172,277,12
179,36,12
179,286,12
186,108,12
214,269,12
220,1,12
224,257,12
227,149,12
257,224,12
260,284,12
269,214,12
270,282,12
276,167,12
277,141,12
277,172,12
282,270,12
284,260,12
286,36,12
286,179,12
6,154,13
32,71,13
38,211,13
43,232,13
44,205,13
58,79,13
71,32,13
79,58,13
89,114,13
112,266,13
114,89,13
114,116,13
125,253,13
148,171,13
154,6,13
160,255,13
171,148,13
172,213,13
172,277,13
205,44,13
211,38,13
213,172,13
213,277,13
232,43,13
253,125,13
255,160,13
266,112,13
274,127,13
277,141,13
277,172,13
277,213,13
288,145,13
7,215,14
31,32,14
32,31,14
32,71,14
47,170,14
48,173,14
60,165,14
75,175,14
114,89,14
115,214,14
139,263,14
140,186,14
165,60,14
170,47,14
173,48,14
175,75,14
186,140,14
192,222,14
214,115,14
215,7,14
222,192,14
263,139,14
277,141,14
277,172,14
286,36,14
23,66,15
32,31,15
32,71,15
35,145,15
35,160,15
44,286,15
56,263,15
63,223,15
66,23,15
79,265,15
89,116,15
102,262,15
106,141,15
111,185,15
116,89,15
135,258,15
139,56,15
139,263,15
140,266,15
141,106,15
141,213,15
145,35,15
155,250,15
160,35,15
160,255,15
171,262,15
172,213,15
172,277,15
185,111,15
186,211,15
187,252,15
192,13,15
203,267,15
211,186,15
213,141,15
213,172,15
223,63,15
250,155,15
252,187,15
258,135,15
262,102,15
262,171,15
263,56,15
263,139,15
265,79,15
266,140,15
267,203,15
286,44,15
32,31,16
78,199,16
108,57,16
113,212,16
138,218,16
141,106,16
141,277,16
192,247,16
199,78,16
212,113,16
213,221,16
218,138,16
235,276,16
263,56,16
276,235,16
277,141,16
277,172,16
4,166,17
19,47,17
31,101,17
35,145,17
35,255,17
36,44,17
44,36,17
47,19,17
89,114,17
89,116,17
90,91,17
91,90,17
93,228,17
101,31,17
114,116,17
116,114,17
136,271,17
141,106,17
141,213,17
154,42,17
166,4,17
213,141,17
228,93,17
228,168,17
232,251,17
251,232,17
255,35,17
263,139,17
266,112,17
271,136,17
15,239,18
38,253,18
58,265,18
59,253,18
67,128,18
92,109,18
109,92,18
112,140,18
116,89,18
116,114,18
128,67,18
140,112,18
141,106,18
145,255,18
168,245,18
172,213,18
172,277,18
210,224,18
213,172,18
224,210,18
228,93,18
239,15,18
245,168,18
253,38,18
253,59,18
253,125,18
255,145,18
265,58,18
13,33,19
28,170,19
33,13,19
33,71,19
36,87,19
38,59,19
38,253,19
44,205,19
44,226,19
52,241,19
52,279,19
57,81,19
59,38,19
59,253,19
63,186,19
71,33,19
81,57,19
87,36,19
89,114,19
114,89,19
123,127,19
127,123,19
135,212,19
135,258,19
170,28,19
186,63,19
186,211,19
200,288,19
205,226,19
212,135,19
212,258,19
226,44,19
226,205,19
241,52,19
253,38,19
253,59,19
253,125,19
255,35,19
255,145,19
258,212,19
288,200,19
17,22,20
22,17,20
33,13,20
33,71,20
36,44,20
38,59,20
38,253,20
44,36,20
44,205,20
44,226,20
45,153,20
46,136,20
54,251,20
55,250,20
55,269,20
57,68,20
59,38,20
59,125,20
63,211,20
68,57,20
81,108,20
108,81,20
125,59,20
136,46,20
148,262,20
153,45,20
160,200,20
165,194,20
166,259,20
168,228,20
176,225,20
177,227,20
186,63,20
194,165,20
200,160,20
205,44,20
211,63,20
221,233,20
225,176,20
226,44,20
227,177,20
228,168,20
233,221,20
250,55,20
250,269,20
251,54,20
253,38,20
262,148,20
269,55,20
269,250,20
13,71,21
17,134,21
26,190,21
33,13,21
35,145,21
35,255,21
36,205,21
55,250,21
63,186,21
71,13,21
72,212,21
80,202,21
106,172,21
106,213,21
106,277,21
109,268,21
135,212,21
140,266,21
141,233,21
145,35,21
145,255,21
160,255,21
166,4,21
168,245,21
172,106,21
172,213,21
172,277,21
180,214,21
186,211,21
190,26,21
202,80,21
205,36,21
211,186,21
212,72,21
212,135,21
213,106,21
213,172,21
214,180,21
228,93,21
233,141,21
250,55,21
250,269,21
253,266,21
255,35,21
255,145,21
255,160,21
266,140,21
266,253,21
268,109,21
277,106,21
277,172,21
1,274,22
13,33,22
36,226,22
55,155,22
55,250,22
80,249,22
99,256,22
102,171,22
135,258,22
140,253,22
140,266,22
142,284,22
144,170,22
152,189,22
155,55,22
160,200,22
160,288,22
166,259,22
170,144,22
171,102,22
172,213,22
189,152,22
226,36,22
227,149,22
241,279,22
249,80,22
250,55,22
253,140,22
255,35,22
256,99,22
258,135,22
266,140,22
269,281,22
274,1,22
279,241,22
281,269,22
284,142,22
288,160,22
4,259,23
31,121,23
33,71,23
35,160,23
35,200,23
36,205,23
40,138,23
57,81,23
58,240,23
59,223,23
68,81,23
71,33,23
72,135,23
81,57,23
81,68,23
121,31,23
135,72,23
138,40,23
155,243,23
160,35,23
160,288,23
166,4,23
166,259,23
184,249,23
200,35,23
223,59,23
233,221,23
240,58,23
243,155,23
249,184,23
250,269,23
253,38,23
259,4,23
259,166,23
263,56,23
269,250,23
4,166,24
4,259,24
26,196,24
35,160,24
55,269,24
66,25,24
68,186,24
69,281,24
74,283,24
81,57,24
81,68,24
108,211,24
135,212,24
143,245,24
160,35,24
166,4,24
166,259,24
167,178,24
172,233,24
178,167,24
186,68,24
186,211,24
196,26,24
211,108,24
211,186,24
232,284,24
233,172,24
245,143,24
249,80,24
259,4,24
259,166,24
269,55,24
281,69,24
283,74,24
284,232,24
4,166,25
21,133,25
32,71,25
35,255,25
38,112,25
38,253,25
44,205,25
68,81,25
68,91,25
71,32,25
81,57,25
81,68,25
81,91,25
91,68,25
91,81,25
112,38,25
118,191,25
133,21,25
135,72,25
160,288,25
166,4,25
191,118,25
205,44,25
277,106,25
284,142,25
284,232,25
28,144,26
57,91,26
63,108,26
80,202,26
91,57,26
91,68,26
91,81,26
108,63,26
110,174,26
115,131,26
131,115,26
135,212,26
144,28,26
166,259,26
174,110,26
196,272,26
205,36,26
205,226,26
212,258,26
213,216,26
213,277,26
216,213,26
226,205,26
243,250,26
245,168,26
250,243,26
258,212,26
272,196,26
277,213,26
284,142,26
11,204,27
57,68,27
57,91,27
67,223,27
68,57,27
90,105,27
91,57,27
91,81,27
105,90,27
109,206,27
114,116,27
135,72,27
147,259,27
204,11,27
205,36,27
206,109,27
207,236,27
223,67,27
236,207,27
259,147,27
259,166,27
26,190,28
34,137,28
36,226,28
38,266,28
52,62,28
62,52,28
68,186,28
76,159,28
91,57,28
91,81,28
106,233,28
127,274,28
137,34,28
141,198,28
142,232,28
142,284,28
147,166,28
159,76,28
166,147,28
186,68,28
198,141,28
205,226,28
226,36,28
226,205,28
232,142,28
233,106,28
241,27,28
253,266,28
260,120,28
266,38,28
266,253,28
274,127,28
15,208,29
35,145,29
57,68,29
57,186,29
67,125,29
67,223,29
68,57,29
68,91,29
68,186,29
80,168,29
81,186,29
86,171,29
91,68,29
91,186,29
125,67,29
136,271,29
142,232,29
145,35,29
147,259,29
167,276,29
168,80,29
171,86,29
171,102,29
186,57,29
186,68,29
186,81,29
186,91,29
189,248,29
208,15,29
226,36,29
226,205,29
248,189,29
259,147,29
276,167,29
6,237,30
13,31,30
22,12,30
31,13,30
31,121,30
38,171,30
42,95,30
47,170,30
52,279,30
68,91,30
80,202,30
81,91,30
83,164,30
91,68,30
91,81,30
95,42,30
119,180,30
132,242,30
147,166,30
147,259,30
164,83,30
170,47,30
171,38,30
180,119,30
237,6,30
242,132,30
250,281,30
279,52,30
281,250,30
36,205,31
52,62,31
57,63,31
63,57,31
80,168,31
127,123,31
147,166,31
180,275,31
205,36,31
205,226,31
216,277,31
228,245,31
239,252,31
245,228,31
250,269,31
250,281,31
252,239,31
269,250,31
275,180,31
277,216,31
2,162,32
6,34,32
6,237,32
20,65,32
34,6,32
34,237,32
65,20,32
67,140,32
78,232,32
86,253,32
96,242,32
123,274,32
140,67,32
140,223,32
162,2,32
166,259,32
180,119,32
180,275,32
213,216,32
216,213,32
223,140,32
232,78,32
237,34,32
242,96,32
253,86,32
259,166,32
274,123,32
17,225,33
35,200,33
36,44,33
36,226,33
39,283,33
44,36,33
44,226,33
47,19,33
75,224,33
78,199,33
86,102,33
95,154,33
102,86,33
123,263,33
124,162,33
138,147,33
140,67,33
141,233,33
146,192,33
147,138,33
154,95,33
162,124,33
171,266,33
173,235,33
192,146,33
199,232,33
224,75,33
225,17,33
226,36,33
226,44,33
232,199,33
233,141,33
235,173,33
250,269,33
250,281,33
263,123,33
266,171,33
283,39,33
30,165,34
38,266,34
52,89,34
62,279,34
67,223,34
68,81,34
78,142,34
78,199,34
81,68,34
84,234,34
89,52,34
101,184,34
112,211,34
120,282,34
123,274,34
142,78,34
142,199,34
145,288,34
147,166,34
159,210,34
165,30,34
166,147,34
180,119,34
184,3,34
184,101,34
199,78,34
199,142,34
199,232,34
210,159,34
211,112,34
223,67,34
227,236,34
234,84,34
236,227,34
242,132,34
266,38,34
269,281,34
279,62,34
281,269,34
282,120,34
288,145,34
6,34,35
11,24,35
24,11,35
33,222,35
34,6,35
36,205,35
36,226,35
38,86,35
38,266,35
49,218,35
51,64,35
54,260,35
63,108,35
64,51,35
78,251,35
80,202,35
86,38,35
86,102,35
94,284,35
117,203,35
123,263,35
123,274,35
140,223,35
184,3,35
186,211,35
203,117,35
205,36,35
211,186,35
214,275,35
216,277,35
218,49,35
222,33,35
223,140,35
226,36,35
251,78,35
260,54,35
275,214,35
284,94,35
36,205,36
36,226,36
38,86,36
47,238,36
48,246,36
57,108,36
72,212,36
74,259,36
86,38,36
86,102,36
90,229,36
108,57,36
112,186,36
113,258,36
123,263,36
123,274,36
139,270,36
184,101,36
186,112,36
205,226,36
212,72,36
216,213,36
216,277,36
226,205,36
229,90,36
238,47,36
246,48,36
258,113,36
259,74,36
270,139,36
274,1,36
274,123,36
282,285,36
5,195,37
6,237,37
11,156,37
19,170,37
22,134,37
31,101,37
36,205,37
36,226,37
38,266,37
52,62,37
52,89,37
57,63,37
62,52,37
63,57,37
67,140,37
78,199,37
80,228,37
84,114,37
86,253,37
87,133,37
88,188,37
99,209,37
101,31,37
101,121,37
102,253,37
107,196,37
114,84,37
115,259,37
121,101,37
123,127,37
131,167,37
133,87,37
134,22,37
140,67,37
156,11,37
166,4,37
167,131,37
167,276,37
170,19,37
184,3,37
188,88,37
195,5,37
196,107,37
199,78,37
205,36,37
205,226,37
208,248,37
209,99,37
213,277,37
216,213,37
216,277,37
226,36,37
226,205,37
228,80,37
237,6,37
248,208,37
253,102,37
259,115,37
265,79,37
274,1,37
277,213,37
277,216,37
281,250,37
1,263,38
3,121,38
3,184,38
31,121,38
42,282,38
54,98,38
66,23,38
67,223,38
71,249,38
78,251,38
98,54,38
101,31,38
107,16,38
121,3,38
121,31,38
143,228,38
167,131,38
167,276,38
223,67,38
226,36,38
226,205,38
228,143,38
249,71,38
259,74,38
259,115,38
263,1,38
282,42,38
21,143,39
21,228,39
31,101,39
35,193,39
43,94,39
67,140,39
94,43,39
101,121,39
121,101,39
123,274,39
131,276,39
143,21,39
170,238,39
193,35,39
208,15,39
208,248,39
228,21,39
238,170,39
242,96,39
250,269,39
269,250,39
274,123,39
276,131,39
277,213,39
3,101,40
3,121,40
4,138,40
4,166,40
15,248,40
21,143,40
24,156,40
32,222,40
33,85,40
36,205,40
47,170,40
48,58,40
58,48,40
67,223,40
84,89,40
89,84,40
101,3,40
101,31,40
101,121,40
121,3,40
121,101,40
138,4,40
140,223,40
156,24,40
170,47,40
186,211,40
205,36,40
213,216,40
216,213,40
222,32,40
223,140,40
248,15,40
248,208,40
266,171,40
12,217,41
15,189,41
15,208,41
27,113,41
113,27,41
131,167,41
138,155,41
154,282,41
155,138,41
167,131,41
170,238,41
180,214,41
182,241,41
189,15,41
208,15,41
214,180,41
217,12,41
227,149,41
233,172,41
241,182,41
282,154,41
7,258,42
30,196,42
33,222,42
36,148,42
89,52,42
104,181,42
121,3,42
148,36,42
170,47,42
181,104,42
196,30,42
214,275,42
222,33,42
223,67,42
236,207,42
253,266,42
258,7,42
266,38,42
266,253,42
15,248,43
32,33,43
32,222,43
33,32,43
62,279,43
112,171,43
127,263,43
128,140,43
140,128,43
156,11,43
171,112,43
177,234,43
205,226,43
222,32,43
234,177,43
248,15,43
253,102,43
253,266,43
263,127,43
6,137,44
10,83,44
27,241,44
35,145,44
38,86,44
67,125,44
69,128,44
80,168,44
83,10,44
86,38,44
86,102,44
102,86,44
108,211,44
128,69,44
131,178,44
137,6,44
143,245,44
145,35,44
148,262,44
178,131,44
209,256,44
211,108,44
241,27,44
245,143,44
256,209,44
31,121,45
32,249,45
43,199,45
68,91,45
81,229,45
86,38,45
91,68,45
100,160,45
102,253,45
121,31,45
131,167,45
137,237,45
160,100,45
199,43,45
205,266,45
214,180,45
222,249,45
229,81,45
237,137,45
249,32,45
249,222,45
251,284,45
253,102,45
266,205,45
282,42,45
284,251,45
15,130,46
22,217,46
53,231,46
81,91,46
81,229,46
84,261,46
91,81,46
91,229,46
95,254,46
106,221,46
114,207,46
130,15,46
130,248,46
131,178,46
143,162,46
151,212,46
156,264,46
162,143,46
167,276,46
177,207,46
207,114,46
207,177,46
212,151,46
216,277,46
217,22,46
221,106,46
229,91,46
231,53,46
248,130,46
250,275,46
254,95,46
260,282,46
261,84,46
264,156,46
275,250,46
276,167,46
277,216,46
282,260,46
15,248,47
19,47,47
19,170,47
42,260,47
42,282,47
47,19,47
47,170,47
52,62,47
62,52,47
69,140,47
79,246,47
86,102,47
102,86,47
108,112,47
108,211,47
112,108,47
128,140,47
130,208,47
130,248,47
132,188,47
140,69,47
140,128,47
143,21,47
143,162,47
145,255,47
147,259,47
170,19,47
170,47,47
188,132,47
207,236,47
208,130,47
209,99,47
213,277,47
216,213,47
216,277,47
246,79,47
248,15,47
248,130,47
255,145,47
259,147,47
260,42,47
260,282,47
269,281,47
277,213,47
277,216,47
281,269,47
282,42,47
282,154,47
282,260,47
3,37,48
8,204,48
10,271,48
19,47,48
19,170,48
24,264,48
25,126,48
32,33,48
37,3,48
43,109,48
47,19,48
47,170,48
47,288,48
48,79,48
55,167,48
79,48,48
81,91,48
81,229,48
86,253,48
91,81,48
108,186,48
109,43,48
112,171,48
126,25,48
137,6,48
167,55,48
170,19,48
170,47,48
170,288,48
186,108,48
186,211,48
204,8,48
207,177,48
211,186,48
213,216,48
216,213,48
227,236,48
229,81,48
236,227,48
248,15,48
253,86,48
264,24,48
271,10,48
288,47,48
288,170,48
7,89,49
44,124,49
55,275,49
60,120,49
77,110,49
81,91,49
89,7,49
91,229,49
98,194,49
110,77,49
115,276,49
120,60,49
121,249,49
124,44,49
135,195,49
140,69,49
144,212,49
157,232,49
186,108,49
194,98,49
195,135,49
198,221,49
207,114,49
212,144,49
213,277,49
221,198,49
227,149,49
229,91,49
232,157,49
238,241,49
241,238,49
249,121,49
275,55,49
276,115,49
277,213,49
19,47,50
21,162,50
22,134,50
27,113,50
36,226,50
47,19,50
48,58,50
69,269,50
75,252,50
89,258,50
107,272,50
112,205,50
114,116,50
143,21,50
143,162,50
162,21,50
162,143,50
167,275,50
186,211,50
205,112,50
206,268,50
213,216,50
217,267,50
226,36,50
252,75,50
252,239,50
258,89,50
267,217,50
268,206,50
269,69,50
272,107,50
275,167,50
1,257,51
6,65,51
16,272,51
21,228,51
21,245,51
22,267,51
23,25,51
25,23,51
31,101,51
42,154,51
58,79,51
65,6,51
69,119,51
79,58,51
86,125,51
101,31,51
102,266,51
106,198,51
114,207,51
119,69,51
125,86,51
154,42,51
171,186,51
186,171,51
186,211,51
198,106,51
198,221,51
212,151,51
245,21,51
252,75,51
257,1,51
266,102,51
267,22,51
272,16,51
2,124,52
11,50,52
14,28,52
21,228,52
21,245,52
22,134,52
22,267,52
25,66,52
27,238,52
28,14,52
42,282,52
50,11,52
56,254,52
66,25,52
70,273,52
75,159,52
98,284,52
99,256,52
113,258,52
114,116,52
114,207,52
116,207,52
124,2,52
134,267,52
138,166,52
141,161,52
159,75,52
161,141,52
166,138,52
198,106,52
198,221,52
205,253,52
205,266,52
207,116,52
228,245,52
238,27,52
241,182,52
245,228,52
253,205,52
254,56,52
256,99,52
258,113,52
264,156,52
266,205,52
267,134,52
267,217,52
273,70,52
282,42,52
284,98,52
19,170,53
19,288,53
22,134,53
27,241,53
35,193,53
58,48,53
58,246,53
69,269,53
74,131,53
78,260,53
94,165,53
97,277,53
102,205,53
110,174,53
111,230,53
115,147,53
121,222,53
131,74,53
134,22,53
134,267,53
147,115,53
165,94,53
170,19,53
170,288,53
171,211,53
198,106,53
205,102,53
207,114,53
211,171,53
222,121,53
230,111,53
238,241,53
241,27,53
241,238,53
246,58,53
260,78,53
267,134,53
267,217,53
275,55,53
277,97,53
288,19,53
288,170,53
5,135,54
21,228,54
35,145,54
57,119,54
62,279,54
79,191,54
81,229,54
86,266,54
88,185,54
89,7,54
91,68,54
91,229,54
102,226,54
116,236,54
119,57,54
134,22,54
135,5,54
145,35,54
185,88,54
191,79,54
226,102,54
227,236,54
228,21,54
229,81,54
229,91,54
236,116,54
236,227,54
241,27,54
253,266,54
266,86,54
266,253,54
272,107,54
20,247,55
22,267,55
58,191,55
59,128,55
81,91,55
81,229,55
85,202,55
91,81,55
102,205,55
103,268,55
110,230,55
125,67,55
128,59,55
179,219,55
191,58,55
191,79,55
198,221,55
202,85,55
219,179,55
229,81,55
230,110,55
236,116,55
247,20,55
266,86,55
267,22,55
267,217,55
268,103,55
6,34,56
14,19,56
19,14,56
24,156,56
24,176,56
38,205,56
103,206,56
110,111,56
110,230,56
111,110,56
116,207,56
123,263,56
140,281,56
149,236,56
156,24,56
156,176,56
156,264,56
171,186,56
176,24,56
176,156,56
176,264,56
180,201,56
186,171,56
201,180,56
205,38,56
206,103,56
207,116,56
236,149,56
236,227,56
263,123,56
264,176,56
281,140,56
14,28,57
22,134,57
23,66,57
24,156,57
33,71,57
37,101,57
66,23,57
68,81,57
71,33,57
79,246,57
80,85,57
81,68,57
85,80,57
85,202,57
96,132,57
97,216,57
97,277,57
101,37,57
110,111,57
111,230,57
115,131,57
128,223,57
131,115,57
132,96,57
148,226,57
154,260,57
156,24,57
191,58,57
191,79,57
207,114,57
216,97,57
223,128,57
226,148,57
230,111,57
236,149,57
236,227,57
246,79,57
260,154,57
272,16,57
3,13,58
7,72,58
10,18,58
13,3,58
18,10,58
30,107,58
47,144,58
59,223,58
72,7,58
78,154,58
78,260,58
79,191,58
85,80,58
85,202,58
101,31,58
106,221,58
107,30,58
110,230,58
128,59,58
132,188,58
144,47,58
154,78,58
154,260,58
156,264,58
191,58,58
191,79,58
205,253,58
207,116,58
221,106,58
223,59,58
230,110,58
243,269,58
253,205,58
260,78,58
260,154,58
264,156,58
269,243,58
13,37,59
21,219,59
35,193,59
37,13,59
42,285,59
59,128,59
59,223,59
78,282,59
79,246,59
89,113,59
96,188,59
98,251,59
112,171,59
113,89,59
128,223,59
131,147,59
147,131,59
171,112,59
188,96,59
207,114,59
207,116,59
216,277,59
219,21,59
223,128,59
236,149,59
241,182,59
251,98,59
277,216,59
282,78,59
285,42,59
13,31,60
13,37,60
31,13,60
31,37,60
31,101,60
37,31,60
37,101,60
58,48,60
68,229,60
80,202,60
85,80,60
85,202,60
98,284,60
101,37,60
131,115,60
154,282,60
167,178,60
170,238,60
178,167,60
189,216,60
191,246,60
202,80,60
202,85,60
207,227,60
216,189,60
223,59,60
224,278,60
227,207,60
229,68,60
238,170,60
246,191,60
277,97,60
278,224,60
282,154,60
13,3,61
24,264,61
31,37,61
31,101,61
37,31,61
37,101,61
38,226,61
52,114,61
52,116,61
75,76,61
76,75,61
79,191,61
79,246,61
101,31,61
101,37,61
105,108,61
108,105,61
114,52,61
114,116,61
116,52,61
116,114,61
154,260,61
154,282,61
191,79,61
191,246,61
193,206,61
206,193,61
226,38,61
246,79,61
246,191,61
260,282,61
264,24,61
282,260,61
12,134,62
13,101,62
30,129,62
31,37,62
31,101,62
37,31,62
37,101,62
47,170,62
92,165,62
101,13,62
101,31,62
101,37,62
116,52,62
129,30,62
134,12,62
165,92,62
170,47,62
172,213,62
213,172,62
219,179,62
246,79,62
253,266,62
266,253,62
269,69,62
2,68,63
31,37,63
34,65,63
37,31,63
37,101,63
38,102,63
65,34,63
68,2,63
69,281,63
85,121,63
90,105,63
102,38,63
102,226,63
105,90,63
105,108,63
121,85,63
141,272,63
174,240,63
202,80,63
219,21,63
219,179,63
226,102,63
240,174,63
243,250,63
250,243,63
269,281,63
272,141,63
281,69,63
281,269,63
3,249,64
4,259,64
31,101,64
37,31,64
37,101,64
40,209,64
44,286,64
52,114,64
69,119,64
80,85,64
80,202,64
85,80,64
101,31,64
101,37,64
102,38,64
105,90,64
114,52,64
119,69,64
182,258,64
209,40,64
249,3,64
258,182,64
259,4,64
264,156,64
282,154,64
3,13,65
3,37,65
13,3,65
19,28,65
27,116,65
28,19,65
31,37,65
35,100,65
37,3,65
37,31,65
38,226,65
55,214,65
74,115,65
81,90,65
81,105,65
81,229,65
89,182,65
90,81,65
90,105,65
100,35,65
105,81,65
105,90,65
105,229,65
110,240,65
113,182,65
115,74,65
116,27,65
182,89,65
182,113,65
214,55,65
221,198,65
226,38,65
229,81,65
229,105,65
240,110,65
240,174,65
246,191,65
263,127,65
3,13,66
3,249,66
16,30,66
17,51,66
18,271,66
20,146,66
30,16,66
41,230,66
51,17,66
52,116,66
80,121,66
81,105,66
83,283,66
105,81,66
115,131,66
116,52,66
121,80,66
125,223,66
136,164,66
146,20,66
164,136,66
182,89,66
198,213,66
198,221,66
213,198,66
223,125,66
230,41,66
250,269,66
269,250,66
271,18,66
283,83,66
3,13,67
47,144,67
52,114,67
63,265,67
67,266,67
72,241,67
74,178,67
91,108,67
96,132,67
102,226,67
104,29,67
108,91,67
114,116,67
115,74,67
116,114,67
132,96,67
138,259,67
178,74,67
190,204,67
198,213,67
204,190,67
213,221,67
221,213,67
226,102,67
241,72,67
259,138,67
265,63,67
266,67,67
7,241,68
28,288,68
67,171,68
67,223,68
69,269,68
79,180,68
81,90,68
90,81,68
114,52,68
114,116,68
119,250,68
119,269,68
143,286,68
154,251,68
154,282,68
171,67,68
180,79,68
186,211,68
198,221,68
199,232,68
211,186,68
221,198,68
223,67,68
223,125,68
232,199,68
241,7,68
250,119,68
251,154,68
269,69,68
269,119,68
286,143,68
288,28,68
17,64,69
34,237,69
38,86,69
51,217,69
64,17,69
67,171,69
69,119,69
69,269,69
75,210,69
86,38,69
114,52,69
119,69,69
119,250,69
144,170,69
162,228,69
170,144,69
172,233,69
210,75,69
217,51,69
221,213,69
228,162,69
237,34,69
241,72,69
269,69,69
4,147,70
7,72,70
21,143,70
21,286,70
27,52,70
35,193,70
48,111,70
52,27,70
59,125,70
72,7,70
72,241,70
74,115,70
111,48,70
114,116,70
125,59,70
127,257,70
143,21,70
143,286,70
144,288,70
147,4,70
154,251,70
193,35,70
207,236,70
221,198,70
236,207,70
257,127,70
286,21,70
286,143,70
288,144,70
3,37,71
5,212,71
6,65,71
27,116,71
34,65,71
37,3,71
37,101,71
40,256,71
52,116,71
65,6,71
65,34,71
72,7,71
75,76,71
85,121,71
89,113,71
113,89,71
116,27,71
116,52,71
119,243,71
119,250,71
121,85,71
157,199,71
157,232,71
180,191,71
191,180,71
195,231,71
199,157,71
212,5,71
227,236,71
231,195,71
232,157,71
236,227,71
243,119,71
243,250,71
250,243,71
256,40,71
286,21,71
3,101,72
7,241,72
18,10,72
27,52,72
30,129,72
36,179,72
37,3,72
38,226,72
52,27,72
52,258,72
65,6,72
81,105,72
94,284,72
97,233,72
101,3,72
158,274,72
177,236,72
179,36,72
191,246,72
198,213,72
199,232,72
213,198,72
226,38,72
232,199,72
233,97,72
236,177,72
236,227,72
241,7,72
250,119,72
250,243,72
258,52,72
274,158,72
284,94,72
7,72,73
12,267,73
73,181,73
115,147,73
124,146,73
146,124,73
147,115,73
157,199,73
157,232,73
166,276,73
168,222,73
181,73,73
199,157,73
201,214,73
202,228,73
214,201,73
222,168,73
228,202,73
232,157,73
238,241,73
241,238,73
267,12,73
276,166,73
3,37,74
3,101,74
7,288,74
13,37,74
37,13,74
39,131,74
43,199,74
43,232,74
67,112,74
67,125,74
78,285,74
80,168,74
102,148,74
112,67,74
112,125,74
125,67,74
125,112,74
131,39,74
146,20,74
148,102,74
155,166,74
157,199,74
157,232,74
164,173,74
166,155,74
168,80,74
173,164,74
180,79,74
199,43,74
199,157,74
199,232,74
226,253,74
229,247,74
232,43,74
232,157,74
232,199,74
243,269,74
247,229,74
251,284,74
253,226,74
269,243,74
284,251,74
285,78,74
288,7,74
5,151,75
13,101,75
14,47,75
16,272,75
17,217,75
20,124,75
20,146,75
43,199,75
47,14,75
58,240,75
67,223,75
76,210,75
78,282,75
78,285,75
99,259,75
101,13,75
124,20,75
125,67,75
151,5,75
166,276,75
180,246,75
199,43,75
208,252,75
210,76,75
217,17,75
223,67,75
240,58,75
246,180,75
252,208,75
259,99,75
272,16,75
275,281,75
281,275,75
282,78,75
286,143,75
3,31,76
31,3,76
37,101,76
43,109,76
43,199,76
57,269,76
59,128,76
86,253,76
89,279,76
99,209,76
101,37,76
116,258,76
125,223,76
128,59,76
151,212,76
209,99,76
209,259,76
212,151,76
223,125,76
253,86,76
258,116,76
259,209,76
269,57,76
279,89,76
286,21,76
286,143,76
7,144,77
7,288,77
17,64,77
19,47,77
27,116,77
27,207,77
34,237,77
37,184,77
41,88,77
43,109,77
43,199,77
47,19,77
54,60,77
54,260,77
57,69,77
57,269,77
60,54,77
60,260,77
67,125,77
67,223,77
69,57,77
69,269,77
85,124,77
88,41,77
89,113,77
99,259,77
108,186,77
109,199,77
116,27,77
116,258,77
124,85,77
124,228,77
125,67,77
125,223,77
142,284,77
144,7,77
144,288,77
168,222,77
183,227,77
184,37,77
186,108,77
199,109,77
207,27,77
223,67,77
223,125,77
227,183,77
227,236,77
228,124,77
246,191,77
259,99,77
260,54,77
260,60,77
269,69,77
284,142,77
288,144,77
43,109,78
50,193,78
67,125,78
67,223,78
76,75,78
99,209,78
107,196,78
109,43,78
125,67,78
125,223,78
180,79,78
180,246,78
193,50,78
196,107,78
209,99,78
216,277,78
217,51,78
223,67,78
223,125,78
227,183,78
246,180,78
260,54,78
260,60,78
269,57,78
277,216,78
288,7,78
288,144,78
19,28,79
28,19,79
50,169,79
50,193,79
52,234,79
54,60,79
55,201,79
60,54,79
67,171,79
101,13,79
127,263,79
135,215,79
179,286,79
201,55,79
201,214,79
215,135,79
234,52,79
284,94,79
286,179,79
19,47,80
21,143,80
21,286,80
33,80,80
43,199,80
50,169,80
50,193,80
54,260,80
67,223,80
76,210,80
79,191,80
80,33,80
81,229,80
94,154,80
97,221,80
104,181,80
107,272,80
116,207,80
143,21,80
143,286,80
154,94,80
169,193,80
181,104,80
189,233,80
191,79,80
191,246,80
193,169,80
199,43,80
207,116,80
221,97,80
223,67,80
229,81,80
233,189,80
246,191,80
260,54,80
272,107,80
284,142,80
286,21,80
286,143,80
14,212,81
19,28,81
19,144,81
21,219,81
43,109,81
94,284,81
107,196,81
116,236,81
119,281,81
138,276,81
141,172,81
143,219,81
143,286,81
144,19,81
159,224,81
172,141,81
188,242,81
212,14,81
218,283,81
219,21,81
219,143,81
219,286,81
223,125,81
224,159,81
236,116,81
242,188,81
276,138,81
281,119,81
283,218,81
284,94,81
286,219,81
12,51,82
19,28,82
19,144,82
21,143,82
21,219,82
51,12,82
51,217,82
67,171,82
99,147,82
112,223,82
113,279,82
125,112,82
125,223,82
135,182,82
143,21,82
147,99,82
182,135,82
201,250,82
207,27,82
219,21,82
223,112,82
223,125,82
240,110,82
250,201,82
279,113,82
4,99,83
12,217,83
19,28,83
19,144,83
21,143,83
21,219,83
27,238,83
28,144,83
54,60,83
54,251,83
55,250,83
59,223,83
60,251,83
62,113,83
62,279,83
71,124,83
86,205,83
98,251,83
99,4,83
107,272,83
113,62,83
116,258,83
124,71,83
144,28,83
181,73,83
185,230,83
201,55,83
205,86,83
214,250,83
217,12,83
217,51,83
223,59,83
223,112,83
223,125,83
230,185,83
233,277,83
238,27,83
250,55,83
250,214,83
251,54,83
251,60,83
251,98,83
277,233,83
279,62,83
286,179,83
7,72,84
19,28,84
19,144,84
28,19,84
54,60,84
59,128,84
60,54,84
60,251,84
61,126,84
70,280,84
94,142,84
94,284,84
120,260,84
126,61,84
131,164,84
142,94,84
142,284,84
144,19,84
144,241,84
147,115,84
164,131,84
201,250,84
217,12,84
233,189,84
241,144,84
250,201,84
250,214,84
251,60,84
251,98,84
260,120,84
280,70,84
284,142,84
24,170,85
33,249,85
38,102,85
43,230,85
55,201,85
59,223,85
64,225,85
72,288,85
94,142,85
102,38,85
109,230,85
111,235,85
124,85,85
128,223,85
142,94,85
143,219,85
170,24,85
189,277,85
193,50,85
201,55,85
201,214,85
214,201,85
219,143,85
223,59,85
223,128,85
225,64,85
230,43,85
230,109,85
235,111,85
249,33,85
251,60,85
277,189,85
288,72,85
2,105,86
6,237,86
7,288,86
37,80,86
48,235,86
54,251,86
59,125,86
60,54,86
72,7,86
80,37,86
105,2,86
124,146,86
125,59,86
125,223,86
144,19,86
146,124,86
150,206,86
206,150,86
209,259,86
223,125,86
235,48,86
235,111,86
237,6,86
251,54,86
259,209,86
288,7,86
2,68,87
28,288,87
41,46,87
42,157,87
46,41,87
52,89,87
72,207,87
83,218,87
89,52,87
91,265,87
146,20,87
157,42,87
194,196,87
196,194,87
207,72,87
218,83,87
231,53,87
238,241,87
241,238,87
251,98,87
265,91,87
288,28,87
6,65,88
52,234,88
59,67,88
63,91,88
63,265,88
67,59,88
67,171,88
69,140,88
91,63,88
91,265,88
97,277,88
122,159,88
132,242,88
140,69,88
159,122,88
163,248,88
176,217,88
208,224,88
217,176,88
218,283,88
224,208,88
242,132,88
248,163,88
253,226,88
254,270,88
265,63,88
265,91,88
270,254,88
277,97,88
288,7,88
2,105,89
7,28,89
28,7,89
38,226,89
44,143,89
52,72,89
52,89,89
52,234,89
54,98,89
59,128,89
63,91,89
67,59,89
72,52,89
72,234,89
74,178,89
79,246,89
89,234,89
91,63,89
91,265,89
98,54,89
102,148,89
128,59,89
135,215,89
143,44,89
144,145,89
145,144,89
161,172,89
172,161,89
182,215,89
187,210,89
210,187,89
215,182,89
218,83,89
218,283,89
226,38,89
226,253,89
234,72,89
234,89,89
237,34,89
246,79,89
39,173,90
52,72,90
59,67,90
59,128,90
60,98,90
63,265,90
72,52,90
72,234,90
83,283,90
91,63,90
91,265,90
96,242,90
98,60,90
98,251,90
122,239,90
137,157,90
142,154,90
147,167,90
154,142,90
157,137,90
167,147,90
173,39,90
212,215,90
213,221,90
215,212,90
221,213,90
226,38,90
234,72,90
239,122,90
242,96,90
242,132,90
265,63,90
265,91,90
283,83,90
27,207,91
57,125,91
59,67,91
63,91,91
63,186,91
78,282,91
80,184,91
89,113,91
91,63,91
91,265,91
96,132,91
113,89,91
122,159,91
125,57,91
128,223,91
132,96,91
138,155,91
146,124,91
147,115,91
155,138,91
179,219,91
184,80,91
186,63,91
201,275,91
207,27,91
217,51,91
219,179,91
219,286,91
223,112,91
223,128,91
226,253,91
275,201,91
286,219,91
12,22,92
22,12,92
52,258,92
57,269,92
63,91,92
63,186,92
63,265,92
80,37,92
85,146,92
89,234,92
91,63,92
91,265,92
96,242,92
97,189,92
117,217,92
125,128,92
128,125,92
128,223,92
146,85,92
160,238,92
182,212,92
186,265,92
189,97,92
212,182,92
213,198,92
217,117,92
226,38,92
234,89,92
235,48,92
238,160,92
242,96,92
258,52,92
265,63,92
265,91,92
265,186,92
272,16,92
19,145,93
37,184,93
38,253,93
51,117,93
51,217,93
57,69,93
59,171,93
63,186,93
63,265,93
67,171,93
69,57,93
91,108,93
96,132,93
96,242,93
108,91,93
117,51,93
117,217,93
121,222,93
125,223,93
125,269,93
132,242,93
135,182,93
145,19,93
166,281,93
169,206,93
171,59,93
171,67,93
182,135,93
184,37,93
186,63,93
186,265,93
206,169,93
212,14,93
212,215,93
217,51,93
217,117,93
220,257,93
222,121,93
223,125,93
242,132,93
253,38,93
257,220,93
265,63,93
265,186,93
269,125,93
281,166,93
12,134,94
37,80,94
38,226,94
47,241,94
52,234,94
55,275,94
59,67,94
62,114,94
67,59,94
67,171,94
68,105,94
69,269,94
72,89,94
72,234,94
80,184,94
86,253,94
89,72,94
105,68,94
114,62,94
157,42,94
159,239,94
167,201,94
182,212,94
182,215,94
184,80,94
201,167,94
212,182,94
212,215,94
215,182,94
215,212,94
234,52,94
234,72,94
239,159,94
241,47,94
253,86,94
269,69,94
270,285,94
275,55,94
285,270,94
7,238,95
14,182,95
52,72,95
52,234,95
65,192,95
67,59,95
67,171,95
69,57,95
72,52,95
72,234,95
85,124,95
91,186,95
112,128,95
117,176,95
119,243,95
122,239,95
124,85,95
128,112,95
140,214,95
143,179,95
176,117,95
179,143,95
182,14,95
186,91,95
192,65,95
201,250,95
214,140,95
234,52,95
234,72,95
238,7,95
239,122,95
243,119,95
250,201,95
265,63,95
6,34,96
9,106,96
16,107,96
22,203,96
34,6,96
69,269,96
71,146,96
86,205,96
106,9,96
107,16,96
109,284,96
115,131,96
131,115,96
146,71,96
168,184,96
182,215,96
184,168,96
203,22,96
206,150,96
215,182,96
242,96,96
250,275,96
275,250,96
284,109,96
21,44,97
35,169,97
44,21,97
91,108,97
97,277,97
100,170,97
110,235,97
119,166,97
165,193,97
166,119,97
169,35,97
170,100,97
184,80,97
188,271,97
193,165,97
223,266,97
226,253,97
228,202,97
235,110,97
250,201,97
253,226,97
266,223,97
271,188,97
19,47,98
27,116,98
27,207,98
28,241,98
33,124,98
47,19,98
52,72,98
58,111,98
72,52,98
100,144,98
100,170,98
100,255,98
109,230,98
111,58,98
116,27,98
116,207,98
123,274,98
124,33,98
144,100,98
144,170,98
157,232,98
170,144,98
177,183,98
182,14,98
183,177,98
186,265,98
201,167,98
207,116,98
232,157,98
241,28,98
255,100,98
265,186,98
274,123,98
275,55,98
19,238,99
37,184,99
37,249,99
55,167,99
69,125,99
75,210,99
78,285,99
79,81,99
81,79,99
86,253,99
104,29,99
125,69,99
144,255,99
149,177,99
162,286,99
167,55,99
177,149,99
184,37,99
205,253,99
207,27,99
210,75,99
215,212,99
230,43,99
238,19,99
249,37,99
253,86,99
253,205,99
255,144,99
266,269,99
269,266,99
285,78,99
286,162,99
7,19,100
18,39,100
19,7,100
19,238,100
39,18,100
44,211,100
55,275,100
57,223,100
57,266,100
58,110,100
70,273,100
78,282,100
78,285,100
80,249,100
86,205,100
101,123,100
110,58,100
110,235,100
117,217,100
123,101,100
143,219,100
205,86,100
205,253,100
210,76,100
211,44,100
219,143,100
223,57,100
223,266,100
230,185,100
249,80,100
266,57,100
266,223,100
270,254,100
282,285,100
285,282,100
