1,292,1
15,72,1
20,100,1
24,106,1
25,88,1
27,62,1
29,165,1
30,162,1
32,35,1
35,32,1
47,112,1
50,74,1
51,118,1
60,231,1
62,27,1
68,216,1
71,291,1
72,15,1
73,118,1
74,50,1
76,173,1
76,230,1
86,171,1
88,25,1
98,232,1
100,20,1
106,24,1
112,47,1
113,132,1
118,51,1
118,73,1
119,146,1
132,113,1
136,148,1
140,214,1
145,276,1
146,119,1
146,158,1
147,177,1
148,136,1
158,146,1
162,30,1
163,202,1
165,29,1
171,86,1
173,76,1
175,205,1
177,147,1
180,200,1
193,240,1
200,180,1
202,163,1
205,175,1
212,294,1
214,140,1
216,68,1
227,287,1
230,76,1
231,60,1
232,98,1
240,193,1
276,145,1
287,227,1
291,71,1
292,1,1
294,212,1
4,220,2
6,258,2
23,84,2
39,219,2
40,296,2
42,108,2
54,152,2
58,220,2
60,197,2
60,231,2
76,173,2
76,230,2
77,206,2
84,23,2
108,42,2
115,266,2
118,51,2
118,73,2
122,255,2
123,217,2
128,279,2
138,271,2
143,145,2
145,143,2
145,276,2
146,119,2
152,54,2
160,274,2
169,198,2
173,270,2
197,60,2
198,169,2
206,77,2
217,123,2
219,39,2
220,4,2
220,58,2
255,122,2
258,6,2
258,273,2
266,115,2
270,173,2
271,138,2
273,258,2
274,160,2
279,128,2
296,40,2
4,66,3
30,70,3
34,201,3
41,225,3
55,188,3
60,197,3
65,294,3
66,4,3
70,30,3
76,173,3
97,232,3
99,267,3
99,301,3
116,214,3
120,283,3
142,171,3
143,276,3
145,143,3
154,218,3
171,142,3
173,76,3
173,270,3
188,55,3
190,234,3
197,231,3
201,34,3
213,288,3
214,116,3
214,140,3
218,154,3
225,41,3
231,197,3
232,97,3
234,190,3
258,6,3
267,99,3
276,143,3
283,120,3
288,213,3
294,65,3
301,99,3
7,230,4
22,96,4
51,73,4
73,51,4
83,133,4
94,281,4
96,22,4
99,267,4
105,153,4
109,243,4
115,275,4
116,140,4
116,214,4
123,147,4
133,83,4
140,116,4
143,145,4
143,298,4
147,123,4
153,105,4
173,76,4
214,116,4
230,7,4
243,109,4
262,268,4
266,275,4
268,262,4
275,115,4
275,266,4
281,94,4
298,143,4
4,58,5
14,249,5
19,42,5
29,182,5
36,152,5
41,228,5
42,19,5
44,82,5
45,122,5
58,4,5
58,220,5
73,118,5
82,44,5
104,233,5
114,156,5
122,45,5
145,298,5
152,36,5
156,114,5
173,230,5
179,246,5
182,29,5
228,41,5
230,173,5
233,104,5
239,240,5
240,239,5
246,179,5
249,14,5
298,145,5
15,259,6
18,285,6
26,32,6
32,26,6
51,219,6
55,196,6
123,217,6
131,278,6
140,194,6
143,145,6
144,151,6
145,143,6
145,298,6
151,144,6
178,238,6
191,292,6
194,140,6
196,55,6
197,260,6
219,51,6
225,228,6
225,253,6
228,225,6
228,253,6
238,178,6
253,225,6
253,228,6
259,15,6
260,197,6
278,131,6
285,18,6
292,191,6
14,80,7
19,91,7
61,238,7
71,133,7
71,291,7
80,14,7
91,19,7
130,135,7
133,71,7
135,130,7
143,276,7
145,143,7
145,298,7
170,256,7
182,254,7
197,60,7
216,286,7
238,61,7
254,182,7
256,170,7
286,216,7
38,89,8
41,225,8
44,150,8
55,147,8
64,75,8
71,133,8
75,64,8
86,142,8
89,38,8
101,274,8
119,201,8
125,292,8
142,86,8
143,145,8
143,276,8
145,143,8
147,55,8
150,44,8
182,29,8
197,260,8
201,119,8
225,41,8
274,101,8
292,125,8
1,46,9
12,56,9
46,1,9
56,12,9
58,73,9
58,220,9
61,178,9
73,58,9
73,220,9
94,138,9
103,111,9
111,103,9
116,140,9
138,94,9
140,116,9
143,145,9
146,297,9
159,224,9
173,270,9
178,61,9
196,217,9
217,196,9
220,73,9
223,248,9
224,159,9
240,265,9
248,223,9
265,240,9
294,212,9
297,146,9
3,242,10
15,25,10
15,259,10
20,185,10
25,15,10
58,73,10
58,104,10
73,58,10
73,104,10
104,58,10
104,73,10
105,211,10
116,194,10
127,129,10
129,127,10
140,194,10
173,230,10
182,254,10
185,20,10
194,116,10
194,140,10
209,238,10
209,257,10
211,105,10
238,209,10
238,257,10
240,239,10
242,3,10
257,209,10
257,238,10
275,115,10
278,282,10
282,278,10
4,220,11
15,25,11
15,259,11
17,155,11
19,42,11
24,180,11
25,259,11
38,157,11
53,130,11
71,83,11
75,255,11
80,248,11
83,71,11
118,219,11
130,53,11
132,210,11
153,234,11
155,17,11
157,38,11
168,278,11
168,282,11
180,24,11
194,116,11
201,223,11
210,132,11
219,118,11
220,4,11
223,201,11
225,228,11
228,225,11
234,153,11
248,80,11
255,75,11
257,209,11
257,238,11
259,25,11
278,168,11
278,282,11
282,168,11
282,278,11
285,291,11
291,285,11
24,113,12
28,61,12
38,89,12
42,293,12
57,149,12
58,220,12
61,28,12
61,178,12
113,24,12
113,210,12
119,158,12
149,57,12
152,54,12
158,119,12
159,270,12
165,182,12
165,254,12
182,165,12
182,254,12
209,238,12
209,257,12
210,113,12
220,58,12
225,41,12
226,227,12
227,226,12
238,209,12
238,257,12
248,249,12
249,248,12
254,165,12
254,182,12
257,209,12
257,238,12
259,15,12
259,25,12
270,159,12
282,168,12
293,42,12
24,180,13
24,210,13
27,34,13
28,257,13
34,27,13
67,195,13
71,133,13
73,299,13
80,158,13
86,171,13
89,289,13
113,24,13
113,180,13
125,187,13
125,292,13
158,80,13
158,119,13
171,86,13
180,113,13
187,125,13
187,292,13
195,67,13
209,238,13
210,24,13
211,295,13
225,253,13
226,264,13
238,209,13
253,225,13
257,28,13
258,273,13
264,226,13
274,288,13
282,278,13
288,274,13
289,89,13
292,187,13
295,211,13
299,73,13
5,170,14
12,99,14
19,108,14
24,113,14
24,180,14
24,210,14
27,208,14
30,251,14
81,156,14
90,244,14
95,222,14
99,12,14
108,19,14
111,151,14
113,24,14
151,111,14
156,81,14
170,5,14
180,24,14
208,27,14
222,95,14
225,41,14
244,90,14
251,30,14
259,15,14
259,265,14
265,259,14
285,18,14
15,265,15
24,180,15
28,61,15
29,74,15
29,179,15
36,96,15
38,289,15
41,253,15
46,187,15
51,58,15
58,51,15
61,28,15
64,86,15
74,29,15
74,179,15
80,119,15
85,172,15
86,64,15
89,38,15
94,156,15
96,36,15
119,80,15
136,271,15
143,298,15
156,94,15
172,85,15
179,29,15
179,74,15
185,229,15
187,46,15
187,292,15
191,235,15
219,299,15
225,253,15
229,185,15
235,191,15
253,41,15
253,225,15
265,15,15
267,301,15
271,136,15
274,101,15
274,288,15
289,38,15
292,125,15
292,187,15
298,143,15
299,219,15
301,267,15
1,187,16
36,54,16
41,225,16
41,253,16
42,91,16
43,247,16
44,82,16
46,1,16
46,187,16
50,251,16
54,36,16
58,73,16
64,75,16
73,58,16
75,64,16
77,280,16
78,251,16
83,133,16
91,42,16
97,107,16
101,288,16
107,97,16
119,158,16
133,83,16
187,1,16
187,46,16
216,68,16
225,41,16
247,43,16
251,50,16
251,78,16
253,41,16
280,77,16
288,101,16
288,274,16
292,125,16
2,13,17
13,2,17
14,249,17
15,259,17
21,293,17
31,206,17
38,89,17
38,157,17
40,66,17
41,225,17
51,220,17
58,51,17
66,40,17
74,254,17
88,259,17
101,160,17
118,299,17
124,189,17
136,148,17
158,223,17
160,101,17
179,29,17
187,1,17
189,124,17
206,31,17
220,4,17
220,51,17
223,158,17
249,14,17
254,74,17
259,15,17
259,88,17
268,278,17
278,268,17
278,282,17
285,291,17
293,21,17
299,118,17
299,219,17
1,260,18
4,51,18
15,88,18
15,259,18
19,169,18
41,253,18
51,4,18
51,220,18
55,188,18
72,259,18
78,262,18
80,158,18
83,221,18
88,15,18
88,259,18
96,22,18
136,271,18
158,80,18
160,288,18
165,182,18
169,19,18
182,165,18
221,83,18
225,253,18
250,272,18
251,262,18
253,225,18
259,15,18
259,72,18
259,88,18
260,1,18
262,78,18
262,251,18
263,284,18
272,250,18
284,263,18
288,160,18
299,118,18
5,281,19
14,223,19
15,88,19
15,259,19
19,108,19
19,169,19
29,254,19
35,296,19
38,289,19
41,225,19
41,253,19
44,196,19
62,201,19
63,146,19
65,136,19
88,15,19
88,259,19
108,169,19
111,144,19
136,65,19
136,271,19
144,111,19
146,63,19
169,108,19
172,277,19
196,44,19
201,62,19
223,14,19
225,41,19
253,41,19
254,29,19
259,15,19
259,88,19
262,78,19
268,282,19
277,172,19
281,5,19
282,268,19
288,274,19
296,35,19
5,256,20
19,108,20
29,179,20
30,50,20
39,67,20
41,225,20
41,253,20
50,30,20
67,39,20
67,195,20
76,230,20
78,251,20
89,289,20
108,19,20
144,151,20
151,144,20
187,46,20
230,76,20
230,173,20
251,78,20
256,5,20
259,15,20
259,72,20
289,89,20
5,281,21
15,72,21
15,259,21
29,74,21
41,225,21
41,253,21
50,262,21
64,199,21
66,220,21
72,15,21
72,259,21
74,29,21
76,173,21
76,230,21
80,119,21
80,158,21
102,284,21
119,80,21
136,65,21
144,111,21
160,274,21
173,76,21
187,292,21
199,64,21
220,66,21
230,76,21
259,15,21
259,72,21
259,265,21
262,50,21
265,259,21
268,278,21
268,282,21
274,160,21
278,268,21
278,282,21
282,278,21
284,102,21
292,187,21
1,46,22
1,292,22
8,82,22
8,111,22
15,265,22
24,106,22
24,180,22
39,195,22
46,1,22
46,187,22
46,292,22
65,271,22
67,142,22
71,291,22
73,104,22
76,173,22
76,230,22
80,119,22
80,158,22
82,8,22
111,8,22
119,158,22
119,214,22
120,183,22
122,200,22
142,67,22
158,119,22
160,101,22
172,241,22
183,120,22
187,46,22
188,217,22
195,39,22
200,122,22
214,119,22
217,188,22
239,259,22
241,172,22
259,15,22
259,239,22
265,15,22
268,278,22
271,65,22
278,268,22
278,282,22
289,38,22
291,71,22
292,1,22
292,46,22
4,104,23
8,82,23
8,102,23
14,249,23
15,72,23
26,35,23
35,26,23
41,228,23
42,169,23
61,178,23
72,15,23
72,265,23
85,243,23
102,8,23
104,4,23
105,153,23
113,210,23
136,271,23
144,151,23
153,105,23
158,80,23
158,214,23
169,42,23
173,230,23
210,113,23
214,158,23
220,51,23
228,41,23
230,173,23
243,85,23
265,72,23
271,136,23
278,268,23
15,239,24
36,96,24
43,117,24
65,136,24
94,271,24
96,36,24
98,132,24
102,284,24
105,234,24
111,144,24
111,151,24
117,43,24
118,219,24
132,98,24
136,65,24
144,111,24
144,151,24
151,111,24
151,144,24
158,80,24
158,214,24
159,173,24
165,286,24
167,244,24
173,159,24
219,118,24
224,270,24
230,76,24
234,105,24
239,15,24
244,167,24
270,224,24
271,94,24
286,165,24
1,197,25
2,190,25
8,82,25
8,102,25
30,262,25
38,49,25
41,225,25
43,247,25
49,38,25
59,110,25
70,162,25
102,8,25
110,59,25
111,144,25
125,161,25
141,237,25
143,212,25
144,111,25
161,125,25
162,70,25
184,237,25
187,292,25
190,2,25
197,1,25
200,210,25
210,200,25
212,143,25
233,244,25
237,141,25
237,184,25
244,233,25
262,30,25
278,282,25
292,187,25
1,292,26
8,82,26
9,150,26
17,96,26
21,147,26
88,148,26
96,17,26
96,36,26
113,166,26
113,210,26
119,249,26
141,184,26
147,21,26
148,88,26
150,9,26
158,80,26
160,274,26
166,113,26
166,210,26
172,277,26
184,141,26
209,257,26
210,113,26
210,166,26
214,119,26
220,66,26
249,119,26
257,209,26
292,1,26
292,46,26
1,197,27
24,106,27
25,148,27
29,70,27
49,248,27
54,155,27
55,123,27
55,217,27
66,40,27
70,29,27
78,278,27
96,17,27
96,36,27
102,263,27
119,214,27
123,55,27
125,292,27
138,281,27
141,237,27
148,25,27
155,54,27
160,101,27
160,274,27
171,199,27
199,171,27
208,223,27
210,113,27
210,166,27
217,55,27
220,51,27
223,208,27
237,141,27
248,49,27
251,268,27
263,102,27
268,251,27
278,78,27
281,138,27
292,125,27
5,138,28
33,198,28
41,143,28
56,99,28
65,156,28
76,159,28
82,263,28
89,248,28
99,56,28
138,5,28
138,281,28
143,41,28
144,284,28
156,65,28
158,214,28
159,76,28
166,200,28
172,241,28
173,270,28
198,33,28
200,166,28
214,158,28
228,253,28
241,277,28
248,89,28
253,228,28
263,82,28
263,102,28
270,173,28
277,241,28
282,168,28
284,144,28
292,46,28
5,281,29
35,163,29
39,51,29
39,58,29
49,89,29
49,249,29
51,39,29
51,58,29
58,39,29
58,51,29
60,293,29
81,138,29
82,102,29
82,263,29
87,174,29
89,49,29
89,249,29
94,136,29
102,82,29
107,180,29
119,158,29
119,214,29
133,285,29
136,94,29
137,288,29
138,5,29
138,81,29
144,111,29
144,284,29
158,119,29
163,35,29
172,277,29
174,87,29
180,107,29
214,119,29
225,276,29
249,49,29
249,89,29
263,82,29
276,225,29
277,172,29
281,5,29
285,133,29
288,137,29
293,60,29
10,59,30
14,223,30
29,50,30
38,289,30
39,51,30
39,58,30
39,220,30
41,225,30
41,276,30
45,255,30
49,89,30
49,249,30
50,29,30
51,39,30
51,58,30
51,220,30
58,39,30
58,51,30
58,220,30
59,10,30
74,162,30
89,49,30
89,248,30
89,249,30
94,271,30
119,158,30
119,214,30
125,161,30
127,228,30
141,184,30
143,225,30
143,276,30
144,111,30
144,284,30
147,188,30
158,214,30
162,74,30
188,147,30
198,231,30
214,158,30
220,39,30
220,51,30
220,58,30
223,14,30
224,299,30
225,41,30
225,143,30
225,276,30
228,127,30
231,198,30
248,249,30
249,49,30
249,89,30
249,248,30
255,45,30
264,287,30
276,41,30
276,143,30
276,225,30
287,264,30
299,224,30
8,102,31
8,263,31
14,176,31
14,223,31
23,73,31
36,152,31
39,51,31
39,58,31
39,142,31
39,220,31
40,58,31
40,220,31
51,39,31
51,58,31
58,39,31
58,40,31
58,51,31
58,220,31
73,23,31
82,8,31
82,102,31
82,263,31
88,294,31
94,136,31
102,8,31
102,82,31
102,263,31
127,253,31
142,39,31
143,212,31
152,36,31
176,14,31
181,206,31
182,254,31
199,64,31
202,236,31
206,181,31
214,119,31
220,39,31
220,40,31
220,58,31
226,227,31
236,202,31
249,89,31
253,127,31
254,182,31
263,8,31
263,82,31
263,102,31
275,266,31
294,88,31
8,102,32
8,263,32
14,176,32
29,179,32
39,58,32
39,220,32
41,253,32
51,220,32
58,39,32
95,112,32
102,8,32
102,263,32
105,211,32
112,95,32
127,228,32
143,225,32
143,276,32
187,260,32
211,105,32
220,39,32
220,51,32
225,143,32
225,276,32
249,248,32
253,41,32
260,187,32
263,8,32
263,102,32
276,143,32
276,225,32
5,81,33
8,102,33
8,263,33
15,259,33
20,201,33
25,259,33
49,248,33
50,179,33
66,86,33
72,239,33
81,5,33
81,138,33
84,224,33
86,66,33
89,214,33
102,8,33
102,263,33
117,193,33
143,212,33
172,241,33
179,50,33
192,270,33
193,117,33
201,20,33
214,89,33
224,84,33
239,72,33
241,172,33
248,49,33
259,15,33
259,25,33
263,8,33
263,102,33
270,192,33
3,252,34
8,102,34
14,223,34
49,249,34
72,265,34
83,291,34
87,213,34
102,8,34
102,263,34
123,177,34
177,123,34
186,262,34
207,255,34
208,27,34
213,87,34
249,49,34
252,3,34
255,207,34
262,186,34
271,294,34
291,83,34
294,271,34
6,257,35
13,190,35
49,248,35
55,123,35
58,220,35
72,239,35
81,5,35
81,138,35
101,154,35
123,55,35
154,101,35
161,292,35
190,13,35
220,58,35
221,222,35
222,221,35
255,45,35
257,6,35
292,161,35
4,118,36
5,138,36
25,265,36
29,50,36
31,181,36
33,144,36
39,142,36
44,92,36
49,176,36
49,248,36
49,249,36
50,29,36
50,74,36
53,254,36
72,265,36
74,50,36
74,179,36
82,102,36
89,119,36
89,214,36
92,44,36
102,82,36
118,4,36
119,89,36
119,214,36
138,5,36
144,33,36
151,284,36
176,49,36
179,74,36
181,31,36
214,119,36
248,249,36
249,248,36
254,53,36
265,25,36
265,72,36
284,151,36
29,74,37
45,207,37
49,176,37
50,179,37
72,239,37
74,29,37
74,50,37
74,179,37
78,268,37
100,201,37
107,232,37
123,147,37
127,129,37
127,228,37
147,123,37
178,194,37
179,50,37
179,74,37
184,282,37
194,178,37
201,100,37
207,45,37
232,107,37
239,265,37
265,25,37
265,239,37
268,78,37
282,184,37
7,295,38
18,182,38
20,62,38
25,239,38
30,186,38
34,208,38
39,220,38
50,74,38
50,179,38
62,20,38
72,265,38
74,29,38
74,50,38
89,158,38
102,111,38
111,102,38
116,140,38
129,253,38
140,116,38
144,151,38
151,144,38
158,89,38
168,251,38
168,278,38
179,50,38
182,18,38
186,30,38
190,2,38
208,34,38
214,289,38
220,39,38
224,299,38
239,25,38
239,72,38
251,168,38
251,278,38
253,129,38
265,72,38
278,168,38
278,251,38
289,214,38
295,7,38
14,80,39
25,265,39
35,26,39
72,239,39
78,278,39
80,14,39
82,111,39
90,287,39
111,82,39
111,102,39
138,81,39
148,156,39
153,171,39
156,148,39
158,214,39
158,289,39
171,153,39
214,158,39
214,249,39
214,289,39
225,228,39
228,225,39
239,25,39
239,72,39
249,214,39
259,265,39
265,25,39
265,259,39
278,78,39
287,90,39
289,158,39
289,214,39
5,81,40
47,95,40
50,74,40
68,120,40
73,233,40
74,179,40
81,5,40
81,138,40
95,47,40
114,138,40
120,68,40
129,225,40
133,291,40
138,114,40
144,284,40
158,214,40
158,289,40
179,74,40
184,141,40
184,282,40
186,262,40
214,158,40
225,129,40
233,73,40
242,301,40
284,144,40
289,158,40
291,133,40
301,242,40
2,170,41
11,169,41
14,208,41
16,273,41
25,72,41
25,239,41
39,66,41
66,39,41
72,25,41
72,239,41
74,50,41
74,162,41
81,5,41
81,138,41
89,289,41
111,82,41
111,102,41
127,225,41
138,81,41
144,33,41
158,89,41
158,214,41
158,289,41
168,251,41
169,11,41
170,2,41
184,141,41
208,14,41
225,127,41
225,129,41
239,25,41
239,72,41
251,168,41
273,16,41
289,89,41
289,158,41
5,138,42
18,53,42
25,72,42
31,206,42
53,18,42
63,297,42
72,25,42
72,239,42
74,50,42
81,5,42
81,138,42
83,133,42
106,132,42
111,82,42
111,151,42
119,178,42
132,106,42
133,83,42
134,139,42
138,5,42
138,81,42
139,134,42
144,284,42
151,111,42
168,278,42
178,119,42
206,31,42
278,168,42
289,38,42
289,158,42
297,63,42
4,299,43
5,81,43
19,60,43
32,163,43
38,158,43
60,19,43
77,274,43
78,268,43
81,5,43
81,138,43
98,232,43
111,82,43
129,253,43
158,38,43
163,32,43
225,127,43
232,98,43
251,278,43
274,77,43
278,251,43
299,4,43
301,267,43
50,70,44
54,221,44
70,50,44
82,102,44
89,214,44
102,82,44
152,155,44
155,152,44
168,251,44
176,223,44
184,282,44
214,89,44
221,54,44
223,176,44
239,259,44
251,168,44
259,239,44
38,289,45
39,142,45
41,145,45
43,256,45
53,182,45
143,228,45
145,41,45
162,165,45
165,162,45
182,53,45
228,143,45
256,43,45
289,38,45
292,46,45
5,281,46
19,91,46
50,246,46
64,153,46
66,142,46
81,5,46
91,19,46
92,300,46
103,284,46
111,284,46
135,261,46
142,66,46
153,64,46
158,289,46
184,141,46
184,282,46
192,230,46
207,255,46
212,228,46
228,212,46
230,192,46
246,50,46
255,207,46
261,135,46
284,103,46
284,111,46
289,158,46
300,92,46
4,118,47
4,299,47
15,114,47
25,239,47
26,296,47
38,158,47
39,66,47
39,142,47
48,273,47
55,196,47
61,119,47
66,39,47
69,268,47
72,259,47
83,291,47
89,116,47
102,172,47
114,15,47
116,89,47
118,299,47
119,61,47
142,39,47
158,38,47
158,289,47
159,230,47
172,102,47
196,55,47
211,234,47
230,159,47
234,211,47
239,25,47
239,72,47
239,259,47
259,72,47
259,239,47
268,69,47
273,48,47
291,83,47
296,26,47
299,118,47
10,258,48
21,123,48
22,36,48
25,259,48
36,22,48
38,249,48
40,169,48
53,18,48
54,155,48
76,195,48
81,281,48
91,108,48
103,111,48
107,180,48
108,91,48
111,103,48
123,21,48
127,129,48
129,127,48
155,54,48
158,38,48
169,40,48
174,213,48
195,76,48
211,105,48
211,234,48
213,174,48
216,269,48
239,25,48
239,259,48
249,38,48
258,10,48
259,25,48
259,72,48
259,239,48
269,216,48
281,81,48
4,118,49
10,146,49
10,258,49
38,158,49
38,249,49
43,247,49
53,182,49
55,217,49
118,4,49
144,33,49
145,298,49
146,10,49
196,217,49
207,45,49
211,105,49
217,196,49
228,143,49
233,299,49
249,289,49
259,72,49
259,239,49
289,249,49
298,145,49
299,233,49
8,241,50
25,72,50
37,144,50
39,66,50
72,25,50
122,255,50
144,37,50
148,294,50
176,208,50
208,176,50
227,287,50
233,73,50
241,8,50
255,122,50
287,227,50
294,148,50
51,104,51
65,281,51
75,113,51
78,254,51
96,152,51
104,51,51
113,75,51
152,96,51
156,259,51
228,212,51
254,78,51
259,156,51
281,65,51
4,299,52
11,60,52
18,182,52
33,284,52
39,142,52
60,11,52
64,166,52
77,280,52
82,151,52
141,282,52
149,205,52
151,82,52
166,64,52
176,248,52
182,18,52
202,203,52
203,202,52
205,149,52
218,290,52
248,176,52
259,239,52
282,141,52
282,184,52
284,33,52
290,218,52
299,4,52
6,119,53
19,108,53
24,132,53
25,239,53
38,116,53
39,220,53
74,286,53
87,267,53
108,19,53
116,38,53
119,6,53
132,24,53
132,106,53
176,208,53
182,53,53
207,255,53
210,232,53
226,287,53
232,210,53
239,25,53
244,299,53
255,207,53
259,265,53
267,87,53
281,81,53
286,74,53
287,226,53
299,244,53
14,223,54
18,53,54
18,182,54
25,72,54
25,239,54
53,18,54
53,182,54
58,104,54
88,265,54
104,58,54
127,253,54
132,24,54
150,202,54
182,18,54
182,53,54
202,150,54
217,55,54
223,14,54
230,192,54
239,259,54
243,277,54
253,127,54
259,239,54
265,88,54
277,243,54
3,290,55
19,293,55
64,210,55
66,220,55
86,142,55
141,237,55
142,86,55
153,166,55
166,153,55
168,268,55
208,248,55
210,64,55
220,66,55
248,208,55
268,168,55
290,3,55
293,19,55
4,73,56
10,48,56
14,176,56
28,209,56
37,231,56
48,10,56
48,258,56
64,166,56
64,210,56
70,179,56
73,4,56
76,159,56
88,239,56
89,140,56
92,196,56
116,158,56
132,106,56
137,252,56
140,89,56
142,220,56
158,116,56
159,76,56
166,64,56
166,210,56
176,14,56
179,70,56
182,18,56
196,92,56
209,28,56
210,166,56
220,142,56
231,37,56
239,88,56
252,137,56
258,48,56
4,84,57
5,117,57
20,250,57
25,72,57
29,246,57
36,152,57
44,147,57
57,251,57
64,153,57
64,166,57
74,162,57
79,201,57
84,4,57
88,259,57
93,202,57
103,284,57
117,5,57
147,44,57
152,36,57
153,64,57
162,74,57
166,64,57
187,191,57
191,187,57
201,79,57
202,93,57
203,236,57
208,249,57
208,289,57
236,203,57
237,282,57
239,259,57
239,265,57
246,29,57
247,256,57
249,208,57
250,20,57
250,272,57
251,57,57
256,247,57
259,88,57
259,239,57
259,265,57
265,239,57
265,259,57
282,237,57
284,103,57
289,208,57
4,73,58
4,84,58
15,156,58
23,233,58
43,256,58
55,196,58
60,108,58
64,210,58
73,84,58
84,73,58
103,111,58
103,284,58
107,200,58
108,60,58
111,284,58
156,15,58
156,239,58
166,210,58
180,232,58
182,53,58
196,55,58
200,107,58
210,64,58
210,166,58
232,180,58
233,23,58
239,156,58
239,259,58
250,20,58
256,43,58
256,247,58
259,239,58
284,111,58
1,198,59
4,73,59
18,130,59
26,32,59
32,26,59
62,229,59
62,250,59
70,254,59
73,4,59
73,84,59
88,239,59
88,259,59
103,111,59
106,255,59
108,91,59
111,103,59
115,257,59
129,225,59
130,18,59
153,166,59
165,269,59
166,153,59
176,208,59
186,266,59
198,1,59
208,176,59
208,249,59
214,248,59
225,129,59
229,62,59
239,88,59
239,259,59
248,214,59
250,62,59
254,70,59
255,106,59
256,43,59
256,247,59
257,115,59
259,88,59
259,239,59
259,265,59
266,186,59
269,165,59
4,84,60
8,172,60
17,157,60
19,42,60
35,204,60
36,22,60
42,19,60
62,229,60
84,4,60
95,291,60
108,60,60
116,38,60
142,86,60
157,17,60
159,230,60
161,198,60
172,8,60
173,230,60
176,249,60
198,161,60
200,210,60
204,35,60
210,200,60
230,159,60
230,173,60
249,176,60
249,208,60
256,43,60
259,239,60
291,95,60
5,81,61
7,211,61
9,203,61
10,16,61
16,10,61
20,248,61
20,272,61
34,206,61
49,181,61
55,217,61
64,122,61
72,88,61
81,5,61
81,281,61
88,72,61
90,91,61
91,90,61
92,300,61
98,145,61
103,241,61
107,210,61
111,284,61
117,138,61
122,64,61
138,117,61
145,98,61
156,15,61
164,263,61
181,49,61
187,260,61
200,107,61
200,210,61
203,9,61
206,34,61
210,107,61
210,200,61
211,7,61
237,141,61
241,103,61
248,20,61
263,164,61
272,20,61
1,161,62
7,295,62
18,182,62
21,42,62
41,298,62
42,21,62
60,90,62
60,91,62
69,139,62
84,233,62
88,239,62
90,60,62
90,91,62
91,60,62
91,90,62
107,200,62
118,244,62
119,61,62
139,69,62
147,188,62
156,265,62
161,1,62
165,216,62
182,18,62
200,107,62
200,210,62
216,165,62
229,250,62
233,84,62
239,88,62
244,118,62
248,272,62
250,229,62
265,156,62
272,248,62
298,41,62
1,198,63
20,214,63
32,163,63
44,177,63
60,90,63
60,91,63
62,100,63
72,265,63
81,5,63
81,281,63
87,174,63
90,60,63
90,91,63
91,60,63
91,90,63
98,298,63
100,62,63
156,15,63
174,87,63
177,44,63
198,1,63
214,20,63
223,289,63
239,259,63
265,72,63
289,223,63
298,98,63
5,281,64
10,48,64
29,286,64
44,188,64
48,10,64
62,229,64
62,250,64
65,81,64
81,65,64
81,281,64
83,285,64
88,259,64
91,60,64
91,90,64
100,229,64
102,151,64
122,255,64
129,253,64
134,262,64
145,298,64
151,102,64
159,76,64
188,44,64
200,107,64
206,31,64
229,62,64
229,100,64
229,250,64
239,88,64
250,62,64
250,229,64
253,129,64
254,268,64
255,122,64
256,247,64
259,88,64
262,134,64
268,254,64
281,5,64
281,81,64
285,83,64
286,29,64
294,271,64
298,145,64
1,161,65
5,65,65
5,81,65
5,281,65
15,265,65
19,293,65
29,246,65
65,5,65
65,81,65
65,281,65
70,268,65
74,286,65
81,5,65
81,65,65
81,281,65
82,102,65
84,73,65
102,82,65
114,240,65
122,210,65
133,222,65
156,265,65
176,214,65
210,122,65
210,255,65
214,176,65
222,133,65
229,100,65
229,250,65
240,114,65
252,267,65
254,70,65
254,268,65
255,210,65
265,15,65
265,156,65
267,252,65
268,70,65
268,254,65
281,5,65
281,65,65
281,81,65
286,74,65
5,81,66
5,281,66
29,286,66
54,96,66
62,100,66
81,5,66
81,281,66
96,54,66
100,62,66
102,151,66
128,131,66
131,128,66
216,269,66
253,127,66
253,129,66
265,15,66
265,156,66
268,70,66
268,254,66
269,216,66
281,5,66
281,81,66
286,29,66
286,74,66
36,152,67
44,147,67
62,229,67
67,199,67
88,156,67
102,164,67
107,122,67
122,107,67
122,200,67
122,210,67
147,44,67
151,164,67
156,88,67
164,102,67
164,151,67
187,215,67
199,67,67
200,122,67
202,150,67
210,122,67
215,187,67
229,62,67
246,266,67
252,137,67
253,127,67
255,106,67
266,246,67
268,70,67
268,254,67
281,5,67
281,81,67
286,29,67
286,74,67
4,224,68
21,123,68
25,239,68
33,37,68
36,157,68
37,33,68
42,123,68
61,178,68
62,100,68
64,200,68
65,138,68
89,158,68
102,151,68
103,172,68
109,237,68
122,107,68
122,210,68
123,42,68
127,129,68
129,127,68
138,65,68
151,102,68
151,164,68
157,36,68
158,89,68
166,180,68
172,103,68
178,61,68
180,166,68
200,64,68
210,255,68
224,4,68
229,250,68
237,109,68
239,25,68
255,210,68
281,5,68
286,29,68
286,74,68
1,198,69
3,218,69
4,195,69
4,224,69
21,42,69
21,123,69
29,74,69
29,286,69
36,152,69
42,21,69
74,29,69
74,286,69
80,250,69
103,111,69
103,172,69
107,210,69
111,103,69
114,138,69
122,107,69
122,200,69
123,21,69
125,197,69
128,205,69
138,114,69
171,234,69
186,246,69
195,4,69
197,125,69
200,122,69
205,128,69
208,289,69
210,107,69
218,3,69
219,233,69
233,219,69
234,171,69
246,186,69
250,80,69
268,70,69
286,29,69
286,74,69
289,208,69
18,261,70
21,42,70
78,168,70
80,100,70
80,229,70
80,250,70
84,118,70
100,80,70
100,229,70
100,250,70
118,84,70
118,244,70
122,255,70
127,225,70
148,271,70
152,157,70
157,152,70
163,203,70
168,78,70
196,217,70
202,93,70
203,163,70
207,221,70
217,196,70
221,207,70
225,127,70
229,80,70
229,100,70
229,250,70
250,100,70
250,229,70
255,122,70
261,18,70
265,15,70
271,148,70
3,301,71
11,169,71
14,249,71
36,157,71
72,239,71
100,229,71
122,232,71
122,255,71
130,254,71
147,188,71
157,36,71
157,152,71
169,11,71
182,53,71
188,147,71
191,260,71
202,150,71
228,143,71
229,100,71
232,122,71
239,72,71
249,14,71
254,130,71
260,191,71
301,3,71
1,161,72
5,81,72
12,56,72
18,182,72
18,261,72
56,12,72
64,107,72
81,5,72
89,176,72
107,64,72
120,155,72
128,131,72
142,220,72
155,120,72
157,36,72
176,89,72
182,18,72
182,261,72
209,238,72
229,250,72
261,182,72
298,98,72
298,145,72
18,182,73
28,283,73
29,179,73
29,286,73
33,284,73
37,284,73
50,165,73
50,269,73
51,244,73
55,196,73
58,90,73
90,58,73
107,200,73
117,256,73
122,210,73
165,50,73
172,8,73
179,29,73
182,18,73
182,261,73
196,55,73
200,107,73
202,93,73
210,122,73
225,253,73
228,212,73
232,255,73
244,51,73
253,225,73
255,232,73
256,117,73
256,247,73
269,50,73
283,28,73
284,33,73
284,37,73
286,29,73
1,198,74
49,223,74
62,248,74
64,75,74
74,266,74
75,64,74
93,150,74
93,202,74
102,300,74
106,132,74
136,145,74
138,65,74
145,136,74
150,93,74
150,202,74
157,152,74
165,216,74
165,269,74
179,286,74
182,18,74
202,150,74
216,165,74
223,49,74
228,143,74
228,212,74
237,141,74
248,62,74
266,74,74
269,165,74
286,179,74
300,102,74
15,88,75
15,265,75
29,179,75
36,152,75
38,214,75
42,108,75
88,15,75
98,145,75
98,298,75
103,111,75
108,42,75
112,296,75
113,153,75
130,261,75
144,231,75
145,98,75
145,298,75
152,36,75
152,157,75
153,113,75
165,216,75
165,269,75
166,255,75
179,29,75
202,93,75
214,38,75
216,269,75
218,301,75
229,100,75
231,144,75
252,267,75
255,166,75
261,130,75
269,216,75
290,301,75
296,112,75
298,98,75
298,145,75
301,218,75
301,290,75
26,204,76
51,195,76
55,300,76
57,278,76
80,249,76
98,145,76
98,298,76
107,210,76
107,232,76
145,98,76
145,298,76
156,239,76
165,216,76
166,180,76
195,51,76
196,217,76
204,26,76
210,107,76
210,122,76
216,165,76
232,107,76
232,255,76
239,156,76
249,80,76
254,261,76
255,232,76
260,292,76
261,254,76
278,57,76
292,260,76
298,98,76
298,145,76
300,55,76
300,102,76
301,218,76
4,219,77
16,48,77
29,286,77
30,168,77
48,16,77
73,233,77
83,236,77
89,289,77
95,133,77
98,145,77
107,210,77
118,299,77
133,95,77
140,178,77
145,98,77
145,298,77
152,36,77
168,30,77
178,140,77
179,286,77
210,107,77
211,295,77
216,269,77
219,4,77
233,73,77
236,83,77
286,29,77
286,179,77
289,89,77
295,211,77
299,118,77
4,224,78
6,273,78
15,88,78
22,96,78
24,122,78
29,179,78
37,231,78
41,228,78
55,217,78
58,244,78
69,175,78
70,286,78
89,214,78
96,22,78
96,54,78
100,248,78
107,200,78
122,24,78
144,241,78
160,242,78
175,69,78
179,29,78
214,89,78
217,55,78
219,224,78
224,219,78
228,41,78
230,270,78
231,37,78
241,144,78
242,160,78
244,58,78
248,100,78
270,230,78
273,6,78
286,70,78
289,208,78
1,161,79
9,83,79
14,80,79
14,249,79
22,152,79
31,274,79
60,90,79
67,105,79
80,14,79
83,9,79
86,220,79
90,60,79
96,22,79
105,67,79
119,194,79
152,22,79
153,166,79
156,259,79
164,300,79
166,153,79
182,53,79
194,119,79
220,86,79
224,4,79
225,127,79
230,173,79
230,270,79
249,14,79
259,156,79
274,31,79
300,164,79
20,272,80
107,255,80
115,162,80
140,158,80
140,178,80
158,140,80
162,115,80
214,223,80
217,196,80
223,214,80
255,107,80
272,20,80
47,291,81
61,146,81
67,171,81
72,156,81
78,268,81
82,151,81
92,147,81
100,229,81
122,132,81
132,122,81
140,158,81
144,231,81
146,61,81
147,92,81
151,82,81
153,180,81
156,72,81
166,232,81
166,255,81
171,67,81
173,192,81
180,153,81
192,173,81
217,55,81
217,196,81
231,144,81
232,166,81
232,255,81
255,166,81
255,232,81
268,78,81
291,47,81
8,111,82
14,100,82
29,70,82
31,206,82
70,29,82
70,78,82
78,70,82
78,268,82
81,281,82
89,223,82
96,54,82
100,14,82
107,232,82
111,8,82
159,230,82
179,246,82
205,149,82
217,55,82
217,196,82
223,89,82
223,214,82
225,253,82
228,212,82
230,159,82
231,37,82
232,107,82
246,179,82
255,166,82
281,81,82
4,159,83
4,230,83
15,259,83
29,286,83
41,276,83
47,133,83
58,195,83
70,29,83
70,78,83
74,162,83
78,70,83
110,272,83
128,205,83
131,205,83
133,47,83
152,36,83
159,4,83
159,230,83
162,74,83
166,232,83
166,255,83
192,270,83
195,58,83
205,128,83
205,131,83
217,55,83
224,219,83
230,4,83
230,159,83
232,166,83
232,255,83
255,232,83
259,15,83
270,192,83
272,110,83
276,41,83
286,29,83
2,81,84
15,156,84
33,37,84
33,284,84
36,157,84
37,33,84
37,284,84
64,200,84
79,250,84
81,2,84
134,179,84
138,114,84
156,15,84
157,36,84
173,270,84
179,134,84
200,64,84
230,4,84
230,159,84
246,262,84
250,79,84
262,246,84
270,173,84
270,192,84
284,33,84
284,37,84
4,159,85
4,230,85
23,227,85
29,254,85
33,37,85
33,284,85
36,152,85
37,33,85
53,130,85
64,107,85
64,200,85
70,286,85
100,248,85
106,122,85
107,64,85
107,232,85
107,255,85
111,103,85
122,106,85
130,53,85
134,262,85
147,196,85
159,4,85
160,206,85
160,242,85
196,147,85
205,128,85
205,131,85
206,160,85
206,242,85
227,23,85
230,4,85
232,107,85
232,255,85
242,206,85
244,299,85
254,29,85
255,107,85
255,232,85
262,134,85
276,298,85
284,33,85
286,70,85
298,276,85
299,244,85
10,273,86
15,259,86
41,212,86
64,107,86
64,200,86
81,281,86
82,164,86
96,157,86
97,290,86
106,132,86
107,64,86
107,200,86
126,187,86
131,149,86
132,106,86
134,179,86
134,246,86
136,228,86
149,131,86
156,72,86
157,96,86
159,230,86
160,213,86
164,82,86
187,126,86
200,107,86
204,35,86
212,41,86
213,160,86
219,233,86
228,136,86
230,159,86
231,144,86
233,219,86
246,134,86
270,173,86
270,192,86
273,10,86
290,97,86
10,16,87
16,10,87
21,198,87
31,274,87
32,44,87
44,32,87
50,216,87
64,166,87
64,200,87
78,268,87
107,232,87
107,255,87
153,190,87
165,269,87
166,64,87
166,232,87
177,188,87
188,177,87
190,153,87
196,217,87
198,21,87
200,64,87
216,50,87
217,196,87
224,233,87
232,107,87
232,166,87
232,255,87
233,224,87
255,107,87
255,232,87
269,165,87
270,173,87
14,248,88
15,88,88
33,37,88
37,284,88
51,244,88
64,166,88
64,200,88
64,232,88
78,262,88
80,249,88
107,166,88
122,132,88
132,122,88
147,300,88
149,205,88
153,180,88
166,64,88
166,107,88
166,200,88
166,232,88
200,166,88
205,149,88
219,224,88
224,219,88
224,233,88
228,143,88
232,64,88
232,166,88
232,255,88
244,51,88
248,14,88
249,80,88
262,78,88
284,37,88
300,147,88
4,159,89
20,176,89
29,266,89
64,107,89
64,166,89
64,255,89
65,240,89
69,168,89
92,203,89
107,64,89
107,255,89
129,225,89
132,106,89
132,122,89
153,190,89
159,4,89
159,230,89
161,197,89
162,115,89
166,64,89
166,232,89
166,255,89
168,69,89
176,20,89
197,161,89
203,92,89
213,242,89
218,288,89
219,233,89
224,219,89
224,233,89
225,129,89
228,136,89
232,166,89
232,255,89
233,219,89
233,224,89
240,65,89
242,213,89
248,100,89
255,64,89
255,107,89
255,166,89
255,232,89
260,191,89
266,29,89
288,218,89
2,281,90
22,157,90
51,118,90
51,244,90
64,200,90
64,232,90
70,261,90
89,214,90
106,122,90
106,132,90
111,172,90
118,51,90
122,106,90
127,253,90
132,106,90
157,22,90
172,111,90
188,196,90
196,188,90
200,64,90
206,274,90
209,257,90
214,89,90
217,55,90
219,224,90
224,219,90
232,64,90
253,127,90
255,107,90
257,209,90
261,70,90
263,277,90
274,206,90
277,263,90
281,2,90
300,102,90
24,106,91
24,210,91
31,206,91
31,242,91
39,173,91
46,125,91
51,118,91
51,244,91
60,104,91
64,107,91
64,232,91
64,255,91
75,113,91
78,179,91
78,286,91
104,60,91
106,24,91
107,64,91
107,255,91
113,75,91
118,84,91
125,46,91
138,240,91
140,178,91
159,4,91
162,74,91
173,39,91
179,78,91
179,246,91
193,247,91
201,250,91
206,31,91
210,24,91
240,138,91
242,31,91
246,179,91
247,193,91
250,201,91
255,64,91
255,107,91
286,78,91
40,220,92
41,298,92
51,118,92
64,107,92
64,232,92
65,138,92
78,179,92
78,246,92
84,244,92
102,147,92
103,172,92
106,122,92
107,64,92
111,103,92
111,172,92
113,232,92
118,51,92
118,244,92
138,65,92
142,199,92
147,102,92
147,300,92
149,189,92
167,260,92
172,103,92
172,111,92
179,78,92
179,246,92
189,149,92
199,142,92
220,40,92
232,113,92
232,255,92
242,213,92
244,84,92
244,118,92
246,78,92
246,179,92
248,14,92
255,232,92
260,167,92
298,41,92
300,147,92
37,144,93
37,284,93
44,163,93
47,222,93
51,90,93
51,118,93
58,299,93
60,90,93
65,240,93
72,239,93
76,230,93
77,274,93
88,265,93
90,51,93
90,60,93
92,196,93
111,151,93
111,172,93
118,51,93
144,37,93
151,111,93
151,172,93
156,265,93
163,44,93
172,103,93
172,111,93
172,151,93
196,92,93
196,188,93
206,274,93
216,238,93
222,47,93
230,76,93
232,64,93
238,216,93
239,72,93
239,259,93
240,65,93
242,274,93
246,78,93
252,137,93
259,239,93
265,88,93
265,156,93
274,77,93
274,206,93
274,242,93
299,58,93
32,163,94
39,270,94
56,267,94
64,75,94
64,232,94
66,195,94
75,64,94
77,242,94
77,274,94
107,180,94
130,182,94
163,32,94
172,111,94
172,151,94
180,107,94
182,130,94
188,203,94
195,66,94
200,255,94
203,188,94
206,213,94
213,206,94
213,274,94
219,233,94
233,219,94
239,72,94
242,77,94
242,274,94
246,179,94
255,200,94
267,56,94
270,39,94
274,77,94
274,213,94
274,242,94
277,243,94
4,230,95
8,103,95
15,72,95
25,156,95
51,60,95
56,174,95
60,51,95
64,75,95
72,15,95
72,259,95
75,113,95
75,232,95
78,179,95
78,246,95
79,201,95
90,118,95
99,101,95
101,99,95
103,8,95
104,299,95
113,75,95
113,232,95
118,90,95
126,292,95
130,53,95
130,182,95
156,25,95
163,44,95
174,56,95
179,78,95
201,79,95
201,250,95
213,242,95
214,223,95
230,4,95
232,75,95
232,113,95
239,259,95
242,213,95
246,78,95
259,72,95
259,239,95
292,126,95
299,104,95
1,21,96
21,1,96
48,63,96
63,48,96
64,113,96
64,232,96
70,268,96
72,15,96
78,179,96
78,246,96
79,250,96
102,300,96
111,151,96
113,64,96
113,232,96
131,189,96
140,297,96
151,111,96
151,172,96
156,265,96
178,297,96
179,246,96
186,258,96
189,131,96
230,76,96
232,64,96
232,75,96
232,113,96
244,84,96
246,179,96
250,79,96
258,186,96
268,70,96
297,140,96
297,178,96
299,58,96
300,102,96
4,76,97
64,75,97
64,113,97
69,262,97
75,64,97
75,113,97
76,4,97
76,230,97
77,242,97
78,179,97
78,246,97
84,90,97
89,208,97
90,84,97
111,172,97
113,64,97
113,75,97
118,299,97
119,146,97
140,178,97
140,297,97
143,212,97
146,119,97
146,283,97
163,32,97
172,111,97
172,151,97
178,140,97
178,297,97
179,78,97
179,246,97
208,89,97
212,143,97
213,274,97
242,77,97
246,78,97
246,179,97
262,69,97
274,213,97
277,263,97
283,146,97
297,140,97
297,178,97
299,118,97
4,230,98
22,221,98
33,284,98
38,194,98
51,90,98
55,197,98
64,232,98
66,142,98
67,234,98
68,119,98
72,239,98
72,259,98
78,179,98
78,246,98
82,241,98
90,51,98
113,64,98
116,160,98
119,68,98
136,143,98
140,178,98
140,297,98
142,66,98
143,136,98
143,212,98
149,205,98
157,207,98
158,223,98
159,192,98
160,116,98
178,140,98
178,297,98
179,78,98
192,159,98
194,38,98
197,55,98
207,157,98
221,22,98
223,158,98
230,4,98
230,76,98
232,64,98
234,67,98
239,72,98
241,82,98
246,78,98
246,134,98
259,72,98
284,33,98
297,140,98
297,178,98
6,10,99
10,6,99
20,89,99
20,208,99
31,213,99
64,113,99
64,232,99
72,15,99
72,259,99
89,20,99
89,208,99
110,176,99
113,232,99
115,269,99
119,146,99
126,215,99
126,292,99
142,199,99
143,136,99
146,119,99
146,283,99
148,294,99
172,241,99
176,110,99
206,242,99
208,20,99
208,89,99
213,31,99
215,126,99
232,113,99
241,172,99
242,206,99
265,88,99
269,115,99
294,148,99
5,294,100
36,87,100
51,84,100
64,75,100
64,113,100
72,15,100
73,227,100
75,64,100
84,51,100
87,36,100
104,118,100
107,166,100
113,64,100
113,180,100
118,104,100
126,215,100
140,178,100
151,241,100
166,107,100
172,151,100
178,140,100
180,113,100
227,73,100
241,151,100
242,77,100
294,5,100
294,148,100
