1,120,1
3,162,1
4,233,1
11,205,1
16,174,1
18,202,1
18,224,1
41,174,1
49,122,1
49,149,1
66,159,1
72,97,1
74,102,1
77,89,1
78,135,1
83,156,1
89,77,1
97,72,1
102,74,1
105,241,1
113,186,1
119,121,1
120,1,1
121,119,1
122,49,1
126,238,1
135,78,1
139,234,1
143,244,1
149,49,1
153,251,1
156,83,1
159,66,1
160,199,1
162,3,1
165,206,1
169,191,1
174,16,1
174,41,1
186,113,1
191,169,1
195,253,1
196,230,1
199,160,1
202,18,1
202,224,1
205,11,1
206,165,1
224,18,1
224,202,1
230,196,1
233,4,1
234,139,1
238,126,1
241,105,1
244,143,1
251,153,1
253,195,1
18,174,2
18,224,2
33,208,2
43,217,2
52,238,2
62,239,2
70,164,2
81,166,2
83,195,2
85,131,2
112,225,2
131,85,2
163,201,2
164,70,2
166,81,2
174,18,2
195,83,2
195,253,2
201,163,2
208,33,2
217,43,2
224,18,2
224,202,2
225,112,2
238,52,2
238,126,2
239,62,2
14,167,3
18,202,3
35,96,3
35,163,3
83,156,3
83,195,3
96,35,3
111,247,3
119,181,3
122,149,3
143,213,3
143,244,3
149,122,3
156,195,3
163,35,3
163,201,3
165,242,3
166,185,3
167,14,3
181,119,3
185,166,3
195,83,3
195,156,3
202,18,3
213,143,3
242,165,3
247,111,3
249,250,3
250,249,3
2,50,4
12,71,4
20,244,4
28,152,4
35,114,4
35,163,4
46,168,4
50,2,4
55,232,4
71,12,4
103,150,4
114,35,4
150,103,4
152,28,4
163,35,4
168,46,4
205,213,4
213,205,4
232,55,4
244,20,4
244,143,4
13,232,5
18,85,5
35,114,5
35,163,5
85,18,5
98,190,5
116,173,5
133,229,5
155,195,5
173,116,5
178,254,5
190,98,5
195,155,5
197,220,5
218,240,5
220,197,5
229,133,5
232,13,5
240,218,5
244,20,5
254,178,5
5,227,6
16,41,6
18,202,6
35,96,6
35,124,6
38,215,6
41,16,6
94,125,6
124,35,6
125,94,6
163,201,6
167,198,6
174,202,6
198,167,6
202,174,6
215,38,6
227,5,6
232,55,6
1,62,7
7,198,7
18,85,7
18,202,7
19,189,7
34,218,7
35,96,7
35,124,7
62,1,7
70,156,7
96,124,7
114,163,7
114,201,7
124,96,7
156,70,7
163,114,7
163,201,7
165,206,7
189,19,7
198,7,7
201,114,7
201,163,7
202,18,7
218,34,7
5,86,8
11,143,8
18,85,8
19,228,8
22,56,8
28,243,8
35,96,8
35,124,8
56,22,8
68,153,8
79,226,8
85,202,8
86,5,8
89,217,8
96,35,8
107,133,8
123,254,8
124,35,8
133,107,8
143,11,8
152,243,8
153,68,8
202,85,8
202,174,8
217,89,8
218,240,8
226,79,8
228,19,8
243,28,8
243,152,8
249,251,8
251,249,8
254,123,8
3,27,9
27,3,9
28,116,9
28,152,9
46,101,9
62,120,9
66,181,9
83,121,9
101,46,9
116,28,9
120,62,9
121,83,9
152,28,9
152,243,9
181,66,9
218,34,9
29,137,10
34,240,10
63,92,10
92,63,10
92,204,10
101,168,10
103,138,10
114,124,10
114,201,10
119,121,10
121,119,10
124,114,10
137,29,10
138,103,10
168,101,10
201,114,10
202,85,10
204,92,10
240,34,10
6,195,11
25,141,11
34,218,11
36,53,11
46,168,11
53,36,11
65,127,11
66,119,11
66,121,11
67,179,11
114,124,11
119,66,11
121,66,11
124,35,11
124,114,11
127,65,11
139,256,11
141,25,11
167,14,11
168,46,11
168,101,11
179,67,11
182,252,11
189,228,11
195,6,11
228,189,11
252,182,11
256,139,11
9,171,12
16,174,12
28,116,12
28,243,12
46,101,12
61,179,12
66,83,12
66,121,12
83,66,12
92,63,12
92,204,12
97,194,12
101,46,12
101,168,12
103,150,12
109,221,12
166,81,12
171,9,12
174,16,12
179,61,12
194,97,12
218,240,12
221,109,12
225,236,12
236,225,12
240,218,12
243,28,12
15,62,13
18,224,13
28,116,13
54,63,13
62,15,13
63,54,13
70,164,13
85,224,13
96,124,13
124,96,13
224,18,13
224,85,13
6,94,14
16,195,14
24,128,14
33,131,14
57,100,14
58,203,14
94,6,14
96,175,14
100,57,14
112,222,14
123,129,14
128,24,14
129,123,14
131,33,14
175,96,14
179,67,14
195,16,14
203,58,14
222,112,14
224,18,14
224,85,14
4,183,15
4,233,15
28,173,15
40,106,15
47,230,15
49,104,15
66,83,15
66,121,15
72,189,15
73,78,15
75,219,15
78,73,15
93,95,15
95,93,15
104,49,15
106,40,15
116,173,15
117,153,15
119,181,15
143,213,15
153,117,15
173,28,15
173,116,15
181,119,15
183,4,15
183,233,15
189,72,15
202,208,15
208,202,15
213,143,15
213,205,15
219,75,15
224,18,15
224,85,15
230,47,15
233,183,15
7,14,16
14,7,16
28,116,16
28,243,16
43,129,16
48,171,16
61,255,16
73,135,16
94,195,16
96,114,16
111,144,16
114,96,16
114,163,16
116,28,16
116,173,16
116,243,16
129,43,16
135,73,16
144,111,16
145,176,16
163,114,16
171,48,16
173,241,16
176,145,16
195,94,16
224,18,16
233,4,16
241,173,16
243,116,16
255,61,16
61,179,17
66,83,17
66,121,17
73,78,17
73,135,17
73,177,17
78,135,17
80,88,17
88,80,17
107,157,17
116,173,17
131,208,17
135,78,17
136,156,17
156,136,17
157,107,17
171,9,17
173,116,17
177,73,17
179,61,17
179,255,17
208,131,17
208,202,17
255,179,17
61,188,18
72,223,18
122,165,18
165,122,18
179,61,18
188,61,18
223,72,18
2,34,19
8,205,19
33,202,19
34,2,19
34,240,19
61,255,19
96,163,19
112,216,19
114,96,19
114,163,19
121,164,19
131,202,19
134,172,19
135,177,19
154,218,19
163,96,19
163,114,19
164,121,19
172,134,19
177,135,19
179,188,19
188,179,19
195,16,19
202,33,19
202,131,19
205,8,19
216,112,19
218,154,19
240,34,19
255,61,19
11,20,20
20,11,20
29,246,20
30,206,20
34,2,20
35,96,20
61,67,20
67,61,20
74,115,20
77,217,20
96,35,20
96,114,20
114,96,20
115,74,20
124,175,20
137,246,20
147,229,20
166,185,20
175,124,20
194,225,20
206,30,20
217,77,20
225,194,20
229,147,20
246,29,20
246,137,20
254,178,20
18,208,21
32,184,21
34,240,21
61,255,21
96,35,21
96,114,21
108,189,21
116,241,21
118,186,21
135,78,21
184,32,21
186,118,21
189,108,21
195,94,21
208,18,21
241,116,21
25,86,22
39,235,22
46,95,22
58,110,22
58,203,22
60,108,22
60,189,22
61,67,22
63,92,22
65,250,22
66,83,22
67,188,22
72,194,22
86,25,22
90,238,22
92,63,22
95,46,22
96,35,22
99,242,22
108,60,22
110,58,22
114,201,22
135,177,22
188,67,22
189,60,22
194,72,22
211,248,22
235,39,22
238,90,22
242,99,22
248,211,22
250,65,22
6,253,23
21,221,23
29,137,23
33,131,23
35,201,23
41,174,23
131,33,23
137,29,23
174,41,23
180,214,23
194,225,23
201,35,23
204,247,23
213,143,23
214,180,23
221,21,23
228,19,23
247,204,23
253,6,23
28,152,24
30,165,24
33,202,24
35,114,24
35,201,24
61,255,24
66,164,24
68,192,24
107,256,24
114,35,24
133,157,24
135,78,24
137,246,24
152,28,24
157,133,24
164,66,24
165,30,24
165,122,24
192,68,24
202,33,24
256,107,24
7,167,25
35,114,25
37,198,25
66,83,25
72,225,25
142,238,25
165,30,25
167,7,25
195,253,25
198,37,25
207,237,25
225,72,25
237,207,25
238,142,25
253,195,25
25,141,26
61,171,26
96,201,26
116,173,26
116,241,26
142,168,26
163,175,26
165,122,26
168,142,26
171,61,26
175,163,26
201,96,26
1,214,27
23,123,27
28,243,27
66,119,27
110,203,27
116,173,27
116,241,27
119,66,27
123,23,27
124,163,27
124,175,27
144,247,27
159,236,27
163,124,27
163,175,27
164,70,27
175,124,27
175,163,27
203,110,27
214,1,27
236,159,27
243,28,27
247,144,27
4,183,28
35,96,28
47,53,28
53,47,28
83,119,28
96,35,28
116,173,28
119,83,28
124,163,28
163,124,28
183,4,28
188,179,28
202,224,28
224,202,28
238,90,28
2,127,29
10,228,29
11,213,29
18,125,29
22,252,29
38,228,29
45,198,29
56,252,29
65,153,29
66,83,29
83,66,29
83,119,29
90,142,29
125,18,29
127,2,29
142,90,29
153,65,29
171,9,29
198,45,29
213,11,29
228,10,29
228,38,29
252,22,29
252,56,29
253,6,29
14,167,30
20,148,30
33,208,30
65,250,30
66,164,30
83,66,30
94,125,30
100,216,30
100,222,30
125,94,30
136,195,30
148,20,30
164,66,30
167,14,30
179,217,30
195,136,30
208,33,30
216,100,30
217,179,30
222,100,30
228,10,30
9,61,31
10,38,31
12,190,31
25,86,31
28,152,31
30,104,31
33,202,31
33,208,31
38,10,31
53,36,31
61,9,31
66,83,31
67,214,31
92,204,31
100,216,31
104,30,31
131,208,31
138,150,31
150,138,31
190,12,31
194,97,31
202,33,31
204,92,31
208,131,31
214,67,31
1,62,32
13,177,32
15,67,32
16,94,32
43,89,32
62,1,32
62,214,32
63,204,32
67,15,32
89,43,32
92,63,32
92,204,32
94,16,32
121,253,32
149,171,32
171,149,32
177,13,32
204,63,32
204,92,32
208,33,32
208,131,32
214,62,32
253,121,32
1,214,33
2,153,33
13,78,33
13,135,33
22,255,33
35,175,33
56,255,33
63,92,33
63,204,33
78,13,33
78,135,33
90,168,33
92,63,33
92,204,33
116,241,33
127,153,33
135,13,33
135,78,33
142,238,33
153,2,33
153,127,33
166,81,33
168,90,33
175,35,33
179,188,33
194,225,33
204,63,33
204,92,33
208,33,33
214,1,33
225,194,33
238,142,33
255,22,33
255,56,33
13,78,34
13,135,34
29,246,34
33,202,34
67,179,34
70,195,34
78,13,34
78,135,34
116,173,34
116,241,34
135,13,34
135,78,34
142,168,34
168,142,34
173,241,34
179,67,34
195,70,34
204,63,34
208,131,34
216,222,34
222,216,34
241,173,34
246,29,34
13,78,35
15,214,35
18,94,35
31,246,35
33,208,35
67,217,35
70,136,35
78,13,35
86,141,35
89,129,35
94,18,35
103,138,35
103,150,35
105,235,35
129,89,35
135,177,35
136,70,35
138,103,35
141,86,35
150,103,35
157,256,35
168,90,35
177,135,35
179,217,35
183,233,35
194,97,35
208,33,35
208,131,35
214,15,35
216,100,35
217,67,35
217,179,35
233,183,35
235,105,35
241,116,35
241,173,35
246,31,35
256,157,35
1,62,36
6,125,36
29,137,36
33,131,36
33,224,36
50,160,36
56,61,36
61,56,36
62,1,36
72,220,36
73,135,36
76,187,36
84,243,36
125,6,36
131,33,36
131,224,36
135,73,36
135,177,36
137,29,36
142,238,36
160,50,36
187,76,36
217,67,36
217,179,36
220,72,36
224,33,36
224,131,36
241,116,36
243,84,36
13,177,37
33,131,37
33,202,37
33,224,37
35,163,37
42,88,37
88,42,37
131,33,37
131,224,37
135,73,37
163,35,37
168,238,37
169,249,37
177,13,37
202,224,37
217,67,37
224,33,37
224,131,37
224,202,37
238,168,37
249,169,37
1,214,38
13,78,38
33,202,38
52,160,38
62,214,38
67,188,38
70,195,38
74,130,38
81,219,38
130,74,38
131,202,38
131,224,38
160,52,38
188,67,38
202,33,38
202,131,38
202,224,38
207,255,38
214,1,38
214,15,38
214,62,38
219,81,38
224,131,38
224,202,38
255,207,38
8,11,39
8,143,39
11,8,39
30,162,39
50,52,39
50,160,39
52,50,39
52,160,39
77,207,39
82,123,39
92,247,39
108,189,39
113,146,39
114,175,39
123,82,39
131,202,39
143,8,39
146,113,39
153,250,39
160,50,39
160,52,39
162,30,39
175,114,39
189,108,39
202,131,39
207,77,39
217,179,39
247,92,39
250,153,39
1,15,40
1,62,40
1,214,40
4,233,40
13,177,40
15,1,40
23,82,40
23,123,40
62,1,40
62,217,40
82,23,40
82,123,40
97,225,40
123,23,40
123,82,40
131,208,40
160,50,40
214,1,40
217,62,40
217,179,40
225,97,40
233,4,40
13,73,41
15,62,41
23,82,41
62,15,41
72,223,41
73,13,41
82,23,41
82,123,41
84,87,41
87,84,41
153,2,41
194,225,41
225,194,41
250,65,41
5,227,42
22,77,42
62,179,42
69,118,42
70,136,42
77,22,42
112,220,42
118,69,42
160,52,42
169,191,42
179,62,42
199,245,42
220,112,42
245,199,42
256,107,42
7,141,43
62,15,43
84,243,43
97,194,43
100,222,43
105,109,43
109,105,43
141,7,43
152,241,43
194,97,43
222,100,43
241,152,43
256,157,43
1,179,44
10,60,44
38,215,44
39,109,44
60,10,44
62,179,44
78,135,44
82,23,44
99,122,44
109,39,44
119,155,44
122,99,44
135,78,44
153,250,44
155,119,44
179,1,44
179,62,44
181,197,44
197,181,44
250,153,44
1,62,45
13,135,45
15,179,45
15,214,45
35,201,45
44,87,45
62,1,45
62,214,45
73,135,45
87,44,45
100,216,45
117,251,45
131,224,45
135,13,45
135,73,45
136,156,45
179,15,45
201,35,45
214,15,45
214,62,45
224,131,45
251,117,45
1,179,46
13,73,46
13,135,46
15,62,46
15,179,46
15,214,46
43,120,46
61,9,46
62,15,46
67,214,46
73,13,46
73,135,46
79,153,46
100,222,46
120,43,46
124,128,46
128,124,46
135,13,46
135,73,46
139,234,46
148,158,46
153,79,46
157,133,46
158,148,46
160,50,46
179,1,46
179,15,46
202,208,46
208,202,46
214,15,46
214,67,46
247,144,46
1,15,47
1,62,47
13,73,47
15,1,47
15,62,47
15,179,47
47,196,47
50,52,47
50,160,47
52,50,47
52,160,47
62,1,47
62,15,47
65,68,47
66,119,47
67,217,47
68,65,47
73,13,47
73,135,47
118,186,47
119,66,47
160,52,47
185,219,47
196,47,47
214,217,47
217,67,47
217,214,47
219,185,47
1,15,48
1,62,48
2,250,48
15,1,48
48,111,48
55,60,48
55,228,48
60,55,48
60,228,48
62,1,48
105,235,48
111,48,48
129,217,48
179,188,48
188,179,48
198,37,48
217,129,48
217,214,48
228,55,48
228,60,48
247,92,48
250,2,48
1,15,49
15,62,49
16,18,49
18,16,49
23,132,49
44,243,49
52,199,49
55,60,49
60,10,49
60,55,49
62,15,49
67,179,49
121,174,49
129,214,49
129,217,49
132,23,49
160,50,49
174,121,49
179,67,49
199,52,49
214,129,49
217,129,49
243,44,49
9,209,50
15,1,50
15,214,50
22,151,50
26,131,50
46,161,50
62,179,50
73,13,50
89,217,50
129,89,50
129,217,50
131,26,50
151,22,50
161,46,50
174,253,50
179,62,50
179,67,50
209,9,50
214,15,50
217,89,50
217,129,50
252,182,50
253,174,50
1,43,51
3,76,51
12,98,51
12,190,51
15,62,51
43,1,51
44,84,51
56,207,51
62,15,51
70,156,51
76,3,51
79,127,51
84,44,51
89,129,51
98,12,51
98,190,51
107,139,51
127,79,51
129,89,51
139,107,51
156,70,51
156,136,51
164,195,51
174,121,51
190,98,51
195,164,51
207,56,51
7,86,52
12,98,52
21,39,52
23,82,52
27,221,52
28,241,52
39,21,52
62,179,52
67,129,52
67,179,52
86,7,52
87,243,52
89,214,52
90,101,52
98,12,52
98,190,52
101,90,52
129,67,52
143,213,52
156,70,52
179,62,52
179,67,52
213,143,52
214,89,52
221,27,52
237,255,52
241,28,52
243,87,52
255,237,52
10,38,53
15,179,53
23,123,53
29,138,53
38,10,53
49,111,53
77,151,53
82,123,53
85,253,53
90,95,53
90,101,53
95,90,53
111,49,53
115,130,53
123,23,53
123,82,53
129,214,53
129,217,53
130,115,53
138,29,53
151,77,53
179,15,53
214,129,53
253,85,53
7,141,54
14,64,54
15,67,54
15,129,54
15,179,54
22,77,54
23,82,54
48,49,54
49,48,54
51,203,54
57,123,54
61,171,54
64,14,54
67,15,54
77,22,54
77,151,54
82,23,54
86,141,54
89,217,54
105,109,54
109,105,54
123,57,54
128,244,54
129,15,54
129,214,54
141,86,54
171,61,54
203,51,54
214,89,54
214,129,54
217,89,54
244,128,54
7,86,55
67,129,55
67,179,55
67,214,55
85,174,55
86,7,55
129,67,55
129,214,55
160,218,55
174,85,55
179,67,55
179,214,55
188,207,55
207,188,55
214,67,55
214,129,55
214,179,55
218,160,55
7,141,56
10,215,56
12,135,56
15,62,56
15,67,56
23,132,56
49,111,56
51,96,56
62,15,56
62,129,56
65,192,56
67,15,56
67,129,56
67,214,56
70,83,56
82,123,56
83,70,56
86,141,56
96,51,56
116,173,56
123,82,56
129,62,56
129,67,56
129,217,56
135,12,56
141,7,56
141,86,56
166,184,56
173,116,56
179,217,56
184,166,56
192,65,56
214,67,56
215,10,56
217,129,56
217,179,56
10,38,57
13,78,57
15,129,57
15,214,57
55,228,57
65,250,57
67,15,57
78,13,57
93,189,57
124,170,57
129,15,57
129,62,57
141,7,57
170,124,57
179,188,57
179,214,57
179,217,57
188,179,57
188,207,57
188,217,57
189,93,57
192,250,57
197,236,57
214,15,57
214,179,57
217,188,57
228,55,57
236,197,57
241,152,57
247,144,57
250,65,57
250,192,57
15,62,58
15,129,58
15,214,58
49,48,58
49,111,58
62,15,58
62,89,58
67,214,58
70,156,58
89,62,58
97,225,58
110,239,58
129,15,58
129,214,58
139,157,58
141,86,58
153,169,58
157,139,58
169,153,58
188,207,58
188,217,58
214,15,58
214,67,58
214,129,58
217,179,58
217,188,58
225,97,58
239,110,58
250,65,58
250,192,58
7,167,59
9,149,59
15,89,59
18,94,59
22,151,59
29,150,59
48,111,59
49,48,59
49,111,59
89,15,59
111,48,59
111,49,59
123,57,59
143,8,59
149,9,59
150,29,59
151,22,59
152,173,59
167,7,59
173,152,59
179,188,59
179,217,59
188,179,59
214,67,59
214,129,59
217,179,59
12,98,60
15,214,60
32,166,60
46,90,60
55,60,60
67,217,60
89,188,60
89,214,60
89,217,60
90,46,60
98,12,60
111,48,60
166,32,60
188,89,60
214,15,60
214,89,60
217,67,60
217,89,60
14,164,61
15,89,61
18,16,61
20,124,61
28,44,61
33,125,61
44,28,61
44,84,61
64,141,61
89,15,61
89,188,61
92,144,61
112,222,61
124,20,61
125,33,61
141,64,61
144,92,61
149,255,61
164,14,61
179,188,61
179,217,61
188,179,61
188,217,61
217,179,61
217,188,61
222,112,61
255,149,61
6,174,62
10,215,62
11,148,62
15,67,62
15,179,62
15,188,62
15,214,62
34,218,62
43,129,62
48,61,62
61,48,62
67,15,62
67,217,62
70,136,62
89,179,62
89,188,62
129,43,62
136,70,62
148,11,62
154,240,62
161,200,62
168,178,62
169,249,62
174,6,62
178,168,62
179,15,62
179,89,62
179,188,62
179,214,62
188,15,62
188,89,62
188,179,62
188,214,62
200,161,62
214,15,62
214,179,62
214,188,62
217,67,62
218,34,62
240,154,62
7,86,63
7,167,63
8,158,63
15,67,63
15,179,63
15,188,63
15,214,63
41,107,63
44,28,63
61,171,63
67,15,63
67,188,63
67,214,63
67,217,63
68,250,63
86,7,63
107,41,63
109,235,63
113,186,63
114,213,63
133,229,63
158,8,63
162,187,63
163,203,63
179,15,63
179,214,63
186,113,63
187,162,63
188,15,63
188,67,63
188,89,63
203,163,63
213,114,63
214,15,63
214,67,63
214,179,63
229,133,63
235,109,63
250,68,63
3,221,64
8,143,64
19,55,64
55,19,64
67,89,64
67,188,64
67,217,64
73,78,64
78,73,64
89,67,64
89,188,64
94,208,64
143,175,64
149,9,64
152,241,64
175,143,64
188,67,64
188,89,64
191,226,64
208,94,64
221,3,64
226,191,64
7,86,65
8,175,65
14,45,65
28,116,65
32,184,65
43,179,65
45,14,65
65,68,65
65,250,65
67,188,65
67,214,65
68,65,65
89,217,65
116,28,65
129,179,65
131,224,65
143,8,65
143,175,65
175,8,65
175,143,65
179,43,65
179,129,65
184,32,65
188,67,65
201,244,65
214,67,65
217,89,65
244,201,65
250,65,65
29,103,66
30,187,66
31,117,66
43,1,66
44,116,66
65,68,66
86,167,66
103,29,66
116,44,66
117,31,66
129,188,66
167,86,66
175,8,66
187,30,66
187,162,66
188,129,66
189,200,66
200,189,66
238,240,66
240,238,66
15,43,67
30,162,67
32,166,67
43,15,67
43,179,67
65,192,67
120,132,67
132,120,67
162,30,67
179,43,67
192,65,67
203,239,67
239,203,67
1,179,68
8,143,68
43,15,68
43,179,68
61,111,68
74,102,68
79,153,68
83,195,68
87,212,68
111,61,68
118,69,68
143,8,68
153,79,68
179,1,68
179,43,68
195,83,68
212,87,68
1,43,69
28,44,69
28,116,69
32,184,69
43,1,69
43,15,69
43,179,69
44,28,69
45,86,69
79,169,69
86,45,69
94,156,69
102,115,69
115,102,69
116,28,69
129,217,69
156,94,69
160,240,69
169,79,69
203,163,69
217,129,69
240,160,69
4,76,70
14,167,70
15,179,70
19,38,70
32,166,70
32,184,70
38,19,70
43,1,70
43,15,70
43,188,70
44,173,70
45,167,70
57,197,70
74,115,70
76,4,70
114,175,70
115,74,70
117,246,70
129,214,70
147,256,70
154,238,70
167,14,70
167,45,70
173,44,70
175,114,70
179,15,70
188,43,70
197,57,70
214,129,70
238,154,70
246,117,70
256,147,70
7,37,71
8,231,71
15,43,71
15,179,71
16,174,71
28,44,71
35,51,71
37,7,71
43,15,71
44,28,71
51,35,71
86,164,71
129,188,71
131,26,71
164,86,71
174,16,71
188,129,71
231,8,71
12,135,72
16,70,72
43,179,72
43,188,72
70,16,72
70,136,72
102,130,72
129,217,72
130,102,72
131,224,72
143,158,72
157,256,72
158,143,72
179,43,72
188,43,72
188,214,72
214,188,72
256,157,72
33,107,73
70,16,73
70,136,73
96,163,73
103,150,73
107,33,73
150,103,73
162,187,73
163,96,73
169,226,73
176,244,73
188,43,73
214,67,73
214,217,73
217,214,73
226,169,73
244,176,73
3,39,74
8,203,74
28,173,74
39,3,74
58,254,74
62,120,74
70,16,74
96,239,74
103,185,74
120,62,74
120,132,74
153,169,74
163,239,74
169,79,74
169,153,74
173,28,74
174,6,74
185,103,74
203,8,74
239,96,74
239,163,74
254,58,74
23,181,75
30,206,75
38,60,75
57,236,75
60,38,75
63,152,75
71,190,75
110,231,75
152,63,75
169,79,75
181,23,75
190,71,75
231,110,75
236,57,75
57,197,76
62,132,76
67,217,76
79,226,76
111,49,76
128,148,76
132,62,76
148,128,76
150,185,76
152,247,76
166,184,76
169,226,76
184,166,76
185,150,76
188,214,76
211,218,76
214,188,76
214,217,76
217,67,76
217,214,76
218,211,76
223,225,76
225,223,76
226,79,76
226,169,76
247,152,76
250,251,76
251,250,76
32,166,77
67,188,77
67,217,77
70,136,77
105,247,77
133,157,77
157,133,77
166,32,77
168,216,77
188,67,77
188,214,77
188,217,77
214,188,77
214,217,77
216,168,77
217,67,77
217,188,77
217,214,77
226,79,77
239,96,77
247,105,77
8,163,78
63,247,78
64,86,78
86,64,78
94,208,78
135,190,78
163,8,78
166,219,78
190,135,78
217,67,78
219,166,78
247,63,78
6,119,79
6,174,79
8,158,79
8,163,79
16,195,79
18,156,79
19,215,79
32,219,79
43,217,79
48,171,79
50,52,79
52,50,79
62,82,79
79,249,79
82,62,79
95,101,79
101,95,79
119,6,79
156,18,79
158,8,79
166,184,79
171,48,79
188,43,79
195,16,79
203,231,79
215,19,79
217,43,79
219,32,79
231,203,79
249,79,79
6,119,80
20,102,80
62,120,80
67,129,80
76,233,80
82,120,80
90,95,80
90,101,80
93,194,80
95,90,80
95,101,80
101,90,80
101,95,80
102,20,80
105,152,80
120,62,80
120,82,80
129,67,80
152,105,80
153,226,80
158,163,80
161,232,80
163,158,80
185,103,80
194,93,80
226,153,80
232,161,80
233,76,80
7,25,81
20,130,81
25,7,81
26,234,81
34,211,81
40,145,81
61,209,81
62,82,81
62,120,81
63,241,81
63,247,81
82,62,81
82,120,81
103,106,81
103,185,81
106,103,81
106,185,81
108,200,81
112,168,81
120,62,81
120,82,81
130,20,81
145,40,81
158,203,81
163,203,81
168,112,81
179,15,81
185,106,81
200,108,81
203,158,81
203,163,81
209,61,81
211,34,81
220,225,81
225,220,81
234,26,81
241,63,81
29,36,82
34,218,82
36,29,82
63,241,82
63,247,82
65,68,82
65,192,82
68,192,82
89,207,82
106,150,82
120,62,82
141,198,82
143,148,82
148,143,82
150,106,82
185,103,82
192,68,82
198,141,82
207,89,82
211,218,82
218,34,82
218,211,82
224,234,82
234,224,82
241,247,82
247,241,82
6,174,83
18,94,83
28,116,83
62,82,83
79,153,83
82,62,83
82,120,83
85,94,83
94,18,83
94,85,83
96,158,83
120,82,83
153,79,83
153,226,83
153,249,83
158,96,83
163,8,83
184,219,83
192,65,83
192,68,83
208,202,83
219,184,83
221,27,83
247,63,83
249,153,83
6,253,84
7,37,84
12,73,84
32,166,84
32,184,84
33,121,84
35,239,84
38,147,84
57,236,84
63,241,84
73,12,84
79,249,84
90,46,84
93,189,84
93,194,84
95,238,84
121,33,84
147,38,84
148,128,84
149,255,84
166,32,84
166,184,84
184,32,84
184,166,84
189,93,84
238,95,84
239,35,84
241,63,84
249,79,84
253,6,84
7,25,85
18,156,85
25,37,85
32,219,85
37,25,85
88,191,85
95,154,85
120,123,85
123,120,85
153,226,85
154,95,85
157,229,85
158,203,85
161,200,85
166,219,85
184,32,85
184,219,85
188,214,85
191,88,85
193,201,85
200,161,85
201,193,85
203,158,85
214,188,85
216,222,85
219,32,85
219,166,85
219,184,85
222,216,85
229,157,85
241,247,85
247,241,85
2,240,86
3,187,86
18,85,86
18,94,86
32,166,86
32,219,86
43,188,86
45,164,86
52,142,86
63,173,86
82,62,86
85,18,86
85,94,86
94,18,86
94,85,86
95,238,86
129,217,86
142,52,86
154,238,86
164,45,86
166,32,86
166,219,86
173,63,86
173,241,86
187,3,86
188,43,86
192,65,86
192,68,86
217,129,86
219,32,86
219,166,86
238,154,86
240,2,86
241,173,86
10,60,87
25,7,87
32,166,87
32,219,87
48,209,87
50,160,87
60,10,87
63,241,87
94,18,87
94,156,87
96,203,87
113,118,87
118,113,87
129,67,87
129,217,87
144,152,87
152,144,87
156,94,87
160,50,87
166,32,87
166,219,87
173,63,87
203,96,87
203,158,87
209,48,87
219,32,87
219,166,87
238,95,87
238,154,87
241,63,87
9,61,88
12,78,88
43,214,88
61,9,88
63,173,88
67,217,88
78,12,88
82,120,88
94,18,88
96,163,88
118,69,88
120,82,88
129,67,88
129,217,88
133,256,88
136,195,88
158,231,88
163,96,88
195,136,88
214,43,88
217,67,88
217,129,88
219,32,88
231,158,88
256,133,88
6,66,89
6,253,89
8,143,89
8,163,89
10,215,89
17,169,89
25,164,89
65,68,89
66,6,89
68,65,89
102,124,89
124,102,89
143,8,89
143,163,89
163,8,89
163,96,89
163,143,89
164,25,89
169,17,89
175,213,89
195,16,89
213,175,89
215,10,89
219,166,89
6,66,90
18,156,90
23,123,90
38,215,90
95,154,90
96,203,90
123,23,90
154,95,90
156,18,90
163,8,90
163,143,90
171,252,90
203,96,90
215,38,90
219,32,90
252,171,90
6,253,91
15,188,91
20,115,91
32,166,91
63,241,91
66,253,91
103,106,91
106,103,91
113,186,91
115,20,91
116,173,91
127,226,91
166,32,91
173,116,91
188,15,91
192,250,91
215,10,91
226,127,91
226,153,91
250,192,91
253,66,91
8,128,92
9,209,92
63,173,92
67,129,92
96,163,92
128,8,92
129,67,92
129,217,92
132,214,92
150,185,92
157,256,92
162,183,92
163,96,92
173,63,92
183,162,92
185,150,92
209,9,92
214,132,92
256,157,92
9,61,93
14,83,93
73,78,93
78,73,93
82,62,93
83,14,93
100,126,93
102,212,93
103,185,93
107,125,93
110,179,93
112,222,93
124,212,93
125,107,93
126,100,93
173,241,93
179,110,93
181,207,93
185,103,93
185,150,93
207,181,93
212,102,93
212,124,93
222,112,93
224,131,93
241,173,93
1,188,94
6,66,94
66,6,94
97,223,94
188,1,94
223,97,94
33,85,95
85,33,95
106,185,95
116,241,95
120,181,95
173,63,95
173,241,95
181,120,95
183,206,95
185,103,95
185,106,95
206,183,95
241,116,95
241,173,95
1,110,96
7,164,96
9,171,96
9,209,96
29,138,96
55,228,96
63,241,96
64,141,96
86,141,96
103,106,96
106,103,96
110,1,96
110,188,96
114,203,96
128,143,96
141,64,96
141,86,96
143,128,96
164,7,96
171,9,96
171,209,96
185,150,96
188,110,96
192,251,96
203,114,96
206,30,96
209,171,96
241,63,96
241,116,96
251,192,96
252,182,96
256,133,96
3,49,97
4,233,97
24,148,97
31,246,97
43,67,97
49,3,97
56,237,97
67,43,97
68,127,97
102,124,97
110,1,97
110,188,97
112,168,97
124,102,97
127,68,97
141,64,97
148,24,97
160,240,97
192,250,97
192,251,97
209,9,97
212,87,97
233,4,97
237,56,97
240,160,97
241,173,97
246,31,97
250,251,97
251,250,97
256,157,97
7,25,98
12,13,98
13,12,98
25,7,98
61,149,98
63,116,98
85,121,98
113,118,98
116,63,98
116,241,98
118,113,98
121,85,98
141,86,98
149,61,98
172,245,98
192,250,98
192,251,98
241,116,98
245,172,98
250,192,98
251,192,98
13,73,99
18,202,99
36,53,99
61,255,99
64,86,99
64,141,99
66,253,99
73,13,99
86,64,99
89,120,99
106,145,99
114,158,99
114,203,99
115,124,99
116,63,99
116,241,99
120,89,99
124,115,99
141,64,99
145,106,99
151,237,99
158,114,99
166,246,99
176,193,99
176,244,99
192,250,99
193,176,99
202,18,99
237,151,99
246,166,99
250,251,99
251,250,99
255,61,99
7,164,100
8,143,100
13,12,100
19,38,100
30,183,100
38,19,100
49,162,100
64,86,100
64,141,100
66,6,100
86,141,100
89,181,100
103,185,100
114,158,100
124,102,100
124,115,100
141,86,100
143,8,100
162,49,100
178,216,100
181,89,100
183,30,100
185,103,100
192,251,100
216,178,100
233,76,100
251,192,100
256,133,100
