9,75,1
13,47,1
19,95,1
31,154,1
37,51,1
38,184,1
41,244,1
42,98,1
42,157,1
47,13,1
49,79,1
49,252,1
51,37,1
75,9,1
79,49,1
85,114,1
95,19,1
98,42,1
102,194,1
110,124,1
114,85,1
124,110,1
134,237,1
138,249,1
144,214,1
154,31,1
157,42,1
163,222,1
166,256,1
174,244,1
176,235,1
184,38,1
184,194,1
186,236,1
191,232,1
194,102,1
194,184,1
194,228,1
195,226,1
206,218,1
206,249,1
214,144,1
218,206,1
222,163,1
223,238,1
226,195,1
227,233,1
228,194,1
232,191,1
233,227,1
235,176,1
236,186,1
237,134,1
238,223,1
244,41,1
244,174,1
249,138,1
249,206,1
252,49,1
256,166,1
6,7,2
7,6,2
8,254,2
33,109,2
42,98,2
42,152,2
42,157,2
49,79,2
54,229,2
56,235,2
71,123,2
78,174,2
98,157,2
102,184,2
109,33,2
117,159,2
123,71,2
138,206,2
138,218,2
152,42,2
157,98,2
159,117,2
165,210,2
174,78,2
184,38,2
184,102,2
206,138,2
206,218,2
210,165,2
218,138,2
218,206,2
229,54,2
235,56,2
235,176,2
241,250,2
244,41,2
250,241,2
254,8,2
37,76,3
41,174,3
41,244,3
76,37,3
77,181,3
80,259,3
84,166,3
84,256,3
88,224,3
152,157,3
157,42,3
157,98,3
157,152,3
166,84,3
166,256,3
174,41,3
174,78,3
174,244,3
181,77,3
184,194,3
194,184,3
218,138,3
218,206,3
218,249,3
224,88,3
235,56,3
244,174,3
249,218,3
256,84,3
256,166,3
259,80,3
42,152,4
46,158,4
55,228,4
56,176,4
78,244,4
87,234,4
111,202,4
152,42,4
157,98,4
158,46,4
165,242,4
174,78,4
176,56,4
180,220,4
184,102,4
202,111,4
220,180,4
228,55,4
234,87,4
242,165,4
244,78,4
256,84,4
20,189,5
38,102,5
38,184,5
43,116,5
56,101,5
64,84,5
64,136,5
82,258,5
84,64,5
84,256,5
89,248,5
98,152,5
101,56,5
102,38,5
102,184,5
116,43,5
134,184,5
136,64,5
145,210,5
149,232,5
152,98,5
152,157,5
157,152,5
184,38,5
184,102,5
184,134,5
189,20,5
210,145,5
232,149,5
248,89,5
256,166,5
258,82,5
6,178,6
10,41,6
23,247,6
33,192,6
38,102,6
38,184,6
41,10,6
42,157,6
45,177,6
84,166,6
84,256,6
99,187,6
102,38,6
102,184,6
136,256,6
148,204,6
157,42,6
166,84,6
177,45,6
178,6,6
184,38,6
184,102,6
187,99,6
192,33,6
194,228,6
204,148,6
228,194,6
247,23,6
256,84,6
256,136,6
38,102,7
38,194,7
76,185,7
98,157,7
102,38,7
102,184,7
122,223,7
136,64,7
136,256,7
157,98,7
169,198,7
184,134,7
185,76,7
194,38,7
198,169,7
205,239,7
207,249,7
223,122,7
239,205,7
249,207,7
249,218,7
3,11,8
6,190,8
11,3,8
12,167,8
14,224,8
14,225,8
38,184,8
38,194,8
44,93,8
64,256,8
73,114,8
93,44,8
102,134,8
102,184,8
112,255,8
114,73,8
116,132,8
132,116,8
134,102,8
157,42,8
164,169,8
167,12,8
169,164,8
183,226,8
184,38,8
184,102,8
190,6,8
194,228,8
224,14,8
224,225,8
225,14,8
225,224,8
226,183,8
249,207,8
249,218,8
255,112,8
256,64,8
256,136,8
4,105,9
7,213,9
14,224,9
14,225,9
26,59,9
36,208,9
59,26,9
94,261,9
97,257,9
102,134,9
105,4,9
174,244,9
184,194,9
194,184,9
207,218,9
208,36,9
213,7,9
218,207,9
218,249,9
224,14,9
225,14,9
244,174,9
256,64,9
257,97,9
261,94,9
3,149,10
9,222,10
30,85,10
35,70,10
56,176,10
70,35,10
85,30,10
149,3,10
149,217,10
217,149,10
222,9,10
224,88,10
3,217,11
9,75,11
9,163,11
9,222,11
44,154,11
69,77,11
74,166,11
75,222,11
77,69,11
101,176,11
111,258,11
116,170,11
154,44,11
163,9,11
166,74,11
170,116,11
174,260,11
176,101,11
217,3,11
218,207,11
222,75,11
244,260,11
256,136,11
258,111,11
260,174,11
260,244,11
9,163,12
9,222,12
14,224,12
27,146,12
37,65,12
44,93,12
44,154,12
65,37,12
116,132,12
146,27,12
165,210,12
173,263,12
174,244,12
176,56,12
178,213,12
207,249,12
210,165,12
213,178,12
218,249,12
222,9,12
224,14,12
234,260,12
244,174,12
249,207,12
249,218,12
260,234,12
263,173,12
14,88,13
26,216,13
28,170,13
35,189,13
55,194,13
75,163,13
87,260,13
88,14,13
163,75,13
169,198,13
170,28,13
176,101,13
188,242,13
189,35,13
194,55,13
216,26,13
234,87,13
234,260,13
242,188,13
260,87,13
260,234,13
8,65,14
21,105,14
26,59,14
26,216,14
38,134,14
40,246,14
44,93,14
50,70,14
55,184,14
59,216,14
65,8,14
70,50,14
72,245,14
76,181,14
105,21,14
108,112,14
112,108,14
115,180,14
134,38,14
137,160,14
157,152,14
160,137,14
180,115,14
181,76,14
184,55,14
192,212,14
212,192,14
216,59,14
245,72,14
246,40,14
260,87,14
260,234,14
26,59,15
26,216,15
30,112,15
40,243,15
40,246,15
44,154,15
59,26,15
80,187,15
88,195,15
112,30,15
135,190,15
136,202,15
156,193,15
165,188,15
177,254,15
187,80,15
188,165,15
188,242,15
190,135,15
193,156,15
195,88,15
202,136,15
216,26,15
217,232,15
232,217,15
243,40,15
243,246,15
246,243,15
254,177,15
8,37,16
8,65,16
9,133,16
37,8,16
37,65,16
40,73,16
42,152,16
42,157,16
43,132,16
51,148,16
52,217,16
65,37,16
73,40,16
87,234,16
93,154,16
111,202,16
113,205,16
132,43,16
133,9,16
148,51,16
152,42,16
154,93,16
157,42,16
188,165,16
197,253,16
202,111,16
205,113,16
217,52,16
234,87,16
234,260,16
253,197,16
256,84,16
1,96,17
33,109,17
45,254,17
52,232,17
69,76,17
76,69,17
87,260,17
88,225,17
96,1,17
109,211,17
116,170,17
138,207,17
145,245,17
170,116,17
182,261,17
207,138,17
211,109,17
225,88,17
232,52,17
234,87,17
234,260,17
245,145,17
254,45,17
260,87,17
260,234,17
261,182,17
2,104,18
30,124,18
42,89,18
50,66,18
51,185,18
52,217,18
66,50,18
89,42,18
104,2,18
111,258,18
124,30,18
125,220,18
164,182,18
182,164,18
185,51,18
220,125,18
1,60,19
1,96,19
3,149,19
13,23,19
20,87,19
23,13,19
28,139,19
30,112,19
30,124,19
40,243,19
60,1,19
85,222,19
87,20,19
109,33,19
110,255,19
118,128,19
123,152,19
128,118,19
132,193,19
138,218,19
138,249,19
139,28,19
149,3,19
151,201,19
152,123,19
174,260,19
193,132,19
199,214,19
201,151,19
207,218,19
214,199,19
218,138,19
218,207,19
218,249,19
222,85,19
243,40,19
249,138,19
249,218,19
255,110,19
260,174,19
260,234,19
1,60,20
20,234,20
40,246,20
43,193,20
83,263,20
109,211,20
123,157,20
132,43,20
132,193,20
136,256,20
138,218,20
157,123,20
164,198,20
164,261,20
168,173,20
173,168,20
187,99,20
193,43,20
193,132,20
198,164,20
218,138,20
218,207,20
234,20,20
246,40,20
256,136,20
261,164,20
263,83,20
5,138,21
20,87,21
22,104,21
37,100,21
39,191,21
40,243,21
40,246,21
43,132,21
55,134,21
60,96,21
63,209,21
66,226,21
70,226,21
76,77,21
77,76,21
80,259,21
96,60,21
100,37,21
104,22,21
106,116,21
116,106,21
123,152,21
132,43,21
132,193,21
133,240,21
134,55,21
138,5,21
139,170,21
165,210,21
165,245,21
170,139,21
182,198,21
191,39,21
198,182,21
198,261,21
207,249,21
209,63,21
210,245,21
215,238,21
218,249,21
226,66,21
226,70,21
238,215,21
240,133,21
243,246,21
245,165,21
245,210,21
246,243,21
249,207,21
249,218,21
261,198,21
9,108,22
11,149,22
19,224,22
43,193,22
62,184,22
80,187,22
102,110,22
107,150,22
108,9,22
110,102,22
131,142,22
138,207,22
139,28,22
142,131,22
149,11,22
150,107,22
164,198,22
184,62,22
187,80,22
187,99,22
193,43,22
193,132,22
198,164,22
202,258,22
207,138,22
224,19,22
226,66,22
245,165,22
258,202,22
260,174,22
8,181,23
28,170,23
43,132,23
132,43,23
134,38,23
138,249,23
164,261,23
170,28,23
177,219,23
181,8,23
207,218,23
207,249,23
218,207,23
218,249,23
219,177,23
245,210,23
249,138,23
249,207,23
249,218,23
261,164,23
20,174,24
38,55,24
52,232,24
55,38,24
67,130,24
80,99,24
87,174,24
87,260,24
99,80,24
99,187,24
121,140,24
130,67,24
131,234,24
138,207,24
140,121,24
174,20,24
174,87,24
174,260,24
207,138,24
234,131,24
260,87,24
260,174,24
20,87,25
20,174,25
24,208,25
35,50,25
38,134,25
40,73,25
42,152,25
50,35,25
87,20,25
87,174,25
89,152,25
124,194,25
138,218,25
152,42,25
152,89,25
174,20,25
174,87,25
190,213,25
194,124,25
208,24,25
213,190,25
218,138,25
3,11,26
11,3,26
14,156,26
26,29,26
29,26,26
30,112,26
55,184,26
114,222,26
152,42,26
156,14,26
184,55,26
222,114,26
16,239,27
20,189,27
48,103,27
51,148,27
52,217,27
103,48,27
126,203,27
134,184,27
144,227,27
155,229,27
164,198,27
164,261,27
184,134,27
189,20,27
198,261,27
203,126,27
217,232,27
218,249,27
227,144,27
229,155,27
232,217,27
235,253,27
239,16,27
253,235,27
261,198,27
1,250,28
9,133,28
28,193,28
36,254,28
52,232,28
89,123,28
116,175,28
123,71,28
123,89,28
133,9,28
159,232,28
175,116,28
193,28,28
232,52,28
232,159,28
250,1,28
254,36,28
2,22,29
5,207,29
5,249,29
22,2,29
44,86,29
79,141,29
86,44,29
115,237,29
135,178,29
141,79,29
166,256,29
168,206,29
178,135,29
206,168,29
207,5,29
237,115,29
249,5,29
256,166,29
1,241,30
39,52,30
52,39,30
71,89,30
82,202,30
89,71,30
163,240,30
170,193,30
193,170,30
202,82,30
205,239,30
207,249,30
218,138,30
239,205,30
240,163,30
241,1,30
244,260,30
249,207,30
260,244,30
1,250,31
25,34,31
34,25,31
40,114,31
55,134,31
61,79,31
79,61,31
94,169,31
102,255,31
114,40,31
134,55,31
163,75,31
169,94,31
193,28,31
198,182,31
211,229,31
229,211,31
255,102,31
5,218,32
18,127,32
37,181,32
73,114,32
75,240,32
110,134,32
114,73,32
127,18,32
134,110,32
139,193,32
156,224,32
181,37,32
188,210,32
193,139,32
196,230,32
210,188,32
218,5,32
224,156,32
230,196,32
240,75,32
5,249,33
30,194,33
49,141,33
51,69,33
56,253,33
58,169,33
67,146,33
69,51,33
72,172,33
88,183,33
90,143,33
105,4,33
110,184,33
129,251,33
130,146,33
141,49,33
143,90,33
145,165,33
146,67,33
146,130,33
165,145,33
169,58,33
169,94,33
172,72,33
183,88,33
183,195,33
184,110,33
194,30,33
195,183,33
198,261,33
249,5,33
249,207,33
251,129,33
253,56,33
1,11,34
1,250,34
9,108,34
11,1,34
29,216,34
49,262,34
55,184,34
58,94,34
75,163,34
94,58,34
106,161,34
112,222,34
129,207,34
129,251,34
134,55,34
161,106,34
183,88,34
183,195,34
184,55,34
198,182,34
198,261,34
207,129,34
216,29,34
218,138,34
222,112,34
242,245,34
245,242,34
262,49,34
1,11,35
19,225,35
40,249,35
50,66,35
55,134,35
55,184,35
66,50,35
67,130,35
129,207,35
130,67,35
130,146,35
142,234,35
225,19,35
234,142,35
249,40,35
5,168,36
8,148,36
31,86,36
36,208,36
47,247,36
55,134,36
55,184,36
65,181,36
66,226,36
67,146,36
85,133,36
86,31,36
86,44,36
133,85,36
146,67,36
148,8,36
168,5,36
181,65,36
191,232,36
193,28,36
208,36,36
232,191,36
247,47,36
9,30,37
27,130,37
30,9,37
30,194,37
30,222,37
34,243,37
51,148,37
58,169,37
86,31,37
87,244,37
115,203,37
130,27,37
148,51,37
153,158,37
158,153,37
163,240,37
169,58,37
203,115,37
222,30,37
240,163,37
243,34,37
244,87,37
5,206,38
5,263,38
23,72,38
38,124,38
43,171,38
72,23,38
73,246,38
124,38,38
171,43,38
183,88,38
206,5,38
246,73,38
263,5,38
5,206,39
11,3,39
13,247,39
43,132,39
94,169,39
129,249,39
169,94,39
181,37,39
182,261,39
207,251,39
219,254,39
247,13,39
249,129,39
251,207,39
254,219,39
261,182,39
5,263,40
43,171,40
52,232,40
58,94,40
58,169,40
66,50,40
94,58,40
169,58,40
181,65,40
232,52,40
232,191,40
47,144,41
58,94,41
62,179,41
66,226,41
67,130,41
68,236,41
94,169,41
125,237,41
130,67,41
133,240,41
138,249,41
144,47,41
169,94,41
179,62,41
227,233,41
236,68,41
237,125,41
240,133,41
249,138,41
6,213,42
38,251,42
53,230,42
83,206,42
99,259,42
132,178,42
138,207,42
138,249,42
165,210,42
178,132,42
206,83,42
207,138,42
210,165,42
213,6,42
230,53,42
251,38,42
259,99,42
1,250,43
5,206,43
14,195,43
23,172,43
34,25,43
52,217,43
66,50,43
66,226,43
100,127,43
114,246,43
115,179,43
115,203,43
119,153,43
127,100,43
138,207,43
153,119,43
165,145,43
172,23,43
179,115,43
195,14,43
199,231,43
206,5,43
206,83,43
217,52,43
231,199,43
246,114,43
10,135,44
12,91,44
25,243,44
47,247,44
57,229,44
64,136,44
66,50,44
75,240,44
91,12,44
135,10,44
136,64,44
138,249,44
165,210,44
206,5,44
229,57,44
239,16,44
240,75,44
240,163,44
243,25,44
247,47,44
2,200,45
5,263,45
9,108,45
16,147,45
16,239,45
25,34,45
50,226,45
66,226,45
75,163,45
147,16,45
163,75,45
163,240,45
176,253,45
196,221,45
200,2,45
206,263,45
209,214,45
214,209,45
221,196,45
226,50,45
226,66,45
253,176,45
263,206,45
13,47,46
19,95,46
43,193,46
47,13,46
59,241,46
75,240,46
94,58,46
112,129,46
116,161,46
129,112,46
129,222,46
147,239,46
161,116,46
163,75,46
183,195,46
193,43,46
195,183,46
207,222,46
222,129,46
222,207,46
239,147,46
240,75,46
241,59,46
27,113,47
50,66,47
50,226,47
66,50,47
66,226,47
75,163,47
113,27,47
119,158,47
131,142,47
139,170,47
142,131,47
158,119,47
170,139,47
185,261,47
215,260,47
222,129,47
222,207,47
226,50,47
226,66,47
260,215,47
261,185,47
5,168,48
9,194,48
50,66,48
50,226,48
66,50,48
85,163,48
113,205,48
129,112,48
132,171,48
163,85,48
171,132,48
194,9,48
194,255,48
197,235,48
205,113,48
226,50,48
235,197,48
255,194,48
6,135,49
9,255,49
33,192,49
82,196,49
90,153,49
100,177,49
112,138,49
117,150,49
127,177,49
129,222,49
135,6,49
138,112,49
150,117,49
153,90,49
163,75,49
168,206,49
177,100,49
177,127,49
192,33,49
196,82,49
206,168,49
222,129,49
236,186,49
255,9,49
258,111,49
33,155,50
37,65,50
44,123,50
65,37,50
72,227,50
74,76,50
76,74,50
94,204,50
108,255,50
123,44,50
129,207,50
129,222,50
142,234,50
155,33,50
165,145,50
177,100,50
204,94,50
206,263,50
207,129,50
207,222,50
207,249,50
222,207,50
222,249,50
227,72,50
244,260,50
249,207,50
249,222,50
255,108,50
260,244,50
14,95,51
25,243,51
29,26,51
35,226,51
68,186,51
95,14,51
112,129,51
112,138,51
112,249,51
129,112,51
129,249,51
186,68,51
207,222,51
207,249,51
222,207,51
226,35,51
249,112,51
249,129,51
249,207,51
28,139,52
85,133,52
112,129,52
129,112,52
129,207,52
129,249,52
131,234,52
133,85,52
139,28,52
207,129,52
207,222,52
207,249,52
222,249,52
234,131,52
249,129,52
249,207,52
249,222,52
27,130,53
31,101,53
31,154,53
36,259,53
40,218,53
61,134,53
66,226,53
76,256,53
79,134,53
93,101,53
94,164,53
101,31,53
101,93,53
112,249,53
129,112,53
130,27,53
134,61,53
134,79,53
139,170,53
154,31,53
163,240,53
164,94,53
164,204,53
204,164,53
218,40,53
226,66,53
240,163,53
249,112,53
249,207,53
256,76,53
259,36,53
21,22,54
22,21,54
27,205,54
31,101,54
31,154,54
52,232,54
58,169,54
87,260,54
94,58,54
101,31,54
101,154,54
112,129,54
134,61,54
146,205,54
154,101,54
169,58,54
205,27,54
205,113,54
205,146,54
232,52,54
260,87,54
261,182,54
6,178,55
9,108,55
35,66,55
66,35,55
79,160,55
85,163,55
108,9,55
113,146,55
116,175,55
129,249,55
146,113,55
154,31,55
160,79,55
161,175,55
163,85,55
175,161,55
178,6,55
205,27,55
214,247,55
247,214,55
249,129,55
249,207,55
20,231,56
31,93,56
35,226,56
55,110,56
59,250,56
64,111,56
93,31,56
110,55,56
111,64,56
111,258,56
112,246,56
113,205,56
116,161,56
124,194,56
161,116,56
170,193,56
193,170,56
194,124,56
202,221,56
204,261,56
205,113,56
210,188,56
221,202,56
226,35,56
231,20,56
246,112,56
249,129,56
250,59,56
261,204,56
17,33,57
24,83,57
31,154,57
33,17,57
33,155,57
62,203,57
81,190,57
83,24,57
94,204,57
129,138,57
129,249,57
138,129,57
138,246,57
161,175,57
171,224,57
190,81,57
192,242,57
203,62,57
204,94,57
204,261,57
224,171,57
242,192,57
246,138,57
10,178,58
17,155,58
22,104,58
25,34,58
27,113,58
67,101,58
71,93,58
74,136,58
79,134,58
93,71,58
101,67,58
111,64,58
112,222,58
113,27,58
113,205,58
120,128,58
128,120,58
134,79,58
136,74,58
155,17,58
174,226,58
178,10,58
222,112,58
226,174,58
37,181,59
38,112,59
67,154,59
81,213,59
112,38,59
112,222,59
113,27,59
115,125,59
125,115,59
154,67,59
173,219,59
178,6,59
178,10,59
181,37,59
190,213,59
213,81,59
213,190,59
219,173,59
219,254,59
226,35,59
226,174,59
6,10,60
9,85,60
10,6,60
14,195,60
21,104,60
27,205,60
67,101,60
81,190,60
83,251,60
85,9,60
104,21,60
113,205,60
119,153,60
138,249,60
150,216,60
153,119,60
154,31,60
190,81,60
195,14,60
205,27,60
205,113,60
209,247,60
216,150,60
221,236,60
236,221,60
246,249,60
247,209,60
249,138,60
249,246,60
251,83,60
23,47,61
47,23,61
66,189,61
100,254,61
104,22,61
112,246,61
133,240,61
133,246,61
172,245,61
188,245,61
189,66,61
189,226,61
205,27,61
205,113,61
219,173,61
226,189,61
240,133,61
245,172,61
245,188,61
246,112,61
246,133,61
254,100,61
9,108,62
13,233,62
15,160,62
38,222,62
39,149,62
112,249,62
118,120,62
118,128,62
120,118,62
128,118,62
133,240,62
133,246,62
134,160,62
138,240,62
149,39,62
160,15,62
160,134,62
188,210,62
188,245,62
189,66,62
210,245,62
222,38,62
233,13,62
240,138,62
245,210,62
249,112,62
250,1,62
6,178,63
8,181,63
30,194,63
51,185,63
57,211,63
58,94,63
70,225,63
94,58,63
94,204,63
99,208,63
104,21,63
104,22,63
118,120,63
118,128,63
129,218,63
129,249,63
137,179,63
172,210,63
178,6,63
179,137,63
181,8,63
185,51,63
194,30,63
204,94,63
205,27,63
205,113,63
208,99,63
210,172,63
211,57,63
218,129,63
224,244,63
225,70,63
244,224,63
245,188,63
249,129,63
10,178,64
20,50,64
36,99,64
36,259,64
50,20,64
54,192,64
85,246,64
94,169,64
94,204,64
94,261,64
95,139,64
99,36,64
112,133,64
112,138,64
114,240,64
118,120,64
124,184,64
129,218,64
133,112,64
133,249,64
138,112,64
138,249,64
139,95,64
169,94,64
169,204,64
169,261,64
178,10,64
184,124,64
192,54,64
202,236,64
204,169,64
234,142,64
236,202,64
240,114,64
246,85,64
249,133,64
249,138,64
261,94,64
261,169,64
13,144,65
36,99,65
95,19,65
104,21,65
112,133,65
112,218,65
133,112,65
134,79,65
138,246,65
138,249,65
144,13,65
168,207,65
190,213,65
194,255,65
204,261,65
207,168,65
209,214,65
214,209,65
218,112,65
246,138,65
255,194,65
261,204,65
23,72,66
67,154,66
71,154,66
72,23,66
73,118,66
79,160,66
83,24,66
94,169,66
94,261,66
95,139,66
112,133,66
112,218,66
118,73,66
133,138,66
134,61,66
138,133,66
138,246,66
138,249,66
154,67,66
154,71,66
159,217,66
160,79,66
169,94,66
217,159,66
246,249,66
249,246,66
261,94,66
19,28,67
28,19,67
33,212,67
38,263,67
61,79,67
61,134,67
79,61,67
79,134,67
85,249,67
94,169,67
104,22,67
112,133,67
112,218,67
129,207,67
132,224,67
133,112,67
134,79,67
138,222,67
138,246,67
150,107,67
160,15,67
163,255,67
207,129,67
212,33,67
222,138,67
222,246,67
224,132,67
224,244,67
224,260,67
246,138,67
246,222,67
249,85,67
255,163,67
260,224,67
263,38,67
6,78,68
30,184,68
30,194,68
57,192,68
61,79,68
61,134,68
78,6,68
79,61,68
79,134,68
83,251,68
88,224,68
88,244,68
94,204,68
118,128,68
134,61,68
134,79,68
139,193,68
150,191,68
184,30,68
191,150,68
192,57,68
193,139,68
194,30,68
204,94,68
207,168,68
224,88,68
224,260,68
236,221,68
244,88,68
23,227,69
23,233,69
24,251,69
30,255,69
72,233,69
88,224,69
88,244,69
95,170,69
99,208,69
112,249,69
117,216,69
125,237,69
168,5,69
170,95,69
192,54,69
194,255,69
196,202,69
202,196,69
216,117,69
224,88,69
227,23,69
233,23,69
233,72,69
249,112,69
251,24,69
255,30,69
255,194,69
5,207,70
23,227,70
23,233,70
35,174,70
85,240,70
88,260,70
102,257,70
112,246,70
130,201,70
133,218,70
160,179,70
168,207,70
174,35,70
179,160,70
201,130,70
201,151,70
207,5,70
207,168,70
218,133,70
233,23,70
233,72,70
240,85,70
246,112,70
257,102,70
260,88,70
5,168,71
7,223,71
15,137,71
23,227,71
36,259,71
40,129,71
42,123,71
50,199,71
55,124,71
64,258,71
67,71,71
67,154,71
71,67,71
71,154,71
73,128,71
79,160,71
79,179,71
85,249,71
88,132,71
88,244,71
93,253,71
112,133,71
112,246,71
118,73,71
123,42,71
124,55,71
128,73,71
129,40,71
132,88,71
132,244,71
133,112,71
133,246,71
137,15,71
154,67,71
154,71,71
160,79,71
160,179,71
168,5,71
168,207,71
179,79,71
179,160,71
199,50,71
223,7,71
227,233,71
233,227,71
244,132,71
246,133,71
249,85,71
251,83,71
253,93,71
258,64,71
6,10,72
10,6,72
10,78,72
24,83,72
43,170,72
67,101,72
78,10,72
83,24,72
88,132,72
95,106,72
95,170,72
106,95,72
112,133,72
129,207,72
132,88,72
133,112,72
133,218,72
137,160,72
149,175,72
154,31,72
154,71,72
156,183,72
160,137,72
160,179,72
168,5,72
170,43,72
170,95,72
175,149,72
183,156,72
199,231,72
207,129,72
231,199,72
9,163,73
37,68,73
43,95,73
67,71,73
68,37,73
71,67,73
71,154,73
79,137,73
83,251,73
87,224,73
95,43,73
100,219,73
115,180,73
118,128,73
128,118,73
133,112,73
134,61,73
137,79,73
137,179,73
163,9,73
179,137,73
192,57,73
199,50,73
199,231,73
219,100,73
224,87,73
233,72,73
233,227,73
255,30,73
16,201,74
71,67,74
85,246,74
137,79,74
179,160,74
192,54,74
193,244,74
199,50,74
199,231,74
201,16,74
205,27,74
233,72,74
244,193,74
246,85,74
10,135,75
39,195,75
67,101,75
95,139,75
97,102,75
102,97,75
135,10,75
139,95,75
145,245,75
189,226,75
192,57,75
193,260,75
195,39,75
202,221,75
221,202,75
244,260,75
245,145,75
260,193,75
260,244,75
8,84,76
14,19,76
17,77,76
19,14,76
42,44,76
44,42,76
77,17,76
78,135,76
79,179,76
84,8,76
86,113,76
113,86,76
135,78,76
179,79,76
5,112,77
10,78,77
30,249,77
32,92,77
51,164,77
56,176,77
72,227,77
72,233,77
78,10,77
78,135,77
81,171,77
82,221,77
87,88,77
88,87,77
92,32,77
112,5,77
135,178,77
138,194,77
164,51,77
168,207,77
171,81,77
176,56,77
178,135,77
194,138,77
202,196,77
207,168,77
221,82,77
227,72,77
249,30,77
3,250,78
5,168,78
14,28,78
14,39,78
19,28,78
23,233,78
28,14,78
28,19,78
28,39,78
30,163,78
30,249,78
39,14,78
39,28,78
49,252,78
58,204,78
72,227,78
78,10,78
112,168,78
133,168,78
133,207,78
138,184,78
138,194,78
150,107,78
150,191,78
154,31,78
163,30,78
163,249,78
168,5,78
168,112,78
168,133,78
184,138,78
204,58,78
206,251,78
207,133,78
227,233,78
233,23,78
233,227,78
249,163,78
250,3,78
251,206,78
2,121,79
5,207,79
14,19,79
14,28,79
14,39,79
19,14,79
19,28,79
28,14,79
28,19,79
39,14,79
57,242,79
82,196,79
87,224,79
88,132,79
106,175,79
110,257,79
121,2,79
133,168,79
133,207,79
138,184,79
145,165,79
157,248,79
168,207,79
175,106,79
196,82,79
206,263,79
207,5,79
207,133,79
207,168,79
242,57,79
248,157,79
249,30,79
257,110,79
260,193,79
263,206,79
14,19,80
14,28,80
19,14,80
19,39,80
20,189,80
23,227,80
28,14,80
31,253,80
37,74,80
39,19,80
71,253,80
74,37,80
82,221,80
112,133,80
112,168,80
131,142,80
133,112,80
133,168,80
142,131,80
142,234,80
150,107,80
168,112,80
168,133,80
168,207,80
168,222,80
189,20,80
192,242,80
196,221,80
207,222,80
221,196,80
222,168,80
222,207,80
227,23,80
240,114,80
242,192,80
253,31,80
253,71,80
14,19,81
19,14,81
28,39,81
30,97,81
31,71,81
37,68,81
38,138,81
38,194,81
39,28,81
69,77,81
71,31,81
72,233,81
77,69,81
82,196,81
97,30,81
107,191,81
113,205,81
138,38,81
138,184,81
138,194,81
168,133,81
191,107,81
194,38,81
194,138,81
196,82,81
205,113,81
231,247,81
233,72,81
247,231,81
10,135,82
20,226,82
21,22,82
22,21,82
35,225,82
38,138,82
84,181,82
135,10,82
138,38,82
138,194,82
142,131,82
150,191,82
154,253,82
181,84,82
184,194,82
191,150,82
194,184,82
218,251,82
225,35,82
226,20,82
251,218,82
253,154,82
10,78,83
16,130,83
35,70,83
35,225,83
42,248,83
51,94,83
61,160,83
70,35,83
70,225,83
85,114,83
85,240,83
94,51,83
114,85,83
114,240,83
124,141,83
129,40,83
130,16,83
138,38,83
141,124,83
149,195,83
160,61,83
173,254,83
185,198,83
195,149,83
198,185,83
225,70,83
240,85,83
240,114,83
248,42,83
254,173,83
1,11,84
10,135,84
11,1,84
30,102,84
35,70,84
35,225,84
41,224,84
54,211,84
70,35,84
85,246,84
102,30,84
107,150,84
127,169,84
150,107,84
169,127,84
172,245,84
185,261,84
211,54,84
224,41,84
224,87,84
225,35,84
245,172,84
261,185,84
33,63,85
33,212,85
58,148,85
60,140,85
63,33,85
64,76,85
69,91,85
76,64,85
91,69,85
95,43,85
130,201,85
140,60,85
148,58,85
153,230,85
185,198,85
201,130,85
224,41,85
230,153,85
249,163,85
250,59,85
253,93,85
6,223,86
19,28,86
28,19,86
30,97,86
43,139,86
88,224,86
133,251,86
139,43,86
167,256,86
168,207,86
170,175,86
175,170,86
207,168,86
223,6,86
224,88,86
250,3,86
251,133,86
253,154,86
256,167,86
10,78,87
10,178,87
26,96,87
31,154,87
41,88,87
43,95,87
78,178,87
86,146,87
88,41,87
91,12,87
96,26,87
102,108,87
106,170,87
108,102,87
146,86,87
154,31,87
168,222,87
170,106,87
178,10,87
178,78,87
198,261,87
207,222,87
222,168,87
222,207,87
251,218,87
253,93,87
261,198,87
15,16,88
16,15,88
31,71,88
33,63,88
33,212,88
70,225,88
72,227,88
77,185,88
88,224,88
97,102,88
97,108,88
102,97,88
108,97,88
112,207,88
114,168,88
133,218,88
168,114,88
178,10,88
178,78,88
185,77,88
207,112,88
207,222,88
210,214,88
214,210,88
218,133,88
225,70,88
227,72,88
10,135,89
10,178,89
35,70,89
35,225,89
46,236,89
61,79,89
70,35,89
77,94,89
79,61,89
88,41,89
94,77,89
97,102,89
123,248,89
145,162,89
150,191,89
162,145,89
162,245,89
170,175,89
178,10,89
185,198,89
198,185,89
225,35,89
236,46,89
245,162,89
248,123,89
10,135,90
30,102,90
35,70,90
43,139,90
62,160,90
70,183,90
89,93,90
93,89,90
97,30,90
97,102,90
102,30,90
102,97,90
132,224,90
145,245,90
146,179,90
160,62,90
162,145,90
162,245,90
178,78,90
179,146,90
183,70,90
207,251,90
220,228,90
222,251,90
224,132,90
228,220,90
245,145,90
245,162,90
251,207,90
251,222,90
10,178,91
30,97,91
30,102,91
36,187,91
37,136,91
38,206,91
70,35,91
83,24,91
97,30,91
97,102,91
102,30,91
102,97,91
104,161,91
128,73,91
133,206,91
136,37,91
145,162,91
145,245,91
161,104,91
162,145,91
162,245,91
178,10,91
178,78,91
184,263,91
187,36,91
206,38,91
206,133,91
245,145,91
245,162,91
263,184,91
6,135,92
11,217,92
32,107,92
41,87,92
55,141,92
77,198,92
86,179,92
87,41,92
94,198,92
97,163,92
107,32,92
112,168,92
112,222,92
112,251,92
131,234,92
135,6,92
141,55,92
145,162,92
145,245,92
146,86,92
146,179,92
162,145,92
163,97,92
168,112,92
179,86,92
179,146,92
198,77,92
198,94,92
203,237,92
207,222,92
207,251,92
217,11,92
222,112,92
222,207,92
222,251,92
234,131,92
237,203,92
240,246,92
245,145,92
245,172,92
246,240,92
251,112,92
251,207,92
251,222,92
18,208,93
19,14,93
77,94,93
77,198,93
85,163,93
94,77,93
102,30,93
112,168,93
112,222,93
162,245,93
163,85,93
198,77,93
207,222,93
207,251,93
208,18,93
222,112,93
222,207,93
222,251,93
245,162,93
245,172,93
251,207,93
251,222,93
69,77,94
77,69,94
77,198,94
85,246,94
95,260,94
112,251,94
145,162,94
162,145,94
162,172,94
162,245,94
172,162,94
172,245,94
178,10,94
222,112,94
222,251,94
227,23,94
245,162,94
245,172,94
246,85,94
251,112,94
251,207,94
251,222,94
260,95,94
14,95,95
22,98,95
34,129,95
50,215,95
60,161,95
77,69,95
93,253,95
95,14,95
98,22,95
123,157,95
129,34,95
142,223,95
157,123,95
161,60,95
162,145,95
198,185,95
215,50,95
223,142,95
13,233,96
27,147,96
38,263,96
39,149,96
71,154,96
74,76,96
76,74,96
86,146,96
114,207,96
123,248,96
146,86,96
147,27,96
149,39,96
154,71,96
178,78,96
201,239,96
207,114,96
207,222,96
222,207,96
233,13,96
239,201,96
263,38,96
14,260,97
19,195,97
43,170,97
60,104,97
82,221,97
104,60,97
118,120,97
123,157,97
156,244,97
168,218,97
170,43,97
178,10,97
195,19,97
218,168,97
221,82,97
244,156,97
260,14,97
5,168,98
20,66,98
29,250,98
66,20,98
100,181,98
114,222,98
126,179,98
132,178,98
138,255,98
145,245,98
162,245,98
168,5,98
170,175,98
178,132,98
179,126,98
181,100,98
200,235,98
207,114,98
207,222,98
207,251,98
211,109,98
222,114,98
222,207,98
235,200,98
245,145,98
245,162,98
249,257,98
250,29,98
251,207,98
255,138,98
257,249,98
13,72,99
14,244,99
15,147,99
37,68,99
42,152,99
43,171,99
58,164,99
72,13,99
76,111,99
85,163,99
90,118,99
90,120,99
94,198,99
95,260,99
111,76,99
114,207,99
114,222,99
114,251,99
118,90,99
118,120,99
120,90,99
120,118,99
147,15,99
164,58,99
170,43,99
170,171,99
170,175,99
171,43,99
171,170,99
184,251,99
198,94,99
207,114,99
222,114,99
244,14,99
245,145,99
251,114,99
251,184,99
260,95,99
3,29,100
5,133,100
9,102,100
12,155,100
28,95,100
29,3,100
41,193,100
42,248,100
51,148,100
57,192,100
70,183,100
74,111,100
78,193,100
86,126,100
90,118,100
95,28,100
95,260,100
97,249,100
102,9,100
104,116,100
111,74,100
111,76,100
114,222,100
116,104,100
118,90,100
126,86,100
133,5,100
133,206,100
138,251,100
145,165,100
148,51,100
152,248,100
155,12,100
163,246,100
165,245,100
192,57,100
193,41,100
193,78,100
244,156,100
245,165,100
246,163,100
248,42,100
248,152,100
249,97,100
249,257,100
251,138,100
261,182,100
