4,170,1
14,129,1
20,76,1
30,93,1
50,116,1
53,91,1
53,179,1
72,121,1
76,20,1
80,175,1
91,53,1
93,30,1
116,50,1
121,72,1
129,14,1
130,136,1
136,130,1
152,171,1
170,4,1
171,152,1
175,80,1
179,53,1
10,142,2
23,134,2
24,61,2
61,24,2
91,179,2
104,141,2
113,173,2
120,183,2
134,23,2
141,104,2
142,10,2
173,113,2
179,91,2
183,120,2
5,86,3
53,91,3
86,5,3
89,167,3
91,53,3
110,138,3
120,161,3
138,110,3
161,120,3
167,89,3
6,120,4
6,161,4
6,183,4
11,103,4
17,104,4
19,97,4
27,101,4
28,98,4
97,19,4
98,28,4
101,27,4
103,11,4
104,17,4
120,6,4
120,161,4
151,180,4
161,6,4
161,120,4
161,183,4
180,151,4
183,6,4
183,161,4
6,120,5
6,183,5
50,165,5
53,179,5
59,111,5
69,96,5
82,142,5
93,163,5
96,69,5
104,145,5
110,114,5
110,138,5
111,59,5
114,110,5
120,6,5
120,161,5
142,82,5
145,104,5
161,120,5
163,93,5
165,50,5
179,53,5
183,6,5
2,49,6
26,182,6
30,163,6
40,135,6
44,174,6
49,2,6
110,114,6
114,138,6
135,40,6
138,114,6
142,10,6
143,178,6
163,30,6
174,44,6
178,143,6
182,26,6
13,147,7
17,145,7
63,134,7
68,175,7
114,110,7
114,138,7
134,63,7
145,17,7
147,13,7
175,68,7
46,133,8
114,110,8
114,138,8
120,183,8
133,46,8
145,104,8
147,169,8
155,180,8
161,183,8
169,147,8
180,155,8
183,120,8
183,161,8
6,145,9
61,149,9
114,110,9
126,152,9
145,6,9
149,61,9
152,126,9
180,151,9
180,155,9
183,120,9
183,161,9
4,11,10
11,4,10
17,104,10
91,179,10
104,17,10
142,82,10
179,91,10
36,55,11
55,36,11
61,24,11
142,10,11
151,155,11
155,151,11
23,161,12
57,116,12
68,80,12
80,68,12
116,57,12
161,23,12
72,181,13
111,139,13
121,181,13
139,111,13
181,72,13
181,121,13
43,180,14
72,121,14
76,99,14
87,113,14
99,76,14
113,87,14
117,138,14
121,72,14
138,117,14
163,93,14
180,43,14
10,40,15
20,99,15
38,51,15
40,10,15
51,38,15
68,118,15
72,181,15
99,20,15
99,76,15
118,68,15
142,82,15
147,13,15
181,72,15
72,121,16
92,98,16
98,92,16
110,160,16
160,110,16
32,98,17
84,142,17
85,134,17
98,32,17
134,85,17
142,84,17
97,117,18
117,97,18
3,144,19
39,127,19
40,135,19
49,119,19
57,165,19
80,175,19
119,49,19
127,39,19
144,3,19
165,57,19
175,80,19
15,160,20
19,114,20
40,10,20
61,149,20
114,19,20
160,15,20
20,62,21
43,151,21
62,20,21
62,99,21
63,120,21
67,136,21
99,62,21
103,176,21
120,63,21
136,67,21
145,183,21
151,43,21
176,103,21
183,145,21
15,110,22
15,160,22
41,77,22
48,71,22
53,91,22
62,20,22
62,99,22
63,155,22
71,48,22
77,41,22
91,53,22
99,76,22
110,15,22
110,160,22
131,154,22
154,131,22
155,63,22
160,110,22
15,110,23
15,138,23
27,147,23
40,135,23
56,171,23
62,76,23
76,62,23
76,99,23
98,92,23
110,15,23
110,138,23
138,15,23
138,110,23
147,27,23
171,56,23
15,110,24
15,160,24
108,113,24
110,15,24
113,108,24
114,138,24
138,114,24
160,15,24
24,49,25
35,79,25
49,24,25
79,35,25
120,145,25
145,120,25
10,135,26
11,103,26
19,138,26
21,134,26
58,179,26
87,172,26
103,11,26
120,183,26
134,21,26
135,10,26
138,19,26
151,155,26
155,151,26
172,87,26
179,58,26
183,120,26
4,170,27
10,84,27
10,142,27
19,117,27
43,155,27
64,133,27
84,10,27
93,107,27
107,93,27
117,19,27
120,145,27
133,64,27
138,114,27
142,10,27
146,153,27
153,146,27
155,43,27
155,151,27
10,84,28
19,138,28
51,159,28
62,99,28
84,142,28
91,101,28
99,62,28
101,91,28
138,19,28
142,84,28
155,43,28
159,51,28
10,142,29
20,100,29
71,72,29
72,71,29
85,98,29
98,85,29
100,20,29
103,176,29
120,183,29
133,173,29
142,10,29
142,84,29
173,133,29
5,74,30
35,118,30
74,5,30
118,35,30
64,173,31
106,129,31
129,106,31
133,64,31
133,173,31
173,64,31
173,133,31
6,120,32
12,137,32
47,176,32
51,38,32
51,159,32
66,88,32
74,80,32
80,74,32
88,66,32
116,182,32
120,6,32
120,183,32
137,12,32
169,179,32
173,64,32
176,47,32
179,169,32
182,116,32
6,183,33
10,82,33
24,119,33
38,57,33
51,38,33
57,38,33
71,48,33
82,10,33
110,138,33
119,24,33
120,6,33
120,183,33
138,110,33
179,58,33
183,6,33
183,120,33
19,114,34
37,175,34
38,51,34
39,88,34
47,103,34
64,133,34
88,39,34
103,47,34
114,19,34
133,64,34
175,37,34
183,6,34
4,93,35
15,114,35
15,160,35
38,159,35
43,104,35
51,57,35
57,51,35
74,5,35
88,66,35
93,4,35
103,176,35
104,43,35
114,15,35
159,38,35
176,103,35
182,26,35
1,156,36
15,114,36
17,145,36
38,51,36
39,66,36
51,38,36
66,39,36
145,17,36
156,1,36
158,182,36
182,158,36
15,160,37
36,108,37
38,159,37
51,159,37
57,159,37
71,72,37
108,36,37
159,51,37
159,57,37
6,63,38
26,158,38
38,57,38
38,159,38
51,57,38
57,38,38
57,51,38
57,159,38
59,61,38
61,59,38
63,6,38
66,88,38
114,160,38
124,168,38
158,26,38
158,182,38
159,38,38
159,57,38
160,114,38
168,124,38
8,69,39
15,114,39
22,67,39
38,51,39
39,127,39
51,38,39
67,22,39
69,8,39
93,107,39
114,15,39
155,151,39
158,26,39
158,182,39
6,17,40
15,160,40
17,6,40
26,182,40
55,105,40
59,95,40
82,84,40
84,82,40
84,142,40
95,59,40
105,55,40
114,160,40
129,14,40
160,15,40
160,114,40
182,26,40
182,158,40
15,114,41
17,183,41
24,138,41
44,143,41
114,15,41
138,24,41
143,44,41
182,26,41
183,17,41
52,124,42
66,127,42
70,83,42
76,100,42
83,70,42
100,76,42
114,160,42
119,138,42
124,52,42
127,66,42
138,119,42
17,63,43
25,86,43
26,158,43
39,66,43
52,168,43
63,17,43
66,39,43
76,115,43
86,25,43
115,76,43
158,26,43
158,182,43
168,52,43
182,158,43
21,85,44
24,119,44
85,21,44
119,24,44
119,138,44
129,106,44
134,161,44
158,26,44
161,134,44
17,183,45
24,138,45
39,127,45
42,129,45
66,127,45
76,100,45
119,24,45
124,168,45
127,39,45
127,66,45
129,14,45
129,42,45
138,24,45
168,124,45
6,145,46
11,51,46
42,106,46
46,64,46
47,170,46
51,11,46
53,71,46
64,46,46
71,53,46
74,175,46
82,10,46
89,153,46
106,42,46
106,129,46
129,106,46
145,6,46
153,89,46
170,47,46
175,74,46
24,119,47
170,176,47
176,170,47
6,17,48
17,6,48
24,138,48
48,179,48
91,169,48
103,170,48
127,39,48
169,91,48
170,103,48
179,48,48
17,145,49
22,92,49
82,142,49
92,22,49
127,66,49
142,82,49
145,17,49
158,182,49
6,145,50
23,63,50
40,54,50
54,40,50
58,72,50
63,23,50
72,58,50
145,6,50
145,17,50
172,177,50
177,172,50
4,47,51
6,17,51
6,145,51
17,6,51
17,183,51
46,133,51
47,4,51
129,14,51
133,46,51
142,84,51
145,6,51
6,17,52
15,97,52
17,6,52
61,139,52
66,88,52
67,134,52
68,79,52
79,68,52
97,15,52
134,67,52
139,61,52
14,106,53
72,179,53
106,14,53
119,138,53
126,140,53
138,119,53
140,126,53
179,72,53
39,88,54
53,181,54
67,161,54
88,39,54
91,101,54
106,42,54
161,67,54
181,53,54
4,107,55
41,131,55
53,71,55
53,181,55
91,169,55
102,114,55
107,4,55
114,102,55
131,41,55
151,183,55
183,151,55
14,42,56
14,106,56
42,14,56
42,106,56
103,176,56
106,14,56
106,42,56
138,24,56
176,103,56
17,183,57
47,103,57
68,80,57
80,68,57
90,92,57
91,101,57
92,90,57
103,47,57
103,176,57
183,17,57
14,42,58
14,106,58
39,127,58
42,14,58
91,169,58
103,47,58
103,176,58
104,155,58
106,14,58
127,39,58
155,104,58
4,93,59
14,42,59
93,4,59
130,152,59
152,130,59
18,25,60
25,18,60
42,106,60
45,168,60
92,22,60
98,134,60
106,42,60
134,98,60
139,149,60
149,139,60
168,45,60
151,155,61
155,151,61
158,26,61
88,127,62
99,157,62
101,169,62
127,88,62
157,99,62
169,101,62
169,179,62
179,169,62
31,43,63
43,31,63
92,90,63
99,62,63
100,157,63
101,179,63
127,39,63
157,100,63
179,101,63
11,57,64
51,170,64
57,11,64
170,51,64
22,161,65
23,151,65
49,149,65
97,123,65
105,108,65
108,105,65
123,97,65
149,49,65
149,139,65
151,23,65
161,22,65
179,169,65
28,32,66
32,28,66
51,57,66
57,51,66
91,179,66
96,168,66
168,96,66
179,91,66
14,129,67
57,170,67
61,149,67
149,61,67
155,183,67
170,57,67
183,155,67
4,107,68
22,67,68
22,161,68
49,139,68
66,127,68
67,22,68
67,161,68
127,66,68
139,49,68
159,165,68
161,67,68
165,159,68
11,170,69
17,120,69
22,67,69
22,161,69
29,111,69
47,107,69
57,11,69
67,22,69
67,161,69
97,15,69
107,47,69
110,119,69
111,29,69
119,110,69
120,17,69
161,22,69
161,67,69
168,45,69
170,11,69
4,47,70
4,107,70
13,27,70
22,136,70
27,13,70
47,4,70
48,54,70
49,149,70
54,48,70
67,136,70
93,107,70
98,151,70
107,4,70
107,93,70
136,22,70
136,67,70
149,49,70
151,98,70
4,9,71
4,47,71
9,4,71
22,161,71
50,176,71
57,170,71
66,153,71
89,132,71
132,89,71
136,22,71
136,161,71
153,66,71
161,22,71
161,136,71
168,96,71
170,57,71
176,50,71
4,9,72
11,51,72
14,42,72
19,148,72
23,63,72
42,14,72
51,11,72
62,157,72
91,147,72
147,91,72
148,19,72
157,62,72
176,103,72
9,47,73
9,93,73
47,9,73
47,93,73
50,103,73
50,176,73
88,153,73
93,9,73
93,47,73
103,50,73
103,176,73
119,138,73
131,154,73
138,119,73
153,88,73
176,50,73
176,103,73
9,4,74
9,93,74
38,57,74
50,103,74
50,176,74
57,38,74
93,9,74
100,76,74
103,50,74
103,176,74
176,50,74
176,103,74
179,169,74
5,69,75
9,4,75
18,86,75
39,43,75
43,39,75
45,96,75
66,166,75
69,5,75
75,174,75
86,18,75
96,45,75
101,147,75
134,161,75
147,101,75
161,134,75
166,66,75
174,75,75
13,125,76
57,170,76
102,160,76
125,13,76
160,102,76
8,44,77
11,170,77
30,176,77
44,8,77
45,168,77
96,168,77
138,24,77
168,45,77
168,96,77
170,11,77
170,57,77
176,30,77
22,136,78
45,96,78
45,168,78
96,45,78
96,168,78
136,22,78
168,45,78
168,96,78
13,27,79
65,113,79
88,127,79
113,65,79
127,88,79
168,45,79
170,11,79
29,78,80
47,163,80
51,170,80
62,100,80
67,164,80
78,29,80
100,62,80
103,159,80
159,103,80
163,47,80
164,67,80
170,51,80
24,49,81
32,180,81
38,50,81
49,24,81
50,38,81
58,101,81
101,58,81
104,151,81
151,104,81
168,96,81
170,11,81
170,51,81
180,32,81
19,117,82
19,148,82
21,92,82
24,119,82
38,103,82
66,146,82
91,169,82
92,21,82
103,38,82
110,149,82
119,24,82
146,66,82
149,110,82
169,91,82
170,11,82
170,51,82
14,106,83
49,119,83
106,14,83
119,49,83
142,82,83
168,45,83
168,96,83
9,47,84
47,9,84
58,71,84
63,161,84
71,58,84
88,153,84
161,63,84
163,176,84
176,163,84
23,161,85
85,90,85
90,85,85
109,147,85
147,109,85
161,23,85
2,19,86
19,2,86
24,149,86
52,174,86
103,159,86
149,24,86
174,52,86
24,119,87
39,180,87
45,96,87
50,103,87
58,101,87
96,45,87
103,50,87
119,24,87
169,179,87
180,39,87
4,131,88
10,40,88
19,117,88
40,10,88
58,71,88
60,157,88
131,4,88
157,60,88
2,148,89
11,154,89
16,141,89
19,2,89
22,134,89
58,101,89
106,129,89
129,106,89
134,22,89
141,16,89
148,2,89
154,11,89
38,159,90
71,101,90
93,107,90
101,71,90
103,38,90
120,161,90
159,38,90
161,120,90
24,110,91
96,168,91
103,50,91
103,159,91
110,24,91
159,103,91
180,32,91
14,42,92
31,156,92
103,165,92
156,31,92
165,103,92
170,57,92
8,143,93
24,119,93
27,150,93
30,34,93
34,30,93
51,77,93
63,98,93
77,51,93
81,86,93
86,81,93
98,63,93
103,159,93
143,8,93
150,27,93
1,7,94
7,1,94
9,93,94
9,107,94
38,165,94
52,96,94
64,177,94
73,115,94
93,9,94
93,107,94
96,52,94
107,9,94
107,93,94
115,73,94
165,38,94
177,64,94
9,93,95
88,166,95
93,9,95
166,88,95
3,145,96
58,91,96
91,58,96
103,165,96
145,3,96
165,103,96
13,125,97
30,163,97
127,153,97
153,127,97
163,30,97
10,48,98
18,81,98
30,34,98
48,10,98
81,18,98
96,168,98
119,149,98
149,119,98
15,123,100
46,172,100
72,101,100
101,72,100
123,15,100
130,164,100
164,130,100
172,46,100
