15,81,1
21,259,1
28,177,1
38,199,1
40,259,1
46,292,1
50,342,1
57,89,1
63,155,1
68,274,1
74,336,1
76,124,1
78,334,1
81,15,1
81,293,1
85,226,1
89,57,1
97,254,1
98,316,1
107,216,1
108,232,1
119,131,1
124,76,1
131,119,1
145,151,1
151,145,1
155,63,1
162,169,1
169,162,1
176,308,1
176,344,1
177,28,1
178,273,1
191,234,1
199,38,1
210,314,1
216,107,1
224,257,1
226,85,1
232,108,1
234,191,1
251,324,1
254,97,1
257,224,1
259,21,1
259,40,1
273,178,1
274,68,1
292,46,1
293,81,1
308,176,1
314,210,1
316,98,1
324,251,1
334,78,1
336,74,1
342,50,1
344,176,1
1,79,2
12,198,2
13,67,2
15,129,2
22,216,2
39,62,2
60,191,2
62,39,2
65,186,2
67,13,2
79,1,2
81,15,2
81,129,2
87,241,2
94,276,2
96,203,2
101,281,2
129,15,2
129,81,2
129,218,2
138,315,2
145,219,2
146,209,2
148,325,2
150,241,2
167,294,2
175,218,2
176,308,2
179,197,2
184,297,2
186,65,2
191,60,2
197,179,2
198,12,2
203,96,2
209,146,2
216,22,2
218,129,2
218,175,2
219,145,2
241,87,2
241,150,2
259,21,2
272,340,2
276,94,2
281,101,2
289,313,2
291,314,2
294,167,2
297,184,2
313,289,2
314,291,2
315,138,2
316,323,2
323,316,2
325,148,2
340,272,2
3,139,3
8,63,3
48,202,3
62,225,3
63,8,3
65,157,3
65,186,3
69,261,3
70,104,3
72,300,3
87,150,3
87,241,3
104,70,3
108,136,3
108,232,3
112,179,3
129,15,3
129,175,3
136,108,3
139,3,3
145,151,3
145,219,3
150,87,3
150,241,3
151,219,3
157,65,3
157,186,3
175,129,3
175,218,3
177,322,3
179,112,3
186,157,3
191,234,3
202,48,3
207,264,3
210,291,3
219,151,3
225,62,3
241,87,3
241,150,3
255,299,3
261,69,3
262,297,3
264,207,3
291,210,3
297,262,3
299,255,3
300,72,3
308,344,3
315,341,3
316,98,3
318,333,3
322,177,3
333,318,3
341,315,3
344,308,3
8,54,4
8,63,4
14,236,4
24,188,4
25,107,4
25,216,4
28,134,4
37,337,4
41,217,4
52,203,4
54,8,4
58,343,4
62,39,4
65,157,4
65,186,4
70,158,4
81,218,4
87,150,4
87,241,4
91,113,4
96,280,4
107,25,4
113,91,4
117,264,4
129,81,4
134,28,4
135,269,4
138,341,4
150,87,4
150,241,4
152,161,4
157,65,4
157,186,4
158,70,4
161,152,4
186,65,4
186,157,4
188,24,4
191,60,4
192,292,4
200,287,4
203,52,4
216,25,4
217,41,4
218,81,4
219,145,4
236,14,4
241,87,4
241,150,4
260,324,4
264,117,4
264,207,4
269,135,4
280,96,4
287,200,4
291,314,4
292,192,4
308,176,4
308,344,4
324,260,4
336,342,4
337,37,4
341,138,4
341,315,4
342,336,4
343,58,4
6,331,5
9,11,5
10,24,5
11,9,5
24,10,5
25,107,5
26,100,5
28,177,5
33,116,5
34,83,5
46,192,5
61,301,5
70,104,5
81,129,5
83,34,5
87,114,5
87,241,5
88,285,5
92,278,5
100,26,5
110,330,5
114,87,5
116,33,5
120,133,5
129,15,5
129,81,5
129,218,5
133,120,5
137,249,5
149,205,5
159,165,5
165,159,5
177,28,5
179,197,5
182,270,5
186,65,5
192,46,5
205,149,5
215,271,5
215,317,5
216,22,5
218,129,5
230,253,5
241,87,5
245,268,5
249,137,5
253,230,5
265,267,5
267,265,5
268,245,5
270,182,5
271,215,5
272,309,5
278,92,5
285,88,5
293,326,5
301,61,5
308,176,5
309,272,5
317,215,5
326,293,5
330,110,5
331,6,5
3,47,6
10,188,6
15,81,6
15,129,6
27,45,6
28,134,6
45,27,6
47,3,6
55,302,6
62,202,6
67,294,6
69,258,6
75,327,6
81,15,6
81,129,6
81,218,6
114,129,6
129,15,6
129,81,6
129,114,6
139,168,6
168,139,6
169,206,6
177,322,6
183,206,6
184,262,6
188,10,6
202,62,6
206,169,6
206,183,6
210,314,6
218,81,6
241,150,6
258,69,6
262,184,6
294,67,6
302,55,6
308,313,6
313,308,6
314,210,6
327,75,6
341,138,6
2,220,7
7,56,7
8,310,7
12,93,7
23,34,7
25,320,7
34,23,7
40,339,7
54,63,7
56,7,7
62,197,7
63,54,7
74,189,7
81,129,7
92,113,7
92,278,7
93,12,7
99,231,7
103,160,7
113,92,7
115,164,7
129,15,7
129,81,7
142,225,7
160,103,7
164,115,7
176,344,7
189,74,7
197,62,7
198,223,7
202,48,7
206,169,7
220,2,7
222,270,7
223,198,7
225,142,7
231,99,7
234,329,7
235,291,7
266,282,7
270,222,7
282,266,7
291,235,7
310,8,7
313,344,7
320,25,7
329,234,7
339,40,7
344,176,7
344,313,7
14,107,8
15,81,8
15,129,8
15,218,8
19,169,8
27,311,8
70,295,8
71,179,8
77,82,8
81,15,8
82,77,8
87,114,8
107,14,8
108,139,8
111,181,8
113,91,8
114,87,8
114,241,8
129,15,8
134,177,8
139,108,8
139,168,8
162,343,8
163,243,8
169,19,8
176,289,8
177,134,8
179,71,8
181,111,8
197,202,8
202,197,8
204,309,8
215,271,8
218,15,8
232,239,8
239,232,8
241,114,8
242,290,8
243,163,8
247,300,8
254,297,8
281,319,8
289,176,8
290,242,8
295,70,8
297,254,8
300,247,8
309,204,8
311,27,8
313,308,8
313,344,8
319,281,8
323,327,8
327,323,8
343,162,8
10,24,9
15,81,9
15,87,9
15,218,9
19,206,9
20,123,9
53,130,9
62,202,9
81,87,9
81,241,9
87,15,9
87,81,9
87,241,9
89,285,9
96,318,9
108,168,9
119,200,9
119,287,9
123,20,9
130,53,9
131,287,9
136,139,9
139,108,9
139,136,9
153,322,9
166,294,9
168,108,9
169,206,9
176,313,9
182,222,9
194,337,9
197,62,9
200,119,9
202,62,9
203,280,9
206,19,9
206,169,9
206,183,9
222,182,9
222,270,9
238,240,9
240,238,9
241,81,9
241,87,9
241,114,9
262,297,9
264,117,9
267,284,9
271,330,9
273,304,9
280,203,9
281,101,9
284,267,9
285,89,9
287,119,9
287,131,9
289,313,9
294,166,9
297,262,9
304,273,9
313,176,9
313,289,9
318,96,9
322,153,9
330,271,9
337,194,9
16,78,10
16,334,10
19,58,10
19,206,10
30,143,10
35,146,10
38,332,10
58,19,10
64,79,10
73,139,10
78,16,10
78,334,10
79,64,10
81,87,10
87,81,10
88,89,10
89,88,10
103,191,10
119,131,10
119,200,10
131,119,10
131,287,10
136,168,10
139,73,10
143,30,10
146,35,10
153,177,10
153,322,10
166,167,10
167,166,10
168,136,10
176,289,10
177,153,10
177,322,10
182,270,10
191,103,10
192,246,10
206,19,10
239,324,10
246,192,10
257,335,10
259,339,10
270,182,10
289,176,10
289,313,10
307,320,10
308,344,10
320,307,10
322,177,10
324,239,10
332,38,10
334,16,10
334,78,10
335,257,10
339,259,10
344,308,10
8,54,11
15,81,11
15,218,11
16,78,11
16,334,11
19,58,11
54,8,11
73,252,11
78,16,11
78,334,11
81,15,11
81,114,11
84,147,11
87,218,11
89,285,11
114,81,11
114,241,11
119,131,11
119,200,11
128,305,11
131,119,11
138,315,11
147,84,11
149,248,11
152,265,11
160,329,11
202,48,11
210,291,11
218,87,11
248,149,11
252,73,11
265,152,11
289,176,11
291,210,11
297,254,11
297,262,11
305,128,11
308,313,11
313,308,11
315,138,11
329,160,11
334,16,11
334,78,11
339,40,11
4,232,12
15,114,12
15,218,12
16,78,12
19,183,12
31,60,12
33,87,12
54,63,12
60,31,12
78,16,12
81,218,12
87,33,12
91,92,12
91,113,12
92,91,12
92,113,12
95,178,12
101,319,12
113,92,12
114,15,12
114,81,12
114,218,12
119,131,12
119,200,12
144,309,12
150,293,12
172,269,12
175,326,12
178,95,12
179,197,12
183,19,12
184,297,12
191,329,12
197,179,12
211,214,12
214,211,12
218,15,12
218,81,12
218,114,12
232,4,12
241,150,12
241,293,12
262,184,12
262,297,12
269,172,12
283,333,12
291,235,12
293,150,12
293,241,12
297,184,12
297,262,12
309,144,12
319,101,12
326,175,12
329,191,12
333,283,12
339,259,12
342,50,12
17,177,13
20,304,13
32,72,13
49,187,13
54,8,13
62,39,13
72,32,13
75,323,13
81,114,13
89,88,13
91,92,13
91,278,13
92,91,13
94,165,13
96,306,13
99,284,13
103,160,13
103,191,13
114,81,13
119,131,13
136,253,13
139,253,13
141,155,13
150,241,13
155,141,13
160,103,13
160,191,13
160,329,13
165,94,13
168,253,13
177,17,13
187,49,13
191,103,13
191,160,13
191,329,13
241,150,13
253,136,13
253,139,13
253,168,13
259,21,13
259,339,13
278,91,13
284,99,13
291,314,13
297,184,13
297,254,13
304,20,13
306,96,13
309,340,13
314,291,13
323,75,13
329,160,13
329,191,13
340,309,13
1,64,14
17,153,14
20,273,14
21,339,14
47,136,14
47,168,14
58,183,14
64,1,14
71,112,14
75,327,14
91,92,14
91,278,14
92,278,14
94,276,14
103,160,14
104,341,14
112,71,14
118,300,14
129,175,14
136,47,14
136,168,14
153,17,14
160,103,14
160,191,14
160,329,14
168,47,14
168,136,14
175,129,14
183,58,14
191,160,14
233,296,14
241,293,14
259,21,14
273,20,14
278,92,14
284,267,14
296,233,14
297,184,14
297,262,14
300,118,14
310,336,14
327,75,14
329,160,14
336,310,14
339,21,14
341,104,14
6,100,15
17,177,15
41,59,15
47,122,15
47,136,15
52,105,15
59,41,15
81,218,15
97,148,15
100,6,15
101,249,15
101,319,15
103,191,15
105,52,15
114,218,15
122,47,15
122,136,15
136,47,15
136,122,15
148,97,15
148,254,15
152,161,15
160,191,15
168,253,15
176,313,15
176,344,15
177,322,15
184,262,15
184,297,15
191,103,15
191,160,15
218,81,15
218,114,15
219,222,15
222,219,15
249,101,15
249,319,15
254,148,15
262,184,15
289,313,15
297,184,15
313,176,15
313,289,15
313,344,15
319,249,15
344,176,15
344,313,15
12,198,16
36,43,16
38,199,16
43,36,16
47,253,16
54,63,16
61,213,16
86,303,16
87,277,16
90,150,16
92,113,16
112,202,16
136,47,16
145,151,16
148,97,16
148,254,16
150,90,16
151,145,16
175,326,16
180,190,16
184,262,16
190,180,16
191,329,16
198,12,16
202,112,16
213,61,16
235,314,16
253,47,16
277,87,16
303,86,16
314,235,16
314,291,16
319,101,16
323,327,16
327,323,16
329,191,16
344,176,16
344,313,16
11,24,17
16,334,17
24,11,17
41,217,17
54,8,17
54,63,17
72,118,17
72,300,17
73,139,17
103,329,17
118,72,17
127,285,17
127,287,17
130,206,17
139,73,17
139,253,17
140,159,17
148,97,17
151,222,17
159,140,17
164,188,17
174,193,17
175,293,17
188,164,17
193,174,17
195,320,17
206,130,17
222,151,17
236,250,17
250,236,17
253,139,17
254,262,17
255,307,17
259,339,17
262,254,17
269,135,17
278,91,17
285,127,17
285,287,17
287,127,17
287,285,17
293,175,17
298,312,17
300,72,17
307,255,17
312,298,17
314,235,17
320,195,17
329,103,17
329,191,17
334,16,17
339,259,17
4,66,18
5,92,18
9,153,18
10,134,18
15,33,18
21,259,18
21,339,18
33,15,18
36,93,18
53,110,18
60,191,18
66,4,18
73,122,18
73,139,18
73,253,18
92,5,18
93,36,18
101,207,18
104,295,18
110,53,18
116,270,18
118,300,18
122,73,18
122,139,18
122,253,18
127,285,18
127,287,18
134,10,18
139,73,18
139,122,18
139,253,18
145,222,18
151,145,18
151,222,18
153,9,18
173,237,18
175,326,18
176,289,18
176,313,18
176,344,18
184,254,18
191,60,18
191,234,18
207,101,18
222,145,18
222,151,18
226,318,18
231,266,18
234,191,18
237,173,18
253,73,18
253,122,18
253,139,18
254,184,18
254,262,18
259,21,18
259,339,18
266,231,18
270,116,18
285,127,18
285,287,18
287,127,18
287,285,18
289,176,18
289,313,18
289,344,18
294,67,18
295,104,18
300,118,18
310,342,18
313,176,18
313,289,18
313,344,18
318,226,18
339,21,18
339,259,18
342,310,18
344,176,18
344,289,18
344,313,18
8,63,19
21,259,19
28,251,19
29,179,19
34,137,19
59,128,19
63,8,19
63,54,19
66,260,19
67,95,19
67,167,19
67,294,19
79,160,19
95,67,19
114,241,19
122,139,19
128,59,19
137,34,19
139,122,19
145,151,19
151,145,19
160,79,19
167,67,19
167,294,19
176,313,19
179,29,19
184,262,19
209,237,19
212,257,19
212,335,19
218,81,19
222,219,19
232,239,19
237,209,19
239,232,19
241,114,19
251,28,19
253,73,19
254,184,19
257,212,19
257,335,19
259,21,19
260,66,19
262,184,19
281,299,19
289,313,19
294,167,19
299,281,19
313,176,19
313,289,19
313,344,19
335,212,19
335,257,19
8,54,20
12,36,20
20,24,20
24,20,20
24,188,20
25,107,20
33,241,20
36,12,20
47,168,20
54,8,20
58,343,20
60,103,20
60,191,20
60,329,20
63,155,20
66,4,20
67,95,20
67,294,20
72,118,20
94,224,20
95,294,20
103,60,20
103,329,20
105,172,20
107,25,20
116,133,20
116,270,20
118,72,20
118,300,20
129,326,20
130,317,20
133,116,20
151,222,20
155,63,20
168,47,20
172,105,20
173,209,20
173,237,20
175,129,20
175,293,20
175,326,20
184,254,20
188,24,20
191,60,20
209,173,20
209,237,20
222,151,20
222,219,20
224,94,20
234,329,20
236,284,20
237,173,20
237,209,20
241,33,20
241,293,20
263,313,20
284,236,20
284,267,20
289,308,20
293,241,20
294,67,20
294,95,20
308,289,20
313,263,20
317,130,20
326,129,20
326,175,20
329,60,20
329,103,20
329,234,20
335,212,20
342,50,20
343,58,20
8,63,21
8,155,21
24,20,21
39,142,21
54,155,21
60,191,21
60,329,21
63,8,21
63,155,21
67,95,21
73,252,21
75,98,21
81,245,21
85,96,21
92,278,21
95,67,21
95,294,21
96,85,21
98,75,21
114,218,21
114,241,21
116,133,21
116,270,21
119,285,21
120,270,21
122,253,21
129,293,21
129,326,21
139,253,21
142,39,21
151,219,21
151,222,21
155,8,21
155,54,21
155,63,21
173,209,21
173,237,21
182,219,21
182,222,21
209,173,21
210,314,21
218,114,21
219,151,21
219,182,21
219,222,21
222,151,21
222,182,21
222,219,21
237,173,21
241,114,21
241,293,21
245,81,21
250,267,21
253,122,21
253,139,21
263,344,21
267,250,21
270,120,21
278,92,21
285,119,21
293,129,21
293,241,21
314,210,21
326,129,21
326,175,21
329,60,21
329,234,21
335,257,21
344,263,21
1,161,22
8,54,22
8,63,22
8,155,22
12,93,22
17,322,22
20,273,22
23,83,22
31,103,22
54,8,22
56,288,22
59,217,22
60,191,22
63,8,22
63,155,22
67,167,22
78,184,22
83,23,22
91,176,22
93,12,22
95,67,22
103,31,22
103,191,22
114,218,22
114,241,22
116,133,22
128,217,22
129,175,22
130,206,22
151,219,22
151,222,22
155,8,22
155,63,22
160,234,22
161,1,22
167,67,22
175,129,22
176,91,22
178,279,22
182,219,22
184,78,22
191,103,22
206,317,22
217,59,22
217,128,22
219,151,22
219,182,22
219,222,22
222,151,22
222,219,22
234,160,22
234,329,22
241,114,22
248,298,22
267,284,22
268,277,22
277,268,22
279,178,22
285,287,22
288,56,22
293,326,22
298,248,22
317,206,22
322,17,22
326,293,22
3,77,23
7,288,23
8,63,23
17,177,23
17,322,23
22,107,23
24,273,23
25,198,23
29,225,23
33,15,23
54,155,23
57,146,23
59,128,23
59,217,23
60,234,23
60,329,23
63,8,23
67,95,23
67,294,23
77,3,23
91,313,23
99,236,23
103,31,23
103,191,23
104,341,23
107,22,23
114,218,23
114,241,23
115,192,23
116,120,23
116,133,23
119,131,23
120,116,23
120,133,23
122,139,23
127,285,23
127,287,23
128,59,23
130,317,23
132,169,23
133,120,23
139,122,23
146,57,23
151,182,23
155,54,23
169,132,23
173,209,23
173,237,23
177,17,23
177,322,23
182,151,23
192,46,23
192,115,23
197,202,23
198,25,23
202,197,23
204,271,23
217,59,23
218,293,23
225,29,23
229,338,23
234,60,23
234,329,23
236,99,23
268,306,23
271,204,23
273,24,23
277,87,23
285,127,23
285,287,23
287,127,23
287,285,23
288,7,23
288,56,23
293,218,23
294,67,23
306,268,23
313,91,23
317,130,23
317,206,23
322,177,23
329,60,23
329,234,23
338,229,23
11,279,24
17,177,24
34,101,24
62,162,24
67,95,24
67,167,24
72,225,24
74,342,24
81,114,24
81,241,24
91,176,24
101,34,24
114,81,24
114,241,24
116,120,24
116,133,24
120,116,24
120,133,24
122,136,24
122,139,24
123,221,24
133,116,24
133,120,24
134,251,24
135,172,24
136,122,24
151,222,24
155,156,24
156,155,24
157,264,24
162,62,24
163,237,24
172,135,24
173,209,24
177,17,24
182,309,24
182,340,24
184,334,24
192,46,24
205,248,24
207,264,24
218,326,24
221,123,24
222,151,24
225,72,24
237,163,24
241,81,24
241,114,24
248,205,24
251,134,24
264,157,24
264,207,24
267,250,24
279,11,24
279,178,24
287,127,24
309,182,24
309,340,24
326,218,24
334,184,24
340,182,24
340,309,24
342,74,24
12,36,25
16,254,25
29,72,25
29,225,25
32,118,25
48,71,25
48,197,25
60,191,25
60,329,25
70,104,25
71,48,25
72,29,25
72,225,25
72,300,25
79,329,25
104,70,25
114,245,25
116,120,25
118,32,25
120,116,25
120,133,25
122,136,25
135,269,25
136,139,25
139,136,25
151,340,25
152,284,25
157,207,25
177,322,25
182,309,25
182,340,25
191,60,25
197,48,25
206,215,25
207,157,25
207,264,25
215,206,25
218,293,25
225,29,25
225,72,25
241,245,25
245,114,25
245,241,25
254,16,25
279,11,25
279,178,25
284,152,25
289,313,25
300,72,25
309,182,25
313,289,25
329,60,25
329,79,25
340,151,25
340,182,25
6,87,26
22,255,26
25,223,26
37,194,26
52,201,26
60,79,26
60,103,26
65,117,26
70,341,26
71,197,26
74,189,26
79,60,26
79,329,26
87,6,26
87,277,26
96,318,26
103,60,26
114,241,26
114,326,26
116,133,26
117,65,26
120,116,26
120,133,26
120,270,26
129,293,26
133,116,26
133,120,26
133,270,26
151,219,26
151,340,26
182,309,26
194,37,26
197,71,26
197,202,26
201,52,26
207,157,26
219,151,26
219,222,26
222,219,26
223,25,26
225,29,26
225,300,26
236,267,26
241,114,26
241,326,26
255,22,26
267,236,26
270,133,26
287,285,26
293,129,26
293,218,26
300,225,26
314,235,26
318,96,26
326,114,26
326,241,26
340,151,26
341,70,26
11,178,27
14,236,27
14,267,27
15,218,27
24,279,27
31,171,27
33,244,27
43,307,27
47,122,27
48,71,27
52,105,27
60,79,27
60,191,27
70,295,27
71,48,27
71,197,27
73,154,27
79,60,27
79,329,27
105,52,27
116,120,27
116,133,27
120,116,27
122,47,27
131,285,27
133,116,27
154,73,27
171,31,27
176,313,27
178,11,27
197,71,27
207,264,27
218,15,27
236,14,27
236,267,27
241,81,27
244,33,27
267,14,27
267,236,27
268,277,27
277,268,27
279,24,27
285,131,27
293,129,27
295,70,27
300,72,27
307,43,27
313,176,27
318,333,27
326,114,27
333,318,27
5,91,28
24,273,28
47,168,28
60,79,28
67,294,28
70,341,28
71,48,28
72,225,28
74,342,28
77,213,28
79,60,28
79,191,28
81,326,28
91,5,28
91,92,28
92,91,28
95,167,28
96,85,28
104,341,28
107,255,28
114,245,28
116,270,28
131,119,28
131,285,28
133,270,28
152,236,28
152,267,28
159,238,28
163,173,28
167,95,28
173,163,28
178,279,28
191,79,28
196,254,28
197,202,28
207,157,28
207,264,28
213,77,28
218,326,28
225,72,28
236,152,28
238,159,28
241,326,28
245,114,28
254,196,28
255,107,28
267,152,28
270,116,28
270,133,28
277,87,28
279,178,28
326,81,28
326,218,28
326,241,28
341,104,28
11,279,29
17,322,29
37,249,29
45,311,29
73,253,29
74,189,29
81,218,29
81,326,29
92,278,29
97,262,29
98,316,29
103,191,29
116,133,29
119,285,29
129,218,29
131,119,29
131,285,29
133,116,29
152,236,29
152,267,29
157,264,29
183,19,29
191,103,29
194,249,29
199,332,29
213,61,29
218,81,29
218,129,29
249,37,29
249,194,29
251,252,29
252,251,29
253,73,29
262,97,29
264,157,29
279,11,29
279,178,29
285,119,29
285,131,29
311,45,29
322,17,29
326,81,29
326,241,29
332,199,29
14,198,30
16,184,30
22,107,30
24,188,30
39,225,30
52,226,30
66,113,30
67,95,30
67,294,30
73,154,30
73,253,30
79,103,30
84,126,30
86,305,30
91,313,30
95,67,30
96,318,30
96,333,30
103,79,30
107,22,30
113,66,30
119,131,30
126,84,30
129,326,30
131,119,30
133,270,30
142,197,30
142,202,30
144,272,30
152,236,30
152,267,30
154,253,30
157,207,30
165,180,30
180,165,30
184,16,30
197,142,30
197,202,30
198,14,30
202,142,30
202,197,30
207,157,30
209,237,30
218,326,30
225,39,30
226,52,30
234,160,30
236,267,30
237,209,30
249,37,30
249,194,30
253,154,30
264,319,30
267,236,30
272,144,30
305,86,30
313,91,30
314,210,30
318,96,30
318,333,30
319,264,30
326,129,30
326,218,30
333,96,30
333,318,30
4,113,31
5,313,31
10,46,31
15,244,31
37,194,31
37,249,31
39,72,31
46,10,31
58,317,31
59,65,31
65,59,31
67,95,31
71,142,31
72,39,31
77,168,31
91,5,31
91,313,31
95,294,31
98,156,31
99,266,31
101,137,31
103,191,31
113,4,31
118,300,31
129,293,31
133,116,31
137,101,31
139,154,31
142,71,31
142,202,31
154,139,31
156,98,31
156,302,31
168,77,31
194,37,31
202,142,31
230,232,31
232,230,31
244,15,31
249,37,31
266,99,31
289,308,31
294,95,31
300,118,31
302,156,31
313,5,31
313,91,31
317,58,31
15,326,32
19,317,32
24,273,32
27,135,32
33,116,32
66,239,32
67,294,32
77,328,32
87,268,32
87,277,32
91,92,32
92,91,32
98,302,32
103,79,32
108,230,32
116,33,32
116,133,32
134,252,32
135,27,32
138,158,32
142,71,32
155,310,32
157,264,32
158,138,32
192,246,32
194,249,32
216,266,32
230,108,32
230,232,32
239,66,32
249,194,32
252,134,32
264,157,32
266,216,32
268,87,32
294,67,32
302,98,32
310,155,32
313,5,32
317,19,32
326,15,32
328,77,32
341,70,32
342,50,32
5,92,33
8,54,33
8,63,33
14,236,33
22,255,33
54,8,33
58,343,33
63,141,33
70,104,33
70,341,33
77,168,33
88,119,33
92,5,33
92,91,33
95,167,33
100,26,33
101,34,33
104,70,33
104,341,33
110,130,33
116,33,33
119,88,33
130,110,33
139,253,33
141,63,33
145,182,33
151,222,33
152,284,33
160,329,33
166,283,33
175,340,33
179,300,33
182,145,33
184,334,33
201,269,33
222,151,33
225,29,33
230,108,33
232,239,33
236,14,33
239,232,33
252,251,33
253,139,33
255,22,33
269,201,33
283,166,33
300,179,33
302,156,33
326,218,33
329,160,33
340,175,33
341,104,33
4,111,34
5,91,34
5,92,34
6,241,34
12,93,34
15,218,34
15,326,34
25,247,34
33,133,34
41,186,34
70,104,34
70,295,34
70,341,34
72,225,34
91,5,34
92,5,34
97,181,34
104,70,34
104,341,34
105,203,34
105,280,34
111,4,34
118,32,34
131,285,34
133,33,34
140,276,34
151,309,34
153,251,34
153,252,34
170,327,34
181,97,34
182,219,34
186,41,34
203,105,34
206,317,34
218,15,34
218,326,34
219,182,34
222,309,34
225,72,34
231,282,34
241,6,34
247,25,34
251,153,34
251,252,34
252,153,34
252,251,34
257,290,34
259,339,34
276,140,34
280,105,34
282,231,34
290,257,34
309,151,34
309,222,34
317,206,34
322,177,34
326,15,34
326,218,34
327,170,34
341,70,34
341,104,34
4,113,35
6,114,35
8,141,35
10,188,35
32,179,35
39,202,35
48,183,35
60,103,35
63,8,35
63,141,35
85,318,35
86,303,35
92,313,35
96,318,35
103,60,35
114,6,35
123,166,35
141,8,35
141,63,35
145,222,35
166,123,35
166,221,35
172,269,35
179,32,35
179,300,35
183,48,35
185,332,35
188,10,35
202,39,35
203,280,35
221,166,35
222,145,35
236,267,35
252,153,35
259,21,35
259,339,35
269,172,35
280,203,35
309,151,35
313,92,35
313,176,35
318,85,35
318,96,35
332,185,35
341,70,35
341,104,35
3,168,36
8,63,36
10,164,36
11,178,36
14,161,36
26,303,36
32,118,36
33,120,36
60,234,36
60,329,36
63,8,36
63,141,36
70,295,36
72,202,36
83,248,36
101,264,36
103,79,36
112,229,36
120,33,36
134,153,36
136,154,36
137,157,36
137,207,36
137,264,36
140,238,36
140,276,36
153,134,36
153,252,36
154,136,36
157,137,36
157,207,36
161,14,36
162,183,36
164,10,36
168,3,36
175,218,36
175,340,36
177,251,36
178,11,36
183,162,36
202,72,36
207,137,36
207,157,36
207,264,36
218,175,36
229,112,36
229,338,36
234,60,36
234,329,36
238,140,36
239,66,36
248,83,36
251,177,36
264,101,36
264,137,36
264,207,36
303,26,36
310,336,36
313,92,36
318,85,36
325,334,36
329,60,36
329,234,36
334,325,36
5,176,37
8,84,37
21,339,37
36,93,37
48,71,37
60,234,37
71,48,37
75,323,37
81,241,37
84,8,37
93,36,37
101,34,37
112,338,37
116,244,37
136,253,37
137,207,37
137,264,37
153,134,37
157,264,37
168,47,37
175,218,37
176,5,37
176,313,37
184,78,37
206,215,37
207,137,37
218,340,37
224,233,37
233,224,37
234,60,37
238,159,37
241,81,37
244,116,37
253,136,37
264,137,37
264,157,37
293,309,37
309,293,37
313,176,37
323,75,37
338,112,37
339,21,37
340,218,37
8,63,38
8,141,38
23,74,38
54,155,38
62,183,38
63,8,38
63,141,38
74,23,38
91,92,38
92,91,38
103,234,38
103,329,38
104,295,38
104,341,38
108,232,38
134,252,38
136,139,38
136,253,38
137,157,38
137,264,38
139,136,38
139,253,38
141,8,38
141,63,38
145,151,38
151,145,38
153,177,38
155,54,38
157,137,38
157,207,38
157,264,38
177,153,38
177,251,38
183,62,38
183,162,38
187,231,38
188,273,38
207,157,38
218,175,38
218,340,38
231,187,38
232,108,38
234,103,38
234,329,38
252,134,38
253,139,38
264,137,38
264,157,38
273,188,38
295,104,38
295,341,38
329,103,38
329,234,38
341,295,38
7,304,39
8,63,39
8,141,39
19,343,39
41,128,39
62,162,39
62,183,39
63,8,39
63,141,39
71,210,39
85,135,39
88,200,39
90,330,39
103,234,39
103,329,39
104,295,39
104,341,39
128,41,39
135,85,39
141,8,39
141,63,39
153,251,39
157,207,39
162,62,39
173,237,39
183,62,39
192,260,39
200,88,39
210,71,39
218,175,39
224,296,39
231,282,39
234,60,39
234,103,39
234,329,39
237,173,39
251,153,39
253,136,39
260,192,39
264,319,39
295,104,39
296,224,39
304,7,39
316,323,39
318,96,39
323,316,39
329,103,39
329,234,39
330,90,39
341,104,39
343,19,39
8,63,40
32,300,40
37,281,40
37,337,40
40,176,40
43,320,40
46,273,40
47,122,40
52,85,40
52,135,40
62,162,40
63,8,40
63,141,40
85,52,40
85,135,40
103,234,40
104,295,40
104,341,40
128,186,40
135,52,40
135,85,40
142,202,40
145,222,40
151,222,40
153,188,40
153,251,40
162,183,40
168,77,40
176,40,40
183,162,40
186,128,40
187,282,40
188,153,40
202,142,40
207,319,40
222,151,40
231,187,40
231,282,40
234,60,40
234,103,40
258,315,40
273,46,40
281,37,40
282,187,40
282,231,40
300,32,40
305,311,40
311,305,40
315,258,40
319,207,40
320,43,40
323,75,40
337,37,40
8,84,41
17,177,41
40,313,41
52,85,41
52,135,41
58,206,41
60,191,41
60,234,41
61,77,41
61,213,41
65,217,41
71,291,41
77,61,41
77,213,41
85,52,41
93,223,41
103,329,41
105,203,41
106,321,41
115,324,41
135,52,41
151,182,41
151,222,41
167,279,41
177,17,41
182,151,41
183,343,41
186,229,41
188,251,41
191,60,41
191,234,41
199,312,41
203,105,41
206,58,41
213,77,41
217,65,41
223,93,41
229,186,41
234,60,41
234,191,41
236,284,41
237,209,41
251,188,41
278,328,41
279,167,41
281,337,41
284,236,41
291,71,41
312,199,41
313,40,41
321,106,41
324,115,41
328,278,41
329,103,41
337,281,41
343,183,41
15,129,42
21,259,42
21,339,42
24,164,42
34,137,42
36,223,42
41,186,42
52,85,42
52,135,42
57,89,42
59,217,42
60,191,42
60,234,42
71,210,42
79,171,42
89,57,42
104,295,42
120,222,42
129,15,42
132,317,42
137,34,42
151,182,42
153,188,42
157,264,42
159,240,42
163,237,42
164,24,42
171,79,42
173,209,42
173,237,42
180,243,42
186,41,42
186,195,42
187,231,42
188,153,42
188,251,42
191,60,42
191,234,42
195,186,42
206,215,42
209,173,42
217,59,42
217,65,42
222,120,42
223,36,42
223,93,42
231,187,42
234,60,42
234,191,42
234,329,42
237,163,42
237,173,42
240,159,42
243,180,42
248,205,42
259,21,42
259,339,42
264,157,42
313,344,42
317,132,42
329,234,42
339,259,42
343,19,42
344,313,42
36,93,43
40,176,43
52,85,43
52,96,43
58,132,43
69,109,43
73,154,43
93,36,43
93,223,43
96,52,43
96,318,43
109,69,43
110,169,43
116,133,43
126,147,43
132,58,43
132,317,43
133,116,43
137,264,43
147,126,43
154,73,43
155,302,43
159,238,43
159,240,43
161,250,43
162,197,43
169,110,43
173,209,43
186,41,43
186,195,43
188,153,43
191,329,43
197,162,43
234,191,43
234,329,43
237,163,43
238,240,43
240,238,43
250,161,43
262,297,43
264,137,43
264,157,43
297,262,43
302,155,43
329,191,43
329,234,43
337,37,43
344,263,43
344,313,43
4,324,44
8,54,44
8,84,44
16,334,44
28,324,44
41,195,44
54,8,44
58,317,44
81,150,44
81,241,44
85,135,44
93,36,44
127,285,44
129,218,44
132,58,44
135,85,44
150,81,44
153,251,44
154,253,44
159,238,44
175,244,44
177,322,44
195,41,44
195,338,44
213,61,44
218,129,44
222,309,44
234,60,44
238,159,44
244,175,44
251,153,44
253,154,44
285,127,44
285,287,44
309,222,44
317,58,44
324,4,44
324,28,44
329,191,44
334,16,44
338,195,44
344,263,44
344,313,44
8,54,45
16,78,45
33,244,45
53,86,45
54,84,45
56,203,45
77,168,45
78,16,45
81,150,45
84,54,45
86,53,45
93,107,45
93,223,45
107,93,45
118,225,45
142,162,45
152,231,45
162,142,45
171,31,45
203,56,45
222,145,45
222,309,45
225,118,45
226,333,45
231,152,45
244,33,45
244,175,45
293,340,45
308,313,45
308,344,45
313,308,45
313,344,45
324,4,45
333,226,45
340,293,45
344,263,45
344,308,45
344,313,45
1,60,46
9,188,46
10,46,46
17,153,46
20,123,46
29,179,46
36,107,46
37,249,46
46,10,46
52,135,46
53,303,46
54,8,46
60,1,46
62,183,46
76,84,46
84,76,46
101,137,46
107,36,46
123,20,46
135,52,46
137,101,46
142,202,46
145,309,46
149,201,46
150,241,46
153,17,46
153,251,46
175,326,46
179,29,46
183,62,46
188,9,46
201,149,46
212,233,46
213,278,46
233,212,46
234,329,46
241,150,46
249,37,46
278,213,46
285,127,46
303,53,46
309,145,46
326,175,46
329,234,46
344,263,46
15,150,47
17,322,47
19,215,47
19,343,47
36,93,47
36,255,47
37,337,47
51,125,47
53,86,47
53,303,47
74,336,47
87,245,47
93,36,47
93,107,47
93,223,47
107,93,47
107,223,47
115,232,47
117,319,47
121,208,47
125,51,47
130,169,47
133,270,47
150,15,47
150,241,47
153,17,47
153,251,47
162,202,47
169,130,47
186,338,47
192,246,47
195,186,47
201,269,47
202,162,47
208,121,47
213,61,47
215,19,47
215,206,47
215,343,47
218,326,47
223,107,47
226,318,47
226,333,47
228,276,47
232,115,47
244,33,47
245,87,47
249,337,47
255,36,47
261,265,47
265,261,47
269,201,47
276,228,47
308,289,47
318,226,47
318,333,47
319,117,47
322,17,47
322,177,47
326,218,47
333,318,47
336,74,47
337,249,47
338,186,47
343,215,47
4,260,48
15,241,48
22,99,48
36,93,48
36,255,48
52,85,48
64,261,48
64,265,48
71,291,48
77,213,48
84,124,48
85,52,48
93,36,48
93,255,48
96,268,48
99,22,48
124,84,48
142,162,48
142,202,48
145,182,48
145,309,48
150,15,48
162,142,48
171,79,48
179,225,48
182,145,48
191,234,48
193,274,48
195,338,48
198,247,48
201,149,48
201,269,48
202,142,48
213,77,48
218,244,48
218,326,48
225,179,48
226,318,48
226,333,48
231,187,48
234,191,48
241,15,48
244,218,48
247,198,48
255,93,48
260,4,48
261,64,48
261,265,48
265,64,48
265,261,48
268,96,48
274,193,48
289,313,48
303,26,48
313,289,48
318,226,48
318,333,48
322,17,48
333,226,48
333,318,48
334,325,48
337,37,48
338,195,48
1,161,49
4,113,49
5,92,49
8,84,49
8,124,49
41,338,49
50,75,49
54,155,49
57,131,49
59,65,49
65,59,49
75,50,49
84,8,49
84,76,49
85,135,49
92,5,49
100,331,49
124,8,49
131,57,49
135,85,49
142,162,49
145,151,49
145,182,49
151,145,49
155,54,49
157,319,49
161,1,49
201,149,49
201,269,49
218,244,49
218,326,49
221,288,49
222,293,49
244,33,49
244,218,49
255,36,49
255,93,49
288,221,49
293,222,49
308,313,49
310,342,49
313,308,49
319,157,49
331,100,49
333,226,49
333,318,49
338,41,49
342,310,49
8,84,50
33,116,50
60,250,50
84,8,50
84,76,50
85,52,50
99,320,50
108,154,50
109,315,50
116,33,50
116,244,50
119,131,50
131,119,50
142,202,50
149,269,50
152,187,50
154,108,50
157,264,50
161,250,50
187,152,50
188,251,50
213,61,50
213,77,50
213,301,50
223,255,50
244,116,50
250,60,50
250,161,50
251,188,50
255,36,50
255,93,50
255,223,50
259,287,50
269,149,50
269,201,50
287,259,50
301,213,50
308,328,50
315,109,50
319,207,50
320,99,50
323,327,50
327,323,50
328,308,50
333,226,50
9,11,51
11,9,51
19,215,51
33,244,51
36,93,51
36,255,51
38,170,51
48,210,51
61,77,51
72,225,51
77,61,51
78,334,51
81,90,51
84,8,51
90,81,51
93,36,51
130,330,51
149,172,51
149,269,51
153,322,51
161,329,51
170,38,51
172,149,51
179,29,51
210,48,51
215,19,51
217,235,51
221,166,51
225,72,51
235,217,51
244,33,51
244,326,51
250,60,51
250,161,51
250,329,51
255,36,51
269,149,51
303,53,51
322,153,51
326,244,51
329,161,51
329,250,51
330,130,51
334,78,51
336,342,51
342,336,51
13,256,52
15,81,52
19,206,52
27,85,52
36,93,52
49,281,52
81,15,52
85,27,52
106,312,52
106,321,52
120,219,52
129,241,52
145,309,52
149,172,52
149,269,52
166,288,52
206,19,52
219,120,52
222,340,52
238,276,52
241,129,52
253,139,52
255,223,52
256,13,52
260,324,52
276,238,52
277,283,52
281,49,52
283,277,52
288,166,52
295,70,52
312,106,52
324,260,52
329,161,52
329,250,52
340,222,52
4,115,53
19,215,53
24,46,53
41,128,53
45,65,53
46,24,53
47,168,53
56,105,53
61,213,53
65,45,53
68,193,53
68,274,53
73,252,53
77,213,53
78,325,53
81,241,53
105,56,53
113,115,53
114,268,53
115,4,53
115,113,53
128,41,53
134,251,53
149,172,53
164,178,53
166,221,53
166,288,53
168,47,53
178,164,53
186,195,53
188,322,53
193,68,53
195,186,53
213,61,53
213,77,53
218,244,53
226,318,53
226,333,53
241,81,53
241,129,53
244,218,53
251,134,53
252,73,53
268,114,53
274,68,53
318,226,53
322,188,53
324,28,53
325,78,53
41,229,54
68,193,54
81,15,54
81,129,54
84,141,54
104,341,54
106,312,54
117,207,54
129,81,54
132,215,54
134,153,54
134,251,54
141,84,54
151,182,54
153,134,54
153,322,54
169,271,54
182,151,54
186,338,54
193,274,54
195,338,54
197,202,54
202,197,54
207,117,54
215,132,54
222,293,54
229,41,54
265,64,54
268,96,54
271,169,54
271,204,54
274,193,54
278,301,54
301,278,54
313,328,54
322,153,54
324,260,54
325,334,54
328,313,54
334,325,54
338,186,54
338,195,54
1,234,55
35,173,55
36,99,55
47,77,55
47,168,55
52,135,55
61,278,55
62,197,55
65,59,55
77,47,55
77,168,55
78,334,55
80,156,55
96,114,55
99,36,55
99,107,55
107,99,55
114,96,55
114,268,55
115,4,55
129,241,55
134,322,55
135,52,55
156,80,55
157,319,55
164,167,55
166,221,55
166,288,55
167,164,55
168,77,55
169,204,55
173,35,55
186,195,55
194,336,55
195,186,55
195,338,55
197,62,55
197,202,55
204,169,55
215,19,55
221,288,55
234,1,55
238,159,55
268,114,55
278,61,55
278,301,55
288,221,55
317,343,55
319,157,55
322,17,55
322,134,55
325,78,55
325,334,55
334,78,55
334,325,55
336,194,55
343,317,55
3,136,56
26,53,56
40,308,56
52,333,56
53,26,56
65,45,56
74,194,56
78,325,56
81,241,56
96,268,56
99,320,56
107,320,56
122,136,56
129,150,56
129,241,56
130,204,56
136,3,56
136,122,56
137,34,56
149,298,56
150,129,56
150,241,56
168,47,56
169,110,56
169,204,56
172,269,56
183,210,56
193,68,56
194,74,56
195,186,56
197,62,56
204,130,56
204,169,56
210,183,56
215,132,56
241,81,56
241,129,56
241,150,56
268,96,56
269,172,56
298,149,56
308,40,56
320,107,56
325,78,56
333,52,56
338,112,56
14,267,57
43,307,57
61,213,57
73,253,57
74,342,57
92,91,57
95,256,57
96,114,57
99,107,57
107,99,57
114,96,57
129,150,57
129,241,57
146,173,57
150,129,57
150,241,57
157,264,57
157,319,57
159,240,57
161,250,57
173,146,57
177,252,57
182,309,57
188,251,57
193,274,57
213,61,57
218,326,57
240,159,57
241,129,57
241,150,57
250,60,57
250,161,57
251,188,57
251,273,57
252,177,57
253,73,57
256,95,57
264,319,57
267,14,57
273,251,57
295,341,57
297,334,57
309,182,57
319,264,57
322,17,57
326,218,57
334,297,57
341,295,57
342,74,57
3,122,58
4,113,58
23,37,58
33,219,58
34,101,58
37,23,58
43,337,58
45,59,58
59,45,58
59,65,58
61,301,58
65,59,58
72,202,58
84,8,58
96,268,58
100,129,58
101,34,58
113,4,58
122,3,58
129,100,58
129,150,58
130,169,58
150,129,58
157,264,58
157,319,58
159,238,58
169,130,58
169,204,58
172,201,58
188,273,58
201,172,58
202,72,58
219,33,58
241,81,58
251,188,58
251,273,58
264,157,58
264,319,58
273,188,58
273,251,58
288,166,58
289,328,58
297,262,58
297,334,58
301,61,58
313,289,58
313,328,58
319,157,58
319,264,58
328,289,58
328,313,58
330,340,58
337,43,58
340,330,58
19,206,59
22,320,59
40,263,59
41,195,59
41,229,59
61,213,59
61,301,59
157,264,59
169,271,59
195,41,59
204,271,59
263,40,59
264,157,59
264,319,59
271,169,59
271,204,59
273,188,59
273,251,59
289,313,59
289,328,59
297,262,59
297,334,59
302,98,59
307,337,59
313,289,59
313,328,59
320,22,59
328,289,59
328,313,59
337,307,59
8,126,60
29,39,60
29,179,60
37,101,60
39,29,60
39,179,60
41,112,60
41,229,60
43,307,60
45,128,60
101,37,60
112,41,60
123,221,60
126,8,60
128,45,60
129,331,60
134,177,60
150,331,60
152,231,60
169,204,60
177,134,60
179,39,60
198,216,60
204,169,60
216,198,60
221,123,60
231,152,60
256,13,60
262,334,60
297,262,60
297,334,60
307,43,60
331,129,60
331,150,60
334,262,60
334,297,60
3,136,61
4,111,61
5,91,61
17,134,61
23,101,61
30,339,61
31,79,61
37,23,61
38,323,61
52,280,61
56,203,61
75,199,61
79,31,61
91,5,61
101,23,61
112,195,61
124,141,61
129,150,61
129,241,61
134,17,61
135,333,61
136,3,61
140,257,61
141,124,61
150,129,61
150,331,61
153,177,61
173,35,61
177,153,61
177,252,61
183,343,61
184,292,61
188,251,61
195,112,61
199,75,61
229,338,61
241,129,61
251,188,61
257,140,61
280,52,61
292,184,61
301,278,61
323,38,61
325,334,61
333,135,61
334,325,61
338,229,61
339,30,61
343,183,61
4,192,62
28,232,62
40,344,62
45,59,62
59,45,62
61,213,62
61,301,62
66,230,62
112,229,62
120,182,62
133,175,62
142,210,62
157,319,62
166,283,62
166,288,62
175,133,62
177,153,62
182,120,62
185,316,62
192,4,62
195,229,62
210,142,62
229,112,62
229,195,62
230,66,62
232,28,62
236,266,62
236,284,62
241,326,62
263,328,62
266,236,62
266,284,62
283,166,62
283,288,62
284,266,62
288,283,62
301,61,62
316,185,62
319,157,62
326,241,62
328,263,62
343,317,62
344,40,62
23,34,63
23,37,63
33,145,63
34,23,63
75,50,63
81,222,63
99,198,63
112,338,63
130,271,63
132,317,63
145,33,63
153,252,63
157,264,63
157,319,63
177,252,63
183,206,63
183,343,63
198,99,63
206,183,63
213,301,63
217,311,63
219,293,63
222,81,63
241,331,63
252,153,63
252,177,63
264,157,63
271,130,63
276,228,63
284,236,63
284,266,63
293,219,63
301,213,63
311,217,63
317,132,63
331,241,63
338,112,63
343,183,63
17,251,64
23,34,64
37,101,64
40,263,64
48,142,64
57,146,64
63,155,64
67,95,64
81,129,64
81,222,64
95,67,64
101,37,64
110,204,64
118,300,64
129,81,64
142,48,64
142,210,64
146,57,64
147,158,64
148,334,64
149,172,64
155,63,64
157,264,64
158,147,64
172,149,64
204,110,64
217,235,64
217,311,64
229,41,64
245,277,64
251,17,64
263,40,64
277,245,64
300,118,64
307,337,64
316,327,64
327,316,64
328,344,64
331,150,64
334,148,64
337,249,64
337,307,64
344,328,64
29,162,65
42,248,65
50,98,65
78,297,65
81,129,65
89,181,65
98,50,65
107,198,65
112,195,65
121,335,65
134,322,65
137,336,65
153,251,65
161,329,65
162,29,65
166,283,65
181,89,65
183,317,65
195,112,65
198,107,65
206,19,65
217,235,65
241,326,65
248,42,65
251,153,65
283,166,65
297,78,65
300,32,65
317,183,65
322,134,65
326,331,65
329,161,65
331,326,65
335,121,65
336,137,65
337,249,65
337,307,65
17,153,66
17,251,66
23,37,66
30,259,66
34,336,66
37,23,66
56,105,66
60,103,66
74,194,66
81,293,66
84,124,66
103,60,66
111,239,66
124,84,66
132,206,66
149,201,66
153,17,66
153,251,66
155,54,66
169,271,66
198,99,66
201,149,66
206,132,66
235,311,66
239,111,66
251,17,66
251,153,66
259,30,66
271,169,66
277,283,66
283,277,66
284,236,66
293,81,66
311,235,66
316,185,66
334,325,66
336,34,66
336,137,66
337,249,66
337,307,66
23,101,67
27,333,67
29,179,67
34,137,67
40,328,67
47,77,67
75,199,67
77,47,67
78,334,67
81,222,67
93,12,67
94,233,67
101,23,67
104,147,67
123,20,67
123,221,67
129,326,67
137,34,67
147,104,67
148,181,67
179,29,67
181,148,67
200,308,67
233,94,67
299,337,67
307,43,67
308,200,67
326,129,67
326,331,67
328,40,67
328,313,67
333,27,67
334,78,67
337,249,67
337,299,67
7,10,68
9,167,68
10,7,68
17,153,68
37,137,68
41,338,68
43,299,68
78,297,68
89,148,68
89,181,68
93,223,68
110,271,68
123,20,68
137,37,68
142,197,68
148,89,68
148,181,68
153,17,68
167,9,68
177,251,68
181,89,68
181,148,68
185,199,68
197,142,68
197,210,68
198,216,68
199,185,68
210,197,68
214,265,68
221,279,68
222,293,68
223,93,68
249,299,68
249,337,68
251,177,68
265,214,68
271,110,68
279,221,68
293,222,68
299,43,68
299,249,68
299,337,68
328,40,68
337,249,68
337,299,68
338,41,68
11,167,69
17,188,69
22,107,69
30,339,69
40,313,69
40,328,69
41,229,69
41,338,69
43,307,69
65,235,69
81,129,69
87,318,69
99,320,69
107,22,69
110,204,69
114,268,69
129,81,69
145,309,69
149,269,69
167,11,69
180,190,69
188,17,69
197,142,69
199,75,69
199,185,69
218,244,69
223,255,69
229,338,69
235,65,69
241,331,69
249,299,69
249,337,69
268,114,69
269,149,69
293,326,69
299,249,69
299,307,69
299,337,69
307,299,69
309,145,69
313,40,69
318,87,69
320,99,69
323,327,69
326,293,69
327,323,69
328,289,69
331,241,69
337,249,69
337,299,69
338,229,69
4,113,70
4,192,70
16,196,70
33,151,70
40,313,70
43,249,70
43,299,70
43,307,70
47,213,70
51,319,70
65,305,70
83,205,70
100,326,70
151,33,70
196,16,70
205,83,70
213,47,70
217,311,70
235,305,70
249,43,70
249,299,70
249,307,70
255,320,70
267,284,70
283,288,70
284,267,70
286,325,70
289,344,70
293,222,70
299,43,70
299,249,70
299,307,70
301,278,70
305,65,70
305,235,70
307,43,70
307,249,70
307,299,70
311,217,70
316,323,70
317,343,70
319,51,70
320,255,70
323,316,70
323,327,70
325,286,70
326,100,70
328,344,70
338,41,70
343,317,70
344,289,70
344,328,70
6,241,71
27,135,71
31,250,71
65,235,71
65,305,71
67,279,71
71,314,71
77,213,71
87,306,71
87,318,71
89,148,71
98,310,71
113,192,71
135,27,71
139,252,71
148,89,71
148,181,71
152,187,71
157,319,71
177,253,71
192,113,71
197,62,71
207,264,71
213,77,71
217,235,71
217,305,71
235,65,71
235,217,71
235,305,71
241,6,71
241,331,71
249,299,71
249,307,71
250,31,71
252,139,71
253,177,71
255,223,71
264,207,71
279,67,71
289,328,71
299,249,71
299,307,71
305,65,71
305,217,71
305,235,71
306,87,71
306,318,71
307,43,71
307,249,71
307,299,71
310,98,71
314,71,71
318,306,71
319,157,71
328,289,71
328,344,71
9,322,72
12,223,72
12,320,72
28,115,72
30,259,72
43,249,72
43,307,72
46,273,72
53,90,72
63,124,72
79,250,72
87,306,72
90,53,72
104,258,72
115,28,72
124,63,72
147,341,72
148,89,72
173,285,72
177,251,72
185,323,72
187,261,72
189,342,72
195,338,72
197,142,72
201,333,72
217,235,72
217,305,72
223,12,72
223,255,72
235,217,72
249,43,72
249,307,72
250,79,72
258,104,72
261,187,72
273,46,72
274,287,72
285,173,72
287,274,72
305,217,72
306,87,72
306,318,72
307,43,72
307,249,72
319,51,72
319,157,72
320,12,72
322,9,72
323,185,72
328,289,72
333,201,72
338,195,72
341,147,72
342,189,72
23,336,73
27,52,73
29,162,73
29,179,73
43,249,73
43,299,73
43,307,73
52,27,73
67,221,73
67,279,73
73,177,73
87,318,73
91,92,73
101,336,73
116,151,73
151,116,73
177,73,73
217,235,73
217,305,73
221,67,73
249,43,73
249,299,73
249,307,73
299,43,73
299,249,73
307,43,73
307,249,73
318,87,73
318,306,73
336,23,73
336,101,73
12,93,74
15,330,74
23,101,74
29,162,74
67,221,74
67,279,74
67,288,74
80,242,74
89,297,74
93,12,74
99,216,74
101,23,74
116,133,74
123,288,74
133,116,74
133,175,74
177,251,74
216,99,74
221,288,74
223,320,74
241,6,74
242,80,74
249,299,74
255,320,74
256,294,74
288,67,74
288,123,74
288,221,74
294,256,74
297,89,74
299,337,74
305,65,74
305,217,74
305,311,74
307,43,74
311,305,74
319,51,74
320,223,74
320,255,74
322,134,74
323,327,74
330,15,74
1,31,75
21,131,75
31,1,75
48,62,75
59,217,75
62,48,75
65,311,75
82,136,75
96,318,75
106,325,75
107,216,75
131,21,75
136,82,75
158,138,75
171,191,75
181,97,75
187,152,75
191,171,75
201,269,75
210,291,75
216,107,75
217,59,75
223,255,75
255,223,75
255,320,75
269,201,75
288,123,75
291,210,75
299,249,75
305,65,75
311,65,75
318,96,75
323,316,75
325,106,75
9,11,76
9,167,76
11,9,76
15,293,76
65,305,76
65,311,76
86,132,76
87,306,76
97,148,76
97,181,76
116,151,76
132,86,76
132,206,76
136,3,76
148,97,76
148,181,76
152,266,76
167,9,76
176,308,76
181,148,76
182,219,76
185,316,76
187,261,76
195,112,76
199,316,76
219,182,76
231,282,76
255,223,76
266,152,76
288,67,76
289,344,76
293,15,76
305,311,76
306,87,76
308,176,76
311,305,76
316,185,76
316,199,76
338,41,76
344,289,76
9,11,77
9,167,77
15,222,77
17,253,77
20,288,77
45,217,77
67,294,77
72,179,77
78,262,77
97,148,77
97,181,77
106,312,77
116,175,77
135,268,77
136,82,77
148,97,77
151,175,77
152,187,77
163,174,77
174,163,77
175,116,77
175,151,77
179,72,77
181,97,77
187,152,77
201,333,77
217,45,77
221,283,77
222,15,77
223,320,77
253,17,77
255,320,77
262,78,77
268,135,77
272,309,77
279,294,77
283,221,77
288,20,77
294,67,77
294,279,77
300,118,77
309,272,77
311,65,77
311,305,77
316,185,77
317,58,77
320,223,77
320,255,77
5,230,78
6,326,78
12,32,78
15,330,78
32,12,78
48,183,78
57,321,78
90,132,78
99,198,78
106,325,78
116,133,78
116,175,78
123,221,78
123,283,78
132,90,78
132,206,78
133,116,78
160,234,78
173,35,78
175,116,78
175,151,78
183,48,78
185,323,78
188,322,78
198,99,78
221,123,78
221,283,78
223,255,78
230,5,78
234,160,78
250,329,78
255,223,78
283,123,78
283,221,78
294,67,78
311,65,78
321,57,78
322,188,78
323,185,78
326,6,78
329,250,78
11,167,79
16,334,79
23,74,79
65,305,79
74,23,79
74,194,79
151,33,79
151,175,79
167,11,79
175,116,79
175,151,79
201,269,79
221,288,79
222,293,79
222,330,79
250,79,79
283,288,79
288,221,79
288,283,79
292,304,79
293,222,79
293,330,79
304,292,79
305,65,79
312,325,79
325,312,79
330,222,79
330,293,79
334,16,79
4,111,80
17,188,80
33,175,80
47,61,80
61,47,80
74,23,80
75,332,80
78,334,80
79,329,80
90,215,80
111,4,80
125,319,80
150,241,80
175,33,80
175,116,80
188,17,80
188,322,80
215,90,80
222,293,80
222,330,80
241,150,80
245,288,80
283,123,80
288,245,80
293,222,80
293,330,80
319,125,80
328,344,80
329,79,80
330,15,80
330,222,80
330,293,80
332,75,80
334,78,80
344,328,80
3,122,81
3,136,81
14,22,81
16,78,81
17,177,81
17,188,81
18,119,81
22,14,81
23,194,81
28,192,81
33,116,81
61,213,81
74,194,81
78,16,81
78,334,81
97,148,81
99,255,81
116,33,81
116,175,81
119,18,81
134,177,81
136,3,81
136,82,81
147,158,81
158,147,81
173,237,81
177,17,81
177,134,81
188,17,81
192,28,81
194,23,81
194,74,81
198,223,81
198,255,81
213,61,81
222,293,81
223,198,81
223,255,81
236,282,81
237,173,81
255,99,81
255,198,81
255,223,81
279,288,81
282,236,81
288,279,81
293,222,81
314,338,81
330,15,81
338,314,81
344,289,81
14,216,82
16,262,82
16,334,82
22,216,82
23,74,82
27,135,82
28,115,82
39,300,82
74,23,82
74,194,82
81,326,82
89,106,82
99,337,82
106,89,82
115,192,82
124,141,82
135,27,82
135,268,82
136,3,82
136,82,82
147,341,82
157,201,82
157,269,82
158,341,82
186,229,82
192,115,82
201,157,82
201,269,82
212,335,82
213,77,82
216,14,82
216,22,82
229,186,82
253,322,82
255,198,82
255,223,82
262,16,82
269,157,82
269,201,82
279,294,82
294,279,82
300,39,82
322,253,82
326,81,82
334,16,82
334,78,82
335,212,82
337,99,82
341,158,82
3,122,83
3,136,83
14,22,83
16,78,83
16,334,83
19,183,83
22,14,83
31,250,83
33,175,83
50,156,83
61,301,83
62,197,83
64,214,83
67,288,83
70,208,83
76,126,83
78,16,83
78,262,83
78,334,83
85,201,83
87,123,83
87,283,83
99,223,83
111,239,83
122,136,83
123,87,83
123,283,83
126,76,83
136,3,83
136,122,83
156,50,83
162,314,83
173,35,83
175,33,83
183,19,83
197,62,83
201,85,83
201,269,83
208,70,83
214,64,83
223,99,83
223,255,83
250,31,83
255,198,83
255,223,83
262,78,83
262,334,83
269,157,83
269,201,83
279,288,83
281,299,83
282,299,83
283,87,83
283,123,83
288,67,83
288,279,83
299,281,83
299,282,83
301,61,83
314,162,83
314,338,83
317,343,83
334,16,83
334,78,83
334,262,83
12,93,84
19,132,84
35,237,84
56,203,84
60,234,84
73,134,84
99,198,84
132,19,84
134,73,84
136,82,84
143,287,84
179,202,84
198,99,84
201,333,84
202,179,84
221,277,84
234,60,84
234,160,84
236,284,84
237,35,84
249,307,84
260,273,84
269,157,84
269,201,84
273,260,84
277,221,84
283,87,84
283,123,84
284,236,84
286,297,84
287,143,84
297,286,84
299,281,84
307,249,84
19,183,85
35,173,85
38,185,85
40,344,85
48,58,85
49,69,85
58,48,85
67,279,85
69,49,85
99,223,85
106,312,85
113,246,85
128,235,85
135,318,85
151,182,85
158,138,85
179,72,85
182,151,85
182,219,85
185,38,85
223,99,85
234,60,85
235,128,85
246,113,85
250,329,85
255,337,85
279,67,85
288,245,85
299,282,85
312,106,85
318,135,85
329,250,85
334,16,85
334,262,85
337,255,85
344,40,85
344,289,85
16,196,86
47,213,86
61,213,86
79,267,86
86,206,86
115,28,86
129,222,86
134,177,86
164,304,86
168,278,86
176,313,86
186,198,86
197,142,86
198,186,86
206,86,86
213,47,86
213,61,86
222,129,86
223,255,86
255,223,86
255,337,86
267,79,86
277,283,86
278,168,86
283,277,86
293,326,86
299,281,86
304,164,86
312,325,86
313,176,86
326,293,86
344,40,86
37,83,87
40,289,87
51,269,87
69,231,87
74,23,87
78,262,87
78,334,87
83,37,87
90,132,87
99,198,87
120,145,87
132,90,87
145,120,87
170,325,87
175,116,87
195,314,87
198,99,87
201,85,87
201,333,87
231,69,87
251,253,87
253,251,87
255,223,87
262,78,87
262,334,87
269,51,87
277,221,87
277,283,87
283,123,87
283,277,87
289,40,87
314,195,87
325,170,87
334,78,87
334,262,87
16,78,88
16,334,88
35,237,88
43,336,88
48,343,88
78,16,88
78,262,88
95,256,88
116,133,88
116,175,88
126,258,88
134,73,88
134,177,88
142,179,88
142,197,88
153,260,88
179,142,88
182,151,88
201,85,88
201,333,88
211,315,88
241,306,88
256,95,88
258,126,88
260,153,88
262,78,88
282,284,88
283,123,88
284,282,88
306,241,88
315,211,88
326,81,88
334,16,88
336,43,88
343,48,88
6,129,89
16,196,89
16,334,89
22,107,89
51,85,89
51,201,89
57,119,89
85,51,89
86,215,89
97,321,89
100,293,89
101,336,89
104,295,89
107,22,89
108,278,89
116,133,89
119,57,89
129,6,89
129,222,89
132,317,89
142,179,89
142,197,89
147,208,89
149,226,89
157,333,89
201,51,89
201,269,89
208,147,89
215,86,89
226,149,89
232,251,89
241,150,89
251,232,89
251,253,89
269,201,89
271,340,89
278,108,89
278,168,89
284,236,89
293,100,89
295,104,89
317,132,89
321,97,89
333,157,89
336,101,89
338,41,89
340,271,89
6,222,90
10,273,90
11,46,90
16,196,90
23,194,90
46,11,90
51,85,90
63,76,90
76,63,90
88,148,90
93,186,90
119,18,90
129,6,90
129,222,90
131,339,90
134,253,90
142,179,90
147,158,90
147,208,90
148,88,90
158,147,90
158,208,90
167,188,90
186,93,90
188,167,90
194,23,90
197,62,90
208,158,90
217,59,90
222,6,90
222,129,90
253,134,90
253,251,90
273,10,90
278,108,90
339,131,90
6,100,91
6,222,91
12,320,91
19,58,91
28,192,91
42,298,91
45,65,91
58,19,91
65,45,91
66,278,91
73,177,91
81,330,91
85,269,91
87,277,91
99,255,91
100,6,91
102,275,91
112,162,91
116,175,91
142,197,91
151,219,91
158,138,91
162,112,91
162,314,91
164,292,91
166,306,91
177,73,91
192,28,91
196,334,91
197,142,91
201,333,91
219,151,91
222,6,91
251,252,91
252,251,91
253,134,91
255,99,91
269,85,91
275,102,91
277,87,91
277,221,91
278,66,91
292,164,91
298,42,91
306,166,91
312,106,91
314,162,91
320,12,91
330,81,91
333,201,91
334,196,91
16,248,92
17,167,92
19,48,92
32,300,92
41,235,92
47,77,92
48,19,92
57,321,92
62,142,92
64,265,92
73,134,92
73,253,92
77,47,92
78,248,92
87,221,92
87,277,92
90,215,92
93,99,92
99,93,92
99,255,92
114,331,92
115,239,92
132,90,92
132,215,92
134,73,92
134,253,92
142,62,92
142,179,92
146,163,92
162,112,92
162,314,92
163,146,92
167,17,92
195,338,92
207,319,92
214,315,92
215,90,92
215,132,92
221,87,92
222,129,92
235,41,92
236,281,92
238,290,92
239,115,92
248,16,92
248,78,92
253,73,92
253,134,92
265,64,92
271,169,92
277,87,92
281,236,92
282,299,92
290,238,92
299,282,92
300,32,92
315,214,92
319,207,92
321,57,92
331,114,92
333,157,92
338,195,92
3,168,93
5,239,93
6,129,93
6,293,93
8,69,93
18,21,93
21,18,93
33,219,93
40,344,93
48,58,93
51,201,93
57,119,93
57,321,93
58,48,93
62,197,93
69,8,93
72,202,93
83,319,93
85,51,93
85,201,93
85,269,93
86,206,93
87,221,93
93,198,93
96,135,93
99,93,93
100,129,93
100,222,93
119,57,93
129,6,93
129,100,93
129,293,93
135,96,93
138,147,93
146,209,93
147,138,93
147,208,93
161,171,93
168,3,93
171,161,93
197,62,93
198,93,93
201,51,93
201,85,93
201,269,93
202,72,93
208,147,93
209,146,93
210,314,93
215,317,93
219,33,93
222,100,93
236,284,93
239,5,93
248,16,93
248,78,93
269,201,93
293,6,93
293,129,93
314,210,93
317,215,93
319,83,93
14,337,94
17,188,94
40,301,94
40,344,94
41,338,94
52,268,94
57,119,94
59,128,94
71,128,94
85,201,94
90,132,94
90,215,94
93,99,94
99,255,94
100,129,94
100,222,94
104,341,94
119,321,94
128,59,94
128,71,94
129,100,94
129,222,94
129,293,94
132,90,94
132,215,94
136,168,94
146,163,94
167,188,94
168,136,94
184,246,94
186,198,94
188,17,94
188,167,94
198,186,94
201,51,94
201,85,94
201,269,94
215,90,94
215,132,94
222,129,94
246,184,94
253,73,94
253,134,94
266,284,94
268,52,94
284,266,94
301,40,94
301,344,94
314,162,94
314,210,94
321,119,94
337,14,94
338,41,94
341,104,94
344,301,94
7,192,95
15,204,95
16,78,95
17,167,95
17,188,95
51,85,95
51,201,95
55,257,95
57,321,95
59,217,95
70,158,95
78,16,95
85,51,95
85,201,95
86,132,95
87,123,95
93,186,95
96,318,95
100,129,95
104,295,95
119,57,95
119,321,95
120,151,95
123,87,95
129,100,95
132,86,95
132,215,95
134,232,95
151,120,95
158,70,95
162,195,95
167,17,95
167,188,95
181,227,95
186,93,95
188,17,95
188,167,95
192,7,95
195,162,95
201,51,95
201,85,95
204,15,95
205,298,95
227,181,95
232,134,95
239,115,95
241,306,95
257,55,95
279,288,95
288,279,95
298,205,95
306,241,95
317,343,95
318,96,95
321,57,95
321,119,95
343,317,95
344,40,95
344,301,95
3,108,96
11,153,96
14,107,96
19,343,96
24,67,96
25,118,96
51,85,96
51,201,96
59,128,96
59,217,96
67,24,96
85,51,96
93,198,96
96,135,96
96,318,96
97,119,96
99,186,96
106,286,96
107,14,96
108,3,96
111,324,96
118,25,96
119,97,96
128,59,96
132,86,96
133,270,96
135,318,96
144,169,96
153,11,96
156,242,96
169,144,96
177,253,96
186,99,96
198,93,96
201,51,96
215,317,96
221,277,96
233,238,96
236,281,96
238,233,96
242,156,96
246,273,96
253,177,96
273,246,96
277,221,96
286,106,96
287,274,96
288,245,96
289,344,96
306,166,96
306,241,96
317,215,96
318,135,96
324,111,96
343,19,96
344,289,96
6,81,97
51,85,97
59,128,97
59,217,97
81,6,97
93,186,97
116,219,97
123,221,97
128,217,97
130,330,97
143,193,97
147,158,97
158,147,97
173,237,97
186,93,97
193,143,97
195,314,97
217,128,97
219,116,97
221,123,97
237,173,97
271,340,97
274,339,97
303,318,97
306,166,97
314,195,97
318,96,97
318,303,97
330,130,97
339,274,97
344,301,97
12,300,98
12,320,98
29,32,98
32,29,98
33,116,98
51,201,98
54,342,98
87,283,98
90,317,98
99,255,98
101,249,98
109,261,98
116,33,98
120,182,98
138,208,98
146,174,98
156,50,98
156,242,98
174,146,98
182,120,98
186,198,98
198,186,98
208,138,98
221,277,98
236,299,98
239,5,98
249,101,98
253,73,98
261,109,98
269,333,98
283,87,98
289,301,98
289,344,98
299,236,98
299,282,98
300,12,98
300,320,98
301,289,98
301,344,98
317,90,98
318,96,98
319,207,98
320,300,98
333,269,98
342,54,98
344,289,98
344,301,98
8,84,99
16,248,99
17,167,99
17,322,99
18,127,99
20,87,99
20,283,99
42,205,99
69,84,99
70,147,99
74,194,99
84,8,99
84,69,99
87,20,99
87,283,99
94,238,99
96,135,99
105,184,99
120,151,99
127,18,99
133,175,99
135,96,99
141,302,99
147,70,99
162,112,99
167,17,99
175,133,99
176,289,99
181,262,99
184,105,99
186,93,99
186,198,99
192,239,99
194,74,99
205,42,99
217,59,99
229,235,99
233,94,99
233,238,99
234,160,99
235,229,99
238,94,99
238,233,99
239,192,99
248,16,99
253,177,99
256,294,99
262,181,99
283,20,99
283,87,99
286,312,99
289,176,99
289,301,99
294,256,99
301,289,99
302,141,99
312,286,99
317,215,99
322,17,99
5,192,100
6,222,100
7,28,100
8,69,100
28,7,100
33,219,100
46,153,100
53,81,100
57,97,100
69,8,100
69,84,100
72,142,100
81,53,100
88,227,100
97,57,100
111,4,100
115,192,100
133,270,100
142,72,100
153,46,100
175,270,100
186,93,100
192,5,100
192,115,100
192,239,100
203,254,100
219,33,100
222,6,100
227,88,100
245,279,100
253,73,100
254,203,100
270,175,100
279,245,100
281,284,100
283,20,100
283,87,100
284,281,100
289,176,100
301,344,100
318,303,100
