1,213,1
4,110,1
31,129,1
36,198,1
38,66,1
38,104,1
46,243,1
49,288,1
50,296,1
52,146,1
54,251,1
66,38,1
66,104,1
76,260,1
77,218,1
87,292,1
101,157,1
104,38,1
104,66,1
106,137,1
109,116,1
109,242,1
110,4,1
116,109,1
117,210,1
124,143,1
129,31,1
132,262,1
135,154,1
137,106,1
143,124,1
146,52,1
150,207,1
154,135,1
156,224,1
157,101,1
173,261,1
179,252,1
187,216,1
198,36,1
201,286,1
205,232,1
207,150,1
207,249,1
210,117,1
211,246,1
213,1,1
216,187,1
218,77,1
218,258,1
224,156,1
232,205,1
242,109,1
243,46,1
246,211,1
249,207,1
251,54,1
252,179,1
258,218,1
260,76,1
261,173,1
262,132,1
273,283,1
283,273,1
286,201,1
288,49,1
292,87,1
296,50,1
8,171,2
13,113,2
21,39,2
27,138,2
36,276,2
36,297,2
38,66,2
38,104,2
39,21,2
48,95,2
55,105,2
57,269,2
66,38,2
71,298,2
86,144,2
89,284,2
94,118,2
95,48,2
104,38,2
105,55,2
113,13,2
118,94,2
138,27,2
144,86,2
150,249,2
151,285,2
171,8,2
198,297,2
234,277,2
249,150,2
269,57,2
276,36,2
277,234,2
284,89,2
285,151,2
297,36,2
297,198,2
298,71,2
1,261,3
14,86,3
19,234,3
43,122,3
51,193,3
55,188,3
56,178,3
59,195,3
78,188,3
86,14,3
87,275,3
87,292,3
96,260,3
102,111,3
102,201,3
111,102,3
111,201,3
111,286,3
119,241,3
122,43,3
135,267,3
136,244,3
155,246,3
161,195,3
164,204,3
174,254,3
177,185,3
178,56,3
185,177,3
186,217,3
188,55,3
188,78,3
193,51,3
195,59,3
195,161,3
201,102,3
201,111,3
201,286,3
204,164,3
217,186,3
234,19,3
241,119,3
244,136,3
246,155,3
246,211,3
249,207,3
254,174,3
260,96,3
261,1,3
267,135,3
275,87,3
275,292,3
286,111,3
286,201,3
292,275,3
1,213,4
1,261,4
3,224,4
29,271,4
32,167,4
38,66,4
39,72,4
39,234,4
44,220,4
47,209,4
55,78,4
55,188,4
58,60,4
60,58,4
66,104,4
72,39,4
78,55,4
83,121,4
94,269,4
100,180,4
102,286,4
104,66,4
121,83,4
123,168,4
135,154,4
155,211,4
167,32,4
168,123,4
175,230,4
180,100,4
188,55,4
196,208,4
201,102,4
201,286,4
208,196,4
209,47,4
210,261,4
211,155,4
211,246,4
220,44,4
224,3,4
230,175,4
234,39,4
245,280,4
261,210,4
269,94,4
271,29,4
276,297,4
280,245,4
286,102,4
286,111,4
286,201,4
297,276,4
1,213,5
11,273,5
17,236,5
19,39,5
22,61,5
28,265,5
39,19,5
39,234,5
57,112,5
61,22,5
72,234,5
78,188,5
86,144,5
91,229,5
97,240,5
100,186,5
108,152,5
112,57,5
112,118,5
118,112,5
131,275,5
152,108,5
155,246,5
166,224,5
170,228,5
186,100,5
187,294,5
188,78,5
196,218,5
211,155,5
218,196,5
224,166,5
228,170,5
229,91,5
234,72,5
236,17,5
240,97,5
246,155,5
265,28,5
273,11,5
275,131,5
286,111,5
294,187,5
297,198,5
2,45,6
3,140,6
3,166,6
17,43,6
17,236,6
29,178,6
34,104,6
34,153,6
39,72,6
39,234,6
43,17,6
43,122,6
44,130,6
45,2,6
55,78,6
55,188,6
57,118,6
58,216,6
59,161,6
60,225,6
72,39,6
78,55,6
78,188,6
86,14,6
104,34,6
118,57,6
118,269,6
130,44,6
130,220,6
140,3,6
140,166,6
140,224,6
153,34,6
161,59,6
161,195,6
166,3,6
166,140,6
166,224,6
178,29,6
188,55,6
188,78,6
196,208,6
216,58,6
220,130,6
224,140,6
224,166,6
225,60,6
234,39,6
269,118,6
279,280,6
280,279,6
1,173,7
3,65,7
6,155,7
12,287,7
13,89,7
13,284,7
19,21,7
20,86,7
21,19,7
31,263,7
38,252,7
54,190,7
58,60,7
59,195,7
60,58,7
65,3,7
86,20,7
89,13,7
90,146,7
104,153,7
105,188,7
125,277,7
128,200,7
146,90,7
151,221,7
153,104,7
155,6,7
155,246,7
161,59,7
161,195,7
169,241,7
173,1,7
188,55,7
188,105,7
190,54,7
195,59,7
195,161,7
196,218,7
200,128,7
208,218,7
211,246,7
218,208,7
221,151,7
241,169,7
246,211,7
252,38,7
263,31,7
271,276,7
276,271,7
277,125,7
284,13,7
287,12,7
2,84,8
3,166,8
6,211,8
9,245,8
13,89,8
17,43,8
17,146,8
36,276,8
38,66,8
41,206,8
43,17,8
43,122,8
58,216,8
59,161,8
64,134,8
65,166,8
66,38,8
72,277,8
84,2,8
89,284,8
93,99,8
95,177,8
99,93,8
134,64,8
146,17,8
146,236,8
155,6,8
161,59,8
162,170,8
166,3,8
166,65,8
170,162,8
177,95,8
188,55,8
192,280,8
206,41,8
211,6,8
213,215,8
215,213,8
236,146,8
245,9,8
276,36,8
277,72,8
280,192,8
284,89,8
2,45,9
2,84,9
17,43,9
17,236,9
29,271,9
34,66,9
38,179,9
43,17,9
43,146,9
43,236,9
50,191,9
55,78,9
59,195,9
66,34,9
66,38,9
66,179,9
73,242,9
78,55,9
80,198,9
89,13,9
89,284,9
122,146,9
146,43,9
146,122,9
146,236,9
166,3,9
170,228,9
176,272,9
179,38,9
179,66,9
191,50,9
195,59,9
196,208,9
198,80,9
208,196,9
235,290,9
236,17,9
236,43,9
236,146,9
242,73,9
242,296,9
271,29,9
271,276,9
272,176,9
276,271,9
286,102,9
290,235,9
296,242,9
2,45,10
6,246,10
9,115,10
11,283,10
17,43,10
17,90,10
17,236,10
19,72,10
29,276,10
35,199,10
37,144,10
43,17,10
43,146,10
43,236,10
57,94,10
57,118,10
65,140,10
70,223,10
72,19,10
90,17,10
94,57,10
115,9,10
118,57,10
119,169,10
120,131,10
131,120,10
140,65,10
144,37,10
145,231,10
146,43,10
151,285,10
169,119,10
169,238,10
179,38,10
199,35,10
218,258,10
223,70,10
231,145,10
236,17,10
236,43,10
238,169,10
246,6,10
271,29,10
271,276,10
273,283,10
276,29,10
276,271,10
283,11,10
283,273,10
292,87,10
6,211,11
6,246,11
11,273,11
16,33,11
17,90,11
19,21,11
19,72,11
21,234,11
33,16,11
43,90,11
43,236,11
57,94,11
57,118,11
60,216,11
89,13,11
90,43,11
96,214,11
111,229,11
146,236,11
175,197,11
197,175,11
198,297,11
214,96,11
216,60,11
229,111,11
234,21,11
236,146,11
273,11,11
273,283,11
1,210,12
1,261,12
3,140,12
17,43,12
17,90,12
17,236,12
18,234,12
20,41,12
31,129,12
34,153,12
37,252,12
41,20,12
43,17,12
43,90,12
43,236,12
50,296,12
57,94,12
57,269,12
90,17,12
90,43,12
90,236,12
96,260,12
98,136,12
110,270,12
136,98,12
137,277,12
140,3,12
141,291,12
153,34,12
155,211,12
169,241,12
191,296,12
210,1,12
210,261,12
211,155,12
214,260,12
216,58,12
233,282,12
234,18,12
236,17,12
236,43,12
236,90,12
236,146,12
252,37,12
260,214,12
261,1,12
261,210,12
269,57,12
270,110,12
273,11,12
273,283,12
277,137,12
282,233,12
291,141,12
296,50,12
296,191,12
1,173,13
14,144,13
17,146,13
17,236,13
19,21,13
19,234,13
21,19,13
21,234,13
44,237,13
48,53,13
53,48,13
57,94,13
63,135,13
75,82,13
77,235,13
82,75,13
90,146,13
96,214,13
120,195,13
130,237,13
135,63,13
136,244,13
144,14,13
146,17,13
146,90,13
146,236,13
158,238,13
173,213,13
173,261,13
183,205,13
195,120,13
205,183,13
208,218,13
212,292,13
213,173,13
214,96,13
214,260,13
218,208,13
234,19,13
234,21,13
235,77,13
236,17,13
236,43,13
236,146,13
237,44,13
237,130,13
238,158,13
261,173,13
273,11,13
292,212,13
296,50,13
1,261,14
4,145,14
14,252,14
17,43,14
17,236,14
19,21,14
21,19,14
43,17,14
43,146,14
50,242,14
77,258,14
96,260,14
129,263,14
145,4,14
146,43,14
146,90,14
151,221,14
173,215,14
173,261,14
181,286,14
213,215,14
214,96,14
214,260,14
215,173,14
215,213,14
234,39,14
235,290,14
236,17,14
242,50,14
242,296,14
252,14,14
258,77,14
260,96,14
260,214,14
261,1,14
261,173,14
263,129,14
286,181,14
296,242,14
14,144,15
14,252,15
21,39,15
39,21,15
39,72,15
43,90,15
50,191,15
50,242,15
66,153,15
72,39,15
72,234,15
77,196,15
79,119,15
89,244,15
90,43,15
94,118,15
112,282,15
118,94,15
119,79,15
144,252,15
153,66,15
171,217,15
173,213,15
173,261,15
188,224,15
191,50,15
196,77,15
196,258,15
213,173,15
213,261,15
217,171,15
224,188,15
234,72,15
242,50,15
244,89,15
252,144,15
258,196,15
260,96,15
261,213,15
282,112,15
14,104,16
17,90,16
21,19,16
21,39,16
39,21,16
56,271,16
75,246,16
87,212,16
90,17,16
90,236,16
104,14,16
118,269,16
122,236,16
140,65,16
212,87,16
215,261,16
236,90,16
236,122,16
246,75,16
261,173,16
261,215,16
269,118,16
271,56,16
276,289,16
289,276,16
8,217,17
12,74,17
17,146,17
19,39,17
21,19,17
21,39,17
23,76,17
28,215,17
39,19,17
39,21,17
56,276,17
56,289,17
65,268,17
74,12,17
76,23,17
86,252,17
91,111,17
94,269,17
107,166,17
111,91,17
123,281,17
132,202,17
146,17,17
154,267,17
166,107,17
171,186,17
186,171,17
189,210,17
196,77,17
196,258,17
202,132,17
210,189,17
215,28,17
215,261,17
217,8,17
222,232,17
232,222,17
236,90,17
237,44,17
242,296,17
244,136,17
252,86,17
267,154,17
268,65,17
269,94,17
276,56,17
276,289,17
281,123,17
289,56,17
289,276,17
1,213,18
6,155,18
16,157,18
19,21,18
21,19,18
37,38,18
37,153,18
38,37,18
38,153,18
56,271,18
56,289,18
65,140,18
73,220,18
85,191,18
90,43,18
90,236,18
124,134,18
128,297,18
134,124,18
139,181,18
145,295,18
153,37,18
153,38,18
155,6,18
157,16,18
171,180,18
171,186,18
172,263,18
180,171,18
180,186,18
181,139,18
181,286,18
186,180,18
191,85,18
196,77,18
196,258,18
213,1,18
215,28,18
220,73,18
236,122,18
237,130,18
263,172,18
269,118,18
289,56,18
295,145,18
297,128,18
2,84,19
14,86,19
14,252,19
19,39,19
28,261,19
29,178,19
37,144,19
39,19,19
52,62,19
56,250,19
62,52,19
77,258,19
83,185,19
86,14,19
88,159,19
90,43,19
91,229,19
115,192,19
136,98,19
136,244,19
144,37,19
159,88,19
163,245,19
171,180,19
180,171,19
180,186,19
184,296,19
185,83,19
192,115,19
229,91,19
234,18,19
234,72,19
237,44,19
237,130,19
245,163,19
250,56,19
252,14,19
258,77,19
258,196,19
261,28,19
271,289,19
289,271,19
296,184,19
10,205,20
14,86,20
14,104,20
37,153,20
43,236,20
86,104,20
104,86,20
115,280,20
136,98,20
136,244,20
153,37,20
171,186,20
178,276,20
180,171,20
180,186,20
186,171,20
186,180,20
205,10,20
234,18,20
236,43,20
237,44,20
260,214,20
276,178,20
276,289,20
277,125,20
280,115,20
289,276,20
1,117,21
12,287,21
18,72,21
36,250,21
37,179,21
56,289,21
72,18,21
86,252,21
90,236,21
105,149,21
108,203,21
117,1,21
136,98,21
138,238,21
148,202,21
148,272,21
149,105,21
153,38,21
161,241,21
179,37,21
190,251,21
198,80,21
202,148,21
202,272,21
203,108,21
205,183,21
236,90,21
238,138,21
241,161,21
241,169,21
250,36,21
251,190,21
252,86,21
255,270,21
270,255,21
272,148,21
272,202,21
276,178,21
289,56,21
25,66,22
27,59,22
43,90,22
43,236,22
44,220,22
45,84,22
52,207,22
59,27,22
66,25,22
77,235,22
77,290,22
78,188,22
84,45,22
90,43,22
90,236,22
94,118,22
104,144,22
104,252,22
118,94,22
118,269,22
132,272,22
144,104,22
148,202,22
153,179,22
179,153,22
186,171,22
188,78,22
196,218,22
198,297,22
202,148,22
205,10,22
207,52,22
218,196,22
220,44,22
235,77,22
236,43,22
236,90,22
237,130,22
252,104,22
261,173,22
272,132,22
275,298,22
290,77,22
296,242,22
297,198,22
298,275,22
8,180,23
43,90,23
43,236,23
45,79,23
45,84,23
49,240,23
74,287,23
77,235,23
79,45,23
79,84,23
80,255,23
84,79,23
85,296,23
90,43,23
106,147,23
113,288,23
147,106,23
155,246,23
180,8,23
184,242,23
196,258,23
235,290,23
236,43,23
240,49,23
242,184,23
246,155,23
254,266,23
255,80,23
266,254,23
276,289,23
282,233,23
286,201,23
287,74,23
288,113,23
289,276,23
290,235,23
296,85,23
13,113,24
19,21,24
20,206,24
21,165,24
35,132,24
36,289,24
45,79,24
57,269,24
77,93,24
79,45,24
79,84,24
84,2,24
84,79,24
93,77,24
102,201,24
102,286,24
104,14,24
113,13,24
132,35,24
144,252,24
165,21,24
178,29,24
179,37,24
196,218,24
196,258,24
201,102,24
201,286,24
202,262,24
206,20,24
225,281,24
241,161,24
242,296,24
252,144,24
262,202,24
269,57,24
281,225,24
286,102,24
286,201,24
289,36,24
289,56,24
296,242,24
2,45,25
13,288,25
17,122,25
24,121,25
36,56,25
36,289,25
45,2,25
45,79,25
50,127,25
56,36,25
56,289,25
76,227,25
79,45,25
86,104,25
86,182,25
93,290,25
101,190,25
104,86,25
121,24,25
122,17,25
127,50,25
128,200,25
132,148,25
136,244,25
148,132,25
152,203,25
171,180,25
180,171,25
182,86,25
190,101,25
196,218,25
196,258,25
198,295,25
203,152,25
227,76,25
241,169,25
282,112,25
288,13,25
289,36,25
289,56,25
290,93,25
290,235,25
295,198,25
296,85,25
7,180,26
8,217,26
68,147,26
86,252,26
87,292,26
93,235,26
93,290,26
96,126,26
102,126,26
104,14,26
104,153,26
107,188,26
118,94,26
126,96,26
126,102,26
128,198,26
128,200,26
132,35,26
147,68,26
148,272,26
153,104,26
163,215,26
166,188,26
171,186,26
180,7,26
182,252,26
188,107,26
188,166,26
196,218,26
198,128,26
211,246,26
215,163,26
235,93,26
235,290,26
246,211,26
252,86,26
252,182,26
272,148,26
289,36,26
290,93,26
290,235,26
292,87,26
14,153,27
23,227,27
36,250,27
39,234,27
46,92,27
61,206,27
70,219,27
86,182,27
92,46,27
93,77,27
93,290,27
96,102,27
96,126,27
102,96,27
102,126,27
104,14,27
104,153,27
107,166,27
107,188,27
109,130,27
126,96,27
126,102,27
130,109,27
132,199,27
153,14,27
153,104,27
166,107,27
182,86,27
188,107,27
190,251,27
199,132,27
206,61,27
219,70,27
227,23,27
234,39,27
244,89,27
246,155,27
289,56,27
290,93,27
290,235,27
295,297,27
297,295,27
298,71,27
36,56,28
56,36,28
59,158,28
65,150,28
73,184,28
93,235,28
96,201,28
100,228,28
113,288,28
126,96,28
132,35,28
150,65,28
153,14,28
153,104,28
155,6,28
158,59,28
180,186,28
182,252,28
184,73,28
186,180,28
201,96,28
201,286,28
217,267,28
228,100,28
235,93,28
267,217,28
288,113,28
13,113,29
28,215,29
35,199,29
38,179,29
67,205,29
72,137,29
72,147,29
81,266,29
82,89,29
82,244,29
89,82,29
96,102,29
96,126,29
96,201,29
96,286,29
102,96,29
102,126,29
107,166,29
107,188,29
113,13,29
115,192,29
126,102,29
131,195,29
132,199,29
137,72,29
137,147,29
147,72,29
147,137,29
153,14,29
166,188,29
179,38,29
180,7,29
182,86,29
182,252,29
186,171,29
188,166,29
195,131,29
199,35,29
199,132,29
201,96,29
201,286,29
205,67,29
215,28,29
244,82,29
266,81,29
286,96,29
286,201,29
53,95,30
54,75,30
68,72,30
72,68,30
75,54,30
79,238,30
82,89,30
95,53,30
96,102,30
96,201,30
102,96,30
107,166,30
107,188,30
114,167,30
166,107,30
166,188,30
167,114,30
180,186,30
186,180,30
188,107,30
188,166,30
191,296,30
199,35,30
199,132,30
201,96,30
238,79,30
279,285,30
285,279,30
296,191,30
13,284,31
16,33,31
20,41,31
21,22,31
22,21,31
34,66,31
39,277,31
55,276,31
66,34,31
71,275,31
78,107,31
96,102,31
96,126,31
99,196,31
102,126,31
102,201,31
104,252,31
107,78,31
107,166,31
107,188,31
108,152,31
126,96,31
126,102,31
126,201,31
142,192,31
152,108,31
166,107,31
188,107,31
192,142,31
196,99,31
201,102,31
201,126,31
241,161,31
252,104,31
275,71,31
276,55,31
277,39,31
278,294,31
284,13,31
294,278,31
7,186,32
13,288,32
14,179,32
18,234,32
39,125,32
78,166,32
96,102,32
102,96,32
120,212,32
125,39,32
128,198,32
155,246,32
166,78,32
179,14,32
179,38,32
181,139,32
186,7,32
212,120,32
234,18,32
235,258,32
246,211,32
258,235,32
288,13,32
10,183,33
11,220,33
35,148,33
36,289,33
43,122,33
63,267,33
73,109,33
80,295,33
88,132,33
98,113,33
109,73,33
113,98,33
122,43,33
132,88,33
134,226,33
148,35,33
155,211,33
183,10,33
186,171,33
186,180,33
192,115,33
197,274,33
211,155,33
211,246,33
218,235,33
219,223,33
220,11,33
223,219,33
226,134,33
235,218,33
267,63,33
274,197,33
289,36,33
295,80,33
1,253,34
42,47,34
47,42,34
63,217,34
69,177,34
70,81,34
81,70,34
81,266,34
96,126,34
102,126,34
109,130,34
126,96,34
126,102,34
140,150,34
150,140,34
157,251,34
171,180,34
171,186,34
177,69,34
180,171,34
180,186,34
182,86,34
186,171,34
186,180,34
213,253,34
217,63,34
219,266,34
234,277,34
251,157,34
253,1,34
253,213,34
266,219,34
277,234,34
1,213,35
23,275,35
45,2,35
71,76,35
76,71,35
80,297,35
88,199,35
107,166,35
109,73,35
128,200,35
138,158,35
148,199,35
155,246,35
158,138,35
166,107,35
198,250,35
199,88,35
199,148,35
211,155,35
211,246,35
213,1,35
218,290,35
246,155,35
246,211,35
250,198,35
266,81,35
266,219,35
275,23,35
290,218,35
295,297,35
297,80,35
297,295,35
5,254,36
7,180,36
19,165,36
23,71,36
23,275,36
26,256,36
71,23,36
80,255,36
110,208,36
117,253,36
133,175,36
146,236,36
148,35,36
148,199,36
158,59,36
160,164,36
164,160,36
165,19,36
175,133,36
178,276,36
180,7,36
208,110,36
218,235,36
218,258,36
234,18,36
236,146,36
253,117,36
254,5,36
256,26,36
258,218,36
266,81,36
276,178,36
43,236,37
65,140,37
79,84,37
80,297,37
83,182,37
88,148,37
88,199,37
128,250,37
140,65,37
148,88,37
148,199,37
153,179,37
155,211,37
179,153,37
182,83,37
191,242,37
199,88,37
199,148,37
211,155,37
213,253,37
218,235,37
236,43,37
242,191,37
250,128,37
250,198,37
253,213,37
297,80,37
3,156,38
7,171,38
7,180,38
59,138,38
70,266,38
72,106,38
81,70,38
81,266,38
86,104,38
86,252,38
91,102,38
91,126,38
96,286,38
100,162,38
102,91,38
102,126,38
104,86,38
104,252,38
106,72,38
117,213,38
117,245,38
118,282,38
122,205,38
126,91,38
126,102,38
138,59,38
152,203,38
156,3,38
160,204,38
162,100,38
171,7,38
184,220,38
204,160,38
205,122,38
213,117,38
213,245,38
218,258,38
220,184,38
220,237,38
237,220,38
245,117,38
245,213,38
250,128,38
250,198,38
252,86,38
252,104,38
266,70,38
266,81,38
282,118,38
286,96,38
297,295,38
36,198,39
38,153,39
45,267,39
77,99,39
86,182,39
91,96,39
91,102,39
96,91,39
96,102,39
99,77,39
99,196,39
102,91,39
102,96,39
119,227,39
148,35,39
153,38,39
160,164,39
160,204,39
161,195,39
162,170,39
164,204,39
170,162,39
171,186,39
179,14,39
182,86,39
186,171,39
195,161,39
198,36,39
204,164,39
218,235,39
227,119,39
267,45,39
1,173,40
18,277,40
35,88,40
35,199,40
38,104,40
56,200,40
77,255,40
83,86,40
86,83,40
88,35,40
88,148,40
88,199,40
96,286,40
100,170,40
102,91,40
104,38,40
117,213,40
117,245,40
148,88,40
160,164,40
160,204,40
162,100,40
162,170,40
164,160,40
170,100,40
170,162,40
173,1,40
196,290,40
199,35,40
199,88,40
200,56,40
204,160,40
213,117,40
213,245,40
224,239,40
239,224,40
245,117,40
245,213,40
255,77,40
273,283,40
277,18,40
290,196,40
297,80,40
9,163,41
11,184,41
14,38,41
23,71,41
28,245,41
35,88,41
35,199,41
36,128,41
36,198,41
38,14,41
77,99,41
77,255,41
83,252,41
86,252,41
88,35,41
88,148,41
88,199,41
99,77,41
104,252,41
117,213,41
128,36,41
131,161,41
161,131,41
163,9,41
171,180,41
180,171,41
184,11,41
199,35,41
199,88,41
201,247,41
213,117,41
235,258,41
245,28,41
247,201,41
252,83,41
252,86,41
252,104,41
258,235,41
297,295,41
16,211,42
18,125,42
27,70,42
29,62,42
36,128,42
41,144,42
52,65,42
62,29,42
65,52,42
70,27,42
83,86,42
86,83,42
86,104,42
86,252,42
93,258,42
97,135,42
100,162,42
100,170,42
102,111,42
104,86,42
104,252,42
110,290,42
111,102,42
125,18,42
128,295,42
132,148,42
135,97,42
144,41,42
148,132,42
148,202,42
162,100,42
162,170,42
164,204,42
170,100,42
170,162,42
186,217,42
202,148,42
204,164,42
211,16,42
217,186,42
226,248,42
234,277,42
235,93,42
248,226,42
252,86,42
252,104,42
258,93,42
277,234,42
290,110,42
295,128,42
14,179,43
36,198,43
37,218,43
37,235,43
38,153,43
45,84,43
45,267,43
60,123,43
84,45,43
98,244,43
110,196,43
110,290,43
123,60,43
128,36,43
128,295,43
132,202,43
156,166,43
166,156,43
196,110,43
196,290,43
199,35,43
202,132,43
202,148,43
213,253,43
218,37,43
218,235,43
235,37,43
235,218,43
244,98,43
252,86,43
290,196,43
36,128,44
36,198,44
37,218,44
54,89,44
59,158,44
59,212,44
71,161,44
77,99,44
84,79,44
86,104,44
89,54,44
91,126,44
94,282,44
104,86,44
110,196,44
110,290,44
126,91,44
128,36,44
136,215,44
158,212,44
161,71,44
170,100,44
170,162,44
196,110,44
196,290,44
198,295,44
212,59,44
212,158,44
213,117,44
215,136,44
217,63,44
218,37,44
218,235,44
250,297,44
282,94,44
290,110,44
290,196,44
295,198,44
297,250,44
2,135,45
8,186,45
11,237,45
14,34,45
14,179,45
34,14,45
58,187,45
70,219,45
78,268,45
86,252,45
88,132,45
88,202,45
98,113,45
124,143,45
132,88,45
134,248,45
135,2,45
167,263,45
170,100,45
174,212,45
186,8,45
187,58,45
198,36,45
202,88,45
202,148,45
204,160,45
212,174,45
219,70,45
223,254,45
226,134,45
226,248,45
237,11,45
248,134,45
248,226,45
251,190,45
254,223,45
263,167,45
268,78,45
14,153,46
22,277,46
26,105,46
28,253,46
36,297,46
70,27,46
105,26,46
110,196,46
132,202,46
134,226,46
134,248,46
153,14,46
159,291,46
180,7,46
180,171,46
196,110,46
198,297,46
202,132,46
202,148,46
204,299,46
226,134,46
248,134,46
253,28,46
277,22,46
291,159,46
297,36,46
297,198,46
299,204,46
5,81,47
23,247,47
35,132,47
54,75,47
67,122,47
81,5,47
83,182,47
84,135,47
88,132,47
88,202,47
122,67,47
122,205,47
132,35,47
132,88,47
135,84,47
153,38,47
170,228,47
179,252,47
182,83,47
197,272,47
198,295,47
198,297,47
202,88,47
202,148,47
223,266,47
228,170,47
236,146,47
247,23,47
252,179,47
266,223,47
272,197,47
297,36,47
297,198,47
8,217,48
17,146,48
35,88,48
35,148,48
36,295,48
36,297,48
67,205,48
75,155,48
86,104,48
88,35,48
88,132,48
88,148,48
106,137,48
132,202,48
134,226,48
136,163,48
137,106,48
146,17,48
146,207,48
148,35,48
148,88,48
155,75,48
163,136,48
198,295,48
198,297,48
202,132,48
205,67,48
207,146,48
217,8,48
236,43,48
291,141,48
291,159,48
295,36,48
295,198,48
295,297,48
297,36,48
297,198,48
297,295,48
2,79,49
8,186,49
11,44,49
13,284,49
27,219,49
36,295,49
37,290,49
40,50,49
44,11,49
50,40,49
67,122,49
67,205,49
79,2,49
88,132,49
88,148,49
88,202,49
91,111,49
106,72,49
111,91,49
111,102,49
113,244,49
122,67,49
122,205,49
125,39,49
132,88,49
132,148,49
134,248,49
146,17,49
148,132,49
202,88,49
204,160,49
205,122,49
219,27,49
237,220,49
244,113,49
290,37,49
295,36,49
295,297,49
4,250,50
32,114,50
35,262,50
70,219,50
76,298,50
77,255,50
88,132,50
88,202,50
114,32,50
115,245,50
131,241,50
132,88,50
132,148,50
132,202,50
148,35,50
148,132,50
165,210,50
180,7,50
184,220,50
198,295,50
198,297,50
202,132,50
210,165,50
219,70,50
220,184,50
241,131,50
245,115,50
250,4,50
262,35,50
287,12,50
295,198,50
295,297,50
297,198,50
297,295,50
298,76,50
35,148,51
35,262,51
36,198,51
45,97,51
54,155,51
88,132,51
88,202,51
91,96,51
96,91,51
97,45,51
113,98,51
124,226,51
132,88,51
148,35,51
148,262,51
153,252,51
155,54,51
196,258,51
198,36,51
202,88,51
213,253,51
220,237,51
226,124,51
252,153,51
253,213,51
258,196,51
258,290,51
262,148,51
290,258,51
28,117,52
29,239,52
35,148,52
36,295,52
37,258,52
72,137,52
77,99,52
86,182,52
91,126,52
104,182,52
110,258,52
110,290,52
117,28,52
124,143,52
133,274,52
137,72,52
140,268,52
145,256,52
148,35,52
149,188,52
153,38,52
153,252,52
162,180,52
180,162,52
182,86,52
182,104,52
184,237,52
188,149,52
196,110,52
196,290,52
210,189,52
212,120,52
220,184,52
237,184,52
239,29,52
256,145,52
258,37,52
258,110,52
258,290,52
268,140,52
274,133,52
290,110,52
290,196,52
290,258,52
291,141,52
295,36,52
8,217,53
9,192,53
23,275,53
43,67,53
67,43,53
88,159,53
94,118,53
108,203,53
110,258,53
118,94,53
154,190,53
159,88,53
173,213,53
184,220,53
190,154,53
192,9,53
200,297,53
203,108,53
210,165,53
213,173,53
258,110,53
258,290,53
297,200,53
5,41,54
9,115,54
9,142,54
21,47,54
23,247,54
26,156,54
26,188,54
41,5,54
47,21,54
54,89,54
62,239,54
88,202,54
110,290,54
115,9,54
115,192,54
142,9,54
152,185,54
156,26,54
180,7,54
185,152,54
188,26,54
188,149,54
192,115,54
232,259,54
239,62,54
258,110,54
258,290,54
259,232,54
290,110,54
290,258,54
7,162,55
13,288,55
30,288,55
37,93,55
67,205,55
81,235,55
84,97,55
88,159,55
93,37,55
97,84,55
98,215,55
108,182,55
108,203,55
115,142,55
131,195,55
142,115,55
148,262,55
159,202,55
162,7,55
182,83,55
182,108,55
188,26,55
195,131,55
200,56,55
200,297,55
202,159,55
205,67,55
215,98,55
219,266,55
224,276,55
235,81,55
266,219,55
276,224,55
277,234,55
288,30,55
4,99,56
7,171,56
7,180,56
30,284,56
41,235,56
56,295,56
71,208,56
72,147,56
74,184,56
83,252,56
96,111,56
99,4,56
111,96,56
113,244,56
142,9,56
147,72,56
148,35,56
148,262,56
156,188,56
159,88,56
159,202,56
161,247,56
162,180,56
164,238,56
169,195,56
171,7,56
180,162,56
182,252,56
184,74,56
188,156,56
195,169,56
196,258,56
201,286,56
208,71,56
208,270,56
213,253,56
235,41,56
235,81,56
238,164,56
239,29,56
247,161,56
252,83,56
252,182,56
258,196,56
270,208,56
278,281,56
281,278,56
284,30,56
286,201,56
295,56,56
6,163,57
7,162,57
7,171,57
9,163,57
35,262,57
37,196,57
59,138,57
82,113,57
90,146,57
91,102,57
91,111,57
91,126,57
102,91,57
106,137,57
111,91,57
113,82,57
128,289,57
131,241,57
133,165,57
137,106,57
146,90,57
152,203,57
162,7,57
163,6,57
163,9,57
165,133,57
173,1,57
188,26,57
196,37,57
203,152,57
208,71,57
252,83,57
252,182,57
262,35,57
268,78,57
268,140,57
289,128,57
290,110,57
1,213,58
6,142,58
7,180,58
8,186,58
28,285,58
35,132,58
35,148,58
35,262,58
37,258,58
41,81,58
43,205,58
67,122,58
77,255,58
81,41,58
84,267,58
108,182,58
109,237,58
111,126,58
117,285,58
122,67,58
122,205,58
126,111,58
132,35,58
132,262,58
142,6,58
148,35,58
148,262,58
158,227,58
164,204,58
180,7,58
182,108,58
188,264,58
204,164,58
205,43,58
205,122,58
213,1,58
227,158,58
237,109,58
252,83,58
258,37,58
262,132,58
262,148,58
264,188,58
267,84,58
268,78,58
285,28,58
285,117,58
1,173,59
2,135,59
9,115,59
33,75,59
33,155,59
35,148,59
49,68,59
63,84,59
68,49,59
75,33,59
75,155,59
84,63,59
84,267,59
91,111,59
102,111,59
102,126,59
111,91,59
111,102,59
111,126,59
115,9,59
117,279,59
117,285,59
126,102,59
126,111,59
135,2,59
139,231,59
148,35,59
148,262,59
155,33,59
155,75,59
165,189,59
185,203,59
189,165,59
203,185,59
204,160,59
204,164,59
220,237,59
222,263,59
231,139,59
237,220,59
254,266,59
263,222,59
266,254,59
269,282,59
276,178,59
279,117,59
282,269,59
1,265,60
7,171,60
7,180,60
8,217,60
9,163,60
10,122,60
33,75,60
33,155,60
34,172,60
35,262,60
37,196,60
37,258,60
56,297,60
67,205,60
67,236,60
75,33,60
75,155,60
82,136,60
83,108,60
84,63,60
84,267,60
91,201,60
108,83,60
111,91,60
122,10,60
124,226,60
126,102,60
132,148,60
132,262,60
136,82,60
139,181,60
148,132,60
155,33,60
155,75,60
172,34,60
182,252,60
196,258,60
201,91,60
203,152,60
205,67,60
236,67,60
252,182,60
258,196,60
262,35,60
262,132,60
265,1,60
279,285,60
285,279,60
295,297,60
297,56,60
297,295,60
1,213,61
7,171,61
23,275,61
37,196,61
37,258,61
56,200,61
56,295,61
56,297,61
101,251,61
108,252,61
109,220,61
115,142,61
132,148,61
142,115,61
148,199,61
160,164,61
164,160,61
196,37,61
196,258,61
199,148,61
200,56,61
200,297,61
220,109,61
251,101,61
252,108,61
258,37,61
258,196,61
262,35,61
263,167,61
263,222,61
295,56,61
295,297,61
297,56,61
297,200,61
297,295,61
4,36,62
4,99,62
4,198,62
10,43,62
10,122,62
14,179,62
36,4,62
36,99,62
37,196,62
37,258,62
43,10,62
43,122,62
44,48,62
48,44,62
56,200,62
84,63,62
84,267,62
99,36,62
105,257,62
111,201,62
122,43,62
131,298,62
168,260,62
171,180,62
179,14,62
180,171,62
184,237,62
191,233,62
196,37,62
196,258,62
198,4,62
200,56,62
201,111,62
208,270,62
233,191,62
237,184,62
257,105,62
258,37,62
258,196,62
260,168,62
298,131,62
4,36,63
4,99,63
4,198,63
6,82,63
7,180,63
10,205,63
13,284,63
26,156,63
36,4,63
36,198,63
37,196,63
38,172,63
46,127,63
64,143,63
82,6,63
99,4,63
109,73,63
122,10,63
122,43,63
124,248,63
127,46,63
142,245,63
143,64,63
156,26,63
171,7,63
172,38,63
176,262,63
180,7,63
181,231,63
196,37,63
198,36,63
205,10,63
224,239,63
231,181,63
239,224,63
245,142,63
248,124,63
262,176,63
284,13,63
284,30,63
4,77,64
4,198,64
8,251,64
9,115,64
10,122,64
10,205,64
13,30,64
13,284,64
21,293,64
30,13,64
30,284,64
56,295,64
63,217,64
77,4,64
77,198,64
83,252,64
87,235,64
109,220,64
111,96,64
113,244,64
115,9,64
122,10,64
122,43,64
126,286,64
131,161,64
131,298,64
137,147,64
140,150,64
147,137,64
159,88,64
161,131,64
162,186,64
164,204,64
170,100,64
180,186,64
186,162,64
186,180,64
198,4,64
198,77,64
217,63,64
235,87,64
251,8,64
252,83,64
284,13,64
284,30,64
286,126,64
293,21,64
295,56,64
4,77,65
5,254,65
9,245,65
10,122,65
29,224,65
36,77,65
37,258,65
56,200,65
63,84,65
67,122,65
77,4,65
77,36,65
84,63,65
109,73,65
122,10,65
122,43,65
122,67,65
124,226,65
131,161,65
133,210,65
149,156,65
156,149,65
162,180,65
180,7,65
180,162,65
200,297,65
210,133,65
216,278,65
219,254,65
224,29,65
226,248,65
245,9,65
248,226,65
254,5,65
254,219,65
258,37,65
278,216,65
284,13,65
297,200,65
3,107,66
6,115,66
10,67,66
26,264,66
35,176,66
35,262,66
43,67,66
43,122,66
56,297,66
67,10,66
67,43,66
102,111,66
102,126,66
107,3,66
111,102,66
115,6,66
118,282,66
122,43,66
126,102,66
162,186,66
167,259,66
175,230,66
176,35,66
176,262,66
180,186,66
186,162,66
186,180,66
198,255,66
226,124,66
235,218,66
254,5,66
255,198,66
259,167,66
262,35,66
262,176,66
264,26,66
282,118,66
297,56,66
297,200,66
4,36,67
7,171,67
17,236,67
20,81,67
35,176,67
36,4,67
44,237,67
60,225,67
81,20,67
106,147,67
107,166,67
108,182,67
131,298,67
147,106,67
166,107,67
176,35,67
176,262,67
182,108,67
192,280,67
224,239,67
225,60,67
236,17,67
237,44,67
280,192,67
295,297,67
297,56,67
297,295,67
4,255,68
10,122,68
15,291,68
36,255,68
56,200,68
60,281,68
63,267,68
64,124,68
77,196,68
95,116,68
116,95,68
122,10,68
122,43,68
124,64,68
124,226,68
141,194,68
146,207,68
161,298,68
169,241,68
176,35,68
182,252,68
184,220,68
194,141,68
196,77,68
200,56,68
200,297,68
220,184,68
241,169,68
252,182,68
255,4,68
255,36,68
259,232,68
267,63,68
270,292,68
281,60,68
284,30,68
291,15,68
292,270,68
297,200,68
298,161,68
4,36,69
4,255,69
18,72,69
26,149,69
27,61,69
28,117,69
33,211,69
36,4,69
36,255,69
60,225,69
60,281,69
61,27,69
67,90,69
72,18,69
77,198,69
87,290,69
90,67,69
96,201,69
117,28,69
122,10,69
122,43,69
124,64,69
124,226,69
145,156,69
148,262,69
149,26,69
154,251,69
156,145,69
176,262,69
182,108,69
198,77,69
200,56,69
201,96,69
211,33,69
225,278,69
225,281,69
251,154,69
254,219,69
255,4,69
255,36,69
259,167,69
262,148,69
262,176,69
278,225,69
281,225,69
290,87,69
17,67,70
39,72,70
56,295,70
60,278,70
62,207,70
63,162,70
63,267,70
64,143,70
64,226,70
67,17,70
72,39,70
83,153,70
86,252,70
106,137,70
120,169,70
124,64,70
137,106,70
138,227,70
139,231,70
143,226,70
148,176,70
153,83,70
162,63,70
169,120,70
176,148,70
176,262,70
207,62,70
217,267,70
218,290,70
225,278,70
226,64,70
226,143,70
227,138,70
231,139,70
252,86,70
255,4,70
266,223,70
267,217,70
278,60,70
278,225,70
278,281,70
281,278,70
290,218,70
295,56,70
295,297,70
297,295,70
7,180,71
56,200,71
56,295,71
64,143,71
66,258,71
76,286,71
111,126,71
115,142,71
122,10,71
122,43,71
126,111,71
133,265,71
142,115,71
143,64,71
143,226,71
145,256,71
152,182,71
169,241,71
171,186,71
180,7,71
182,152,71
186,171,71
196,198,71
198,196,71
200,295,71
201,91,71
201,96,71
212,174,71
227,158,71
240,288,71
245,279,71
258,66,71
265,133,71
267,63,71
278,225,71
279,245,71
286,76,71
288,240,71
295,56,71
295,200,71
298,131,71
298,161,71
4,196,72
6,98,72
7,171,72
7,180,72
17,236,72
39,277,72
49,147,72
53,203,72
63,217,72
64,226,72
98,6,72
99,250,72
122,10,72
122,43,72
126,102,72
133,210,72
138,59,72
143,64,72
143,226,72
147,49,72
171,7,72
171,180,72
171,186,72
180,171,72
196,4,72
201,91,72
201,96,72
203,53,72
217,63,72
218,235,72
226,64,72
226,143,72
250,99,72
255,36,72
277,39,72
290,87,72
298,131,72
13,240,73
13,288,73
54,244,73
59,158,73
64,143,73
95,130,73
100,228,73
122,10,73
122,43,73
124,248,73
128,297,73
130,95,73
132,159,73
143,64,73
158,59,73
159,132,73
159,291,73
161,169,73
169,161,73
180,7,73
180,186,73
186,180,73
208,71,73
217,267,73
228,100,73
240,13,73
244,54,73
247,298,73
248,124,73
267,217,73
288,13,73
291,159,73
297,128,73
298,247,73
5,223,74
7,171,74
7,180,74
29,207,74
60,281,74
64,226,74
76,91,74
81,86,74
86,81,74
86,252,74
91,76,74
93,235,74
95,116,74
149,156,74
156,149,74
171,7,74
171,180,74
176,148,74
180,7,74
180,171,74
184,237,74
207,29,74
212,241,74
217,63,74
223,5,74
226,64,74
235,93,74
235,218,74
237,184,74
241,212,74
281,60,74
298,131,74
11,184,75
24,182,75
32,129,75
36,99,75
37,198,75
65,249,75
77,99,75
83,86,75
83,252,75
86,83,75
99,36,75
99,77,75
109,184,75
115,280,75
119,238,75
120,212,75
129,32,75
131,247,75
131,298,75
139,208,75
159,132,75
182,24,75
184,11,75
184,109,75
198,37,75
199,202,75
202,199,75
208,139,75
212,120,75
238,119,75
247,131,75
247,298,75
249,65,75
252,83,75
280,115,75
298,247,75
4,77,76
6,163,76
10,43,76
12,185,76
32,222,76
43,10,76
47,121,76
57,118,76
63,267,76
69,130,76
70,120,76
77,4,76
83,86,76
83,252,76
118,57,76
120,70,76
121,47,76
125,277,76
130,69,76
163,6,76
174,241,76
185,12,76
217,267,76
222,32,76
235,93,76
237,44,76
241,174,76
267,63,76
267,217,76
277,125,76
298,131,76
298,247,76
7,171,77
10,67,77
11,237,77
32,129,77
36,255,77
39,125,77
39,277,77
43,67,77
63,217,77
67,10,77
67,43,77
83,86,77
83,252,77
86,252,77
94,282,77
99,36,77
125,39,77
125,277,77
142,280,77
149,295,77
158,227,77
161,174,77
169,247,77
171,7,77
174,161,77
174,241,77
217,63,77
233,242,77
235,218,77
237,11,77
240,288,77
242,233,77
247,169,77
252,86,77
277,39,77
277,125,77
280,142,77
282,94,77
288,240,77
292,298,77
295,149,77
298,292,77
4,196,78
15,132,78
29,140,78
43,236,78
55,149,78
66,93,78
67,10,78
86,81,78
93,66,78
115,192,78
116,130,78
117,133,78
130,116,78
132,15,78
133,117,78
140,29,78
146,239,78
149,55,78
149,295,78
158,59,78
161,241,78
162,186,78
174,212,78
186,162,78
192,115,78
194,197,78
197,194,78
212,174,78
236,43,78
239,146,78
241,161,78
248,134,78
277,39,78
277,125,78
9,163,79
36,250,79
50,69,79
50,116,79
55,295,79
65,268,79
69,50,79
69,116,79
69,130,79
78,150,79
83,86,79
86,83,79
103,124,79
104,252,79
105,229,79
116,50,79
116,69,79
116,130,79
124,103,79
130,69,79
130,116,79
135,158,79
141,173,79
145,149,79
145,295,79
149,55,79
149,145,79
149,295,79
150,78,79
158,135,79
163,9,79
172,34,79
173,141,79
229,105,79
250,36,79
252,104,79
268,65,79
295,55,79
295,145,79
295,149,79
3,178,80
18,106,80
42,274,80
43,67,80
43,236,80
50,69,80
52,62,80
55,149,80
55,156,80
62,52,80
67,43,80
69,50,80
69,116,80
69,130,80
90,207,80
92,118,80
99,250,80
106,18,80
116,69,80
116,130,80
118,92,80
130,69,80
130,116,80
149,55,80
149,156,80
152,185,80
156,55,80
156,149,80
158,59,80
158,135,80
161,174,80
163,6,80
163,9,80
174,161,80
176,199,80
178,3,80
178,276,80
184,74,80
185,152,80
199,176,80
207,90,80
250,99,80
274,42,80
298,131,80
9,142,81
23,214,81
55,145,81
55,156,81
62,239,81
63,162,81
63,217,81
67,10,81
67,236,81
69,116,81
69,130,81
71,181,81
81,20,81
105,257,81
116,69,81
116,130,81
130,69,81
130,116,81
142,9,81
145,55,81
145,295,81
156,55,81
156,295,81
158,59,81
158,135,81
162,63,81
162,217,81
181,71,81
199,202,81
200,297,81
214,23,81
217,162,81
236,67,81
239,62,81
295,145,81
295,156,81
297,200,81
34,38,82
38,34,82
43,122,82
55,145,82
55,295,82
57,94,82
63,267,82
67,10,82
67,236,82
69,116,82
72,125,82
94,57,82
94,269,82
94,282,82
116,69,82
117,213,82
125,72,82
145,55,82
145,295,82
156,149,82
156,295,82
161,241,82
213,117,82
217,63,82
217,267,82
267,63,82
267,217,82
269,94,82
269,282,82
282,269,82
295,55,82
295,145,82
295,156,82
1,133,83
4,198,83
9,163,83
34,172,83
37,235,83
52,239,83
59,135,83
59,158,83
62,90,83
67,10,83
83,153,83
86,252,83
90,62,83
107,257,83
116,130,83
133,1,83
135,59,83
142,163,83
149,295,83
156,149,83
156,295,83
158,59,83
163,142,83
169,174,83
174,169,83
194,202,83
198,4,83
202,194,83
217,162,83
235,37,83
239,52,83
252,86,83
257,107,83
267,63,83
282,94,83
282,269,83
295,145,83
295,149,83
295,156,83
1,117,84
4,196,84
4,198,84
5,254,84
7,186,84
9,142,84
27,68,84
50,116,84
55,145,84
55,156,84
59,135,84
61,72,84
63,217,84
63,267,84
68,27,84
72,61,84
115,285,84
116,50,84
117,1,84
124,248,84
131,292,84
132,141,84
141,132,84
141,159,84
142,9,84
145,55,84
145,295,84
155,211,84
156,55,84
158,227,84
159,141,84
174,195,84
186,7,84
195,174,84
198,235,84
203,287,84
211,155,84
217,63,84
217,162,84
235,198,84
247,298,84
248,124,84
254,5,84
285,115,84
287,203,84
292,131,84
295,145,84
298,247,84
6,215,85
9,163,85
15,88,85
16,155,85
52,90,85
55,145,85
57,269,85
88,15,85
88,291,85
90,52,85
99,255,85
109,73,85
116,69,85
116,95,85
131,247,85
131,298,85
141,132,85
141,159,85
142,163,85
145,55,85
149,156,85
155,16,85
156,149,85
161,169,85
162,267,85
163,9,85
163,142,85
169,161,85
186,267,85
199,176,85
215,6,85
229,257,85
247,131,85
247,298,85
250,36,85
250,255,85
255,99,85
255,250,85
257,229,85
267,162,85
267,186,85
269,57,85
278,216,85
291,88,85
298,131,85
298,247,85
1,213,86
3,188,86
9,142,86
15,291,86
16,211,86
41,144,86
116,69,86
132,159,86
142,9,86
159,132,86
159,141,86
162,186,86
162,217,86
167,271,86
169,195,86
186,7,86
186,162,86
188,3,86
195,169,86
197,272,86
211,16,86
212,241,86
213,1,86
235,37,86
241,212,86
259,271,86
267,63,86
271,167,86
271,259,86
291,15,86
291,88,86
7,63,87
7,186,87
7,267,87
9,163,87
16,155,87
16,211,87
36,255,87
37,110,87
37,235,87
53,182,87
56,297,87
63,7,87
63,186,87
63,267,87
83,86,87
86,83,87
110,37,87
116,50,87
116,69,87
122,205,87
122,236,87
125,277,87
126,286,87
140,150,87
141,173,87
149,26,87
149,156,87
150,140,87
159,173,87
163,9,87
173,159,87
176,35,87
182,53,87
186,7,87
186,63,87
186,217,87
186,267,87
189,197,87
189,272,87
197,189,87
205,122,87
205,236,87
217,186,87
217,267,87
223,266,87
235,198,87
236,122,87
236,205,87
250,36,87
250,255,87
255,36,87
255,250,87
257,107,87
267,7,87
267,63,87
267,186,87
267,217,87
271,167,87
272,189,87
286,126,87
297,56,87
1,133,88
7,63,88
11,44,88
16,155,88
17,67,88
21,47,88
26,107,88
26,149,88
31,259,88
37,196,88
37,198,88
44,11,88
45,240,88
47,21,88
56,256,88
61,223,88
61,266,88
63,7,88
63,186,88
67,17,88
92,269,88
103,248,88
107,26,88
107,149,88
107,156,88
107,257,88
133,213,88
141,159,88
142,163,88
149,26,88
149,107,88
149,156,88
156,107,88
156,149,88
159,141,88
163,142,88
169,161,88
186,63,88
189,197,88
189,272,88
192,221,88
196,37,88
196,198,88
197,272,88
198,37,88
198,196,88
213,133,88
213,245,88
221,192,88
223,61,88
223,266,88
236,122,88
240,45,88
245,213,88
248,103,88
251,101,88
255,36,88
256,56,88
259,31,88
266,61,88
266,223,88
269,92,88
272,197,88
2,294,89
10,17,89
17,10,89
17,67,89
26,107,89
36,256,89
37,196,89
52,224,89
76,96,89
86,252,89
96,76,89
97,170,89
107,26,89
107,149,89
109,220,89
116,130,89
135,227,89
140,29,89
149,107,89
162,186,89
169,174,89
170,97,89
174,169,89
186,162,89
196,37,89
196,198,89
220,109,89
224,52,89
227,135,89
248,124,89
256,36,89
266,61,89
272,189,89
279,285,89
285,279,89
292,270,89
294,2,89
17,10,90
26,149,90
26,156,90
57,94,90
62,239,90
63,217,90
63,267,90
72,223,90
94,57,90
107,26,90
107,149,90
111,168,90
117,210,90
119,158,90
130,177,90
131,247,90
149,26,90
149,107,90
149,156,90
156,26,90
156,149,90
158,119,90
168,111,90
177,130,90
186,63,90
210,117,90
217,63,90
223,72,90
223,266,90
239,62,90
247,131,90
266,223,90
267,63,90
1,213,91
4,258,91
7,171,91
8,63,91
9,82,91
31,263,91
50,69,91
61,223,91
61,266,91
63,8,91
63,217,91
69,50,91
82,9,91
156,257,91
169,195,91
186,217,91
186,267,91
196,235,91
207,239,91
213,1,91
217,186,91
217,267,91
223,61,91
223,266,91
235,196,91
239,207,91
255,99,91
256,56,91
257,156,91
258,4,91
263,31,91
266,61,91
266,223,91
267,186,91
267,217,91
14,232,92
17,236,92
18,49,92
18,106,92
20,86,92
26,107,92
26,149,92
28,253,92
49,18,92
61,72,92
61,223,92
72,61,92
72,223,92
74,237,92
81,104,92
86,20,92
86,252,92
104,81,92
107,26,92
131,292,92
149,26,92
169,174,92
223,61,92
223,72,92
232,14,92
236,17,92
237,74,92
247,292,92
253,28,92
267,186,92
267,217,92
292,131,92
292,247,92
5,120,93
10,236,93
17,10,93
17,236,93
46,243,93
49,106,93
63,186,93
77,198,93
94,269,93
102,214,93
106,49,93
120,5,93
140,150,93
158,227,93
161,298,93
162,217,93
165,19,93
186,63,93
198,77,93
214,102,93
217,162,93
223,61,93
227,158,93
236,10,93
236,17,93
269,94,93
292,131,93
298,161,93
8,186,94
17,43,94
17,236,94
26,107,94
43,17,94
46,127,94
63,8,94
63,186,94
85,233,94
106,18,94
106,49,94
108,152,94
119,227,94
140,29,94
148,199,94
152,108,94
159,132,94
186,8,94
186,63,94
199,148,94
223,266,94
227,119,94
233,85,94
2,164,95
50,130,95
66,218,95
130,50,95
149,156,95
156,149,95
156,257,95
164,2,95
171,267,95
182,185,95
185,182,95
218,66,95
236,10,95
267,171,95
10,43,96
10,236,96
15,88,96
18,49,96
18,106,96
37,77,96
37,99,96
43,10,96
43,236,96
49,18,96
62,146,96
63,162,96
69,95,96
77,37,96
87,212,96
88,15,96
93,198,96
94,57,96
95,69,96
99,37,96
106,18,96
127,243,96
131,298,96
132,141,96
141,132,96
146,62,96
162,63,96
167,263,96
198,93,96
212,87,96
220,233,96
233,220,96
236,43,96
243,127,96
245,253,96
248,103,96
253,245,96
263,167,96
298,131,96
18,49,97
32,271,97
63,217,97
76,139,97
77,99,97
87,169,97
88,291,97
96,181,97
99,77,97
109,73,97
131,161,97
133,163,97
139,76,97
141,173,97
155,211,97
161,131,97
162,217,97
163,133,97
168,286,97
169,87,97
173,141,97
174,195,97
181,96,97
183,207,97
195,174,97
207,183,97
211,155,97
217,63,97
217,162,97
236,10,97
236,43,97
271,32,97
286,168,97
15,291,98
20,83,98
36,99,98
37,196,98
44,73,98
63,267,98
66,144,98
66,218,98
73,44,98
73,184,98
83,20,98
88,15,98
88,291,98
92,127,98
94,269,98
99,36,98
99,77,98
127,92,98
144,66,98
184,73,98
191,296,98
196,37,98
198,258,98
213,253,98
236,10,98
253,213,98
258,198,98
267,63,98
270,290,98
290,270,98
291,15,98
291,88,98
6,117,99
25,38,99
38,25,99
39,261,99
40,242,99
41,66,99
41,93,99
53,185,99
66,41,99
66,93,99
66,218,99
93,41,99
93,66,99
93,218,99
99,36,99
111,214,99
112,191,99
115,221,99
117,6,99
117,142,99
130,116,99
142,117,99
156,149,99
158,238,99
171,7,99
185,53,99
191,112,99
214,111,99
218,93,99
221,115,99
223,72,99
236,17,99
238,158,99
242,40,99
253,245,99
261,39,99
291,15,99
1,253,100
41,66,100
41,93,100
41,235,100
50,69,100
66,41,100
66,93,100
69,50,100
69,95,100
78,268,100
87,212,100
93,41,100
93,66,100
93,235,100
99,258,100
100,170,100
122,205,100
126,214,100
137,147,100
147,137,100
169,212,100
170,100,100
171,267,100
186,8,100
196,258,100
204,238,100
204,294,100
205,122,100
212,169,100
214,126,100
235,41,100
235,93,100
238,204,100
238,294,100
240,284,100
253,1,100
258,99,100
258,196,100
267,171,100
268,78,100
284,240,100
294,204,100
294,238,100
