3,203,1
6,35,1
9,199,1
10,146,1
14,283,1
16,93,1
17,115,1
17,176,1
19,306,1
21,173,1
24,267,1
28,40,1
34,121,1
35,6,1
37,226,1
37,304,1
40,28,1
42,65,1
42,231,1
43,250,1
44,256,1
48,85,1
57,297,1
62,136,1
65,42,1
65,231,1
66,273,1
71,243,1
75,317,1
77,249,1
81,212,1
82,102,1
85,48,1
86,106,1
86,195,1
86,225,1
88,216,1
90,195,1
90,225,1
93,16,1
101,184,1
101,201,1
101,237,1
102,82,1
102,274,1
104,165,1
106,86,1
107,287,1
112,117,1
115,17,1
116,118,1
116,283,1
117,112,1
118,116,1
118,283,1
121,34,1
127,210,1
128,238,1
131,218,1
136,62,1
146,10,1
150,191,1
155,210,1
156,217,1
158,301,1
165,104,1
166,292,1
168,250,1
173,21,1
175,254,1
176,17,1
184,101,1
184,201,1
191,150,1
195,86,1
195,90,1
195,225,1
199,9,1
201,101,1
201,184,1
203,3,1
210,127,1
210,155,1
212,81,1
216,88,1
217,156,1
218,131,1
221,307,1
225,86,1
225,90,1
225,195,1
226,37,1
231,42,1
231,65,1
237,101,1
238,128,1
243,71,1
248,257,1
249,77,1
250,43,1
250,168,1
254,175,1
256,44,1
257,248,1
267,24,1
273,66,1
274,102,1
283,14,1
283,116,1
283,118,1
285,323,1
287,107,1
292,166,1
297,57,1
301,158,1
304,37,1
304,305,1
305,304,1
306,19,1
307,221,1
317,75,1
323,285,1
14,118,2
17,115,2
21,193,2
34,157,2
37,305,2
42,65,2
42,231,2
51,190,2
65,42,2
65,231,2
66,196,2
89,299,2
92,239,2
96,135,2
101,201,2
101,237,2
102,82,2
118,14,2
119,169,2
121,157,2
122,226,2
134,199,2
135,96,2
137,138,2
138,137,2
149,284,2
151,158,2
157,34,2
157,121,2
158,151,2
169,119,2
173,257,2
185,207,2
190,51,2
193,21,2
196,66,2
196,273,2
199,134,2
201,101,2
201,184,2
207,185,2
222,324,2
224,255,2
224,261,2
225,90,2
225,195,2
226,122,2
231,42,2
231,65,2
239,92,2
240,272,2
242,313,2
255,224,2
257,173,2
261,224,2
266,330,2
272,240,2
273,196,2
283,116,2
284,149,2
299,89,2
304,37,2
304,305,2
305,37,2
305,304,2
313,242,2
324,222,2
330,266,2
17,176,3
26,135,3
34,121,3
36,281,3
37,122,3
37,304,3
37,305,3
43,168,3
51,167,3
51,190,3
58,164,3
62,204,3
64,92,3
66,273,3
73,308,3
92,64,3
101,201,3
115,176,3
117,261,3
121,34,3
121,157,3
122,37,3
122,304,3
124,128,3
128,124,3
135,26,3
150,326,3
161,163,3
163,161,3
164,58,3
165,234,3
167,51,3
168,43,3
176,115,3
178,264,3
189,259,3
196,66,3
201,101,3
201,237,3
203,270,3
204,62,3
210,127,3
225,86,3
225,90,3
230,276,3
234,165,3
237,201,3
243,328,3
255,261,3
257,248,3
259,189,3
261,117,3
261,255,3
264,178,3
270,203,3
273,66,3
276,230,3
281,36,3
304,37,3
304,122,3
304,305,3
305,37,3
305,304,3
308,73,3
326,150,3
328,243,3
10,276,4
20,113,4
34,90,4
34,195,4
52,87,4
66,196,4
66,273,4
68,154,4
72,215,4
84,152,4
87,52,4
90,34,4
90,195,4
90,225,4
92,239,4
102,274,4
113,20,4
116,118,4
117,112,4
118,116,4
126,285,4
152,84,4
154,68,4
158,301,4
162,266,4
162,330,4
167,190,4
173,248,4
176,17,4
176,115,4
190,167,4
192,290,4
195,34,4
195,90,4
195,225,4
215,72,4
225,195,4
226,304,4
246,275,4
248,173,4
252,297,4
261,224,4
266,162,4
266,330,4
275,246,4
276,10,4
276,230,4
285,126,4
290,192,4
297,252,4
304,122,4
304,226,4
305,37,4
330,162,4
330,266,4
9,134,5
22,206,5
29,260,5
34,90,5
46,303,5
59,77,5
65,67,5
67,65,5
77,59,5
87,158,5
90,34,5
100,272,5
111,184,5
116,283,5
122,226,5
128,238,5
134,9,5
158,87,5
167,180,5
172,330,5
173,193,5
173,248,5
174,214,5
180,167,5
184,111,5
193,173,5
197,201,5
197,301,5
198,259,5
201,197,5
203,3,5
206,22,5
214,174,5
222,241,5
224,255,5
224,261,5
226,122,5
231,42,5
241,222,5
242,323,5
246,321,5
255,224,5
255,261,5
259,198,5
260,29,5
261,255,5
270,324,5
272,100,5
276,10,5
289,309,5
301,197,5
303,46,5
303,310,5
304,305,5
305,304,5
309,289,5
310,303,5
321,246,5
323,242,5
324,270,5
330,162,5
330,172,5
13,143,6
29,312,6
31,248,6
35,286,6
43,240,6
46,310,6
54,181,6
55,177,6
68,73,6
73,68,6
73,308,6
80,326,6
86,106,6
86,225,6
87,301,6
101,184,6
104,159,6
119,136,6
119,169,6
122,154,6
136,119,6
143,13,6
154,122,6
158,301,6
159,104,6
167,190,6
177,55,6
180,190,6
181,54,6
184,101,6
190,180,6
197,201,6
224,255,6
225,86,6
225,195,6
240,43,6
248,31,6
248,173,6
255,224,6
255,261,6
260,312,6
268,325,6
286,35,6
290,306,6
301,87,6
301,158,6
303,46,6
303,310,6
306,290,6
310,46,6
310,303,6
312,29,6
312,260,6
325,268,6
326,80,6
326,150,6
5,156,7
30,56,7
32,309,7
35,160,7
50,199,7
52,158,7
56,30,7
62,136,7
86,195,7
87,52,7
87,301,7
94,149,7
115,177,7
119,136,7
119,169,7
126,323,7
136,62,7
136,119,7
140,281,7
149,94,7
156,5,7
158,52,7
160,35,7
162,266,7
176,299,7
177,115,7
184,111,7
190,167,7
195,86,7
195,225,7
199,50,7
248,31,7
252,299,7
255,224,7
266,162,7
281,140,7
299,176,7
299,252,7
301,87,7
309,32,7
310,46,7
312,29,7
323,126,7
326,80,7
13,78,8
13,143,8
17,72,8
21,127,8
35,286,8
42,67,8
67,42,8
67,65,8
71,328,8
72,17,8
78,13,8
78,143,8
80,150,8
82,292,8
96,222,8
100,240,8
100,272,8
104,234,8
116,118,8
127,21,8
129,258,8
136,62,8
143,78,8
145,318,8
150,80,8
150,326,8
159,234,8
172,179,8
179,172,8
203,222,8
222,96,8
222,203,8
234,104,8
234,159,8
240,100,8
246,283,8
246,321,8
258,129,8
283,246,8
292,82,8
292,166,8
313,323,8
318,145,8
323,313,8
326,150,8
328,71,8
1,278,9
9,50,9
9,199,9
14,34,9
23,184,9
24,91,9
34,14,9
42,65,9
42,67,9
50,9,9
50,199,9
57,202,9
65,42,9
67,42,9
67,231,9
68,170,9
86,225,9
90,195,9
91,24,9
91,267,9
100,250,9
118,268,9
122,226,9
126,242,9
126,323,9
147,282,9
162,172,9
162,179,9
168,219,9
170,68,9
172,162,9
177,55,9
179,162,9
184,23,9
184,111,9
192,306,9
195,90,9
199,9,9
199,50,9
202,57,9
219,168,9
225,86,9
226,293,9
231,67,9
242,126,9
246,283,9
246,321,9
250,100,9
252,297,9
267,91,9
268,118,9
268,325,9
278,1,9
281,36,9
282,147,9
292,82,9
292,166,9
293,226,9
306,192,9
310,303,9
312,260,9
323,126,9
1,154,10
1,278,10
12,141,10
17,89,10
36,140,10
42,231,10
43,272,10
77,249,10
80,326,10
86,302,10
89,17,10
91,24,10
91,267,10
96,203,10
100,272,10
126,242,10
140,36,10
141,12,10
150,271,10
154,1,10
154,278,10
160,224,10
160,255,10
162,172,10
172,179,10
173,193,10
179,172,10
184,23,10
184,111,10
191,271,10
199,9,10
199,50,10
203,96,10
224,160,10
224,255,10
226,122,10
231,42,10
246,283,10
255,160,10
255,224,10
271,150,10
271,191,10
272,43,10
272,100,10
275,321,10
278,154,10
299,176,10
302,86,10
306,290,10
321,275,10
326,80,10
4,288,11
9,320,11
23,111,11
31,173,11
32,289,11
42,67,11
42,231,11
43,100,11
43,240,11
43,272,11
59,249,11
67,42,11
67,231,11
70,91,11
77,59,11
77,249,11
86,225,11
86,302,11
91,70,11
92,64,11
100,43,11
111,23,11
111,184,11
112,255,11
118,116,11
153,186,11
160,224,11
172,162,11
173,31,11
186,153,11
199,9,11
199,50,11
199,320,11
203,3,11
224,160,11
224,255,11
231,67,11
234,244,11
240,43,11
242,323,11
244,234,11
249,59,11
249,77,11
255,112,11
255,224,11
271,150,11
272,43,11
276,230,11
288,4,11
289,32,11
290,303,11
303,290,11
310,46,11
320,9,11
320,199,11
323,242,11
9,199,12
9,320,12
14,118,12
21,193,12
34,195,12
36,281,12
41,168,12
42,67,12
42,231,12
43,240,12
43,272,12
45,269,12
62,169,12
67,42,12
67,231,12
68,73,12
73,68,12
73,170,12
80,150,12
80,326,12
83,233,12
86,225,12
86,302,12
100,250,12
100,272,12
111,23,12
111,184,12
118,14,12
118,116,12
142,245,12
150,80,12
152,307,12
154,293,12
155,193,12
168,41,12
169,62,12
170,73,12
193,21,12
193,155,12
195,34,12
199,9,12
231,42,12
231,67,12
233,83,12
245,142,12
250,272,12
255,112,12
267,319,12
269,45,12
271,191,12
272,100,12
272,250,12
283,321,12
293,154,12
307,152,12
319,267,12
320,9,12
321,283,12
9,199,13
19,79,13
43,240,13
48,145,13
63,113,13
67,109,13
67,183,13
72,296,13
79,19,13
81,249,13
96,222,13
102,292,13
109,67,13
109,183,13
113,63,13
119,144,13
144,119,13
145,48,13
150,191,13
150,271,13
162,330,13
172,330,13
183,67,13
183,109,13
191,150,13
193,21,13
193,155,13
222,96,13
227,247,13
231,42,13
247,227,13
249,81,13
259,189,13
271,150,13
272,100,13
292,102,13
296,72,13
321,275,13
330,162,13
330,172,13
2,253,14
3,96,14
9,50,14
9,199,14
17,296,14
21,155,14
23,184,14
37,141,14
41,219,14
43,100,14
50,9,14
50,199,14
67,109,14
68,170,14
73,68,14
81,212,14
86,225,14
86,302,14
96,3,14
100,43,14
101,197,14
102,274,14
109,67,14
141,37,14
145,318,14
155,21,14
170,68,14
184,23,14
189,198,14
189,259,14
197,101,14
198,189,14
199,50,14
212,249,14
215,296,14
219,41,14
224,160,14
225,302,14
240,272,14
249,212,14
253,2,14
272,240,14
272,250,14
274,292,14
275,283,14
283,275,14
292,274,14
296,17,14
296,215,14
297,299,14
299,297,14
302,225,14
17,215,15
17,296,15
21,193,15
47,279,15
53,316,15
84,307,15
85,284,15
86,225,15
100,250,15
106,302,15
107,207,15
122,293,15
136,171,15
145,48,15
171,136,15
173,257,15
175,265,15
193,21,15
199,9,15
207,107,15
215,17,15
215,296,15
225,86,15
250,100,15
257,173,15
265,175,15
272,240,15
277,294,15
279,47,15
284,85,15
293,122,15
294,277,15
296,17,15
296,215,15
302,106,15
306,192,15
307,84,15
316,53,15
1,154,16
17,215,16
17,296,16
20,49,16
29,272,16
38,87,16
49,20,16
64,239,16
68,73,16
68,170,16
87,38,16
89,297,16
91,24,16
102,292,16
120,308,16
121,195,16
122,305,16
126,323,16
127,155,16
154,1,16
154,293,16
155,127,16
155,210,16
158,201,16
162,172,16
162,330,16
164,273,16
172,162,16
195,121,16
201,158,16
210,155,16
215,17,16
239,64,16
272,29,16
273,164,16
274,102,16
274,292,16
275,321,16
283,321,16
292,102,16
292,274,16
293,154,16
296,17,16
297,89,16
297,299,16
305,122,16
308,120,16
321,283,16
323,126,16
330,162,16
1,293,17
23,197,17
31,257,17
42,179,17
72,215,17
74,100,17
89,299,17
100,74,17
112,236,17
121,157,17
121,195,17
122,304,17
129,315,17
154,305,17
157,195,17
169,171,17
171,169,17
172,330,17
179,42,17
190,180,17
195,157,17
197,23,17
199,50,17
215,72,17
236,112,17
250,266,17
257,31,17
266,250,17
271,326,17
293,1,17
293,305,17
299,89,17
304,122,17
305,154,17
305,293,17
315,129,17
323,242,17
326,271,17
330,172,17
9,151,18
21,210,18
36,58,18
40,188,18
42,231,18
43,240,18
57,89,18
58,36,18
62,144,18
67,232,18
87,301,18
89,57,18
94,200,18
100,250,18
100,266,18
122,305,18
144,62,18
151,9,18
155,193,18
155,210,18
164,196,18
179,231,18
183,231,18
188,40,18
193,155,18
195,121,18
195,157,18
196,164,18
200,94,18
210,21,18
210,155,18
222,270,18
231,179,18
231,183,18
232,67,18
240,43,18
250,100,18
250,266,18
266,100,18
266,250,18
270,222,18
297,252,18
305,122,18
305,293,18
323,126,18
323,242,18
3,203,19
13,171,19
21,155,19
28,228,19
31,248,19
42,179,19
42,231,19
43,266,19
50,320,19
52,218,19
73,170,19
96,241,19
101,111,19
111,101,19
122,154,19
122,305,19
126,285,19
128,291,19
154,122,19
155,21,19
155,210,19
162,172,19
170,73,19
171,13,19
172,162,19
175,254,19
179,42,19
179,231,19
184,280,19
195,121,19
218,52,19
226,305,19
228,28,19
231,42,19
231,179,19
234,159,19
238,291,19
241,96,19
266,43,19
266,100,19
280,184,19
291,128,19
291,238,19
293,1,19
305,122,19
305,226,19
313,317,19
317,313,19
320,50,19
23,101,20
23,197,20
38,131,20
42,179,20
42,183,20
84,95,20
95,84,20
101,23,20
105,310,20
118,14,20
122,154,20
122,305,20
126,323,20
131,38,20
150,191,20
179,42,20
179,183,20
179,231,20
183,42,20
183,179,20
195,34,20
199,216,20
216,199,20
240,272,20
266,250,20
272,240,20
291,128,20
291,238,20
305,122,20
310,105,20
323,126,20
16,287,21
28,188,21
42,231,21
57,299,21
72,296,21
88,282,21
93,174,21
101,111,21
126,285,21
128,238,21
154,226,21
156,209,21
157,185,21
166,274,21
166,292,21
174,93,21
175,265,21
183,42,21
185,157,21
188,28,21
209,156,21
210,271,21
210,326,21
224,286,21
226,154,21
231,42,21
236,255,21
238,128,21
238,291,21
255,236,21
271,210,21
271,326,21
274,166,21
274,292,21
282,88,21
286,224,21
287,16,21
292,166,21
292,274,21
296,72,21
299,57,21
326,210,21
326,271,21
7,283,22
13,143,22
14,116,22
20,113,22
21,210,22
27,108,22
31,257,22
32,301,22
35,6,22
42,183,22
43,100,22
44,223,22
45,311,22
46,303,22
57,252,22
78,294,22
86,302,22
100,43,22
108,27,22
111,280,22
112,255,22
113,20,22
116,14,22
116,118,22
118,116,22
128,291,22
143,13,22
145,318,22
154,305,22
155,21,22
155,210,22
155,271,22
155,326,22
160,251,22
166,274,22
166,292,22
173,248,22
182,327,22
209,228,22
210,21,22
210,155,22
210,271,22
223,44,22
226,305,22
228,209,22
229,277,22
236,112,22
236,255,22
236,280,22
248,173,22
251,160,22
252,57,22
252,297,22
255,112,22
255,236,22
262,306,22
271,155,22
271,210,22
271,326,22
274,166,22
274,292,22
277,229,22
280,111,22
280,236,22
283,7,22
289,309,22
291,128,22
292,166,22
292,274,22
294,78,22
301,32,22
301,87,22
302,86,22
303,46,22
305,154,22
305,226,22
306,262,22
309,289,22
311,45,22
323,242,22
326,155,22
326,271,22
327,182,22
1,305,23
10,120,23
11,245,23
12,51,23
21,271,23
27,133,23
34,185,23
34,195,23
38,218,23
51,12,23
84,153,23
89,215,23
112,236,23
112,261,23
116,14,23
116,118,23
120,10,23
133,27,23
153,84,23
155,271,23
163,281,23
166,274,23
166,292,23
170,68,23
171,169,23
183,231,23
185,34,23
209,217,23
209,228,23
210,21,23
215,89,23
217,209,23
217,228,23
218,38,23
228,217,23
231,183,23
236,112,23
245,11,23
252,57,23
261,112,23
271,21,23
271,155,23
274,166,23
277,294,23
280,111,23
280,184,23
281,163,23
292,166,23
294,277,23
296,17,23
305,1,23
305,154,23
7,246,24
7,283,24
9,216,24
24,319,24
41,43,24
43,41,24
45,269,24
48,284,24
50,134,24
50,320,24
54,257,24
57,299,24
96,222,24
116,14,24
131,218,24
134,50,24
154,226,24
155,210,24
161,281,24
166,274,24
170,73,24
185,157,24
210,155,24
211,235,24
216,9,24
218,131,24
222,96,24
226,154,24
235,211,24
236,255,24
240,250,24
246,7,24
250,240,24
250,266,24
257,54,24
274,292,24
281,161,24
284,48,24
292,274,24
301,32,24
301,87,24
305,1,24
319,24,24
7,246,25
7,283,25
21,210,25
21,295,25
34,185,25
38,87,25
39,125,25
41,100,25
42,179,25
45,311,25
50,134,25
57,252,25
57,297,25
68,73,25
73,68,25
87,38,25
100,41,25
106,225,25
111,253,25
112,255,25
122,154,25
125,39,25
154,122,25
154,226,25
156,217,25
179,42,25
185,34,25
185,157,25
210,21,25
210,155,25
217,156,25
223,256,25
225,106,25
246,283,25
248,257,25
250,240,25
253,111,25
253,261,25
254,265,25
255,112,25
256,223,25
257,248,25
261,253,25
265,254,25
271,326,25
274,166,25
274,292,25
277,229,25
283,246,25
284,85,25
291,238,25
295,21,25
297,57,25
7,246,26
14,118,26
14,268,26
21,155,26
21,210,26
34,195,26
41,43,26
41,100,26
57,215,26
70,83,26
73,198,26
77,212,26
83,70,26
93,182,26
112,236,26
118,14,26
118,268,26
140,281,26
155,21,26
182,93,26
185,34,26
198,73,26
210,21,26
212,77,26
215,57,26
236,112,26
246,7,26
246,283,26
253,111,26
268,14,26
268,118,26
277,294,26
281,140,26
281,161,26
291,128,26
291,238,26
9,320,27
14,118,27
21,155,27
21,210,27
23,280,27
31,248,27
34,157,27
34,185,27
35,114,27
43,272,27
44,233,27
45,221,27
64,277,27
64,294,27
112,253,27
114,35,27
118,14,27
120,308,27
121,214,27
128,206,27
128,291,27
155,271,27
157,34,27
177,115,27
206,128,27
209,217,27
214,121,27
217,209,27
221,45,27
233,44,27
246,7,27
246,283,27
248,31,27
252,297,27
253,112,27
271,155,27
272,43,27
277,64,27
277,229,27
280,23,27
291,128,27
294,64,27
297,252,27
307,152,27
320,9,27
6,25,28
9,216,28
21,127,28
25,6,28
34,157,28
41,74,28
41,266,28
49,288,28
57,296,28
66,164,28
69,263,28
74,41,28
74,266,28
84,152,28
84,307,28
111,261,28
127,21,28
135,241,28
151,216,28
152,84,28
152,307,28
157,185,28
164,66,28
176,215,28
185,157,28
210,271,28
215,176,28
216,151,28
224,251,28
241,135,28
251,224,28
252,299,28
261,111,28
263,69,28
265,175,28
266,41,28
266,74,28
271,210,28
288,49,28
296,57,28
297,299,28
299,252,28
299,297,28
307,84,28
307,152,28
24,267,29
26,53,29
34,195,29
35,286,29
38,301,29
41,74,29
42,183,29
53,26,29
74,41,29
74,266,29
127,155,29
154,122,29
155,127,29
166,292,29
169,243,29
182,275,29
183,42,29
193,311,29
197,201,29
201,197,29
209,228,29
221,269,29
228,209,29
229,294,29
243,169,29
249,59,29
252,297,29
252,299,29
267,24,29
269,221,29
274,166,29
274,292,29
275,182,29
286,35,29
292,166,29
292,274,29
294,229,29
297,252,29
299,252,29
301,38,29
311,193,29
21,210,30
41,43,30
41,74,30
43,41,30
51,168,30
74,41,30
78,229,30
95,153,30
97,160,30
107,121,30
121,107,30
151,320,30
153,95,30
155,210,30
155,271,30
160,97,30
168,51,30
170,308,30
181,188,30
185,195,30
188,181,30
195,185,30
210,21,30
210,155,30
215,252,30
216,320,30
217,156,30
229,78,30
252,215,30
252,299,30
271,155,30
292,166,30
308,170,30
320,151,30
320,216,30
9,199,31
14,325,31
23,184,31
35,114,31
41,43,31
51,12,31
51,168,31
67,109,31
74,266,31
86,157,31
91,319,31
95,159,31
110,250,31
120,293,31
121,214,31
125,163,31
140,161,31
151,216,31
155,210,31
155,271,31
157,86,31
159,95,31
161,140,31
163,125,31
184,23,31
197,280,31
199,9,31
216,151,31
216,320,31
221,311,31
222,270,31
236,253,31
250,110,31
250,240,31
252,215,31
253,236,31
277,294,31
280,197,31
292,274,31
293,120,31
294,277,31
311,221,31
319,91,31
325,14,31
1,278,32
6,255,32
23,197,32
23,201,32
42,179,32
45,311,32
64,277,32
72,189,32
99,316,32
107,214,32
155,210,32
169,171,32
188,209,32
189,72,32
195,34,32
197,23,32
197,201,32
201,23,32
201,197,32
209,188,32
214,107,32
216,151,32
216,320,32
229,294,32
234,244,32
255,6,32
277,64,32
278,1,32
292,166,32
294,229,32
297,299,32
299,297,32
311,45,32
311,221,32
316,99,32
12,168,33
14,118,33
36,66,33
43,219,33
45,221,33
57,252,33
57,296,33
66,36,33
89,189,33
103,110,33
110,103,33
126,242,33
127,326,33
144,119,33
153,159,33
157,302,33
159,153,33
159,186,33
168,12,33
177,189,33
186,159,33
189,89,33
189,177,33
190,238,33
210,21,33
215,297,33
215,299,33
216,151,33
219,43,33
221,45,33
221,311,33
238,190,33
242,126,33
252,57,33
252,296,33
296,252,33
297,215,33
297,299,33
299,215,33
299,297,33
302,157,33
326,127,33
4,314,34
12,51,34
23,280,34
34,157,34
34,185,34
35,251,34
35,286,34
36,58,34
39,163,34
51,12,34
72,177,34
72,189,34
84,153,34
84,186,34
84,307,34
96,241,34
101,184,34
118,325,34
153,84,34
153,159,34
153,186,34
157,34,34
159,153,34
163,39,34
177,72,34
184,101,34
185,34,34
186,84,34
186,153,34
189,72,34
215,252,34
215,299,34
221,45,34
241,96,34
246,268,34
251,35,34
252,215,34
252,297,34
252,299,34
253,255,34
255,253,34
268,246,34
280,23,34
297,252,34
297,299,34
299,215,34
299,252,34
299,297,34
307,84,34
314,4,34
325,118,34
3,270,35
12,168,35
23,101,35
23,184,35
34,157,35
34,185,35
38,52,35
41,219,35
42,231,35
43,41,35
43,74,35
52,38,35
70,322,35
73,115,35
74,43,35
90,116,35
101,23,35
115,73,35
116,90,35
130,205,35
146,276,35
153,159,35
156,188,35
157,185,35
158,218,35
166,274,35
166,292,35
184,23,35
185,157,35
188,156,35
189,89,35
195,302,35
205,130,35
218,158,35
219,41,35
224,286,35
229,277,35
229,294,35
231,42,35
252,297,35
270,3,35
274,166,35
276,146,35
277,229,35
277,294,35
284,48,35
286,224,35
294,277,35
297,252,35
299,215,35
302,195,35
303,290,35
322,70,35
2,261,36
14,325,36
23,101,36
30,298,36
34,157,36
42,179,36
64,178,36
67,232,36
74,266,36
118,14,36
118,325,36
129,196,36
129,315,36
156,217,36
157,34,36
157,185,36
167,238,36
178,64,36
183,231,36
184,201,36
196,129,36
201,184,36
220,258,36
231,183,36
238,167,36
239,294,36
252,299,36
255,6,36
258,220,36
261,2,36
274,292,36
292,274,36
294,239,36
298,30,36
299,252,36
325,14,36
325,118,36
14,118,37
14,325,37
29,240,37
41,43,37
41,266,37
43,41,37
43,266,37
50,320,37
57,202,37
58,164,37
64,264,37
73,198,37
85,145,37
89,176,37
93,174,37
106,288,37
107,121,37
115,198,37
118,14,37
118,325,37
121,107,37
121,214,37
145,85,37
154,304,37
156,188,37
156,217,37
164,58,37
169,243,37
176,89,37
180,245,37
188,217,37
198,115,37
203,222,37
210,155,37
214,121,37
217,188,37
222,203,37
240,29,37
240,250,37
245,180,37
252,297,37
255,253,37
264,64,37
266,41,37
266,43,37
288,106,37
304,154,37
320,50,37
325,14,37
325,118,37
3,313,38
14,118,38
35,251,38
41,43,38
41,219,38
43,41,38
47,213,38
69,75,38
70,83,38
73,115,38
75,69,38
80,193,38
89,297,38
107,214,38
115,73,38
115,198,38
118,14,38
126,323,38
137,321,38
146,294,38
154,259,38
154,304,38
156,188,38
167,190,38
184,280,38
188,156,38
190,167,38
193,80,38
203,313,38
213,47,38
214,107,38
214,121,38
221,269,38
239,277,38
240,29,38
246,283,38
255,6,38
259,154,38
277,239,38
280,184,38
294,146,38
297,89,38
313,3,38
313,203,38
321,137,38
323,126,38
23,201,39
23,237,39
29,110,39
35,286,39
38,218,39
41,43,39
41,219,39
55,119,39
58,36,39
69,324,39
73,198,39
78,204,39
86,185,39
89,296,39
92,294,39
97,224,39
101,237,39
110,29,39
110,240,39
119,55,39
168,190,39
185,86,39
190,168,39
198,73,39
201,23,39
203,222,39
204,78,39
218,38,39
224,97,39
237,23,39
237,101,39
240,110,39
248,326,39
273,287,39
275,321,39
286,35,39
287,273,39
290,310,39
294,92,39
295,318,39
296,89,39
310,290,39
318,295,39
321,275,39
324,69,39
326,248,39
14,325,40
17,141,40
29,240,40
39,125,40
39,163,40
52,87,40
56,199,40
70,322,40
72,89,40
72,297,40
87,52,40
89,72,40
98,170,40
101,201,40
110,29,40
110,240,40
120,10,40
120,305,40
125,39,40
127,193,40
141,17,40
152,153,40
152,159,40
153,152,40
155,191,40
159,152,40
170,98,40
178,239,40
191,155,40
193,127,40
199,56,40
201,101,40
221,45,40
237,23,40
239,178,40
240,29,40
240,110,40
251,286,40
286,251,40
297,72,40
305,120,40
325,14,40
3,203,41
10,305,41
12,190,41
29,250,41
39,125,41
39,163,41
42,256,41
54,269,41
69,75,41
69,324,41
72,89,41
94,149,41
97,160,41
109,284,41
125,163,41
126,285,41
134,320,41
152,153,41
160,224,41
163,125,41
168,238,41
190,12,41
193,80,41
196,315,41
198,115,41
203,3,41
215,296,41
224,160,41
226,293,41
238,168,41
250,29,41
256,42,41
269,54,41
284,109,41
293,226,41
296,215,41
300,324,41
305,10,41
315,196,41
320,134,41
324,300,41
5,53,42
10,120,42
10,305,42
29,240,42
29,250,42
33,162,42
42,179,42
51,190,42
53,5,42
69,263,42
69,324,42
70,83,42
86,225,42
112,255,42
120,10,42
123,200,42
135,203,42
136,328,42
162,33,42
163,39,42
179,256,42
190,51,42
194,211,42
200,123,42
203,135,42
211,194,42
225,86,42
229,239,42
239,229,42
240,29,42
240,110,42
253,236,42
255,112,42
256,179,42
263,324,42
292,166,42
315,129,42
315,196,42
324,69,42
324,263,42
328,136,42
8,283,43
20,103,43
21,155,43
21,191,43
22,202,43
29,312,43
38,52,43
39,281,43
42,223,43
52,38,43
67,109,43
75,324,43
101,237,43
103,20,43
109,67,43
155,21,43
176,297,43
180,272,43
191,21,43
202,22,43
210,271,43
223,42,43
237,101,43
240,250,43
248,257,43
250,240,43
271,210,43
272,180,43
281,39,43
283,8,43
284,48,43
287,16,43
292,274,43
297,176,43
312,29,43
315,129,43
324,69,43
324,75,43
11,190,44
21,155,44
21,191,44
25,117,44
28,181,44
34,302,44
35,255,44
46,206,44
72,297,44
87,218,44
97,224,44
110,250,44
110,312,44
117,25,44
149,295,44
152,307,44
155,191,44
163,281,44
172,256,44
181,28,44
190,11,44
191,155,44
198,73,44
206,46,44
218,87,44
224,97,44
224,160,44
234,279,44
239,264,44
248,326,44
250,110,44
250,240,44
255,35,44
256,172,44
264,239,44
279,234,44
281,163,44
292,166,44
295,149,44
297,72,44
302,34,44
307,152,44
312,110,44
324,69,44
10,230,45
12,168,45
28,40,45
29,110,45
29,250,45
40,28,45
70,232,45
72,89,45
72,176,45
72,297,45
104,165,45
110,29,45
110,240,45
110,250,45
118,325,45
119,144,45
141,304,45
142,298,45
152,153,45
152,307,45
162,278,45
163,125,45
163,281,45
164,273,45
165,104,45
167,168,45
168,12,45
168,167,45
176,72,45
176,297,45
201,280,45
202,299,45
209,228,45
211,235,45
214,107,45
230,10,45
232,70,45
240,110,45
250,29,45
250,110,45
250,312,45
273,164,45
278,162,45
280,201,45
297,176,45
298,142,45
299,202,45
304,141,45
312,250,45
321,137,45
324,75,45
325,118,45
21,155,46
21,191,46
29,312,46
34,195,46
34,302,46
40,181,46
42,179,46
43,266,46
63,123,46
65,103,46
71,119,46
72,89,46
72,297,46
82,274,46
89,297,46
103,65,46
109,284,46
111,112,46
112,111,46
119,71,46
123,63,46
154,293,46
155,21,46
163,125,46
168,12,46
179,42,46
181,40,46
191,21,46
195,34,46
202,57,46
211,194,46
222,313,46
237,23,46
248,257,46
248,326,46
250,29,46
250,312,46
259,304,46
263,300,46
274,82,46
284,109,46
293,154,46
297,72,46
297,89,46
297,176,46
300,263,46
304,259,46
312,29,46
312,250,46
313,222,46
324,69,46
1,120,47
17,304,47
29,250,47
43,100,47
43,219,47
43,266,47
57,299,47
95,186,47
96,135,47
98,277,47
100,43,47
100,219,47
103,20,47
113,288,47
119,144,47
120,1,47
135,96,47
146,276,47
146,294,47
155,191,47
163,281,47
168,238,47
186,95,47
191,155,47
201,253,47
219,43,47
219,100,47
250,29,47
250,312,47
253,201,47
277,98,47
288,113,47
294,146,47
297,72,47
299,57,47
304,17,47
304,259,47
307,84,47
21,155,48
28,181,48
31,295,48
39,125,48
43,219,48
43,266,48
62,169,48
83,232,48
91,267,48
110,240,48
119,71,48
125,39,48
125,163,48
146,276,48
155,21,48
155,191,48
163,125,48
169,62,48
181,28,48
181,40,48
185,225,48
202,296,48
207,227,48
218,220,48
219,43,48
219,100,48
219,266,48
220,218,48
221,311,48
225,185,48
227,207,48
231,256,48
232,83,48
250,29,48
250,312,48
256,231,48
266,219,48
267,91,48
295,31,48
296,202,48
1,226,49
21,191,49
70,322,49
71,136,49
99,203,49
102,132,49
116,118,49
118,116,49
119,144,49
121,174,49
125,39,49
132,102,49
136,71,49
155,326,49
174,121,49
191,21,49
201,280,49
203,99,49
219,100,49
221,45,49
226,1,49
248,271,49
248,326,49
266,43,49
271,248,49
304,17,49
307,152,49
326,155,49
326,248,49
3,270,50
7,8,50
8,7,50
58,196,50
69,300,50
70,77,50
70,322,50
72,176,50
77,70,50
78,178,50
88,211,50
137,140,50
140,137,50
140,327,50
176,72,50
178,78,50
180,312,50
193,127,50
196,58,50
201,253,50
211,88,50
218,87,50
271,210,50
300,69,50
304,259,50
312,180,50
312,250,50
326,155,50
326,248,50
327,140,50
9,197,51
12,122,51
14,116,51
20,65,51
20,103,51
24,319,51
27,108,51
28,188,51
46,303,51
50,158,51
65,20,51
67,233,51
72,297,51
80,127,51
87,220,51
116,14,51
119,136,51
122,12,51
127,80,51
127,193,51
130,213,51
136,119,51
143,178,51
158,50,51
165,279,51
178,143,51
182,195,51
188,28,51
191,248,51
195,182,51
197,9,51
213,130,51
220,87,51
233,67,51
248,191,51
264,64,51
279,165,51
283,246,51
303,46,51
304,17,51
312,180,51
312,250,51
319,24,51
1,120,52
3,313,52
41,43,52
43,41,52
55,71,52
71,55,52
72,176,52
74,172,52
86,90,52
90,86,52
102,166,52
116,325,52
127,80,52
129,196,52
162,226,52
166,102,52
172,74,52
174,93,52
178,78,52
178,143,52
180,250,52
180,312,52
196,129,52
215,252,52
226,162,52
250,180,52
250,312,52
252,215,52
312,180,52
312,250,52
313,3,52
325,116,52
10,170,53
10,305,53
14,118,53
14,325,53
29,180,53
49,260,53
55,243,53
58,129,53
65,103,53
68,98,53
72,297,53
78,143,53
78,204,53
96,222,53
98,68,53
99,316,53
100,266,53
102,132,53
103,65,53
114,251,53
118,14,53
118,325,53
126,323,53
129,58,53
130,205,53
131,258,53
143,78,53
143,178,53
170,10,53
180,29,53
180,250,53
190,51,53
191,271,53
194,235,53
198,308,53
222,96,53
235,194,53
243,55,53
250,180,53
251,114,53
256,330,53
257,311,53
258,131,53
260,49,53
266,100,53
271,191,53
308,198,53
311,257,53
325,14,53
325,118,53
330,256,53
10,170,54
11,245,54
29,110,54
29,250,54
35,114,54
39,66,54
39,125,54
55,71,54
66,39,54
66,125,54
67,284,54
71,136,54
78,143,54
78,178,54
98,170,54
110,29,54
114,35,54
122,168,54
125,66,54
136,71,54
143,78,54
143,178,54
149,94,54
168,122,54
170,98,54
178,78,54
178,143,54
183,256,54
245,11,54
250,29,54
252,297,54
256,183,54
256,330,54
284,67,54
297,252,54
325,116,54
326,155,54
10,98,55
10,305,55
14,90,55
18,83,55
23,101,55
24,267,55
26,228,55
29,110,55
35,255,55
36,164,55
39,66,55
48,318,55
54,257,55
66,39,55
66,125,55
68,277,55
71,55,55
78,143,55
83,18,55
90,14,55
92,265,55
98,10,55
98,170,55
101,23,55
114,251,55
124,206,55
132,166,55
136,119,55
137,327,55
139,148,55
140,273,55
143,78,55
146,277,55
148,139,55
153,244,55
162,293,55
164,36,55
166,132,55
166,292,55
191,210,55
206,124,55
210,191,55
228,26,55
244,153,55
256,183,55
257,54,55
265,92,55
267,24,55
271,326,55
273,140,55
277,68,55
277,146,55
293,162,55
318,48,55
325,118,55
326,271,55
327,137,55
7,138,56
35,114,56
35,255,56
39,125,56
39,163,56
52,301,56
62,243,56
67,109,56
67,284,56
68,170,56
68,277,56
96,270,56
109,67,56
109,284,56
110,180,56
110,250,56
114,35,56
125,39,56
138,7,56
146,170,56
146,277,56
155,271,56
155,326,56
157,225,56
162,226,56
162,293,56
163,39,56
166,132,56
169,243,56
170,68,56
170,98,56
170,146,56
170,277,56
178,264,56
180,110,56
180,250,56
183,330,56
211,282,56
225,157,56
226,293,56
243,62,56
243,169,56
250,110,56
250,180,56
250,312,56
256,330,56
264,178,56
270,96,56
271,155,56
277,68,56
277,146,56
277,170,56
282,211,56
284,109,56
293,226,56
300,324,56
301,52,56
324,300,56
326,155,56
330,183,56
330,256,56
6,201,57
10,98,57
29,180,57
39,125,57
58,196,57
68,146,57
86,118,57
98,10,57
98,170,57
110,29,57
110,180,57
110,250,57
118,86,57
125,66,57
129,196,57
146,68,57
146,277,57
166,292,57
170,98,57
173,295,57
177,198,57
180,29,57
180,110,57
180,250,57
196,58,57
196,129,57
198,177,57
201,6,57
211,88,57
211,282,57
250,110,57
250,180,57
257,311,57
277,146,57
284,67,57
295,173,57
330,183,57
12,168,58
20,200,58
27,224,58
39,66,58
39,125,58
39,163,58
46,206,58
50,87,58
50,158,58
66,39,58
66,125,58
68,170,58
87,50,58
90,157,58
98,10,58
102,286,58
122,12,58
125,39,58
125,66,58
127,155,58
146,68,58
155,127,58
157,90,58
157,225,58
168,12,58
170,68,58
180,29,58
183,256,58
183,330,58
198,308,58
200,20,58
201,253,58
204,264,58
206,46,58
224,27,58
229,254,58
230,277,58
248,326,58
250,312,58
254,229,58
256,183,58
256,330,58
264,204,58
277,230,58
284,109,58
286,102,58
326,248,58
330,256,58
4,288,59
12,167,59
14,118,59
34,107,59
39,66,59
39,125,59
45,159,59
66,39,59
68,146,59
87,158,59
88,282,59
90,118,59
105,290,59
107,34,59
108,133,59
118,14,59
118,90,59
122,167,59
122,168,59
125,39,59
126,313,59
127,80,59
133,108,59
158,87,59
159,45,59
167,12,59
167,122,59
168,122,59
180,250,59
183,256,59
183,330,59
184,236,59
186,234,59
196,58,59
198,177,59
201,6,59
213,47,59
234,186,59
236,184,59
243,62,59
250,180,59
256,183,59
267,319,59
282,88,59
288,4,59
290,105,59
313,126,59
319,267,59
330,183,59
9,38,60
14,325,60
29,250,60
38,9,60
39,66,60
40,188,60
41,172,60
50,87,60
50,158,60
57,202,60
69,324,60
86,185,60
87,50,60
87,158,60
87,220,60
107,314,60
120,162,60
137,140,60
140,137,60
155,271,60
158,50,60
158,87,60
162,120,60
167,12,60
172,41,60
180,29,60
180,250,60
182,302,60
185,86,60
188,40,60
198,308,60
202,57,60
202,296,60
223,231,60
231,223,60
243,169,60
250,29,60
250,180,60
253,280,60
280,253,60
302,182,60
313,3,60
314,107,60
324,69,60
325,14,60
3,317,61
7,8,61
12,122,61
12,167,61
34,314,61
39,125,61
46,192,61
69,263,61
69,324,61
87,158,61
88,235,61
88,282,61
90,325,61
98,170,61
102,132,61
118,325,61
119,144,61
120,154,61
122,12,61
122,167,61
132,102,61
146,170,61
154,120,61
163,281,61
167,122,61
170,98,61
170,146,61
192,46,61
228,209,61
235,88,61
235,282,61
256,330,61
263,69,61
282,235,61
313,126,61
314,34,61
317,3,61
325,90,61
325,118,61
330,256,61
3,313,62
7,246,62
10,146,62
10,230,62
10,277,62
12,122,62
12,167,62
14,90,62
14,118,62
14,325,62
17,189,62
21,150,62
31,191,62
49,288,62
52,309,62
68,98,62
68,170,62
88,235,62
88,282,62
90,14,62
92,294,62
98,68,62
111,160,62
114,251,62
118,14,62
118,325,62
121,214,62
122,12,62
122,167,62
127,326,62
129,273,62
146,10,62
146,170,62
146,230,62
150,21,62
158,50,62
158,87,62
160,111,62
161,163,62
163,161,62
163,281,62
164,273,62
167,12,62
167,122,62
170,68,62
170,146,62
189,17,62
191,31,62
207,247,62
214,121,62
230,10,62
230,146,62
230,277,62
235,88,62
246,7,62
247,207,62
263,324,62
273,129,62
273,164,62
277,10,62
277,230,62
282,88,62
288,49,62
294,92,62
309,52,62
313,3,62
313,126,62
324,263,62
324,300,62
325,14,62
325,118,62
326,127,62
3,317,63
10,230,63
12,122,63
14,118,63
25,289,63
29,110,63
32,236,63
40,181,63
40,188,63
43,100,63
45,186,63
64,143,63
67,109,63
69,300,63
69,324,63
70,233,63
72,176,63
88,235,63
88,282,63
90,118,63
100,43,63
109,67,63
110,29,63
114,286,63
118,14,63
118,90,63
122,12,63
126,285,63
128,206,63
130,213,63
143,64,63
146,170,63
146,230,63
158,50,63
170,68,63
170,146,63
170,230,63
179,278,63
181,188,63
186,45,63
188,181,63
206,128,63
213,130,63
219,266,63
230,10,63
230,146,63
230,170,63
233,70,63
235,282,63
236,32,63
243,62,63
251,286,63
252,299,63
259,308,63
266,219,63
278,179,63
282,235,63
286,114,63
286,251,63
289,25,63
299,252,63
300,69,63
300,324,63
308,259,63
324,69,63
324,300,63
330,183,63
330,256,63
12,190,64
13,169,64
19,303,64
28,40,64
40,28,64
54,193,64
57,296,64
68,146,64
68,170,64
69,300,64
69,324,64
112,255,64
118,14,64
122,167,64
126,313,64
129,164,64
129,273,64
132,224,64
143,276,64
145,318,64
146,68,64
152,159,64
159,152,64
162,226,64
164,129,64
169,13,64
170,68,64
170,230,64
190,12,64
193,54,64
198,177,64
211,237,64
224,132,64
226,162,64
237,211,64
252,297,64
255,112,64
273,129,64
276,143,64
282,88,64
282,235,64
286,114,64
286,251,64
296,57,64
300,69,64
303,19,64
318,145,64
324,69,64
3,126,65
7,8,65
10,170,65
10,277,65
11,190,65
35,112,65
35,255,65
41,74,65
46,124,65
50,87,65
64,276,65
65,123,65
68,98,65
68,170,65
70,212,65
74,41,65
81,249,65
87,50,65
98,146,65
112,35,65
123,65,65
124,46,65
126,3,65
126,313,65
143,64,65
143,276,65
146,98,65
151,197,65
164,273,65
167,190,65
170,10,65
170,68,65
170,277,65
171,264,65
190,11,65
190,167,65
197,151,65
212,70,65
249,81,65
255,35,65
264,171,65
272,312,65
273,164,65
276,64,65
276,143,65
277,10,65
277,170,65
282,88,65
286,114,65
312,272,65
10,170,66
12,51,66
14,325,66
17,304,66
22,57,66
36,129,66
42,231,66
50,158,66
51,12,66
57,22,66
68,230,66
69,263,66
69,324,66
72,115,66
72,144,66
74,223,66
112,255,66
115,72,66
129,36,66
144,72,66
168,238,66
169,243,66
170,10,66
177,308,66
190,11,66
218,220,66
220,218,66
223,74,66
230,68,66
230,277,66
231,42,66
243,169,66
255,112,66
263,69,66
276,64,66
277,230,66
308,177,66
308,259,66
325,14,66
13,243,67
32,184,67
37,189,67
38,236,67
42,179,67
42,231,67
46,310,67
57,202,67
57,296,67
64,143,67
64,276,67
66,281,67
70,284,67
72,115,67
72,119,67
72,144,67
97,160,67
114,117,67
115,144,67
117,114,67
118,185,67
119,72,67
119,144,67
143,64,67
144,115,67
144,119,67
160,97,67
167,238,67
169,13,67
169,243,67
179,42,67
183,256,67
184,32,67
185,118,67
189,37,67
198,305,67
202,57,67
202,296,67
236,38,67
238,167,67
243,13,67
243,169,67
256,183,67
263,324,67
281,66,67
284,70,67
296,202,67
305,198,67
310,46,67
324,263,67
14,118,68
22,202,68
32,253,68
36,39,68
36,129,68
39,36,68
42,179,68
57,202,68
57,296,68
63,94,68
64,143,68
64,276,68
67,233,68
69,263,68
69,324,68
72,176,68
80,326,68
94,63,68
96,313,68
115,119,68
118,14,68
119,115,68
120,162,68
126,285,68
143,276,68
144,72,68
144,176,68
149,173,68
158,207,68
158,247,68
162,120,68
173,149,68
176,144,68
179,231,68
184,253,68
185,86,68
192,306,68
202,22,68
202,57,68
202,296,68
207,158,68
231,179,68
233,67,68
238,168,68
239,294,68
247,158,68
253,32,68
253,184,68
253,280,68
263,69,68
276,143,68
286,251,68
294,239,68
296,57,68
296,202,68
306,192,68
313,96,68
324,69,68
326,80,68
5,99,69
8,246,69
12,167,69
19,79,69
19,303,69
21,106,69
34,214,69
35,114,69
36,39,69
44,187,69
50,247,69
56,298,69
62,136,69
69,263,69
72,144,69
79,303,69
95,165,69
99,5,69
106,21,69
114,35,69
114,117,69
136,62,69
140,273,69
144,72,69
158,50,69
158,207,69
158,247,69
165,95,69
167,12,69
174,287,69
177,259,69
184,201,69
184,280,69
187,44,69
201,184,69
202,22,69
202,296,69
214,34,69
214,314,69
246,8,69
247,50,69
247,158,69
259,177,69
263,324,69
268,325,69
273,140,69
280,184,69
287,174,69
288,4,69
296,57,69
296,202,69
298,56,69
303,79,69
314,214,69
321,327,69
324,263,69
325,268,69
327,321,69
5,156,70
5,316,70
9,151,70
12,190,70
19,79,70
32,280,70
34,314,70
43,74,70
50,158,70
67,70,70
69,324,70
70,67,70
74,43,70
77,91,70
79,19,70
79,303,70
86,118,70
91,77,70
94,149,70
94,173,70
99,156,70
111,255,70
118,86,70
149,94,70
149,173,70
151,9,70
156,5,70
156,99,70
158,50,70
173,94,70
173,149,70
190,12,70
201,253,70
202,22,70
202,299,70
253,201,70
255,111,70
259,308,70
280,32,70
296,57,70
299,202,70
314,34,70
314,214,70
316,5,70
324,69,70
324,263,70
5,99,71
5,156,71
31,271,71
33,293,71
35,117,71
38,309,71
54,271,71
64,143,71
68,146,71
70,109,71
99,5,71
99,156,71
109,70,71
114,35,71
114,117,71
117,35,71
117,114,71
118,14,71
122,168,71
143,64,71
146,68,71
147,211,71
149,191,71
153,234,71
156,5,71
156,99,71
168,122,71
179,42,71
191,149,71
201,309,71
202,22,71
202,296,71
211,147,71
221,257,71
234,153,71
257,221,71
264,204,71
271,31,71
271,54,71
280,184,71
293,33,71
296,202,71
297,299,71
299,297,71
309,38,71
309,201,71
12,167,72
12,168,72
22,296,72
23,237,72
35,114,72
35,117,72
46,290,72
46,310,72
55,62,72
57,202,72
57,296,72
62,55,72
67,109,72
68,73,72
70,67,72
73,68,72
79,19,72
82,102,72
102,82,72
109,67,72
114,35,72
114,117,72
114,255,72
117,35,72
117,114,72
122,238,72
143,276,72
144,176,72
156,5,72
156,99,72
165,279,72
167,168,72
168,12,72
168,122,72
168,167,72
177,198,72
177,305,72
180,312,72
185,325,72
197,216,72
198,177,72
198,305,72
199,298,72
202,57,72
202,296,72
202,299,72
216,197,72
237,23,72
238,122,72
255,114,72
260,288,72
264,171,72
288,260,72
290,46,72
290,310,72
296,22,72
296,57,72
296,202,72
298,199,72
299,202,72
305,177,72
305,198,72
309,38,72
309,201,72
310,290,72
312,180,72
325,185,72
1,33,73
1,293,73
22,202,73
26,209,73
33,1,73
33,226,73
35,111,73
35,117,73
35,255,73
57,202,73
57,296,73
67,70,73
98,143,73
111,35,73
111,117,73
111,255,73
117,35,73
117,111,73
117,255,73
128,238,73
143,98,73
155,326,73
156,5,73
156,99,73
170,294,73
173,191,73
177,198,73
177,305,73
188,228,73
191,173,73
198,177,73
198,305,73
201,253,73
201,309,73
202,22,73
202,57,73
209,26,73
226,33,73
228,188,73
238,128,73
249,59,73
250,312,73
255,35,73
255,111,73
255,117,73
293,1,73
294,170,73
296,57,73
296,299,73
299,296,73
299,297,73
305,177,73
305,198,73
312,250,73
326,155,73
10,294,74
22,57,74
22,296,74
35,117,74
35,255,74
41,223,74
45,159,74
46,290,74
57,22,74
57,202,74
62,136,74
68,146,74
70,109,74
72,115,74
76,328,74
86,325,74
90,182,74
98,146,74
100,219,74
100,266,74
109,70,74
111,114,74
114,111,74
115,72,74
117,35,74
117,255,74
118,325,74
122,128,74
128,122,74
128,238,74
129,273,74
143,64,74
146,98,74
156,5,74
159,45,74
168,12,74
177,198,74
179,278,74
180,250,74
180,312,74
182,90,74
198,177,74
198,305,74
201,253,74
201,309,74
219,100,74
223,41,74
250,180,74
250,312,74
255,35,74
255,117,74
266,100,74
273,129,74
285,313,74
290,46,74
294,10,74
296,22,74
296,299,74
299,296,74
312,180,74
312,250,74
313,285,74
325,86,74
325,118,74
326,127,74
326,155,74
328,76,74
13,62,75
14,90,75
22,202,75
31,210,75
35,111,75
35,117,75
38,236,75
39,125,75
62,13,75
68,98,75
68,146,75
72,144,75
74,231,75
75,270,75
79,303,75
84,228,75
89,144,75
90,14,75
92,170,75
92,239,75
98,68,75
99,209,75
111,35,75
111,117,75
115,144,75
117,35,75
117,111,75
122,168,75
127,155,75
127,326,75
129,140,75
129,273,75
140,129,75
144,72,75
144,89,75
144,115,75
146,68,75
149,173,75
155,127,75
168,122,75
170,92,75
170,239,75
173,149,75
173,191,75
177,305,75
180,240,75
180,250,75
186,279,75
192,310,75
198,177,75
198,305,75
202,22,75
209,99,75
210,31,75
228,84,75
231,74,75
232,233,75
233,232,75
239,92,75
239,170,75
240,180,75
250,180,75
250,312,75
270,75,75
279,186,75
287,16,75
305,177,75
305,198,75
310,192,75
326,127,75
5,135,76
10,230,76
12,167,76
27,133,76
33,293,76
72,115,76
79,19,76
92,254,76
94,149,76
94,191,76
100,219,76
108,166,76
115,72,76
117,35,76
117,111,76
133,27,76
135,5,76
144,89,76
149,94,76
149,173,76
149,191,76
154,162,76
162,154,76
166,108,76
167,12,76
173,149,76
173,191,76
180,240,76
180,250,76
191,94,76
191,149,76
191,173,76
201,253,76
201,309,76
218,258,76
228,188,76
230,10,76
230,277,76
250,180,76
254,92,76
258,218,76
275,327,76
293,33,76
305,177,76
327,275,76
4,225,77
5,60,77
13,119,77
14,86,77
23,211,77
39,140,77
40,188,77
41,74,77
42,232,77
60,5,77
74,41,77
86,14,77
94,149,77
94,191,77
116,268,77
119,13,77
120,154,77
125,273,77
140,39,77
149,94,77
154,120,77
154,162,77
163,161,77
170,294,77
180,240,77
181,228,77
188,40,77
191,94,77
211,23,77
225,4,77
228,84,77
228,181,77
232,42,77
240,250,77
249,81,77
250,240,77
251,255,77
255,251,77
268,116,77
273,125,77
274,292,77
292,274,77
293,1,77
293,33,77
294,170,77
10,277,78
12,122,78
12,167,78
13,62,78
41,231,78
60,135,78
69,75,78
72,176,78
75,69,78
75,270,78
92,239,78
92,254,78
100,266,78
101,280,78
106,248,78
111,255,78
122,12,78
122,167,78
125,140,78
125,273,78
135,60,78
140,125,78
154,120,78
155,326,78
167,122,78
172,219,78
176,72,78
191,173,78
209,26,78
219,172,78
225,157,78
228,84,78
231,41,78
239,92,78
239,254,78
240,180,78
240,250,78
244,307,78
248,106,78
254,239,78
255,111,78
277,10,78
277,230,78
280,101,78
307,244,78
326,155,78
1,226,79
3,317,79
6,309,79
12,122,79
12,167,79
31,271,79
43,223,79
60,5,79
62,119,79
69,270,79
75,69,79
75,270,79
83,187,79
88,147,79
92,239,79
101,184,79
119,62,79
122,12,79
122,167,79
122,168,79
125,140,79
125,164,79
125,273,79
133,224,79
139,326,79
140,273,79
143,146,79
146,143,79
147,88,79
149,173,79
164,125,79
167,12,79
167,122,79
167,168,79
168,167,79
170,230,79
173,149,79
173,191,79
174,93,79
180,250,79
184,101,79
187,83,79
198,259,79
201,253,79
223,43,79
224,133,79
225,4,79
225,157,79
226,1,79
230,170,79
230,277,79
232,233,79
239,92,79
240,180,79
240,250,79
249,59,79
249,81,79
250,180,79
250,240,79
259,198,79
270,69,79
270,75,79
271,31,79
271,54,79
273,140,79
309,6,79
326,139,79
12,122,80
26,99,80
40,181,80
40,188,80
41,43,80
43,41,80
69,75,80
75,69,80
75,270,80
99,26,80
106,150,80
115,176,80
122,12,80
122,167,80
122,168,80
124,238,80
136,169,80
141,154,80
150,106,80
154,141,80
160,255,80
167,122,80
167,168,80
168,122,80
168,167,80
169,136,80
169,243,80
176,115,80
181,40,80
181,188,80
187,44,80
188,181,80
203,242,80
238,124,80
242,203,80
255,160,80
255,286,80
256,330,80
286,255,80
306,310,80
310,306,80
4,157,81
12,167,81
26,209,81
33,154,81
35,112,81
39,273,81
40,181,81
41,231,81
62,55,81
68,98,81
69,270,81
90,182,81
93,321,81
112,35,81
116,118,81
118,116,81
122,167,81
136,243,81
154,33,81
157,4,81
167,12,81
167,122,81
181,40,81
183,330,81
243,136,81
243,169,81
255,160,81
263,300,81
270,69,81
270,75,81
271,31,81
273,39,81
277,10,81
300,263,81
321,93,81
330,183,81
5,135,82
10,143,82
12,37,82
28,188,82
31,54,82
37,12,82
54,31,82
69,75,82
69,270,82
75,69,82
82,292,82
100,219,82
111,160,82
116,325,82
121,314,82
122,168,82
125,137,82
126,323,82
127,155,82
132,286,82
134,216,82
135,5,82
137,125,82
143,10,82
145,85,82
150,248,82
155,127,82
157,225,82
160,111,82
168,122,82
171,204,82
188,28,82
204,171,82
216,134,82
219,100,82
243,136,82
248,150,82
270,69,82
286,132,82
292,82,82
296,297,82
297,296,82
314,121,82
325,116,82
8,7,83
10,68,83
10,143,83
14,185,83
20,63,83
27,108,83
32,184,83
50,220,83
63,20,83
64,171,83
68,10,83
74,223,83
87,320,83
93,275,83
99,209,83
108,27,83
114,117,83
117,114,83
118,325,83
124,206,83
138,246,83
157,4,83
162,305,83
171,64,83
173,149,83
184,32,83
185,14,83
185,225,83
202,252,83
206,124,83
209,99,83
220,50,83
223,74,83
225,185,83
232,42,83
238,128,83
246,138,83
249,59,83
252,202,83
252,296,83
255,286,83
275,93,83
279,165,83
286,255,83
296,252,83
305,162,83
320,87,83
325,118,83
6,35,84
8,246,84
10,68,84
10,143,84
22,296,84
35,6,84
46,310,84
67,233,84
90,116,84
116,90,84
130,234,84
147,211,84
154,120,84
174,321,84
178,239,84
184,101,84
207,320,84
211,147,84
226,293,84
233,67,84
234,130,84
239,178,84
246,8,84
246,138,84
286,132,84
286,255,84
293,226,84
296,22,84
296,252,84
310,46,84
320,207,84
321,174,84
7,246,85
8,7,85
12,167,85
32,101,85
32,184,85
33,226,85
62,176,85
64,276,85
92,178,85
100,266,85
101,32,85
140,164,85
142,288,85
143,277,85
157,185,85
164,140,85
167,12,85
176,62,85
176,115,85
178,92,85
184,32,85
185,157,85
187,83,85
190,11,85
209,26,85
211,23,85
211,147,85
226,33,85
226,293,85
246,7,85
246,138,85
247,301,85
250,312,85
267,24,85
276,64,85
277,143,85
286,132,85
288,142,85
296,22,85
301,247,85
5,96,86
5,135,86
9,247,86
30,34,86
31,271,86
32,101,86
34,30,86
70,145,86
73,98,86
83,322,86
92,171,86
92,178,86
96,5,86
96,222,86
98,73,86
113,260,86
130,205,86
145,70,86
145,85,86
160,255,86
167,168,86
168,167,86
171,92,86
171,178,86
176,62,86
178,171,86
187,322,86
201,236,86
209,99,86
220,301,86
226,33,86
236,201,86
247,9,86
253,280,86
255,160,86
260,113,86
280,253,86
296,252,86
301,220,86
322,83,86
322,187,86
22,189,87
23,147,87
23,211,87
27,133,87
68,305,87
73,143,87
83,187,87
83,322,87
88,282,87
102,292,87
103,110,87
110,103,87
133,27,87
143,73,87
145,70,87
147,23,87
153,205,87
160,111,87
178,92,87
178,171,87
185,225,87
187,83,87
189,22,87
205,153,87
211,23,87
216,197,87
220,50,87
226,1,87
235,194,87
252,297,87
292,102,87
297,252,87
305,68,87
320,87,87
322,83,87
8,138,88
9,220,88
9,247,88
13,119,88
19,291,88
23,147,88
26,156,88
43,330,88
60,241,88
70,85,88
85,70,88
111,255,88
119,13,88
124,128,88
128,124,88
138,8,88
138,246,88
149,191,88
156,26,88
160,255,88
170,254,88
174,195,88
185,14,88
191,149,88
195,174,88
213,47,88
220,9,88
230,294,88
241,60,88
247,301,88
252,202,88
254,170,88
255,111,88
255,160,88
268,327,88
291,19,88
294,230,88
301,247,88
327,268,88
330,43,88
9,220,89
9,247,89
20,65,89
23,211,89
35,309,89
45,307,89
46,192,89
53,242,89
54,271,89
64,171,89
65,20,89
68,154,89
83,319,89
88,235,89
90,182,89
92,239,89
93,268,89
93,327,89
111,160,89
127,139,89
139,127,89
151,301,89
154,68,89
160,111,89
160,255,89
171,64,89
171,178,89
177,308,89
178,204,89
184,201,89
190,272,89
192,46,89
192,306,89
201,184,89
201,236,89
204,178,89
220,247,89
235,88,89
235,194,89
239,92,89
242,53,89
247,9,89
247,220,89
268,93,89
268,327,89
271,54,89
272,190,89
301,151,89
306,192,89
307,45,89
307,244,89
308,177,89
309,35,89
319,83,89
327,93,89
327,268,89
6,309,90
9,301,90
10,305,90
16,321,90
33,141,90
57,215,90
63,150,90
128,238,90
130,153,90
130,234,90
135,241,90
141,33,90
142,260,90
150,63,90
153,130,90
192,46,90
215,57,90
217,269,90
241,135,90
247,9,90
247,220,90
260,142,90
269,217,90
291,299,90
299,291,90
301,9,90
305,10,90
309,6,90
321,16,90
327,93,90
327,268,90
9,151,91
16,195,91
35,112,91
54,210,91
56,282,91
62,55,91
96,135,91
100,172,91
107,197,91
115,119,91
115,176,91
119,115,91
124,238,91
135,96,91
137,140,91
140,137,91
149,173,91
151,9,91
151,301,91
153,205,91
172,100,91
176,115,91
195,16,91
197,107,91
210,54,91
238,124,91
282,56,91
301,151,91
11,122,92
11,190,92
14,182,92
16,321,92
18,319,92
36,281,92
65,123,92
72,177,92
86,157,92
87,151,92
88,194,92
92,171,92
122,11,92
140,164,92
151,87,92
151,301,92
157,86,92
171,92,92
173,295,92
177,72,92
182,14,92
190,11,92
194,88,92
251,289,92
270,324,92
281,36,92
289,251,92
319,18,92
324,270,92
9,301,93
16,195,93
33,120,93
36,39,93
36,281,93
39,36,93
42,223,93
43,183,93
60,96,93
62,176,93
70,109,93
76,169,93
80,165,93
87,320,93
93,268,93
93,327,93
96,60,93
98,119,93
104,213,93
111,255,93
119,98,93
120,33,93
124,128,93
128,124,93
154,305,93
159,234,93
165,80,93
169,76,93
173,149,93
173,295,93
176,62,93
183,43,93
201,253,93
213,104,93
223,42,93
227,314,93
234,159,93
236,38,93
253,201,93
255,111,93
268,93,93
290,306,93
290,310,93
301,9,93
305,154,93
306,290,93
306,310,93
310,290,93
310,306,93
314,227,93
327,93,93
22,297,94
45,244,94
45,307,94
46,306,94
49,142,94
60,241,94
87,151,94
87,158,94
87,320,94
93,268,94
93,327,94
96,241,94
137,164,94
142,49,94
151,87,94
151,320,94
152,188,94
156,316,94
158,87,94
164,137,94
171,254,94
173,149,94
188,152,94
220,50,94
241,60,94
241,96,94
244,45,94
250,240,94
250,312,94
254,171,94
255,160,94
271,295,94
285,317,94
295,271,94
297,22,94
306,46,94
307,45,94
310,290,94
316,156,94
317,285,94
320,151,94
10,143,95
10,154,95
22,189,95
33,68,95
33,226,95
41,293,95
54,106,95
55,176,95
60,96,95
62,55,95
62,176,95
64,254,95
68,33,95
87,301,95
92,178,95
95,130,95
96,60,95
100,266,95
106,54,95
111,117,95
112,309,95
117,111,95
130,95,95
135,241,95
142,260,95
143,10,95
151,158,95
154,10,95
158,151,95
176,55,95
176,62,95
178,92,95
178,204,95
189,297,95
211,216,95
215,252,95
216,211,95
226,33,95
237,306,95
241,135,95
252,215,95
254,64,95
254,170,95
292,82,95
293,41,95
297,189,95
301,87,95
306,237,95
309,112,95
9,320,96
13,98,96
13,119,96
22,297,96
33,68,96
33,162,96
35,309,96
36,39,96
55,62,96
57,252,96
62,55,96
64,170,96
68,162,96
87,320,96
98,13,96
98,119,96
112,35,96
112,309,96
119,13,96
119,98,96
126,313,96
133,224,96
142,49,96
143,154,96
154,143,96
157,185,96
162,33,96
162,68,96
169,243,96
170,64,96
170,254,96
185,157,96
189,22,96
189,297,96
215,57,96
215,252,96
220,301,96
229,239,96
239,229,96
243,169,96
252,57,96
252,215,96
254,171,96
259,308,96
267,322,96
285,313,96
292,102,96
297,22,96
297,189,96
301,220,96
308,259,96
309,35,96
309,112,96
313,126,96
313,285,96
320,9,96
320,87,96
322,267,96
10,143,97
13,98,97
13,119,97
18,212,97
22,189,97
36,281,97
46,192,97
68,226,97
70,85,97
71,89,97
74,231,97
87,301,97
89,71,97
96,135,97
98,13,97
98,119,97
107,214,97
111,286,97
117,255,97
117,286,97
119,13,97
119,98,97
122,167,97
125,287,97
135,96,97
135,241,97
143,10,97
143,154,97
153,244,97
158,301,97
159,213,97
167,122,97
176,115,97
178,92,97
178,204,97
189,22,97
189,297,97
212,18,97
213,159,97
214,107,97
226,68,97
231,74,97
237,290,97
237,306,97
244,153,97
255,117,97
286,111,97
286,117,97
287,125,97
290,237,97
292,82,97
301,87,97
301,158,97
301,220,97
309,6,97
309,35,97
313,126,97
313,285,97
317,3,97
320,9,97
5,241,98
6,35,98
9,87,98
9,320,98
13,98,98
18,319,98
22,297,98
24,322,98
29,103,98
32,147,98
33,68,98
33,226,98
35,6,98
36,39,98
36,281,98
68,33,98
68,226,98
78,264,98
79,299,98
87,9,98
87,320,98
90,302,98
92,276,98
98,13,98
98,119,98
100,172,98
100,266,98
103,29,98
117,132,98
117,286,98
130,234,98
132,117,98
132,286,98
135,96,98
139,155,98
143,10,98
147,32,98
151,220,98
152,307,98
155,139,98
158,151,98
170,64,98
172,266,98
173,191,98
178,92,98
178,204,98
183,256,98
186,221,98
189,22,98
189,297,98
191,173,98
212,233,98
220,151,98
220,301,98
221,186,98
226,33,98
226,68,98
233,212,98
234,130,98
241,5,98
255,160,98
256,183,98
264,78,98
266,172,98
267,24,98
267,322,98
276,92,98
286,111,98
286,117,98
286,132,98
290,306,98
297,22,98
297,189,98
299,79,98
302,90,98
306,290,98
307,152,98
313,126,98
313,285,98
320,87,98
322,24,98
322,267,98
12,168,99
13,119,99
18,212,99
18,319,99
22,189,99
26,269,99
36,39,99
43,256,99
60,135,99
98,13,99
98,119,99
119,13,99
119,98,99
126,285,99
130,95,99
130,205,99
135,60,99
136,169,99
136,243,99
168,12,99
169,136,99
169,243,99
170,171,99
171,170,99
171,254,99
189,22,99
189,215,99
205,130,99
210,311,99
212,18,99
212,233,99
212,319,99
215,189,99
236,247,99
243,136,99
243,169,99
247,236,99
256,43,99
256,183,99
266,100,99
269,26,99
281,66,99
285,126,99
285,313,99
286,117,99
301,320,99
311,210,99
319,212,99
320,9,99
320,301,99
322,24,99
1,33,100
13,98,100
13,119,100
27,166,100
33,1,100
35,309,100
58,129,100
79,296,100
79,299,100
85,145,100
98,13,100
98,119,100
114,261,100
117,132,100
119,13,100
119,98,100
129,58,100
132,117,100
134,197,100
136,169,100
137,273,100
141,293,100
145,85,100
166,27,100
169,136,100
170,64,100
189,22,100
197,134,100
212,233,100
212,319,100
236,38,100
250,272,100
252,57,100
261,114,100
271,31,100
272,250,100
273,137,100
285,126,100
293,141,100
296,79,100
320,9,100
