1,61,97,1
2,95,52,1
3,68,99,1
4,42,41,1
5,10,85,1
6,47,92,1
7,5,48,1
8,8,44,1
9,69,45,1
10,15,93,1
11,57,93,1
12,17,74,1
13,70,36,1
14,59,98,1
15,24,46,1
16,73,73,1
17,91,27,1
18,32,54,1
19,12,53,1
20,11,34,1
21,23,61,1
22,26,88,1
23,79,98,1
24,87,26,1
25,39,27,1
26,68,38,1
27,82,58,1
28,52,21,1
29,49,39,1
30,63,56,1
31,41,42,1
32,7,77,1
33,10,70,1
34,80,36,1
35,61,49,1
36,2,99,1
37,26,52,1
38,89,94,1
39,33,32,1
40,15,98,1
41,67,86,1
42,79,18,1
43,86,73,1
44,23,94,1
45,67,55,1
46,47,43,1
47,93,82,1
48,58,63,1
49,7,91,1
50,15,80,1
51,45,67,1
52,52,77,1
53,88,23,1
54,3,99,1
55,0,61,1
56,77,80,1
57,22,45,1
58,36,12,1
59,79,60,1
60,51,24,1
61,47,63,1
62,50,7,1
63,2,61,1
64,15,81,1
65,53,99,1
66,75,20,1
67,64,19,1
68,88,72,1
1,61,97,2
2,95,52,2
3,68,98,2
4,43,41,2
5,11,86,2
6,46,92,2
7,5,47,2
8,8,43,2
9,68,44,2
10,15,93,2
11,58,93,2
12,18,75,2
13,70,37,2
14,58,99,2
15,25,46,2
16,74,72,2
17,90,28,2
18,32,55,2
19,13,53,2
20,12,35,2
21,22,60,2
22,25,89,2
23,78,98,2
24,87,26,2
25,40,27,2
26,69,39,2
27,82,57,2
28,52,20,2
29,50,39,2
30,62,57,2
31,41,43,2
32,7,77,2
33,9,71,2
34,80,36,2
35,62,49,2
36,1,99,2
37,25,53,2
38,89,94,2
39,32,32,2
40,15,97,2
41,66,85,2
42,80,18,2
43,86,72,2
44,22,93,2
45,68,54,2
46,46,43,2
47,93,81,2
48,57,62,2
49,7,92,2
50,15,79,2
51,45,68,2
52,52,77,2
53,89,22,2
54,2,99,2
55,0,61,2
56,78,79,2
57,22,44,2
58,36,12,2
59,80,60,2
60,50,24,2
61,47,62,2
62,51,7,2
63,1,61,2
64,15,81,2
65,54,98,2
66,76,21,2
67,64,19,2
68,88,71,2
1,60,97,3
2,96,53,3
3,69,97,3
4,42,41,3
5,12,86,3
6,47,91,3
7,4,46,3
8,7,42,3
9,67,44,3
10,16,92,3
11,58,92,3
12,18,75,3
13,69,38,3
14,59,98,3
15,24,45,3
16,74,71,3
17,90,29,3
18,31,55,3
19,12,54,3
20,13,34,3
21,23,61,3
22,26,90,3
23,79,98,3
24,86,25,3
25,41,27,3
26,68,39,3
27,82,58,3
28,52,19,3
29,50,40,3
30,61,58,3
31,40,44,3
32,7,78,3
33,10,71,3
34,80,37,3
35,61,50,3
36,2,98,3
37,24,52,3
38,89,95,3
39,31,32,3
40,14,98,3
41,66,86,3
42,80,19,3
43,87,71,3
44,23,92,3
45,68,55,3
46,46,43,3
47,94,80,3
48,56,63,3
49,7,93,3
50,14,80,3
51,44,68,3
52,53,77,3
53,90,23,3
54,2,99,3
55,0,61,3
56,79,78,3
57,21,44,3
58,35,12,3
59,80,61,3
60,49,23,3
61,48,61,3
62,51,7,3
63,0,62,3
64,14,82,3
65,53,99,3
66,77,21,3
67,65,20,3
68,88,71,3
1,60,98,4
2,97,54,4
3,69,98,4
4,42,42,4
5,13,85,4
6,46,91,4
7,5,45,4
8,7,41,4
9,67,44,4
10,17,93,4
11,57,93,4
12,17,75,4
13,69,38,4
14,58,98,4
15,25,44,4
16,74,70,4
17,89,28,4
18,32,55,4
19,13,55,4
20,14,35,4
21,22,60,4
22,25,89,4
23,79,98,4
24,87,24,4
25,40,26,4
26,67,39,4
27,81,57,4
28,53,19,4
29,49,39,4
30,62,58,4
31,39,45,4
32,8,78,4
33,10,71,4
34,79,38,4
35,60,51,4
36,1,98,4
37,24,51,4
38,88,95,4
39,32,31,4
40,13,99,4
41,66,86,4
42,81,19,4
43,88,70,4
44,23,93,4
45,69,56,4
46,47,44,4
47,95,80,4
48,57,63,4
49,6,93,4
50,14,81,4
51,44,69,4
52,52,77,4
53,89,22,4
54,3,99,4
55,1,60,4
56,80,78,4
57,21,45,4
58,35,12,4
59,79,60,4
60,48,24,4
61,49,62,4
62,50,8,4
63,1,63,4
64,13,83,4
65,54,98,4
66,78,20,4
67,65,21,4
68,89,71,4
1,59,98,5
2,97,55,5
3,69,97,5
4,42,42,5
5,14,85,5
6,45,92,5
7,4,44,5
8,6,40,5
9,68,44,5
10,17,92,5
11,56,94,5
12,18,76,5
13,70,39,5
14,58,99,5
15,25,43,5
16,73,69,5
17,90,29,5
18,33,55,5
19,14,54,5
20,15,36,5
21,22,61,5
22,25,89,5
23,78,98,5
24,87,25,5
25,40,25,5
26,68,40,5
27,80,56,5
28,52,18,5
29,50,38,5
30,63,58,5
31,38,44,5
32,7,78,5
33,11,71,5
34,78,38,5
35,61,51,5
36,1,99,5
37,24,51,5
38,88,96,5
39,31,32,5
40,14,99,5
41,66,87,5
42,82,19,5
43,87,71,5
44,23,92,5
45,69,55,5
46,48,43,5
47,96,80,5
48,57,62,5
49,6,92,5
50,14,80,5
51,44,68,5
52,51,77,5
53,90,21,5
54,2,99,5
55,0,60,5
56,81,79,5
57,22,45,5
58,36,11,5
59,79,61,5
60,48,24,5
61,50,61,5
62,50,9,5
63,0,62,5
64,14,83,5
65,55,98,5
66,79,21,5
67,66,21,5
68,90,71,5
1,60,97,6
2,96,54,6
3,68,96,6
4,43,41,6
5,14,84,6
6,46,93,6
7,3,44,6
8,5,41,6
9,68,44,6
10,16,91,6
11,56,95,6
12,18,75,6
13,71,40,6
14,58,99,6
15,25,43,6
16,73,68,6
17,89,29,6
18,32,55,6
19,14,55,6
20,15,36,6
21,23,61,6
22,26,89,6
23,77,99,6
24,88,26,6
25,40,26,6
26,69,39,6
27,80,55,6
28,53,17,6
29,51,38,6
30,64,58,6
31,39,43,6
32,6,79,6
33,12,70,6
34,78,38,6
35,62,51,6
36,1,99,6
37,25,50,6
38,87,95,6
39,32,31,6
40,13,99,6
41,67,88,6
42,83,20,6
43,88,70,6
44,23,93,6
45,68,56,6
46,48,44,6
47,95,79,6
48,56,62,6
49,6,93,6
50,14,80,6
51,44,67,6
52,52,76,6
53,91,21,6
54,1,98,6
55,1,60,6
56,80,80,6
57,23,45,6
58,36,11,6
59,78,60,6
60,49,24,6
61,51,62,6
62,49,8,6
63,1,61,6
64,13,84,6
65,54,97,6
66,78,21,6
67,66,21,6
68,89,72,6
1,59,97,7
2,96,54,7
3,68,97,7
4,42,42,7
5,13,85,7
6,45,93,7
7,4,45,7
8,5,42,7
9,69,44,7
10,17,90,7
11,57,96,7
12,19,74,7
13,70,39,7
14,57,98,7
15,25,43,7
16,72,69,7
17,90,30,7
18,32,55,7
19,14,54,7
20,14,37,7
21,22,62,7
22,25,89,7
23,78,99,7
24,87,25,7
25,40,25,7
26,69,38,7
27,79,56,7
28,53,18,7
29,51,38,7
30,64,59,7
31,40,43,7
32,7,79,7
33,12,69,7
34,77,39,7
35,63,51,7
36,0,98,7
37,25,51,7
38,86,95,7
39,33,32,7
40,12,99,7
41,68,87,7
42,82,20,7
43,89,70,7
44,22,92,7
45,67,55,7
46,49,43,7
47,96,80,7
48,55,62,7
49,5,93,7
50,13,80,7
51,44,67,7
52,52,75,7
53,90,21,7
54,1,97,7
55,1,59,7
56,79,80,7
57,22,45,7
58,37,11,7
59,78,60,7
60,50,25,7
61,51,62,7
62,49,9,7
63,0,62,7
64,12,84,7
65,55,96,7
66,77,22,7
67,66,20,7
68,88,73,7
1,60,97,8
2,96,54,8
3,69,97,8
4,42,42,8
5,13,85,8
6,45,92,8
7,5,44,8
8,6,43,8
9,70,44,8
10,16,89,8
11,58,97,8
12,20,73,8
13,71,39,8
14,56,98,8
15,24,44,8
16,71,70,8
17,90,31,8
18,32,54,8
19,15,53,8
20,14,37,8
21,22,62,8
22,24,90,8
23,77,99,8
24,86,24,8
25,39,26,8
26,70,37,8
27,80,56,8
28,53,18,8
29,50,37,8
30,64,58,8
31,41,44,8
32,7,79,8
33,12,70,8
34,78,39,8
35,64,51,8
36,0,99,8
37,25,52,8
38,85,96,8
39,32,31,8
40,11,98,8
41,69,88,8
42,83,21,8
43,88,70,8
44,23,92,8
45,67,54,8
46,50,42,8
47,95,80,8
48,56,61,8
49,6,94,8
50,12,79,8
51,43,67,8
52,53,75,8
53,89,20,8
54,0,96,8
55,2,58,8
56,80,81,8
57,22,44,8
58,36,10,8
59,78,61,8
60,51,25,8
61,52,63,8
62,50,8,8
63,0,63,8
64,11,83,8
65,55,96,8
66,78,22,8
67,66,19,8
68,89,73,8
1,61,96,9
2,95,54,9
3,70,98,9
4,42,41,9
5,13,85,9
6,45,92,9
7,5,44,9
8,6,42,9
9,71,43,9
10,16,89,9
11,59,96,9
12,19,74,9
13,72,40,9
14,55,98,9
15,24,43,9
16,70,71,9
17,90,32,9
18,31,55,9
19,15,54,9
20,13,38,9
21,21,62,9
22,24,89,9
23,77,99,9
24,87,24,9
25,39,26,9
26,70,37,9
27,79,56,9
28,53,18,9
29,50,38,9
30,63,59,9
31,42,44,9
32,7,78,9
33,12,69,9
34,79,39,9
35,64,51,9
36,0,98,9
37,26,51,9
38,86,95,9
39,31,31,9
40,10,97,9
41,69,89,9
42,82,21,9
43,88,70,9
44,23,91,9
45,68,55,9
46,50,41,9
47,96,79,9
48,57,62,9
49,7,95,9
50,11,80,9
51,44,68,9
52,53,75,9
53,90,21,9
54,0,97,9
55,3,57,9
56,81,81,9
57,22,45,9
58,36,10,9
59,79,60,9
60,50,26,9
61,52,64,9
62,51,8,9
63,1,64,9
64,11,83,9
65,55,96,9
66,78,23,9
67,67,18,9
68,90,74,9
1,61,96,10
2,94,55,10
3,70,97,10
4,43,41,10
5,13,84,10
6,45,93,10
7,6,45,10
8,6,43,10
9,71,42,10
10,17,88,10
11,58,97,10
12,19,74,10
13,71,41,10
14,56,97,10
15,24,43,10
16,71,72,10
17,89,31,10
18,31,54,10
19,15,55,10
20,13,38,10
21,22,62,10
22,23,90,10
23,78,98,10
24,88,24,10
25,40,26,10
26,70,36,10
27,80,55,10
28,53,19,10
29,50,37,10
30,62,59,10
31,43,44,10
32,7,77,10
33,12,70,10
34,79,38,10
35,64,51,10
36,0,98,10
37,25,50,10
38,85,94,10
39,31,31,10
40,9,98,10
41,70,89,10
42,81,22,10
43,89,69,10
44,23,92,10
45,67,54,10
46,49,41,10
47,97,78,10
48,57,61,10
49,6,95,10
50,11,79,10
51,43,67,10
52,54,75,10
53,90,20,10
54,1,98,10
55,2,57,10
56,80,82,10
57,21,44,10
58,35,10,10
59,80,60,10
60,50,26,10
61,52,64,10
62,51,7,10
63,0,65,10
64,10,83,10
65,56,95,10
66,77,22,10
67,67,18,10
68,91,75,10
1,60,95,11
2,95,55,11
3,70,96,11
4,43,41,11
5,14,84,11
6,46,93,11
7,5,46,11
8,5,43,11
9,70,41,11
10,18,89,11
11,57,98,11
12,20,74,11
13,70,40,11
14,56,97,11
15,23,43,11
16,72,73,11
17,88,30,11
18,30,55,11
19,16,54,11
20,12,38,11
21,23,61,11
22,22,90,11
23,78,97,11
24,88,25,11
25,41,26,11
26,70,36,11
27,80,54,11
28,54,18,11
29,49,36,11
30,61,60,11
31,43,43,11
32,6,76,11
33,13,70,11
34,80,39,11
35,63,50,11
36,1,97,11
37,24,49,11
38,85,93,11
39,32,31,11
40,9,98,11
41,70,89,11
42,80,22,11
43,90,70,11
44,23,92,11
45,67,54,11
46,49,42,11
47,98,78,11
48,57,61,11
49,5,95,11
50,11,80,11
51,43,66,11
52,53,75,11
53,91,20,11
54,0,98,11
55,1,56,11
56,81,81,11
57,20,44,11
58,34,10,11
59,81,59,11
60,51,26,11
61,51,63,11
62,51,7,11
63,1,65,11
64,9,83,11
65,56,95,11
66,78,23,11
67,67,17,11
68,91,74,11
1,59,94,12
2,94,55,12
3,70,96,12
4,43,40,12
5,14,85,12
6,47,92,12
7,6,47,12
8,6,44,12
9,69,42,12
10,19,90,12
11,57,99,12
12,20,75,12
13,69,40,12
14,57,96,12
15,23,42,12
16,72,73,12
17,88,29,12
18,30,54,12
19,16,53,12
20,13,37,12
21,23,61,12
22,22,91,12
23,79,96,12
24,89,26,12
25,42,27,12
26,71,37,12
27,79,55,12
28,55,19,12
29,48,36,12
30,60,59,12
31,42,44,12
32,5,75,12
33,14,71,12
34,81,40,12
35,62,50,12
36,1,96,12
37,25,50,12
38,85,94,12
39,31,30,12
40,9,97,12
41,69,89,12
42,79,21,12
43,90,69,12
44,23,91,12
45,66,55,12
46,50,42,12
47,98,77,12
48,56,62,12
49,5,95,12
50,11,81,12
51,42,67,12
52,54,76,12
53,90,19,12
54,1,98,12
55,2,56,12
56,82,80,12
57,19,44,12
58,35,9,12
59,81,58,12
60,52,27,12
61,52,62,12
62,52,8,12
63,0,66,12
64,9,84,12
65,57,95,12
66,79,24,12
67,68,18,12
68,90,75,12
1,60,94,13
2,95,56,13
3,69,97,13
4,44,41,13
5,15,86,13
6,48,92,13
7,6,47,13
8,7,43,13
9,69,41,13
10,18,89,13
11,58,98,13
12,19,76,13
13,68,41,13
14,56,97,13
15,24,43,13
16,72,72,13
17,89,29,13
18,29,54,13
19,16,54,13
20,12,36,13
21,23,60,13
22,23,90,13
23,80,96,13
24,89,25,13
25,41,26,13
26,72,36,13
27,79,55,13
28,55,19,13
29,47,36,13
30,60,60,13
31,41,43,13
32,4,74,13
33,15,71,13
34,81,39,13
35,61,51,13
36,2,95,13
37,24,50,13
38,86,95,13
39,30,29,13
40,8,96,13
41,68,88,13
42,78,20,13
43,90,68,13
44,22,90,13
45,66,56,13
46,50,42,13
47,98,78,13
48,55,62,13
49,5,96,13
50,10,81,13
51,41,66,13
52,55,77,13
53,89,18,13
54,0,99,13
55,3,55,13
56,83,79,13
57,18,43,13
58,34,10,13
59,82,57,13
60,51,28,13
61,52,61,13
62,52,7,13
63,1,67,13
64,10,83,13
65,57,95,13
66,80,23,13
67,68,17,13
68,89,74,13
1,60,95,14
2,94,57,14
3,69,97,14
4,45,40,14
5,16,85,14
6,47,92,14
7,5,47,14
8,6,42,14
9,69,41,14
10,18,90,14
11,58,97,14
12,19,76,14
13,68,42,14
14,57,98,14
15,24,43,14
16,71,73,14
17,89,28,14
18,29,55,14
19,15,53,14
20,11,35,14
21,23,61,14
22,21,89,14
23,79,97,14
24,88,24,14
25,42,27,14
26,71,37,14
27,80,54,14
28,54,20,14
29,47,37,14
30,61,59,14
31,41,43,14
32,5,75,14
33,15,70,14
34,82,39,14
35,62,50,14
36,2,94,14
37,25,50,14
38,85,94,14
39,30,28,14
40,7,97,14
41,69,88,14
42,79,19,14
43,90,68,14
44,22,89,14
45,65,56,14
46,49,42,14
47,99,78,14
48,55,62,14
49,6,95,14
50,11,82,14
51,42,65,14
52,55,78,14
53,90,17,14
54,1,99,14
55,2,56,14
56,84,80,14
57,18,43,14
58,34,11,14
59,82,57,14
60,50,29,14
61,53,62,14
62,53,7,14
63,0,67,14
64,10,82,14
65,56,96,14
66,79,22,14
67,68,18,14
68,89,74,14
1,59,95,15
2,95,57,15
3,70,96,15
4,44,39,15
5,15,84,15
6,48,92,15
7,5,48,15
8,6,43,15
9,70,41,15
10,17,89,15
11,59,98,15
12,20,77,15
13,68,41,15
14,58,97,15
15,25,44,15
16,70,73,15
17,89,27,15
18,30,55,15
19,14,54,15
20,11,36,15
21,24,61,15
22,21,89,15
23,78,96,15
24,88,24,15
25,42,26,15
26,70,38,15
27,79,54,15
28,53,19,15
29,48,36,15
30,61,58,15
31,40,43,15
32,6,74,15
33,14,70,15
34,82,38,15
35,61,51,15
36,2,95,15
37,25,51,15
38,86,95,15
39,30,27,15
40,7,96,15
41,70,88,15
42,80,19,15
43,89,69,15
44,22,89,15
45,65,56,15
46,49,43,15
47,98,78,15
48,54,62,15
49,7,95,15
50,11,82,15
51,42,66,15
52,56,79,15
53,89,16,15
54,1,99,15
55,3,55,15
56,83,81,15
57,18,43,15
58,33,10,15
59,83,58,15
60,49,29,15
61,55,61,15
62,54,6,15
63,0,68,15
64,10,82,15
65,57,95,15
66,79,22,15
67,67,19,15
68,90,75,15
1,59,96,16
2,94,58,16
3,71,96,16
4,45,40,16
5,14,84,16
6,49,93,16
7,5,49,16
8,6,42,16
9,69,40,16
10,16,89,16
11,58,99,16
12,21,77,16
13,68,40,16
14,59,97,16
15,26,44,16
16,70,72,16
17,89,26,16
18,29,54,16
19,15,54,16
20,10,36,16
21,24,61,16
22,21,89,16
23,78,96,16
24,87,23,16
25,41,25,16
26,69,38,16
27,79,55,16
28,53,18,16
29,49,35,16
30,62,59,16
31,40,43,16
32,7,73,16
33,15,71,16
34,83,38,16
35,62,50,16
36,2,96,16
37,26,50,16
38,87,94,16
39,31,28,16
40,7,96,16
41,70,88,16
42,79,20,16
43,90,68,16
44,22,88,16
45,64,57,16
46,50,42,16
47,97,78,16
48,53,62,16
49,7,94,16
50,11,82,16
51,43,66,16
52,57,79,16
53,90,17,16
54,1,98,16
55,4,55,16
56,84,81,16
57,17,42,16
58,34,11,16
59,82,58,16
60,48,28,16
61,55,60,16
62,55,6,16
63,1,67,16
64,9,82,16
65,57,94,16
66,78,21,16
67,66,18,16
68,89,74,16
1,59,95,17
2,95,59,17
3,71,95,17
4,46,41,17
5,13,85,17
6,50,93,17
7,6,48,17
8,6,43,17
9,70,40,17
10,15,89,17
11,58,99,17
12,21,78,17
13,68,39,17
14,58,97,17
15,25,43,17
16,71,73,17
17,88,26,17
18,29,53,17
19,14,54,17
20,9,36,17
21,23,60,17
22,22,90,17
23,78,96,17
24,86,22,17
25,40,26,17
26,67,40,17
27,78,54,17
28,53,19,17
29,49,35,17
30,62,58,17
31,41,42,17
32,8,72,17
33,16,70,17
34,83,37,17
35,62,49,17
36,3,95,17
37,26,50,17
38,86,95,17
39,32,29,17
40,6,97,17
41,71,88,17
42,79,21,17
43,91,68,17
44,23,87,17
45,64,58,17
46,49,42,17
47,97,78,17
48,53,61,17
49,6,93,17
50,11,82,17
51,44,67,17
52,57,78,17
53,91,17,17
54,0,98,17
55,4,54,17
56,85,80,17
57,17,43,17
58,35,10,17
59,82,59,17
60,49,28,17
61,54,61,17
62,55,6,17
63,1,68,17
64,8,82,17
65,57,95,17
66,77,21,17
67,67,19,17
68,90,73,17
1,60,95,18
2,96,60,18
3,70,95,18
4,47,41,18
5,12,84,18
6,51,92,18
7,7,49,18
8,7,44,18
9,71,41,18
10,15,90,18
11,58,99,18
12,20,79,18
13,68,40,18
14,58,97,18
15,24,44,18
16,71,73,18
17,88,26,18
18,28,54,18
19,15,55,18
20,10,36,18
21,22,61,18
22,21,91,18
23,78,95,18
24,86,23,18
25,41,27,18
26,67,41,18
27,77,55,18
28,52,18,18
29,49,36,18
30,62,59,18
31,42,43,18
32,8,71,18
33,17,70,18
34,83,36,18
35,62,50,18
36,2,96,18
37,25,49,18
38,86,96,18
39,33,30,18
40,5,98,18
41,71,87,18
42,79,20,18
43,91,69,18
44,23,86,18
45,63,59,18
46,49,41,18
47,97,79,18
48,52,60,18
49,6,94,18
50,11,82,18
51,44,66,18
52,57,78,18
53,90,16,18
54,1,99,18
55,3,55,18
56,86,81,18
57,18,42,18
58,35,10,18
59,83,58,18
60,50,27,18
61,53,61,18
62,56,7,18
63,2,69,18
64,7,82,18
65,57,95,18
66,77,22,18
67,66,20,18
68,89,72,18
1,61,96,19
2,96,60,19
3,71,94,19
4,48,40,19
5,12,83,19
6,51,93,19
7,6,50,19
8,7,43,19
9,71,41,19
10,16,91,19
11,58,99,19
12,20,78,19
13,68,41,19
14,57,98,19
15,25,43,19
16,71,73,19
17,87,25,19
18,28,54,19
19,15,55,19
20,11,35,19
21,22,62,19
22,22,92,19
23,78,96,19
24,87,24,19
25,41,28,19
26,67,42,19
27,77,56,19
28,51,17,19
29,49,36,19
30,61,59,19
31,41,42,19
32,9,71,19
33,16,71,19
34,82,37,19
35,62,50,19
36,2,97,19
37,26,50,19
38,85,97,19
39,34,31,19
40,5,99,19
41,70,86,19
42,80,20,19
43,91,69,19
44,24,87,19
45,64,59,19
46,49,40,19
47,98,78,19
48,52,60,19
49,7,94,19
50,12,82,19
51,45,65,19
52,58,77,19
53,90,15,19
54,1,98,19
55,3,56,19
56,85,82,19
57,19,41,19
58,34,10,19
59,84,59,19
60,49,27,19
61,53,61,19
62,55,6,19
63,3,69,19
64,7,81,19
65,58,96,19
66,77,23,19
67,67,21,19
68,88,71,19
1,61,95,20
2,96,59,20
3,70,95,20
4,49,39,20
5,12,83,20
6,50,94,20
7,5,49,20
8,6,44,20
9,70,42,20
10,17,91,20
11,57,99,20
12,19,77,20
13,69,42,20
14,56,97,20
15,24,43,20
16,71,73,20
17,86,24,20
18,29,55,20
19,15,55,20
20,12,34,20
21,23,62,20
22,22,93,20
23,78,97,20
24,86,23,20
25,40,28,20
26,68,41,20
27,76,55,20
28,50,16,20
29,48,35,20
30,60,59,20
31,42,43,20
32,8,71,20
33,15,72,20
34,82,37,20
35,63,49,20
36,2,97,20
37,26,49,20
38,86,97,20
39,33,31,20
40,5,98,20
41,71,85,20
42,79,20,20
43,91,69,20
44,23,87,20
45,63,59,20
46,50,39,20
47,98,79,20
48,51,59,20
49,7,94,20
50,12,81,20
51,45,65,20
52,57,76,20
53,89,14,20
54,1,98,20
55,4,56,20
56,85,83,20
57,18,42,20
58,34,10,20
59,83,58,20
60,50,28,20
61,52,60,20
62,54,6,20
63,3,69,20
64,7,81,20
65,58,95,20
66,78,22,20
67,66,21,20
68,87,71,20
1,60,95,21
2,96,59,21
3,71,96,21
4,50,38,21
5,12,82,21
6,51,94,21
7,5,48,21
8,7,43,21
9,68,43,21
10,17,90,21
11,58,99,21
12,20,76,21
13,70,42,21
14,57,98,21
15,24,42,21
16,70,74,21
17,85,23,21
18,28,55,21
19,16,56,21
20,11,33,21
21,22,63,21
22,21,92,21
23,78,98,21
24,84,22,21
25,41,29,21
26,68,41,21
27,77,56,21
28,49,16,21
29,48,36,21
30,59,59,21
31,41,44,21
32,8,70,21
33,16,73,21
34,81,37,21
35,62,48,21
36,1,99,21
37,25,50,21
38,86,98,21
39,34,30,21
40,4,98,21
41,72,86,21
42,80,20,21
43,92,70,21
44,24,87,21
45,62,60,21
46,49,39,21
47,98,79,21
48,53,59,21
49,6,94,21
50,12,80,21
51,46,66,21
52,57,77,21
53,89,15,21
54,0,98,21
55,4,57,21
56,84,83,21
57,17,43,21
58,34,10,21
59,84,58,21
60,50,29,21
61,52,59,21
62,55,5,21
63,3,68,21
64,6,81,21
65,58,94,21
66,77,22,21
67,67,21,21
68,86,72,21
1,59,94,22
2,96,59,22
3,71,96,22
4,51,39,22
5,13,83,22
6,51,94,22
7,4,47,22
8,6,43,22
9,67,44,22
10,16,89,22
11,59,99,22
12,20,77,22
13,69,43,22
14,58,99,22
15,25,43,22
16,70,73,22
17,85,22,22
18,28,56,22
19,15,55,22
20,11,32,22
21,22,62,22
22,21,91,22
23,78,98,22
24,83,22,22
25,41,30,22
26,69,40,22
27,77,57,22
28,48,16,22
29,47,37,22
30,60,58,22
31,42,44,22
32,8,70,22
33,17,72,22
34,81,37,22
35,61,48,22
36,1,98,22
37,25,49,22
38,86,99,22
39,33,30,22
40,4,99,22
41,73,85,22
42,79,19,22
43,91,69,22
44,25,88,22
45,63,61,22
46,48,39,22
47,97,79,22
48,53,58,22
49,6,93,22
50,11,79,22
51,45,65,22
52,57,78,22
53,90,14,22
54,0,99,22
55,4,57,22
56,84,84,22
57,18,43,22
58,34,10,22
59,83,58,22
60,49,30,22
61,51,59,22
62,55,5,22
63,2,68,22
64,5,82,22
65,57,95,22
66,78,21,22
67,66,22,22
68,87,71,22
1,58,95,23
2,96,60,23
3,71,95,23
4,50,40,23
5,13,82,23
6,50,95,23
7,4,46,23
8,5,43,23
9,67,44,23
10,17,88,23
11,59,98,23
12,19,77,23
13,70,44,23
14,59,99,23
15,25,43,23
16,70,74,23
17,85,22,23
18,27,55,23
19,15,55,23
20,10,31,23
21,22,62,23
22,21,91,23
23,79,97,23
24,82,21,23
25,42,31,23
26,69,40,23
27,78,58,23
28,47,17,23
29,48,37,23
30,61,58,23
31,42,45,23
32,7,70,23
33,17,72,23
34,81,36,23
35,60,49,23
36,1,99,23
37,24,49,23
38,85,98,23
39,32,31,23
40,3,98,23
41,74,86,23
42,80,20,23
43,90,69,23
44,26,87,23
45,64,62,23
46,49,38,23
47,96,80,23
48,54,59,23
49,6,93,23
50,10,80,23
51,44,66,23
52,58,79,23
53,91,15,23
54,0,99,23
55,4,56,23
56,85,83,23
57,19,43,23
58,35,10,23
59,83,59,23
60,48,30,23
61,50,60,23
62,56,4,23
63,1,67,23
64,6,82,23
65,57,94,23
66,78,20,23
67,67,22,23
68,88,71,23
1,58,96,24
2,96,61,24
3,71,96,24
4,50,40,24
5,14,83,24
6,50,96,24
7,4,45,24
8,4,43,24
9,68,44,24
10,18,88,24
11,60,98,24
12,19,77,24
13,70,43,24
14,59,98,24
15,24,44,24
16,71,73,24
17,86,22,24
18,26,56,24
19,15,54,24
20,11,30,24
21,23,63,24
22,22,90,24
23,79,97,24
24,82,20,24
25,41,30,24
26,70,39,24
27,77,57,24
28,48,16,24
29,48,38,24
30,62,57,24
31,42,45,24
32,8,70,24
33,17,72,24
34,81,35,24
35,59,48,24
36,0,98,24
37,25,50,24
38,86,99,24
39,31,31,24
40,3,99,24
41,73,85,24
42,81,20,24
43,90,70,24
44,25,87,24
45,63,61,24
46,48,37,24
47,97,79,24
48,55,60,24
49,5,94,24
50,10,80,24
51,45,66,24
52,58,79,24
53,91,16,24
54,1,98,24
55,3,55,24
56,86,84,24
57,18,44,24
58,36,9,24
59,82,60,24
60,49,30,24
61,50,59,24
62,55,5,24
63,1,68,24
64,5,83,24
65,57,94,24
66,77,19,24
67,67,23,24
68,87,70,24
1,57,95,25
2,97,60,25
3,72,97,25
4,50,41,25
5,15,82,25
6,50,97,25
7,4,44,25
8,3,42,25
9,69,45,25
10,18,87,25
11,60,98,25
12,18,76,25
13,69,44,25
14,58,97,25
15,23,44,25
16,71,73,25
17,87,22,25
18,26,55,25
19,16,54,25
20,12,29,25
21,22,63,25
22,21,91,25
23,79,96,25
24,82,19,25
25,41,29,25
26,70,38,25
27,77,58,25
28,48,16,25
29,48,39,25
30,63,58,25
31,41,44,25
32,8,70,25
33,16,72,25
34,81,35,25
35,60,49,25
36,0,99,25
37,24,50,25
38,85,98,25
39,32,32,25
40,2,98,25
41,74,86,25
42,82,20,25
43,90,71,25
44,26,86,25
45,64,61,25
46,47,37,25
47,98,78,25
48,54,61,25
49,6,95,25
50,10,79,25
51,44,66,25
52,57,80,25
53,90,17,25
54,2,99,25
55,4,55,25
56,86,85,25
57,19,45,25
58,37,10,25
59,82,61,25
60,48,29,25
61,49,58,25
62,56,4,25
63,0,68,25
64,6,84,25
65,58,94,25
66,77,18,25
67,68,23,25
68,87,71,25
1,56,94,26
2,96,61,26
3,71,97,26
4,50,41,26
5,14,83,26
6,50,98,26
7,5,45,26
8,2,43,26
9,69,43,26
10,18,86,26
11,60,98,26
12,18,75,26
13,70,44,26
14,59,96,26
15,24,43,26
16,71,73,26
17,88,23,26
18,27,56,26
19,17,53,26
20,12,28,26
21,23,62,26
22,21,91,26
23,80,95,26
24,82,18,26
25,40,29,26
26,71,38,26
27,76,59,26
28,49,15,26
29,48,39,26
30,62,58,26
31,40,45,26
32,7,71,26
33,15,72,26
34,80,35,26
35,61,48,26
36,0,98,26
37,25,51,26
38,84,98,26
39,33,33,26
40,1,98,26
41,73,87,26
42,82,21,26
43,89,72,26
44,26,86,26
45,64,61,26
46,47,36,26
47,99,79,26
48,55,60,26
49,7,96,26
50,9,78,26
51,43,67,26
52,57,79,26
53,91,16,26
54,2,98,26
55,3,56,26
56,85,86,26
57,20,46,26
58,38,11,26
59,83,60,26
60,49,28,26
61,49,57,26
62,55,4,26
63,0,67,26
64,7,84,26
65,57,95,26
66,76,18,26
67,67,23,26
68,86,72,26
1,57,93,27
2,95,62,27
3,70,96,27
4,49,41,27
5,14,83,27
6,49,97,27
7,4,44,27
8,2,42,27
9,69,42,27
10,17,87,27
11,60,99,27
12,17,74,27
13,69,43,27
14,58,96,27
15,24,42,27
16,72,74,27
17,88,22,27
18,26,55,27
19,16,52,27
20,11,29,27
21,22,63,27
22,21,90,27
23,81,95,27
24,81,17,27
25,41,29,27
26,71,38,27
27,76,59,27
28,48,14,27
29,47,38,27
30,63,58,27
31,40,46,27
32,6,70,27
33,15,72,27
34,81,36,27
35,61,49,27
36,0,97,27
37,26,50,27
38,83,98,27
39,32,33,27
40,0,98,27
41,74,88,27
42,83,21,27
43,90,73,27
44,26,86,27
45,63,61,27
46,46,37,27
47,98,79,27
48,54,59,27
49,7,97,27
50,10,78,27
51,42,68,27
52,56,78,27
53,92,16,27
54,2,97,27
55,3,56,27
56,84,86,27
57,21,47,27
58,38,12,27
59,83,59,27
60,49,29,27
61,48,57,27
62,54,5,27
63,1,67,27
64,8,84,27
65,57,96,27
66,76,17,27
67,67,24,27
68,85,73,27
1,56,94,28
2,96,63,28
3,70,97,28
4,49,41,28
5,15,83,28
6,49,98,28
7,4,43,28
8,2,43,28
9,68,42,28
10,18,87,28
11,59,98,28
12,18,75,28
13,69,42,28
14,59,97,28
15,25,42,28
16,73,75,28
17,89,21,28
18,25,54,28
19,15,51,28
20,11,30,28
21,21,64,28
22,22,91,28
23,80,95,28
24,82,16,28
25,41,28,28
26,71,37,28
27,75,58,28
28,47,15,28
29,47,37,28
30,62,59,28
31,40,46,28
32,6,70,28
33,16,71,28
34,80,36,28
35,60,49,28
36,1,97,28
37,25,49,28
38,83,97,28
39,33,32,28
40,1,99,28
41,75,87,28
42,84,20,28
43,89,74,28
44,25,86,28
45,63,60,28
46,45,36,28
47,97,78,28
48,55,58,28
49,8,98,28
50,11,79,28
51,42,68,28
52,56,78,28
53,92,15,28
54,3,96,28
55,4,56,28
56,83,86,28
57,22,47,28
58,38,12,28
59,83,58,28
60,50,30,28
61,48,57,28
62,55,6,28
63,0,68,28
64,7,83,28
65,58,96,28
66,76,16,28
67,68,24,28
68,85,72,28
1,56,93,29
2,97,63,29
3,70,98,29
4,49,42,29
5,14,84,29
6,50,97,29
7,5,43,29
8,3,44,29
9,67,41,29
10,19,87,29
11,60,99,29
12,17,75,29
13,70,41,29
14,59,97,29
15,24,42,29
16,73,75,29
17,90,22,29
18,24,54,29
19,14,50,29
20,12,30,29
21,21,65,29
22,22,91,29
23,79,96,29
24,81,15,29
25,40,27,29
26,71,38,29
27,76,58,29
28,46,16,29
29,47,38,29
30,62,61,29
31,40,46,29
32,7,69,29
33,17,70,29
34,79,37,29
35,61,49,29
36,2,98,29
37,25,50,29
38,82,98,29
39,33,31,29
40,1,97,29
41,75,88,29
42,84,19,29
43,88,73,29
44,26,87,29
45,63,60,29
46,44,36,29
47,96,78,29
48,56,58,29
49,7,97,29
50,12,79,29
51,41,68,29
52,57,78,29
53,92,14,29
54,2,96,29
55,5,56,29
56,82,87,29
57,21,48,29
58,39,11,29
59,82,59,29
60,50,31,29
61,48,56,29
62,56,6,29
63,0,68,29
64,6,84,29
65,59,95,29
66,76,17,29
67,69,25,29
68,86,71,29
1,57,94,30
2,98,62,30
3,69,97,30
4,50,42,30
5,15,83,30
6,51,96,30
7,6,43,30
8,4,45,30
9,67,42,30
10,20,86,30
11,60,99,30
12,16,75,30
13,71,40,30
14,58,96,30
15,25,43,30
16,73,75,30
17,90,22,30
18,25,55,30
19,15,49,30
20,13,29,30
21,20,66,30
22,21,90,30
23,80,96,30
24,81,15,30
25,39,27,30
26,72,38,30
27,77,58,30
28,45,16,30
29,48,37,30
30,62,62,30
31,40,45,30
32,6,70,30
33,18,70,30
34,80,37,30
35,62,48,30
36,2,97,30
37,26,51,30
38,81,97,30
39,32,31,30
40,1,98,30
41,75,87,30
42,84,20,30
43,88,73,30
44,26,88,30
45,63,59,30
46,44,37,30
47,97,77,30
48,55,59,30
49,8,96,30
50,11,80,30
51,42,69,30
52,57,77,30
53,91,15,30
54,2,96,30
55,5,56,30
56,82,86,30
57,20,49,30
58,39,12,30
59,81,58,30
60,50,30,30
61,48,56,30
62,55,7,30
63,0,68,30
64,5,83,30
65,58,95,30
66,77,17,30
67,68,25,30
68,85,70,30
1,56,95,31
2,98,63,31
3,68,98,31
4,50,43,31
5,15,84,31
6,51,97,31
7,5,42,31
8,3,46,31
9,66,41,31
10,19,85,31
11,59,98,31
12,16,76,31
13,72,40,31
14,58,94,31
15,25,42,31
16,73,74,31
17,90,22,31
18,24,54,31
19,14,49,31
20,13,28,31
21,21,66,31
22,22,89,31
23,80,97,31
24,81,15,31
25,38,28,31
26,71,38,31
27,77,59,31
28,46,17,31
29,48,37,31
30,62,62,31
31,41,44,31
32,6,70,31
33,18,71,31
34,81,36,31
35,61,47,31
36,2,97,31
37,26,52,31
38,80,98,31
39,31,30,31
40,0,98,31
41,76,86,31
42,83,20,31
43,89,72,31
44,26,88,31
45,62,60,31
46,45,36,31
47,97,78,31
48,56,59,31
49,7,96,31
50,10,81,31
51,42,68,31
52,56,78,31
53,91,15,31
54,3,97,31
55,6,56,31
56,82,87,31
57,21,48,31
58,40,13,31
59,81,57,31
60,50,29,31
61,49,55,31
62,55,7,31
63,1,68,31
64,4,84,31
65,59,96,31
66,78,16,31
67,67,25,31
68,84,71,31
1,56,96,32
2,98,62,32
3,69,99,32
4,50,44,32
5,15,83,32
6,50,96,32
7,6,43,32
8,3,46,32
9,67,42,32
10,20,86,32
11,58,99,32
12,15,76,32
13,71,41,32
14,58,94,32
15,25,41,32
16,73,73,32
17,91,21,32
18,24,54,32
19,15,48,32
20,14,27,32
21,21,65,32
22,21,88,32
23,81,97,32
24,81,15,32
25,39,29,32
26,70,38,32
27,76,59,32
28,46,17,32
29,49,38,32
30,62,61,32
31,42,44,32
32,5,69,32
33,18,70,32
34,80,36,32
35,60,48,32
36,3,98,32
37,25,51,32
38,79,97,32
39,31,30,32
40,0,99,32
41,77,86,32
42,82,19,32
43,89,72,32
44,27,88,32
45,63,60,32
46,44,37,32
47,98,77,32
48,55,59,32
49,8,97,32
50,9,81,32
51,42,68,32
52,56,77,32
53,91,15,32
54,3,96,32
55,5,57,32
56,81,88,32
57,20,49,32
58,40,13,32
59,80,56,32
60,51,29,32
61,50,56,32
62,54,6,32
63,0,67,32
64,3,84,32
65,58,97,32
66,79,16,32
67,66,25,32
68,85,70,32
1,56,97,33
2,97,63,33
3,70,99,33
4,50,43,33
5,14,83,33
6,49,96,33
7,5,43,33
8,2,46,33
9,67,41,33
10,20,86,33
11,58,98,33
12,14,77,33
13,71,41,33
14,57,93,33
15,25,41,33
16,72,74,33
17,91,21,33
18,24,55,33
19,16,47,33
20,13,27,33
21,21,64,33
22,21,87,33
23,80,98,33
24,82,15,33
25,38,28,33
26,70,39,33
27,76,60,33
28,45,18,33
29,50,39,33
30,62,60,33
31,42,43,33
32,6,70,33
33,19,69,33
34,80,36,33
35,60,49,33
36,2,98,33
37,25,51,33
38,78,96,33
39,32,30,33
40,1,99,33
41,78,87,33
42,83,19,33
43,90,73,33
44,28,88,33
45,63,59,33
46,44,37,33
47,97,78,33
48,54,60,33
49,9,98,33
50,10,82,33
51,43,69,33
52,56,76,33
53,91,16,33
54,3,97,33
55,5,57,33
56,81,88,33
57,20,50,33
58,39,14,33
59,80,56,33
60,52,30,33
61,51,55,33
62,53,7,33
63,1,67,33
64,4,85,33
65,58,96,33
66,78,16,33
67,67,25,33
68,86,71,33
1,55,96,34
2,97,62,34
3,70,98,34
4,51,42,34
5,15,83,34
6,48,97,34
7,6,44,34
8,1,45,34
9,67,42,34
10,19,86,34
11,58,97,34
12,13,77,34
13,71,42,34
14,56,94,34
15,24,42,34
16,71,73,34
17,90,20,34
18,23,56,34
19,16,48,34
20,14,27,34
21,22,65,34
22,22,88,34
23,81,98,34
24,82,14,34
25,37,27,34
26,70,39,34
27,76,59,34
28,45,17,34
29,49,40,34
30,62,61,34
31,43,42,34
32,7,71,34
33,19,68,34
34,79,37,34
35,61,50,34
36,2,97,34
37,26,50,34
38,78,96,34
39,33,30,34
40,2,99,34
41,78,88,34
42,83,19,34
43,89,72,34
44,27,89,34
45,62,59,34
46,43,36,34
47,96,78,34
48,53,60,34
49,9,98,34
50,9,81,34
51,44,70,34
52,57,76,34
53,91,16,34
54,2,96,34
55,5,57,34
56,80,87,34
57,20,49,34
58,39,14,34
59,79,55,34
60,53,29,34
61,51,54,34
62,53,6,34
63,1,66,34
64,3,84,34
65,57,95,34
66,79,17,34
67,66,24,34
68,85,72,34
1,54,96,35
2,97,63,35
3,70,97,35
4,50,43,35
5,15,84,35
6,49,97,35
7,6,43,35
8,1,46,35
9,67,43,35
10,20,87,35
11,57,97,35
12,12,78,35
13,72,41,35
14,55,95,35
15,23,41,35
16,70,72,35
17,89,19,35
18,22,56,35
19,17,49,35
20,13,27,35
21,23,66,35
22,21,87,35
23,81,98,35
24,83,13,35
25,38,28,35
26,69,38,35
27,77,60,35
28,46,16,35
29,49,41,35
30,62,62,35
31,43,42,35
32,8,71,35
33,19,69,35
34,80,38,35
35,60,49,35
36,3,98,35
37,25,51,35
38,78,97,35
39,33,30,35
40,3,99,35
41,77,88,35
42,82,20,35
43,90,71,35
44,28,89,35
45,61,60,35
46,43,37,35
47,97,78,35
48,54,59,35
49,10,98,35
50,9,81,35
51,45,71,35
52,58,75,35
53,90,17,35
54,2,95,35
55,4,58,35
56,81,86,35
57,20,48,35
58,39,13,35
59,80,55,35
60,54,29,35
61,50,55,35
62,53,6,35
63,2,65,35
64,3,85,35
65,57,96,35
66,80,18,35
67,65,24,35
68,84,72,35
1,54,96,36
2,97,64,36
3,69,97,36
4,50,44,36
5,16,83,36
6,50,98,36
7,5,43,36
8,1,47,36
9,66,44,36
10,19,86,36
11,58,98,36
12,11,77,36
13,71,41,36
14,55,96,36
15,22,41,36
16,71,72,36
17,90,20,36
18,22,57,36
19,17,48,36
20,12,27,36
21,23,65,36
22,20,88,36
23,80,99,36
24,84,12,36
25,37,29,36
26,68,38,36
27,77,59,36
28,45,17,36
29,48,42,36
30,61,63,36
31,43,41,36
32,7,71,36
33,20,70,36
34,81,37,36
35,61,49,36
36,4,97,36
37,24,51,36
38,77,97,36
39,34,31,36
40,3,99,36
41,77,89,36
42,82,19,36
43,90,70,36
44,28,88,36
45,60,61,36
46,42,36,36
47,98,79,36
48,53,59,36
49,10,97,36
50,10,82,36
51,46,71,36
52,58,75,36
53,90,16,36
54,2,96,36
55,4,57,36
56,81,86,36
57,21,47,36
58,38,12,36
59,79,56,36
60,55,28,36
61,50,56,36
62,53,5,36
63,2,64,36
64,3,85,36
65,58,97,36
66,79,17,36
67,65,24,36
68,84,73,36
1,53,97,37
2,98,63,37
3,70,96,37
4,50,45,37
5,15,84,37
6,50,97,37
7,4,43,37
8,1,48,37
9,67,44,37
10,20,87,37
11,57,99,37
12,12,76,37
13,71,42,37
14,55,96,37
15,22,42,37
16,71,72,37
17,90,21,37
18,23,58,37
19,18,47,37
20,13,27,37
21,24,64,37
22,21,89,37
23,79,99,37
24,84,11,37
25,36,28,37
26,67,37,37
27,77,58,37
28,46,18,37
29,49,41,37
30,60,62,37
31,43,40,37
32,6,70,37
33,20,69,37
34,82,37,37
35,61,50,37
36,5,97,37
37,23,52,37
38,76,98,37
39,34,32,37
40,4,98,37
41,78,90,37
42,82,19,37
43,91,71,37
44,27,89,37
45,59,62,37
46,41,37,37
47,98,80,37
48,52,59,37
49,10,98,37
50,10,82,37
51,46,71,37
52,58,76,37
53,91,16,37
54,2,95,37
55,4,56,37
56,81,86,37
57,22,48,37
58,38,11,37
59,78,55,37
60,54,29,37
61,49,56,37
62,54,5,37
63,1,63,37
64,2,86,37
65,57,96,37
66,80,18,37
67,65,25,37
68,84,74,37
1,53,97,38
2,97,64,38
3,70,96,38
4,50,46,38
5,15,83,38
6,50,97,38
7,3,42,38
8,2,49,38
9,67,45,38
10,19,86,38
11,56,99,38
12,12,76,38
13,71,42,38
14,54,95,38
15,21,43,38
16,71,73,38
17,90,21,38
18,22,58,38
19,17,46,38
20,13,27,38
21,24,64,38
22,22,89,38
23,78,99,38
24,83,10,38
25,36,27,38
26,67,36,38
27,78,59,38
28,45,19,38
29,49,41,38
30,61,62,38
31,44,40,38
32,6,69,38
33,21,68,38
34,82,36,38
35,61,50,38
36,5,97,38
37,22,53,38
38,75,98,38
39,34,33,38
40,3,97,38
41,78,91,38
42,82,19,38
43,91,71,38
44,27,88,38
45,58,61,38
46,42,38,38
47,98,80,38
48,52,59,38
49,11,98,38
50,10,82,38
51,47,71,38
52,57,76,38
53,92,17,38
54,2,96,38
55,5,57,38
56,80,86,38
57,22,49,38
58,39,12,38
59,78,54,38
60,53,30,38
61,48,57,38
62,55,4,38
63,2,64,38
64,1,86,38
65,56,95,38
66,80,19,38
67,65,26,38
68,84,73,38
1,53,98,39
2,96,63,39
3,70,96,39
4,49,46,39
5,16,84,39
6,49,97,39
7,3,41,39
8,1,50,39
9,68,44,39
10,20,85,39
11,55,98,39
12,13,77,39
13,72,43,39
14,53,94,39
15,21,42,39
16,70,72,39
17,89,22,39
18,21,57,39
19,18,45,39
20,14,28,39
21,23,63,39
22,23,90,39
23,79,99,39
24,83,9,39
25,35,27,39
26,67,37,39
27,77,58,39
28,45,20,39
29,49,40,39
30,61,63,39
31,45,40,39
32,5,69,39
33,20,68,39
34,82,35,39
35,61,51,39
36,5,97,39
37,22,52,39
38,74,99,39
39,35,34,39
40,2,98,39
41,77,90,39
42,83,19,39
43,90,72,39
44,26,87,39
45,58,62,39
46,43,37,39
47,99,80,39
48,53,59,39
49,11,97,39
50,11,83,39
51,46,70,39
52,57,77,39
53,92,16,39
54,1,95,39
55,5,57,39
56,80,87,39
57,21,49,39
58,38,13,39
59,78,53,39
60,54,30,39
61,49,58,39
62,54,5,39
63,2,63,39
64,0,86,39
65,55,94,39
66,81,18,39
67,66,27,39
68,83,72,39
1,52,98,40
2,96,63,40
3,71,97,40
4,49,45,40
5,15,85,40
6,50,97,40
7,4,42,40
8,2,49,40
9,68,44,40
10,20,85,40
11,55,98,40
12,13,76,40
13,73,44,40
14,54,94,40
15,20,43,40
16,69,71,40
17,89,21,40
18,21,56,40
19,19,44,40
20,15,29,40
21,23,64,40
22,24,91,40
23,79,98,40
24,83,10,40
25,35,28,40
26,67,37,40
27,78,58,40
28,44,19,40
29,50,39,40
30,61,62,40
31,46,40,40
32,6,69,40
33,21,67,40
34,83,34,40
35,60,51,40
36,5,96,40
37,23,52,40
38,74,99,40
39,36,35,40
40,3,98,40
41,76,90,40
42,82,18,40
43,90,73,40
44,26,88,40
45,57,62,40
46,44,36,40
47,98,80,40
48,53,59,40
49,11,97,40
50,10,83,40
51,46,71,40
52,57,77,40
53,91,15,40
54,0,96,40
55,6,58,40
56,81,86,40
57,22,49,40
58,38,13,40
59,78,53,40
60,54,30,40
61,50,59,40
62,55,6,40
63,3,64,40
64,0,87,40
65,55,94,40
66,81,19,40
67,65,28,40
68,82,71,40
1,53,98,41
2,97,64,41
3,70,96,41
4,50,46,41
5,16,85,41
6,51,97,41
7,3,41,41
8,3,48,41
9,69,44,41
10,20,84,41
11,55,97,41
12,13,77,41
13,73,44,41
14,53,93,41
15,19,42,41
16,69,72,41
17,89,21,41
18,21,55,41
19,20,43,41
20,14,30,41
21,22,63,41
22,25,90,41
23,80,97,41
24,84,11,41
25,35,27,41
26,67,38,41
27,78,59,41
28,43,20,41
29,51,39,41
30,60,61,41
31,47,41,41
32,6,69,41
33,21,66,41
34,83,35,41
35,59,50,41
36,6,95,41
37,22,52,41
38,74,98,41
39,36,36,41
40,3,97,41
41,76,89,41
42,83,17,41
43,91,73,41
44,26,88,41
45,56,61,41
46,45,37,41
47,98,79,41
48,53,59,41
49,12,96,41
50,10,82,41
51,47,71,41
52,56,77,41
53,92,15,41
54,1,97,41
55,5,59,41
56,81,86,41
57,23,48,41
58,37,12,41
59,79,52,41
60,54,29,41
61,49,59,41
62,55,5,41
63,2,63,41
64,0,87,41
65,54,95,41
66,81,20,41
67,64,28,41
68,82,70,41
1,53,97,42
2,96,63,42
3,71,95,42
4,51,45,42
5,17,84,42
6,52,96,42
7,3,42,42
8,2,48,42
9,70,45,42
10,20,83,42
11,56,98,42
12,12,78,42
13,73,44,42
14,52,93,42
15,19,41,42
16,69,73,42
17,89,22,42
18,20,55,42
19,21,42,42
20,15,31,42
21,21,63,42
22,25,89,42
23,81,96,42
24,83,12,42
25,35,27,42
26,66,37,42
27,77,59,42
28,42,21,42
29,52,39,42
30,60,60,42
31,48,42,42
32,6,70,42
33,20,66,42
34,84,34,42
35,60,49,42
36,7,96,42
37,22,52,42
38,74,99,42
39,36,35,42
40,2,98,42
41,75,89,42
42,84,18,42
43,91,74,42
44,26,87,42
45,56,60,42
46,44,36,42
47,97,80,42
48,53,58,42
49,13,95,42
50,11,81,42
51,47,71,42
52,55,77,42
53,91,15,42
54,1,96,42
55,5,59,42
56,80,86,42
57,24,48,42
58,36,12,42
59,80,51,42
60,55,29,42
61,49,59,42
62,55,6,42
63,1,63,42
64,0,86,42
65,53,96,42
66,80,19,42
67,65,27,42
68,83,70,42
1,53,97,43
2,96,64,43
3,71,96,43
4,51,44,43
5,16,85,43
6,53,95,43
7,4,42,43
8,2,47,43
9,70,44,43
10,19,82,43
11,57,98,43
12,12,78,43
13,74,44,43
14,51,92,43
15,18,41,43
16,68,73,43
17,89,22,43
18,20,55,43
19,20,41,43
20,14,31,43
21,20,62,43
22,26,89,43
23,80,96,43
24,83,12,43
25,34,28,43
26,67,37,43
27,76,58,43
28,41,20,43
29,51,40,43
30,61,60,43
31,48,43,43
32,5,70,43
33,20,66,43
34,85,33,43
35,60,50,43
36,6,95,43
37,23,51,43
38,74,98,43
39,35,36,43
40,2,98,43
41,75,88,43
42,84,19,43
43,91,74,43
44,26,86,43
45,56,59,43
46,44,36,43
47,97,79,43
48,52,59,43
49,14,94,43
50,10,80,43
51,48,70,43
52,54,76,43
53,90,16,43
54,1,95,43
55,6,60,43
56,80,85,43
57,23,49,43
58,36,13,43
59,81,50,43
60,56,30,43
61,49,59,43
62,56,5,43
63,1,62,43
64,0,87,43
65,52,96,43
66,80,19,43
67,64,28,43
68,84,69,43
1,54,98,44
2,97,65,44
3,72,97,44
4,50,44,44
5,15,85,44
6,52,94,44
7,3,43,44
8,2,46,44
9,69,43,44
10,20,83,44
11,58,97,44
12,11,79,44
13,75,44,44
14,51,93,44
15,19,42,44
16,67,74,44
17,90,21,44
18,19,56,44
19,20,41,44
20,15,30,44
21,20,62,44
22,25,88,44
23,81,97,44
24,82,13,44
25,35,29,44
26,68,37,44
27,77,57,44
28,41,20,44
29,50,39,44
30,61,61,44
31,48,42,44
32,6,70,44
33,19,67,44
34,86,33,44
35,61,49,44
36,5,94,44
37,22,52,44
38,74,97,44
39,36,35,44
40,3,98,44
41,74,87,44
42,84,20,44
43,90,74,44
44,25,86,44
45,55,60,44
46,43,36,44
47,98,79,44
48,53,60,44
49,13,95,44
50,9,80,44
51,47,71,44
52,55,75,44
53,91,16,44
54,2,96,44
55,6,61,44
56,79,86,44
57,24,48,44
58,37,12,44
59,82,50,44
60,56,30,44
61,50,60,44
62,56,5,44
63,0,61,44
64,1,87,44
65,51,95,44
66,81,18,44
67,65,27,44
68,84,69,44
1,53,99,45
2,97,64,45
3,71,97,45
4,49,43,45
5,14,86,45
6,52,95,45
7,4,44,45
8,3,46,45
9,68,42,45
10,21,83,45
11,59,98,45
12,10,78,45
13,75,44,45
14,52,94,45
15,20,42,45
16,67,74,45
17,91,21,45
18,18,57,45
19,19,41,45
20,16,31,45
21,20,61,45
22,25,88,45
23,82,97,45
24,82,12,45
25,36,28,45
26,69,37,45
27,77,57,45
28,40,21,45
29,51,38,45
30,62,60,45
31,48,43,45
32,5,70,45
33,19,67,45
34,85,34,45
35,62,50,45
36,6,94,45
37,22,52,45
38,75,96,45
39,37,36,45
40,2,98,45
41,74,88,45
42,85,19,45
43,91,75,45
44,26,85,45
45,56,61,45
46,42,37,45
47,97,79,45
48,52,61,45
49,14,94,45
50,10,79,45
51,46,71,45
52,55,75,45
53,92,17,45
54,2,95,45
55,6,60,45
56,79,87,45
57,24,47,45
58,37,13,45
59,83,50,45
60,55,29,45
61,51,60,45
62,56,4,45
63,0,61,45
64,0,87,45
65,52,96,45
66,82,18,45
67,64,28,45
68,84,70,45
1,52,98,46
2,96,65,46
3,72,98,46
4,49,44,46
5,14,86,46
6,51,95,46
7,5,45,46
8,2,47,46
9,67,41,46
10,22,83,46
11,59,98,46
12,9,78,46
13,74,43,46
14,53,93,46
15,21,42,46
16,68,74,46
17,92,20,46
18,18,57,46
19,20,42,46
20,16,32,46
21,19,62,46
22,25,89,46
23,81,98,46
24,82,12,46
25,37,29,46
26,70,37,46
27,78,57,46
28,40,22,46
29,50,37,46
30,61,59,46
31,48,43,46
32,6,71,46
33,19,67,46
34,84,35,46
35,61,49,46
36,7,94,46
37,22,52,46
38,74,97,46
39,37,35,46
40,2,98,46
41,75,89,46
42,84,20,46
43,90,76,46
44,26,85,46
45,55,61,46
46,42,37,46
47,98,80,46
48,50,59,46
49,15,94,46
50,10,78,46
51,46,70,46
52,55,74,46
53,92,16,46
54,3,94,46
55,5,61,46
56,78,87,46
57,23,48,46
58,37,13,46
59,83,49,46
60,56,28,46
61,51,60,46
62,55,3,46
63,0,62,46
64,1,88,46
65,52,95,46
66,82,19,46
67,64,29,46
68,83,69,46
1,52,98,47
2,97,65,47
3,72,98,47
4,50,44,47
5,14,85,47
6,52,96,47
7,4,46,47
8,1,48,47
9,68,42,47
10,22,83,47
11,58,98,47
12,8,79,47
13,73,44,47
14,52,93,47
15,22,42,47
16,68,75,47
17,93,20,47
18,18,58,47
19,20,42,47
20,15,33,47
21,20,61,47
22,24,89,47
23,82,98,47
24,81,11,47
25,37,30,47
26,69,36,47
27,77,57,47
28,40,22,47
29,51,37,47
30,62,59,47
31,49,43,47
32,7,71,47
33,19,67,47
34,83,35,47
35,61,50,47
36,7,93,47
37,23,52,47
38,75,97,47
39,38,34,47
40,1,98,47
41,74,90,47
42,84,21,47
43,90,76,47
44,26,86,47
45,55,61,47
46,41,36,47
47,98,80,47
48,51,58,47
49,14,94,47
50,9,77,47
51,47,70,47
52,55,73,47
53,92,17,47
54,3,95,47
55,6,62,47
56,78,87,47
57,24,47,47
58,38,13,47
59,82,49,47
60,57,29,47
61,52,60,47
62,56,4,47
63,0,62,47
64,2,89,47
65,51,95,47
66,81,19,47
67,63,30,47
68,82,69,47
1,52,97,48
2,97,65,48
3,71,99,48
4,51,45,48
5,14,85,48
6,53,96,48
7,3,46,48
8,0,48,48
9,68,41,48
10,22,84,48
11,57,97,48
12,9,80,48
13,72,44,48
14,51,94,48
15,23,41,48
16,69,74,48
17,92,19,48
18,18,59,48
19,20,42,48
20,14,33,48
21,20,62,48
22,23,90,48
23,81,97,48
24,81,12,48
25,37,31,48
26,70,37,48
27,77,57,48
28,41,21,48
29,52,37,48
30,62,60,48
31,48,43,48
32,7,71,48
33,18,67,48
34,84,34,48
35,60,50,48
36,6,94,48
37,23,51,48
38,75,96,48
39,37,33,48
40,2,98,48
41,75,90,48
42,85,21,48
43,90,77,48
44,27,86,48
45,56,61,48
46,41,35,48
47,98,79,48
48,52,57,48
49,15,94,48
50,9,78,48
51,47,70,48
52,54,72,48
53,92,16,48
54,2,96,48
55,7,63,48
56,77,88,48
57,25,46,48
58,39,14,48
59,82,48,48
60,58,30,48
61,51,60,48
62,57,3,48
63,1,62,48
64,1,89,48
65,50,93,48
66,82,20,48
67,62,29,48
68,83,69,48
1,52,97,49
2,98,64,49
3,72,98,49
4,50,46,49
5,14,86,49
6,52,95,49
7,4,47,49
8,1,47,49
9,68,40,49
10,22,85,49
11,56,97,49
12,9,80,49
13,71,43,49
14,50,94,49
15,22,41,49
16,69,73,49
17,93,19,49
18,18,59,49
19,19,41,49
20,15,34,49
21,19,61,49
22,24,90,49
23,82,96,49
24,81,13,49
25,38,31,49
26,71,37,49
27,76,57,49
28,40,22,49
29,53,36,49
30,63,61,49
31,47,43,49
32,7,71,49
33,19,68,49
34,84,35,49
35,59,49,49
36,5,93,49
37,23,52,49
38,76,95,49
39,36,32,49
40,3,98,49
41,74,89,49
42,84,20,49
43,90,77,49
44,26,87,49
45,57,62,49
46,42,36,49
47,99,80,49
48,53,57,49
49,14,93,49
50,9,79,49
51,47,70,49
52,55,71,49
53,92,15,49
54,3,95,49
55,6,62,49
56,77,89,49
57,25,45,49
58,38,13,49
59,81,49,49
60,59,31,49
61,51,59,49
62,57,3,49
63,0,63,49
64,2,89,49
65,49,92,49
66,81,21,49
67,63,29,49
68,83,69,49
1,52,96,50
2,98,63,50
3,73,99,50
4,51,45,50
5,15,85,50
6,52,95,50
7,5,47,50
8,1,47,50
9,69,41,50
10,22,85,50
11,57,97,50
12,10,79,50
13,70,42,50
14,51,95,50
15,21,40,50
16,68,73,50
17,94,18,50
18,19,58,50
19,18,42,50
20,15,34,50
21,19,62,50
22,24,91,50
23,82,97,50
24,81,14,50
25,39,30,50
26,71,38,50
27,77,58,50
28,39,23,50
29,53,35,50
30,62,60,50
31,47,43,50
32,7,72,50
33,18,69,50
34,83,36,50
35,60,48,50
36,5,93,50
37,23,51,50
38,76,94,50
39,37,32,50
40,4,98,50
41,74,88,50
42,84,21,50
43,89,76,50
44,27,87,50
45,58,63,50
46,41,37,50
47,98,79,50
48,52,57,50
49,14,93,50
50,8,79,50
51,47,70,50
52,54,71,50
53,93,14,50
54,3,95,50
55,7,61,50
56,78,90,50
57,24,45,50
58,37,14,50
59,82,50,50
60,58,31,50
61,50,60,50
62,58,2,50
63,0,64,50
64,1,90,50
65,50,91,50
66,81,20,50
67,64,30,50
68,84,68,50
1,52,96,51
2,99,63,51
3,74,98,51
4,52,45,51
5,16,86,51
6,51,94,51
7,6,46,51
8,1,47,51
9,68,41,51
10,23,86,51
11,57,98,51
12,9,78,51
13,70,42,51
14,50,94,51
15,21,39,51
16,67,74,51
17,94,18,51
18,18,57,51
19,18,41,51
20,14,34,51
21,20,63,51
22,23,91,51
23,83,98,51
24,80,15,51
25,38,29,51
26,71,37,51
27,78,58,51
28,40,22,51
29,52,34,51
30,61,60,51
31,46,43,51
32,8,71,51
33,19,69,51
34,84,37,51
35,60,48,51
36,6,93,51
37,22,51,51
38,76,94,51
39,38,33,51
40,3,97,51
41,75,87,51
42,85,22,51
43,90,75,51
44,27,86,51
45,59,62,51
46,41,36,51
47,99,79,51
48,51,56,51
49,13,92,51
50,10,79,51
51,46,70,51
52,53,70,51
53,93,15,51
54,2,96,51
55,6,62,51
56,79,91,51
57,24,44,51
58,38,15,51
59,82,49,51
60,57,32,51
61,51,61,51
62,59,2,51
63,0,65,51
64,1,89,51
65,49,90,51
66,82,21,51
67,64,30,51
68,85,68,51
1,53,95,52
2,98,63,52
3,74,99,52
4,53,44,52
5,17,86,52
6,50,95,52
7,5,45,52
8,1,46,52
9,68,40,52
10,24,85,52
11,57,97,52
12,11,78,52
13,71,43,52
14,49,93,52
15,20,40,52
16,67,74,52
17,93,19,52
18,19,56,52
19,18,41,52
20,15,35,52
21,21,63,52
22,24,92,52
23,82,98,52
24,81,14,52
25,38,29,52
26,70,37,52
27,77,58,52
28,41,23,52
29,52,34,52
30,62,60,52
31,47,43,52
32,9,71,52
33,20,70,52
34,83,37,52
35,59,48,52
36,5,93,52
37,21,52,52
38,76,94,52
39,39,33,52
40,2,97,52
41,76,87,52
42,85,21,52
43,90,74,52
44,28,86,52
45,59,62,52
46,41,36,52
47,99,78,52
48,50,56,52
49,12,92,52
50,10,80,52
51,47,71,52
52,52,71,52
53,93,14,52
54,2,98,52
55,7,61,52
56,78,92,52
57,25,45,52
58,37,14,52
59,81,49,52
60,58,31,52
61,52,60,52
62,58,2,52
63,1,66,52
64,2,88,52
65,49,90,52
66,81,22,52
67,65,31,52
68,85,68,52
1,52,95,53
2,99,64,53
3,75,98,53
4,54,44,53
5,17,85,53
6,51,95,53
7,6,45,53
8,0,46,53
9,68,39,53
10,24,86,53
11,56,96,53
12,12,77,53
13,71,43,53
14,49,94,53
15,20,39,53
16,67,75,53
17,93,19,53
18,20,56,53
19,17,42,53
20,15,34,53
21,20,64,53
22,24,92,53
23,82,99,53
24,80,15,53
25,38,30,53
26,69,36,53
27,76,59,53
28,42,24,53
29,52,34,53
30,62,60,53
31,48,42,53
32,8,72,53
33,19,69,53
34,82,36,53
35,59,48,53
36,5,92,53
37,21,51,53
38,76,95,53
39,40,34,53
40,3,98,53
41,76,88,53
42,86,21,53
43,91,74,53
44,29,85,53
45,60,61,53
46,42,35,53
47,99,78,53
48,49,55,53
49,12,93,53
50,9,81,53
51,48,70,53
52,51,70,53
53,92,15,53
54,3,99,53
55,6,60,53
56,78,93,53
57,26,45,53
58,37,15,53
59,81,48,53
60,57,32,53
61,53,61,53
62,57,2,53
63,2,65,53
64,3,88,53
65,48,91,53
66,82,23,53
67,66,30,53
68,84,68,53
1,51,96,54
2,99,65,54
3,74,99,54
4,53,43,54
5,18,85,54
6,52,95,54
7,6,45,54
8,0,47,54
9,69,40,54
10,23,86,54
11,55,95,54
12,13,77,54
13,72,42,54
14,48,93,54
15,19,38,54
16,67,75,54
17,94,20,54
18,21,55,54
19,16,42,54
20,16,34,54
21,19,65,54
22,24,92,54
23,82,99,54
24,79,15,54
25,38,30,54
26,70,35,54
27,76,58,54
28,41,25,54
29,51,34,54
30,61,61,54
31,48,42,54
32,8,72,54
33,20,70,54
34,83,36,54
35,60,49,54
36,5,91,54
37,21,50,54
38,77,94,54
39,40,35,54
40,3,98,54
41,76,87,54
42,85,21,54
43,92,73,54
44,28,84,54
45,61,60,54
46,42,36,54
47,98,79,54
48,48,54,54
49,13,94,54
50,10,81,54
51,49,69,54
52,50,71,54
53,91,14,54
54,4,99,54
55,5,61,54
56,77,93,54
57,26,44,54
58,36,16,54
59,81,48,54
60,57,32,54
61,53,62,54
62,56,3,54
63,2,66,54
64,4,88,54
65,48,92,54
66,82,24,54
67,67,29,54
68,85,67,54
1,50,95,55
2,98,64,55
3,73,98,55
4,54,42,55
5,18,85,55
6,53,96,55
7,6,45,55
8,0,46,55
9,68,39,55
10,22,85,55
11,55,94,55
12,14,77,55
13,72,41,55
14,47,92,55
15,18,37,55
16,67,76,55
17,94,19,55
18,22,55,55
19,17,43,55
20,15,34,55
21,18,66,55
22,23,91,55
23,83,99,55
24,80,14,55
25,37,29,55
26,69,34,55
27,77,59,55
28,40,24,55
29,52,35,55
30,60,61,55
31,48,41,55
32,9,73,55
33,20,69,55
34,84,37,55
35,59,50,55
36,5,92,55
37,21,49,55
38,78,93,55
39,40,34,55
40,2,97,55
41,75,87,55
42,86,21,55
43,91,74,55
44,29,83,55
45,62,61,55
46,43,37,55
47,99,78,55
48,48,55,55
49,12,94,55
50,11,81,55
51,50,69,55
52,51,72,55
53,92,15,55
54,5,98,55
55,5,60,55
56,78,94,55
57,26,45,55
58,37,17,55
59,82,47,55
60,56,31,55
61,52,63,55
62,57,4,55
63,1,67,55
64,4,88,55
65,48,93,55
66,83,23,55
67,68,30,55
68,85,66,55
1,50,96,56
2,97,63,56
3,73,98,56
4,54,43,56
5,18,86,56
6,52,95,56
7,6,44,56
8,0,47,56
9,67,40,56
10,22,84,56
11,55,94,56
12,14,78,56
13,72,42,56
14,48,92,56
15,17,38,56
16,66,75,56
17,93,20,56
18,23,56,56
19,18,44,56
20,14,33,56
21,18,66,56
22,24,92,56
23,82,99,56
24,79,15,56
25,38,28,56
26,70,35,56
27,77,60,56
28,41,23,56
29,52,36,56
30,59,62,56
31,49,42,56
32,8,74,56
33,19,70,56
34,85,37,56
35,59,49,56
36,6,91,56
37,20,49,56
38,79,92,56
39,39,34,56
40,3,96,56
41,75,87,56
42,86,22,56
43,91,74,56
44,30,84,56
45,61,60,56
46,43,38,56
47,98,77,56
48,47,56,56
49,11,95,56
50,12,80,56
51,51,69,56
52,52,72,56
53,92,16,56
54,6,99,56
55,4,59,56
56,78,93,56
57,25,46,56
58,37,18,56
59,83,48,56
60,55,31,56
61,52,64,56
62,57,5,56
63,2,67,56
64,5,87,56
65,49,93,56
66,83,22,56
67,69,30,56
68,85,66,56
1,51,97,57
2,98,62,57
3,73,98,57
4,55,43,57
5,18,85,57
6,51,95,57
7,5,44,57
8,1,46,57
9,67,40,57
10,22,85,57
11,54,93,57
12,14,78,57
13,72,41,57
14,47,91,57
15,16,39,57
16,67,75,57
17,94,20,57
18,22,57,57
19,19,44,57
20,14,34,57
21,18,65,57
22,25,91,57
23,81,99,57
24,80,16,57
25,38,27,57
26,70,36,57
27,77,60,57
28,41,22,57
29,52,36,57
30,58,62,57
31,48,43,57
32,9,73,57
33,19,71,57
34,86,38,57
35,59,50,57
36,6,92,57
37,20,48,57
38,79,92,57
39,38,35,57
40,4,96,57
41,74,87,57
42,86,21,57
43,90,73,57
44,31,84,57
45,60,61,57
46,43,39,57
47,97,76,57
48,46,55,57
49,11,95,57
50,13,81,57
51,52,69,57
52,53,71,57
53,93,15,57
54,6,99,57
55,3,58,57
56,78,93,57
57,26,45,57
58,38,19,57
59,83,47,57
60,54,32,57
61,53,63,57
62,57,5,57
63,1,66,57
64,4,88,57
65,49,92,57
66,84,23,57
67,69,29,57
68,85,66,57
1,50,97,58
2,99,62,58
3,73,99,58
4,56,44,58
5,18,85,58
6,51,95,58
7,6,44,58
8,2,46,58
9,66,40,58
10,23,86,58
11,55,92,58
12,13,79,58
13,71,41,58
14,48,91,58
15,17,39,58
16,66,74,58
17,94,20,58
18,22,58,58
19,18,44,58
20,15,34,58
21,18,65,58
22,26,90,58
23,80,99,58
24,80,17,58
25,37,28,58
26,71,37,58
27,76,61,58
28,41,22,58
29,53,36,58
30,57,62,58
31,49,43,58
32,8,73,58
33,20,72,58
34,87,38,58
35,60,51,58
36,5,92,58
37,21,49,58
38,79,92,58
39,37,34,58
40,5,97,58
41,73,87,58
42,86,20,58
43,91,74,58
44,31,85,58
45,61,60,58
46,43,39,58
47,98,76,58
48,45,55,58
49,11,95,58
50,12,82,58
51,51,68,58
52,54,72,58
53,92,16,58
54,7,99,58
55,4,57,58
56,79,94,58
57,27,44,58
58,39,19,58
59,83,46,58
60,55,33,58
61,53,63,58
62,58,4,58
63,1,67,58
64,5,87,58
65,48,92,58
66,85,23,58
67,68,28,58
68,85,67,58
1,50,97,59
2,99,61,59
3,72,99,59
4,55,45,59
5,19,84,59
6,52,96,59
7,7,43,59
8,1,47,59
9,65,39,59
10,22,87,59
11,54,92,59
12,13,80,59
13,72,41,59
14,47,90,59
15,16,38,59
16,65,74,59
17,94,19,59
18,21,59,59
19,18,43,59
20,14,35,59
21,19,64,59
22,25,91,59
23,81,99,59
24,79,17,59
25,36,28,59
26,70,37,59
27,77,62,59
28,40,21,59
29,54,37,59
30,56,61,59
31,48,42,59
32,7,73,59
33,21,73,59
34,88,38,59
35,59,50,59
36,6,93,59
37,21,50,59
38,80,91,59
39,38,35,59
40,5,98,59
41,73,86,59
42,85,20,59
43,91,73,59
44,30,84,59
45,61,61,59
46,43,40,59
47,99,75,59
48,45,55,59
49,10,96,59
50,13,83,59
51,52,68,59
52,54,73,59
53,91,17,59
54,8,99,59
55,4,56,59
56,78,93,59
57,28,44,59
58,39,19,59
59,83,46,59
60,55,32,59
61,53,63,59
62,57,4,59
63,2,66,59
64,4,88,59
65,47,91,59
66,86,23,59
67,68,28,59
68,86,68,59
1,50,97,60
2,99,62,60
3,73,99,60
4,56,46,60
5,20,84,60
6,53,97,60
7,8,44,60
8,0,48,60
9,66,39,60
10,23,86,60
11,55,91,60
12,14,81,60
13,73,40,60
14,48,89,60
15,17,39,60
16,65,75,60
17,95,18,60
18,20,59,60
19,17,43,60
20,13,34,60
21,19,65,60
22,25,91,60
23,80,99,60
24,79,16,60
25,35,27,60
26,69,37,60
27,78,62,60
28,39,20,60
29,55,36,60
30,57,61,60
31,47,43,60
32,8,73,60
33,20,73,60
34,87,39,60
35,60,51,60
36,7,94,60
37,22,50,60
38,81,90,60
39,38,35,60
40,6,98,60
41,74,85,60
42,86,20,60
43,92,73,60
44,29,84,60
45,60,62,60
46,44,39,60
47,99,74,60
48,44,55,60
49,10,97,60
50,12,82,60
51,51,68,60
52,53,72,60
53,91,18,60
54,7,98,60
55,3,56,60
56,79,94,60
57,27,45,60
58,39,18,60
59,84,47,60
60,54,31,60
61,52,64,60
62,56,4,60
63,3,67,60
64,5,88,60
65,47,92,60
66,85,23,60
67,68,29,60
68,85,69,60
1,51,98,61
2,98,61,61
3,74,98,61
4,55,47,61
5,19,83,61
6,53,96,61
7,9,44,61
8,1,49,61
9,66,40,61
10,24,85,61
11,54,92,61
12,13,80,61
13,74,41,61
14,47,89,61
15,16,38,61
16,65,74,61
17,96,17,61
18,19,59,61
19,18,44,61
20,12,33,61
21,18,64,61
22,25,92,61
23,79,99,61
24,78,15,61
25,36,26,61
26,68,36,61
27,79,63,61
28,40,19,61
29,56,37,61
30,56,62,61
31,48,43,61
32,8,73,61
33,21,74,61
34,87,39,61
35,61,52,61
36,8,93,61
37,23,49,61
38,82,89,61
39,39,36,61
40,6,97,61
41,73,84,61
42,87,19,61
43,92,73,61
44,30,85,61
45,60,62,61
46,45,39,61
47,98,73,61
48,45,54,61
49,10,96,61
50,11,82,61
51,52,68,61
52,54,71,61
53,90,18,61
54,7,98,61
55,2,55,61
56,79,95,61
57,28,46,61
58,40,20,61
59,84,48,61
60,55,31,61
61,52,63,61
62,57,3,61
63,4,68,61
64,5,87,61
65,46,91,61
66,86,23,61
67,68,29,61
68,86,70,61
1,51,99,62
2,98,60,62
3,75,98,62
4,56,47,62
5,18,84,62
6,52,97,62
7,10,44,62
8,0,50,62
9,67,39,62
10,23,84,62
11,55,92,62
12,12,81,62
13,74,41,62
14,48,88,62
15,15,39,62
16,66,73,62
17,95,18,62
18,20,59,62
19,19,45,62
20,11,33,62
21,17,65,62
22,26,92,62
23,78,98,62
24,77,16,62
25,36,26,62
26,68,36,62
27,78,62,62
28,40,18,62
29,57,36,62
30,55,62,62
31,47,44,62
32,8,72,62
33,20,74,62
34,88,39,62
35,61,52,62
36,8,94,62
37,23,49,62
38,83,90,62
39,38,35,62
40,5,96,62
41,72,83,62
42,88,18,62
43,93,72,62
44,31,84,62
45,59,63,62
46,46,40,62
47,98,72,62
48,46,54,62
49,11,95,62
50,12,83,62
51,52,67,62
52,54,72,62
53,90,18,62
54,8,98,62
55,2,56,62
56,80,95,62
57,28,46,62
58,40,21,62
59,84,47,62
60,55,30,62
61,52,63,62
62,57,4,62
63,5,67,62
64,6,87,62
65,47,90,62
66,85,23,62
67,68,28,62
68,85,71,62
1,50,98,63
2,97,59,63
3,76,98,63
4,55,46,63
5,18,85,63
6,51,97,63
7,11,43,63
8,0,50,63
9,68,38,63
10,22,83,63
11,55,92,63
12,12,81,63
13,73,40,63
14,48,89,63
15,14,40,63
16,65,72,63
17,96,18,63
18,20,59,63
19,20,45,63
20,10,33,63
21,16,64,63
22,25,91,63
23,79,98,63
24,78,15,63
25,35,26,63
26,69,37,63
27,78,62,63
28,41,19,63
29,58,37,63
30,56,61,63
31,48,45,63
32,8,73,63
33,19,74,63
34,88,39,63
35,62,52,63
36,8,93,63
37,22,49,63
38,82,91,63
39,38,35,63
40,4,97,63
41,72,84,63
42,87,18,63
43,92,71,63
44,30,83,63
45,60,64,63
46,47,40,63
47,99,72,63
48,45,55,63
49,12,95,63
50,13,83,63
51,51,68,63
52,53,72,63
53,90,17,63
54,9,99,63
55,3,56,63
56,80,96,63
57,27,46,63
58,40,22,63
59,83,48,63
60,55,29,63
61,51,63,63
62,58,5,63
63,5,68,63
64,7,88,63
65,47,91,63
66,86,24,63
67,69,29,63
68,84,72,63
1,51,99,64
2,96,59,64
3,77,97,64
4,56,45,64
5,18,85,64
6,50,96,64
7,12,44,64
8,0,50,64
9,68,39,64
10,21,83,64
11,54,93,64
12,12,80,64
13,73,39,64
14,48,88,64
15,13,41,64
16,64,73,64
17,96,18,64
18,20,60,64
19,21,45,64
20,11,32,64
21,17,63,64
22,26,90,64
23,79,97,64
24,79,15,64
25,35,26,64
26,70,36,64
27,77,63,64
28,40,18,64
29,58,37,64
30,55,60,64
31,47,44,64
32,7,72,64
33,19,75,64
34,89,38,64
35,63,52,64
36,8,93,64
37,22,48,64
38,82,91,64
39,38,36,64
40,4,96,64
41,71,85,64
42,86,19,64
43,92,72,64
44,31,83,64
45,61,65,64
46,47,39,64
47,99,72,64
48,46,55,64
49,12,94,64
50,14,82,64
51,50,69,64
52,54,73,64
53,91,17,64
54,8,99,64
55,3,55,64
56,79,96,64
57,26,45,64
58,40,22,64
59,83,49,64
60,55,29,64
61,50,63,64
62,59,4,64
63,5,69,64
64,8,87,64
65,47,92,64
66,87,23,64
67,68,28,64
68,84,71,64
1,50,98,65
2,96,60,65
3,76,96,65
4,57,45,65
5,18,86,65
6,49,95,65
7,12,43,65
8,0,49,65
9,69,40,65
10,21,82,65
11,55,92,65
12,12,81,65
13,74,39,65
14,47,87,65
15,13,41,65
16,64,73,65
17,97,17,65
18,20,60,65
19,20,45,65
20,11,32,65
21,16,63,65
22,27,89,65
23,78,97,65
24,80,15,65
25,34,26,65
26,69,35,65
27,76,62,65
28,41,17,65
29,59,38,65
30,56,59,65
31,47,44,65
32,8,73,65
33,19,74,65
34,88,37,65
35,64,53,65
36,9,93,65
37,21,47,65
38,82,90,65
39,37,35,65
40,4,97,65
41,70,84,65
42,86,18,65
43,93,72,65
44,31,82,65
45,62,66,65
46,47,39,65
47,99,73,65
48,47,55,65
49,13,93,65
50,13,81,65
51,50,70,65
52,53,74,65
53,90,16,65
54,7,98,65
55,3,54,65
56,79,97,65
57,26,46,65
58,40,22,65
59,84,49,65
60,54,28,65
61,49,64,65
62,60,4,65
63,5,68,65
64,9,86,65
65,46,92,65
66,86,23,65
67,69,29,65
68,83,70,65
1,50,99,66
2,96,59,66
3,76,96,66
4,58,44,66
5,17,85,66
6,50,94,66
7,12,42,66
8,1,48,66
9,69,40,66
10,21,83,66
11,54,91,66
12,11,80,66
13,74,39,66
14,48,87,66
15,11,43,66
16,64,72,66
17,97,17,66
18,20,60,66
19,20,45,66
20,10,31,66
21,17,64,66
22,27,88,66
23,78,96,66
24,81,16,66
25,33,26,66
26,68,36,66
27,76,63,66
28,40,18,66
29,58,39,66
30,56,60,66
31,46,43,66
32,7,73,66
33,19,73,66
34,87,36,66
35,65,52,66
36,9,92,66
37,22,48,66
38,83,91,66
39,37,35,66
40,3,97,66
41,71,83,66
42,86,17,66
43,92,71,66
44,30,81,66
45,62,65,66
46,46,38,66
47,98,72,66
48,48,54,66
49,12,92,66
50,14,80,66
51,49,71,66
52,54,73,66
53,89,15,66
54,7,98,66
55,3,55,66
56,79,97,66
57,27,47,66
58,39,23,66
59,85,48,66
60,55,29,66
61,50,63,66
62,59,3,66
63,5,68,66
64,9,85,66
65,46,93,66
66,86,23,66
67,70,30,66
68,84,70,66
1,51,99,67
2,95,58,67
3,75,96,67
4,58,43,67
5,16,86,67
6,50,94,67
7,12,41,67
8,0,49,67
9,70,41,67
10,20,84,67
11,55,90,67
12,12,79,67
13,75,40,67
14,47,88,67
15,12,42,67
16,65,71,67
17,96,18,67
18,19,61,67
19,20,46,67
20,10,31,67
21,16,63,67
22,27,87,67
23,77,96,67
24,80,17,67
25,34,26,67
26,69,36,67
27,76,63,67
28,40,17,67
29,59,38,67
30,56,59,67
31,47,42,67
32,7,72,67
33,20,74,67
34,86,37,67
35,65,53,67
36,10,91,67
37,22,49,67
38,82,90,67
39,37,35,67
40,4,97,67
41,71,84,67
42,86,17,67
43,92,70,67
44,29,82,67
45,63,65,67
46,46,37,67
47,98,72,67
48,48,54,67
49,12,92,67
50,15,81,67
51,49,70,67
52,55,74,67
53,90,16,67
54,7,98,67
55,2,56,67
56,80,97,67
57,26,47,67
58,40,22,67
59,86,49,67
60,55,28,67
61,49,64,67
62,58,3,67
63,5,67,67
64,9,86,67
65,46,94,67
66,85,23,67
67,69,29,67
68,85,69,67
1,52,98,68
2,95,57,68
3,76,97,68
4,58,42,68
5,17,85,68
6,50,94,68
7,11,42,68
8,0,50,68
9,69,41,68
10,21,83,68
11,55,90,68
12,12,79,68
13,74,39,68
14,47,87,68
15,13,43,68
16,64,71,68
17,97,18,68
18,19,62,68
19,19,47,68
20,11,30,68
21,15,64,68
22,27,88,68
23,78,97,68
24,79,18,68
25,33,25,68
26,69,36,68
27,76,64,68
28,41,16,68
29,60,37,68
30,56,59,68
31,46,42,68
32,8,73,68
33,20,73,68
34,86,36,68
35,65,53,68
36,11,90,68
37,21,48,68
38,82,90,68
39,38,35,68
40,4,96,68
41,71,85,68
42,86,18,68
43,91,71,68
44,29,81,68
45,64,66,68
46,46,36,68
47,99,71,68
48,49,54,68
49,11,92,68
50,15,82,68
51,48,70,68
52,55,74,68
53,89,17,68
54,6,97,68
55,3,55,68
56,80,97,68
57,27,46,68
58,40,23,68
59,87,50,68
60,54,29,68
61,48,65,68
62,59,4,68
63,6,67,68
64,8,85,68
65,45,94,68
66,84,22,68
67,70,30,68
68,85,69,68
1,52,99,69
2,94,57,69
3,75,96,69
4,59,42,69
5,16,85,69
6,50,93,69
7,11,43,69
8,0,50,69
9,70,42,69
10,20,83,69
11,54,90,69
12,11,79,69
13,74,38,69
14,48,87,69
15,12,43,69
16,65,71,69
17,97,18,69
18,19,61,69
19,18,46,69
20,10,29,69
21,15,65,69
22,27,87,69
23,78,98,69
24,79,18,69
25,32,25,69
26,68,35,69
27,76,65,69
28,42,15,69
29,59,38,69
30,55,60,69
31,47,43,69
32,7,73,69
33,21,73,69
34,85,37,69
35,66,53,69
36,11,89,69
37,22,49,69
38,82,91,69
39,37,36,69
40,4,97,69
41,70,85,69
42,85,18,69
43,92,72,69
44,28,81,69
45,64,66,69
46,47,37,69
47,98,72,69
48,48,54,69
49,12,93,69
50,15,82,69
51,49,71,69
52,54,74,69
53,89,17,69
54,6,97,69
55,2,56,69
56,80,96,69
57,27,47,69
58,40,22,69
59,88,50,69
60,54,30,69
61,47,66,69
62,58,5,69
63,6,66,69
64,9,85,69
65,46,94,69
66,84,23,69
67,70,30,69
68,84,69,69
1,53,98,70
2,95,58,70
3,76,96,70
4,58,42,70
5,15,84,70
6,50,93,70
7,11,43,70
8,0,49,70
9,71,41,70
10,19,83,70
11,55,89,70
12,10,79,70
13,75,39,70
14,49,88,70
15,12,44,70
16,66,72,70
17,96,17,70
18,18,61,70
19,19,47,70
20,10,28,70
21,15,64,70
22,27,88,70
23,79,97,70
24,80,18,70
25,33,24,70
26,69,36,70
27,77,65,70
28,41,16,70
29,58,37,70
30,55,59,70
31,47,43,70
32,8,73,70
33,20,73,70
34,85,36,70
35,67,54,70
36,11,88,70
37,23,50,70
38,83,91,70
39,37,36,70
40,3,96,70
41,69,84,70
42,86,18,70
43,91,71,70
44,27,81,70
45,64,67,70
46,48,37,70
47,97,73,70
48,48,55,70
49,13,93,70
50,15,81,70
51,48,70,70
52,53,75,70
53,89,18,70
54,7,97,70
55,1,55,70
56,79,95,70
57,27,48,70
58,39,22,70
59,88,49,70
60,53,31,70
61,47,67,70
62,57,5,70
63,7,65,70
64,9,84,70
65,47,95,70
66,85,23,70
67,71,29,70
68,85,69,70
1,53,98,71
2,95,57,71
3,77,96,71
4,57,43,71
5,15,83,71
6,49,94,71
7,12,43,71
8,1,48,71
9,71,41,71
10,20,83,71
11,54,88,71
12,9,80,71
13,75,39,71
14,50,87,71
15,13,44,71
16,66,71,71
17,97,18,71
18,19,61,71
19,20,48,71
20,11,28,71
21,15,64,71
22,26,87,71
23,78,97,71
24,81,17,71
25,32,23,71
26,68,37,71
27,78,64,71
28,40,17,71
29,57,36,71
30,56,59,71
31,48,42,71
32,7,73,71
33,20,73,71
34,85,35,71
35,66,55,71
36,10,87,71
37,24,49,71
38,82,92,71
39,36,35,71
40,3,96,71
41,68,84,71
42,87,17,71
43,92,72,71
44,28,82,71
45,65,68,71
46,48,37,71
47,98,74,71
48,48,55,71
49,12,94,71
50,15,82,71
51,47,71,71
52,54,75,71
53,90,17,71
54,8,97,71
55,0,54,71
56,78,95,71
57,28,49,71
58,40,23,71
59,87,48,71
60,54,32,71
61,48,68,71
62,57,4,71
63,6,64,71
64,9,83,71
65,46,95,71
66,84,23,71
67,71,28,71
68,84,70,71
1,52,99,72
2,96,58,72
3,76,96,72
4,57,44,72
5,14,81,72
6,50,94,72
7,12,44,72
8,0,47,72
9,71,40,72
10,20,83,72
11,55,87,72
12,10,79,72
13,74,39,72
14,49,87,72
15,13,44,72
16,67,72,72
17,97,19,72
18,18,61,72
19,19,48,72
20,11,27,72
21,14,65,72
22,26,88,72
23,79,96,72
24,82,17,72
25,33,23,72
26,69,38,72
27,78,63,72
28,39,16,72
29,58,35,72
30,57,60,72
31,47,43,72
32,7,72,72
33,20,74,72
34,84,34,72
35,66,56,72
36,9,86,72
37,23,50,72
38,81,91,72
39,35,35,72
40,2,97,72
41,68,83,72
42,88,18,72
43,93,73,72
44,29,82,72
45,65,69,72
46,48,37,72
47,97,75,72
48,47,54,72
49,13,93,72
50,16,83,72
51,48,72,72
52,54,74,72
53,91,18,72
54,8,97,72
55,1,55,72
56,78,96,72
57,29,49,72
58,41,23,72
59,87,48,72
60,53,33,72
61,49,68,72
62,57,4,72
63,6,65,72
64,9,83,72
65,46,95,72
66,85,24,72
67,72,28,72
68,83,69,72
1,52,99,73
2,96,59,73
3,75,95,73
4,56,43,73
5,14,81,73
6,49,93,73
7,12,44,73
8,1,46,73
9,70,41,73
10,20,84,73
11,54,86,73
12,10,79,73
13,75,40,73
14,50,88,73
15,13,44,73
16,66,71,73
17,96,20,73
18,17,61,73
19,20,49,73
20,10,27,73
21,13,66,73
22,25,87,73
23,80,95,73
24,81,18,73
25,34,23,73
26,68,39,73
27,78,62,73
28,39,16,73
29,59,36,73
30,57,60,73
31,48,44,73
32,8,73,73
33,20,74,73
34,85,33,73
35,66,55,73
36,10,85,73
37,22,50,73
38,81,91,73
39,36,34,73
40,1,97,73
41,68,82,73
42,89,18,73
43,94,72,73
44,28,82,73
45,66,69,73
46,49,36,73
47,97,76,73
48,47,53,73
49,12,94,73
50,16,83,73
51,49,73,73
52,54,75,73
53,90,19,73
54,7,98,73
55,2,56,73
56,77,96,73
57,28,49,73
58,40,22,73
59,86,47,73
60,52,32,73
61,50,67,73
62,58,4,73
63,7,66,73
64,9,82,73
65,45,94,73
66,84,23,73
67,71,27,73
68,83,68,73
1,51,99,74
2,97,60,74
3,74,96,74
4,57,42,74
5,15,82,74
6,48,92,74
7,11,44,74
8,0,46,74
9,70,40,74
10,21,85,74
11,55,86,74
12,9,80,74
13,74,40,74
14,51,88,74
15,13,44,74
16,67,72,74
17,96,19,74
18,18,60,74
19,19,48,74
20,9,28,74
21,13,65,74
22,24,87,74
23,81,96,74
24,80,17,74
25,33,24,74
26,69,39,74
27,78,63,74
28,39,17,74
29,60,36,74
30,58,61,74
31,48,44,74
32,8,72,74
33,19,73,74
34,86,33,74
35,65,56,74
36,9,84,74
37,23,51,74
38,81,92,74
39,37,34,74
40,1,96,74
41,68,83,74
42,88,19,74
43,94,72,74
44,27,81,74
45,66,69,74
46,48,36,74
47,98,76,74
48,48,53,74
49,12,94,74
50,17,82,74
51,50,74,74
52,53,74,74
53,91,20,74
54,7,98,74
55,1,55,74
56,76,96,74
57,29,50,74
58,40,22,74
59,87,48,74
60,51,32,74
61,49,68,74
62,59,3,74
63,8,66,74
64,10,81,74
65,45,93,74
66,83,23,74
67,72,28,74
68,84,68,74
1,52,99,75
2,97,61,75
3,75,95,75
4,58,43,75
5,15,83,75
6,49,91,75
7,12,44,75
8,0,46,75
9,70,39,75
10,21,86,75
11,55,86,75
12,8,80,75
13,74,40,75
14,50,87,75
15,13,44,75
16,67,71,75
17,95,18,75
18,17,60,75
19,18,47,75
20,8,29,75
21,12,64,75
22,25,88,75
23,81,96,75
24,81,18,75
25,34,25,75
26,68,38,75
27,78,63,75
28,38,16,75
29,59,35,75
30,57,62,75
31,49,44,75
32,7,73,75
33,18,72,75
34,86,32,75
35,64,57,75
36,9,84,75
37,24,52,75
38,80,92,75
39,37,33,75
40,2,96,75
41,68,84,75
42,87,19,75
43,95,72,75
44,26,80,75
45,67,69,75
46,48,35,75
47,98,75,75
48,49,53,75
49,13,95,75
50,16,83,75
51,50,74,75
52,54,74,75
53,92,19,75
54,6,99,75
55,0,56,75
56,77,95,75
57,30,50,75
58,41,23,75
59,88,48,75
60,50,33,75
61,50,69,75
62,59,4,75
63,9,67,75
64,9,80,75
65,46,92,75
66,84,24,75
67,71,29,75
68,83,68,75
1,51,98,76
2,98,62,76
3,75,94,76
4,58,42,76
5,16,84,76
6,50,92,76
7,12,45,76
8,0,45,76
9,69,39,76
10,21,87,76
11,56,87,76
12,10,79,76
13,75,39,76
14,51,88,76
15,14,45,76
16,68,72,76
17,94,18,76
18,18,60,76
19,18,46,76
20,9,28,76
21,12,64,76
22,24,88,76
23,80,96,76
24,82,18,76
25,33,25,76
26,68,40,76
27,77,62,76
28,37,15,76
29,60,35,76
30,57,63,76
31,50,45,76
32,7,73,76
33,19,73,76
34,87,31,76
35,65,57,76
36,9,85,76
37,24,51,76
38,81,91,76
39,37,32,76
40,1,97,76
41,67,83,76
42,87,20,76
43,95,72,76
44,26,81,76
45,66,68,76
46,48,35,76
47,97,76,76
48,50,52,76
49,12,96,76
50,16,82,76
51,49,75,76
52,55,74,76
53,93,18,76
54,5,99,76
55,0,57,76
56,78,96,76
57,31,50,76
58,42,22,76
59,87,48,76
60,50,32,76
61,51,68,76
62,59,5,76
63,8,67,76
64,8,79,76
65,45,91,76
66,84,24,76
67,72,29,76
68,82,68,76
1,52,99,77
2,99,61,77
3,75,94,77
4,58,43,77
5,17,83,77
6,49,93,77
7,12,45,77
8,0,44,77
9,70,40,77
10,21,86,77
11,57,88,77
12,10,80,77
13,76,39,77
14,51,88,77
15,13,46,77
16,67,71,77
17,93,19,77
18,17,59,77
19,17,45,77
20,8,29,77
21,12,63,77
22,24,89,77
23,81,96,77
24,81,19,77
25,33,25,77
26,68,39,77
27,77,62,77
28,36,15,77
29,59,36,77
30,58,62,77
31,49,45,77
32,8,72,77
33,20,72,77
34,88,31,77
35,65,58,77
36,8,85,77
37,24,50,77
38,81,90,77
39,38,31,77
40,2,97,77
41,66,84,77
42,87,21,77
43,96,73,77
44,25,82,77
45,66,67,77
46,48,36,77
47,97,75,77
48,51,52,77
49,12,95,77
50,16,81,77
51,50,74,77
52,54,73,77
53,92,17,77
54,4,99,77
55,1,58,77
56,77,95,77
57,32,50,77
58,42,21,77
59,86,48,77
60,49,33,77
61,52,69,77
62,59,5,77
63,8,67,77
64,7,80,77
65,44,91,77
66,85,24,77
67,73,29,77
68,81,69,77
1,53,99,78
2,99,62,78
3,74,93,78
4,58,42,78
5,17,82,78
6,50,94,78
7,11,45,78
8,0,43,78
9,69,39,78
10,20,87,78
11,58,89,78
12,10,80,78
13,75,40,78
14,51,89,78
15,14,46,78
16,66,72,78
17,94,20,78
18,16,60,78
19,16,44,78
20,8,28,78
21,11,62,78
22,23,88,78
23,81,96,78
24,80,18,78
25,32,24,78
26,68,39,78
27,77,61,78
28,37,16,78
29,59,36,78
30,57,63,78
31,50,45,78
32,7,72,78
33,20,71,78
34,89,32,78
35,66,57,78
36,9,84,78
37,24,50,78
38,80,91,78
39,37,31,78
40,2,96,78
41,66,83,78
42,86,21,78
43,96,72,78
44,26,82,78
45,66,68,78
46,49,37,78
47,98,75,78
48,50,53,78
49,12,95,78
50,15,81,78
51,49,74,78
52,55,74,78
53,93,18,78
54,3,99,78
55,0,58,78
56,77,94,78
57,32,51,78
58,41,22,78
59,87,48,78
60,50,32,78
61,51,68,78
62,59,5,78
63,8,66,78
64,6,79,78
65,44,91,78
66,84,24,78
67,74,28,78
68,82,70,78
1,52,99,79
2,98,62,79
3,73,93,79
4,59,42,79
5,17,82,79
6,49,94,79
7,12,44,79
8,0,44,79
9,68,38,79
10,20,88,79
11,57,90,79
12,11,81,79
13,75,39,79
14,52,90,79
15,13,47,79
16,67,73,79
17,93,21,79
18,17,59,79
19,16,44,79
20,7,27,79
21,10,62,79
22,24,89,79
23,81,97,79
24,79,18,79
25,31,24,79
26,68,39,79
27,76,60,79
28,37,16,79
29,59,35,79
30,56,62,79
31,50,45,79
32,8,73,79
33,20,72,79
34,90,32,79
35,65,57,79
36,8,84,79
37,25,51,79
38,80,92,79
39,36,32,79
40,1,96,79
41,65,84,79
42,85,22,79
43,97,71,79
44,25,83,79
45,66,69,79
46,49,36,79
47,97,76,79
48,51,54,79
49,12,94,79
50,16,81,79
51,49,75,79
52,54,75,79
53,92,17,79
54,2,99,79
55,0,58,79
56,78,93,79
57,33,52,79
58,41,21,79
59,87,49,79
60,51,32,79
61,52,68,79
62,60,6,79
63,8,66,79
64,7,80,79
65,44,92,79
66,85,25,79
67,74,29,79
68,82,69,79
1,51,98,80
2,99,63,80
3,72,93,80
4,59,43,80
5,17,82,80
6,50,93,80
7,12,45,80
8,1,43,80
9,69,38,80
10,20,87,80
11,58,91,80
12,11,81,80
13,76,40,80
14,53,89,80
15,12,46,80
16,66,72,80
17,94,22,80
18,16,60,80
19,16,44,80
20,6,26,80
21,11,61,80
22,23,89,80
23,80,97,80
24,79,19,80
25,31,25,80
26,67,40,80
27,75,60,80
28,36,17,80
29,58,34,80
30,57,61,80
31,49,45,80
32,8,74,80
33,19,71,80
34,91,33,80
35,65,57,80
36,8,84,80
37,26,50,80
38,79,92,80
39,37,32,80
40,0,96,80
41,65,85,80
42,86,21,80
43,96,70,80
44,25,82,80
45,67,70,80
46,48,36,80
47,96,77,80
48,52,54,80
49,11,95,80
50,16,81,80
51,48,75,80
52,55,75,80
53,91,16,80
54,3,99,80
55,1,59,80
56,77,94,80
57,32,52,80
58,41,21,80
59,86,48,80
60,52,32,80
61,53,69,80
62,60,5,80
63,8,65,80
64,8,80,80
65,43,91,80
66,85,25,80
67,75,28,80
68,83,68,80
1,52,97,81
2,98,63,81
3,72,93,81
4,59,42,81
5,18,82,81
6,49,92,81
7,12,44,81
8,2,44,81
9,68,39,81
10,21,88,81
11,57,92,81
12,10,81,81
13,76,41,81
14,53,89,81
15,13,46,81
16,66,71,81
17,94,22,81
18,15,60,81
19,15,44,81
20,7,25,81
21,10,61,81
22,24,88,81
23,80,98,81
24,80,18,81
25,32,24,81
26,68,38,81
27,76,61,81
28,36,17,81
29,57,33,81
30,58,61,81
31,49,44,81
32,9,74,81
33,19,72,81
34,91,34,81
35,65,56,81
36,7,84,81
37,25,51,81
38,78,92,81
39,36,31,81
40,0,96,81
41,64,84,81
42,87,21,81
43,95,71,81
44,24,82,81
45,65,72,81
46,48,37,81
47,95,78,81
48,53,55,81
49,12,95,81
50,16,81,81
51,49,74,81
52,54,76,81
53,90,15,81
54,3,99,81
55,0,58,81
56,77,94,81
57,31,52,81
58,42,22,81
59,86,48,81
60,52,33,81
61,52,68,81
62,60,4,81
63,9,66,81
64,8,80,81
65,43,91,81
66,86,25,81
67,75,28,81
68,82,69,81
1,51,98,82
2,97,63,82
3,71,94,82
4,59,43,82
5,19,81,82
6,48,93,82
7,12,44,82
8,2,43,82
9,69,40,82
10,22,88,82
11,57,91,82
12,10,82,82
13,77,40,82
14,52,90,82
15,13,47,82
16,65,71,82
17,93,23,82
18,14,61,82
19,15,44,82
20,6,24,82
21,9,62,82
22,24,88,82
23,80,98,82
24,80,19,82
25,31,24,82
26,69,38,82
27,76,61,82
28,35,17,82
29,58,32,82
30,59,60,82
31,50,43,82
32,10,73,82
33,19,73,82
34,91,35,82
35,66,56,82
36,7,83,82
37,26,50,82
38,77,93,82
39,35,32,82
40,1,97,82
41,65,85,82
42,86,22,82
43,94,71,82
44,23,81,82
45,66,73,82
46,47,37,82
47,94,77,82
48,52,55,82
49,12,95,82
50,15,80,82
51,50,74,82
52,53,75,82
53,91,16,82
54,4,98,82
55,1,57,82
56,76,94,82
57,31,51,82
58,42,21,82
59,85,49,82
60,52,34,82
61,52,69,82
62,60,3,82
63,8,65,82
64,8,80,82
65,42,92,82
66,86,24,82
67,75,27,82
68,81,69,82
1,52,99,83
2,97,63,83
3,72,94,83
4,58,43,83
5,20,81,83
6,49,94,83
7,12,44,83
8,2,44,83
9,69,39,83
10,21,89,83
11,56,92,83
12,9,83,83
13,77,41,83
14,53,90,83
15,14,46,83
16,65,71,83
17,93,23,83
18,13,61,83
19,14,43,83
20,6,23,83
21,9,61,83
22,23,88,83
23,79,99,83
24,80,19,83
25,31,25,83
26,70,38,83
27,76,61,83
28,34,17,83
29,57,33,83
30,59,60,83
31,51,42,83
32,9,72,83
33,20,74,83
34,92,36,83
35,66,56,83
36,8,83,83
37,27,50,83
38,78,92,83
39,36,33,83
40,1,97,83
41,66,85,83
42,86,22,83
43,95,70,83
44,23,81,83
45,67,73,83
46,46,38,83
47,93,77,83
48,52,55,83
49,12,94,83
50,16,81,83
51,49,75,83
52,52,75,83
53,91,16,83
54,5,97,83
55,2,57,83
56,77,93,83
57,32,52,83
58,42,21,83
59,86,49,83
60,53,33,83
61,51,70,83
62,61,4,83
63,7,64,83
64,7,80,83
65,41,92,83
66,85,24,83
67,74,27,83
68,82,70,83
1,51,99,84
2,97,64,84
3,73,93,84
4,59,42,84
5,21,81,84
6,50,95,84
7,12,43,84
8,2,43,84
9,70,39,84
10,20,88,84
11,57,91,84
12,10,83,84
13,76,42,84
14,53,89,84
15,14,46,84
16,65,70,84
17,94,24,84
18,13,60,84
19,15,43,84
20,6,24,84
21,10,61,84
22,24,88,84
23,80,99,84
24,81,20,84
25,31,24,84
26,69,37,84
27,75,62,84
28,33,16,84
29,57,34,84
30,58,59,84
31,50,42,84
32,9,71,84
33,19,74,84
34,93,37,84
35,65,57,84
36,9,82,84
37,27,50,84
38,78,93,84
39,35,33,84
40,2,98,84
41,66,85,84
42,85,21,84
43,95,69,84
44,22,82,84
45,68,72,84
46,45,39,84
47,94,77,84
48,52,56,84
49,13,94,84
50,16,80,84
51,49,75,84
52,51,75,84
53,90,15,84
54,4,98,84
55,1,56,84
56,76,93,84
57,33,52,84
58,41,22,84
59,85,48,84
60,54,32,84
61,52,71,84
62,62,3,84
63,8,63,84
64,6,79,84
65,41,93,84
66,84,25,84
67,74,26,84
68,81,69,84
1,51,99,85
2,96,64,85
3,74,94,85
4,58,43,85
5,20,82,85
6,49,95,85
7,13,44,85
8,1,42,85
9,71,38,85
10,21,89,85
11,56,90,85
12,11,82,85
13,76,42,85
14,54,89,85
15,14,45,85
16,66,70,85
17,95,24,85
18,14,61,85
19,14,42,85
20,7,24,85
21,9,61,85
22,24,87,85
23,80,98,85
24,81,19,85
25,32,24,85
26,69,37,85
27,75,63,85
28,33,17,85
29,56,35,85
30,59,60,85
31,49,42,85
32,10,72,85
33,19,73,85
34,94,37,85
35,64,58,85
36,8,81,85
37,28,51,85
38,78,93,85
39,35,33,85
40,1,98,85
41,65,84,85
42,86,22,85
43,94,69,85
44,23,82,85
45,67,72,85
46,44,40,85
47,93,77,85
48,51,56,85
49,14,93,85
50,17,79,85
51,48,74,85
52,51,75,85
53,89,14,85
54,3,98,85
55,1,56,85
56,77,94,85
57,33,52,85
58,42,22,85
59,84,49,85
60,54,31,85
61,53,71,85
62,62,2,85
63,9,64,85
64,6,80,85
65,41,94,85
66,84,25,85
67,75,25,85
68,82,69,85
1,50,98,86
2,97,64,86
3,74,94,86
4,58,44,86
5,20,83,86
6,48,95,86
7,14,43,86
8,2,43,86
9,71,39,86
10,21,90,86
11,57,91,86
12,10,81,86
13,77,41,86
14,53,90,86
15,14,44,86
16,66,71,86
17,96,25,86
18,13,62,86
19,13,43,86
20,6,25,86
21,8,62,86
22,25,87,86
23,79,99,86
24,81,20,86
25,31,24,86
26,70,37,86
27,75,64,86
28,32,17,86
29,55,36,86
30,60,60,86
31,50,41,86
32,10,73,86
33,19,74,86
34,93,38,86
35,65,57,86
36,8,80,86
37,29,52,86
38,77,92,86
39,36,34,86
40,0,98,86
41,65,84,86
42,86,21,86
43,95,69,86
44,22,81,86
45,66,73,86
46,45,41,86
47,93,76,86
48,52,56,86
49,15,94,86
50,16,80,86
51,48,74,86
52,51,74,86
53,89,15,86
54,3,97,86
55,0,56,86
56,78,95,86
57,34,52,86
58,42,22,86
59,83,49,86
60,54,31,86
61,54,70,86
62,62,2,86
63,9,63,86
64,6,81,86
65,40,93,86
66,85,25,86
67,74,26,86
68,81,68,86
1,49,98,87
2,96,63,87
3,75,93,87
4,58,44,87
5,21,83,87
6,47,94,87
7,15,44,87
8,3,42,87
9,71,40,87
10,22,89,87
11,58,92,87
12,10,81,87
13,77,42,87
14,54,89,87
15,14,45,87
16,67,71,87
17,97,24,87
18,12,63,87
19,13,44,87
20,6,25,87
21,7,62,87
22,25,86,87
23,80,99,87
24,80,19,87
25,32,24,87
26,71,36,87
27,75,63,87
28,33,18,87
29,56,35,87
30,59,59,87
31,49,40,87
32,10,72,87
33,18,73,87
34,93,39,87
35,64,58,87
36,7,80,87
37,29,52,87
38,78,93,87
39,36,34,87
40,0,98,87
41,66,83,87
42,85,20,87
43,96,69,87
44,21,81,87
45,67,73,87
46,46,40,87
47,94,75,87
48,53,57,87
49,15,94,87
50,17,81,87
51,48,74,87
52,51,73,87
53,89,14,87
54,4,98,87
55,1,55,87
56,78,95,87
57,34,53,87
58,43,22,87
59,83,48,87
60,54,30,87
61,53,71,87
62,63,3,87
63,8,62,87
64,6,81,87
65,40,92,87
66,86,26,87
67,73,27,87
68,81,67,87
1,50,99,88
2,96,62,88
3,74,93,88
4,57,44,88
5,22,83,88
6,47,93,88
7,14,44,88
8,4,43,88
9,71,41,88
10,22,90,88
11,59,92,88
12,10,80,88
13,76,42,88
14,55,90,88
15,15,44,88
16,68,70,88
17,96,23,88
18,11,63,88
19,15,45,88
20,5,25,88
21,6,63,88
22,25,85,88
23,81,99,88
24,81,20,88
25,32,23,88
26,71,36,88
27,74,62,88
28,33,17,88
29,56,36,88
30,58,58,88
31,49,40,88
32,9,73,88
33,19,74,88
34,94,40,88
35,65,58,88
36,6,80,88
37,28,53,88
38,77,94,88
39,37,35,88
40,1,97,88
41,65,84,88
42,86,19,88
43,95,69,88
44,20,82,88
45,68,73,88
46,46,40,88
47,93,74,88
48,53,56,88
49,14,94,88
50,17,80,88
51,48,74,88
52,51,72,88
53,88,14,88
54,4,98,88
55,1,54,88
56,79,96,88
57,34,54,88
58,43,23,88
59,84,47,88
60,55,31,88
61,52,70,88
62,64,4,88
63,7,63,88
64,7,80,88
65,40,91,88
66,87,26,88
67,72,27,88
68,82,67,88
1,51,99,89
2,97,63,89
3,73,92,89
4,57,43,89
5,22,82,89
6,46,94,89
7,15,43,89
8,3,43,89
9,70,41,89
10,23,90,89
11,58,91,89
12,10,79,89
13,76,42,89
14,55,89,89
15,16,44,89
16,67,71,89
17,97,22,89
18,11,63,89
19,14,46,89
20,5,25,89
21,5,62,89
22,24,84,89
23,80,99,89
24,80,21,89
25,32,23,89
26,71,36,89
27,74,63,89
28,34,18,89
29,56,36,89
30,58,57,89
31,49,39,89
32,9,74,89
33,20,75,89
34,94,40,89
35,64,57,89
36,7,79,89
37,28,54,89
38,77,93,89
39,38,36,89
40,2,97,89
41,64,84,89
42,87,20,89
43,96,68,89
44,19,81,89
45,67,72,89
46,45,41,89
47,94,74,89
48,54,56,89
49,14,94,89
50,17,80,89
51,48,74,89
52,52,73,89
53,87,14,89
54,5,98,89
55,2,54,89
56,79,96,89
57,33,54,89
58,42,23,89
59,84,48,89
60,56,30,89
61,53,71,89
62,65,5,89
63,8,64,89
64,7,80,89
65,41,90,89
66,87,27,89
67,71,27,89
68,81,66,89
1,50,98,90
2,96,63,90
3,72,91,90
4,56,43,90
5,22,81,90
6,46,93,90
7,14,43,90
8,4,44,90
9,70,41,90
10,22,91,90
11,57,91,90
12,9,79,90
13,77,43,90
14,55,90,90
15,16,44,90
16,66,72,90
17,96,23,90
18,11,64,90
19,14,45,90
20,6,24,90
21,5,61,90
22,23,83,90
23,81,99,90
24,81,22,90
25,31,22,90
26,71,36,90
27,74,64,90
28,35,18,90
29,56,35,90
30,57,56,90
31,49,38,90
32,9,75,90
33,21,75,90
34,94,40,90
35,63,58,90
36,8,80,90
37,28,54,90
38,78,94,90
39,37,35,90
40,1,96,90
41,63,83,90
42,88,20,90
43,97,67,90
44,19,82,90
45,68,71,90
46,46,42,90
47,94,74,90
48,54,56,90
49,13,93,90
50,16,79,90
51,49,73,90
52,53,74,90
53,87,14,90
54,4,99,90
55,2,55,90
56,78,96,90
57,33,55,90
58,41,23,90
59,84,48,90
60,56,30,90
61,53,72,90
62,65,5,90
63,7,63,90
64,7,80,90
65,40,89,90
66,86,28,90
67,71,28,90
68,80,67,90
1,49,97,91
2,97,64,91
3,72,92,91
4,55,43,91
5,21,81,91
6,46,93,91
7,13,43,91
8,4,43,91
9,70,42,91
10,22,91,91
11,58,92,91
12,10,79,91
13,77,42,91
14,55,89,91
15,15,43,91
16,66,71,91
17,96,24,91
18,11,63,91
19,14,46,91
20,5,25,91
21,5,62,91
22,24,84,91
23,82,98,91
24,80,22,91
25,30,23,91
26,72,36,91
27,74,64,91
28,36,19,91
29,56,35,91
30,58,56,91
31,50,39,91
32,9,75,91
33,21,75,91
34,93,39,91
35,64,59,91
36,8,80,91
37,27,54,91
38,77,93,91
39,38,34,91
40,1,96,91
41,64,82,91
42,87,19,91
43,97,68,91
44,20,83,91
45,67,71,91
46,47,42,91
47,95,74,91
48,55,57,91
49,13,93,91
50,15,80,91
51,49,74,91
52,52,73,91
53,86,13,91
54,3,99,91
55,3,54,91
56,78,96,91
57,33,55,91
58,40,24,91
59,85,49,91
60,56,31,91
61,53,73,91
62,64,6,91
63,6,63,91
64,7,79,91
65,40,90,91
66,85,29,91
67,72,29,91
68,80,67,91
1,49,97,92
2,97,65,92
3,73,92,92
4,54,44,92
5,20,80,92
6,46,94,92
7,12,42,92
8,5,43,92
9,71,43,92
10,21,90,92
11,57,92,92
12,10,80,92
13,77,41,92
14,54,89,92
15,15,43,92
16,67,70,92
17,95,24,92
18,10,62,92
19,14,45,92
20,4,26,92
21,5,62,92
22,23,85,92
23,82,98,92
24,80,23,92
25,30,22,92
26,71,36,92
27,75,64,92
28,37,20,92
29,55,34,92
30,57,57,92
31,51,40,92
32,9,74,92
33,21,76,92
34,93,38,92
35,63,60,92
36,6,80,92
37,27,53,92
38,78,93,92
39,39,34,92
40,0,95,92
41,65,81,92
42,86,20,92
43,97,68,92
44,19,83,92
45,67,71,92
46,47,42,92
47,94,74,92
48,56,57,92
49,13,94,92
50,16,79,92
51,48,75,92
52,52,73,92
53,87,14,92
54,3,99,92
55,2,54,92
56,78,96,92
57,33,54,92
58,40,24,92
59,85,50,92
60,56,30,92
61,52,72,92
62,64,5,92
63,6,64,92
64,7,78,92
65,40,89,92
66,85,30,92
67,71,29,92
68,79,68,92
1,48,97,93
2,97,65,93
3,74,91,93
4,53,43,93
5,20,80,93
6,45,94,93
7,12,41,93
8,5,42,93
9,70,43,93
10,20,89,93
11,57,91,93
12,10,80,93
13,78,41,93
14,55,88,93
15,16,43,93
16,66,70,93
17,96,24,93
18,10,62,93
19,13,46,93
20,4,25,93
21,5,62,93
22,24,86,93
23,83,99,93
24,79,22,93
25,29,23,93
26,72,37,93
27,74,65,93
28,38,20,93
29,54,33,93
30,57,56,93
31,50,39,93
32,8,75,93
33,21,76,93
34,92,37,93
35,64,61,93
36,7,80,93
37,28,52,93
38,79,94,93
39,38,35,93
40,0,94,93
41,66,80,93
42,87,21,93
43,96,69,93
44,18,84,93
45,68,71,93
46,48,41,93
47,93,74,93
48,55,56,93
49,14,95,93
50,16,79,93
51,47,74,93
52,52,74,93
53,86,13,93
54,2,99,93
55,2,55,93
56,78,97,93
57,33,55,93
58,40,24,93
59,84,51,93
60,56,29,93
61,53,71,93
62,65,5,93
63,5,64,93
64,6,77,93
65,41,89,93
66,86,31,93
67,72,29,93
68,79,67,93
1,48,98,94
2,97,65,94
3,74,90,94
4,52,42,94
5,19,79,94
6,44,95,94
7,11,42,94
8,4,43,94
9,70,44,94
10,19,88,94
11,56,91,94
12,9,81,94
13,79,41,94
14,56,88,94
15,16,44,94
16,67,69,94
17,96,23,94
18,11,61,94
19,12,46,94
20,5,24,94
21,6,61,94
22,23,86,94
23,83,98,94
24,80,23,94
25,28,23,94
26,72,38,94
27,73,65,94
28,38,20,94
29,54,34,94
30,58,56,94
31,49,40,94
32,9,76,94
33,21,76,94
34,92,36,94
35,64,62,94
36,6,79,94
37,29,52,94
38,80,94,94
39,37,34,94
40,1,95,94
41,66,79,94
42,87,22,94
43,95,70,94
44,18,83,94
45,69,71,94
46,47,42,94
47,92,74,94
48,56,57,94
49,14,96,94
50,17,78,94
51,48,75,94
52,53,74,94
53,86,12,94
54,1,99,94
55,3,56,94
56,79,97,94
57,34,54,94
58,41,25,94
59,83,50,94
60,57,29,94
61,54,72,94
62,66,4,94
63,5,64,94
64,6,78,94
65,42,89,94
66,87,30,94
67,72,28,94
68,80,67,94
1,47,97,95
2,97,65,95
3,75,90,95
4,51,42,95
5,20,79,95
6,45,95,95
7,10,41,95
8,4,42,95
9,69,44,95
10,19,88,95
11,55,92,95
12,9,82,95
13,79,40,95
14,55,88,95
15,15,45,95
16,68,68,95
17,96,22,95
18,11,62,95
19,13,47,95
20,6,25,95
21,7,61,95
22,22,87,95
23,84,97,95
24,80,24,95
25,27,22,95
26,72,38,95
27,74,66,95
28,37,19,95
29,53,35,95
30,59,55,95
31,50,39,95
32,8,77,95
33,20,76,95
34,91,35,95
35,64,63,95
36,7,78,95
37,30,53,95
38,80,94,95
39,36,35,95
40,1,94,95
41,67,78,95
42,88,21,95
43,96,71,95
44,17,83,95
45,70,72,95
46,46,43,95
47,91,73,95
48,56,58,95
49,15,96,95
50,16,79,95
51,48,75,95
52,54,73,95
53,86,13,95
54,1,99,95
55,2,57,95
56,78,98,95
57,35,54,95
58,40,26,95
59,83,50,95
60,56,28,95
61,54,71,95
62,67,3,95
63,5,65,95
64,5,79,95
65,43,90,95
66,86,30,95
67,73,27,95
68,79,66,95
1,47,98,96
2,97,64,96
3,75,89,96
4,51,42,96
5,20,79,96
6,46,94,96
7,10,42,96
8,4,41,96
9,69,45,96
10,20,87,96
11,54,92,96
12,9,81,96
13,79,39,96
14,55,87,96
15,16,46,96
16,68,69,96
17,95,22,96
18,11,62,96
19,12,46,96
20,7,26,96
21,8,61,96
22,21,87,96
23,84,96,96
24,80,25,96
25,26,23,96
26,71,39,96
27,74,67,96
28,37,20,96
29,54,34,96
30,58,55,96
31,50,38,96
32,9,76,96
33,20,77,96
34,91,34,96
35,65,64,96
36,8,78,96
37,31,52,96
38,81,93,96
39,37,34,96
40,1,94,96
41,67,78,96
42,89,21,96
43,95,71,96
44,16,83,96
45,69,72,96
46,46,44,96
47,92,73,96
48,56,59,96
49,14,95,96
50,15,78,96
51,49,76,96
52,53,74,96
53,85,12,96
54,2,98,96
55,1,57,96
56,78,99,96
57,35,53,96
58,39,26,96
59,84,49,96
60,56,27,96
61,55,70,96
62,66,3,96
63,6,65,96
64,5,78,96
65,44,91,96
66,85,31,96
67,74,28,96
68,79,67,96
1,46,98,97
2,98,64,97
3,75,89,97
4,51,41,97
5,20,80,97
6,47,95,97
7,11,42,97
8,4,41,97
9,68,45,97
10,20,88,97
11,55,92,97
12,10,82,97
13,78,39,97
14,54,87,97
15,15,46,97
16,68,69,97
17,94,22,97
18,10,63,97
19,12,45,97
20,8,27,97
21,9,62,97
22,21,88,97
23,85,95,97
24,81,24,97
25,26,24,97
26,72,40,97
27,73,67,97
28,36,20,97
29,55,35,97
30,58,55,97
31,50,38,97
32,10,76,97
33,20,76,97
34,92,35,97
35,64,65,97
36,8,78,97
37,31,52,97
38,81,94,97
39,36,35,97
40,1,94,97
41,68,78,97
42,90,21,97
43,94,72,97
44,17,83,97
45,68,73,97
46,45,44,97
47,91,72,97
48,56,59,97
49,13,95,97
50,16,78,97
51,49,76,97
52,53,74,97
53,85,12,97
54,1,99,97
55,1,57,97
56,78,99,97
57,35,52,97
58,40,26,97
59,84,49,97
60,56,27,97
61,56,69,97
62,66,4,97
63,7,64,97
64,6,78,97
65,45,91,97
66,85,30,97
67,75,27,97
68,79,68,97
1,47,97,98
2,99,64,98
3,75,90,98
4,52,42,98
5,21,81,98
6,46,94,98
7,12,41,98
8,4,40,98
9,69,45,98
10,19,88,98
11,55,93,98
12,10,82,98
13,77,40,98
14,55,88,98
15,14,46,98
16,67,69,98
17,94,22,98
18,9,63,98
19,12,45,98
20,8,27,98
21,9,61,98
22,20,89,98
23,86,95,98
24,80,25,98
25,26,23,98
26,73,40,98
27,74,66,98
28,36,20,98
29,56,36,98
30,59,55,98
31,50,37,98
32,11,77,98
33,20,76,98
34,92,36,98
35,64,65,98
36,8,77,98
37,31,52,98
38,80,94,98
39,37,36,98
40,2,93,98
41,68,78,98
42,89,21,98
43,93,71,98
44,16,84,98
45,68,72,98
46,45,45,98
47,92,73,98
48,57,59,98
49,13,94,98
50,17,79,98
51,49,75,98
52,54,73,98
53,86,11,98
54,0,98,98
55,1,56,98
56,77,98,98
57,35,53,98
58,39,25,98
59,85,50,98
60,55,26,98
61,56,68,98
62,66,5,98
63,8,63,98
64,6,79,98
65,45,91,98
66,84,31,98
67,75,28,98
68,79,69,98
1,46,97,99
2,99,65,99
3,74,91,99
4,51,41,99
5,22,81,99
6,47,95,99
7,12,42,99
8,3,40,99
9,68,45,99
10,21,90,99
11,54,93,99
12,9,83,99
13,76,40,99
14,55,87,99
15,13,45,99
16,66,70,99
17,93,22,99
18,10,63,99
19,12,44,99
20,8,26,99
21,9,60,99
22,20,89,99
23,86,94,99
24,80,25,99
25,25,24,99
26,73,40,99
27,75,67,99
28,36,20,99
29,55,37,99
30,60,54,99
31,51,37,99
32,11,77,99
33,19,75,99
34,92,35,99
35,64,64,99
36,8,76,99
37,30,52,99
38,80,93,99
39,37,36,99
40,3,93,99
41,68,79,99
42,90,20,99
43,94,71,99
44,17,84,99
45,68,71,99
46,45,44,99
47,91,73,99
48,58,60,99
49,12,94,99
50,16,78,99
51,48,75,99
52,54,74,99
53,87,12,99
54,1,97,99
55,1,57,99
56,76,97,99
57,34,52,99
58,40,25,99
59,85,51,99
60,56,27,99
61,55,68,99
62,66,6,99
63,7,62,99
64,5,80,99
65,44,92,99
66,83,31,99
67,74,27,99
68,79,68,99
1,45,98,100
2,99,66,100
3,75,90,100
4,50,42,100
5,23,80,100
6,48,95,100
7,12,43,100
8,3,41,100
9,68,44,100
10,22,89,100
11,55,92,100
12,9,82,100
13,77,40,100
14,55,88,100
15,13,46,100
16,66,71,100
17,94,23,100
18,10,63,100
19,13,44,100
20,7,27,100
21,10,60,100
22,19,89,100
23,85,95,100
24,79,26,100
25,24,25,100
26,73,39,100
27,76,66,100
28,37,19,100
29,55,38,100
30,59,54,100
31,51,37,100
32,11,76,100
33,19,75,100
34,93,34,100
35,65,64,100
36,8,77,100
37,30,51,100
38,79,92,100
39,36,37,100
40,2,94,100
41,67,79,100
42,90,20,100
43,95,71,100
44,18,85,100
45,67,72,100
46,46,44,100
47,91,73,100
48,59,61,100
49,12,95,100
50,16,79,100
51,48,74,100
52,55,75,100
53,86,11,100
54,2,97,100
55,2,56,100
56,77,98,100
57,34,52,100
58,41,24,100
59,85,52,100
60,57,27,100
61,54,69,100
62,67,6,100
63,7,62,100
64,6,81,100
65,44,92,100
66,83,30,100
67,74,28,100
68,78,68,100
