1,33,16,1
2,61,23,1
3,21,93,1
4,27,34,1
5,21,95,1
6,20,94,1
7,75,74,1
8,0,40,1
9,3,9,1
10,10,44,1
11,36,57,1
12,19,62,1
13,70,79,1
14,87,48,1
15,4,17,1
16,21,70,1
17,4,63,1
18,95,20,1
19,78,80,1
20,67,61,1
21,99,77,1
22,96,49,1
23,30,83,1
24,69,28,1
25,4,2,1
26,24,51,1
27,7,91,1
28,76,59,1
29,53,40,1
30,54,85,1
31,28,66,1
32,70,23,1
33,74,79,1
1,33,15,2
2,60,23,2
3,20,92,2
4,28,34,2
5,22,94,2
6,19,93,2
7,76,73,2
8,1,40,2
9,2,10,2
10,9,44,2
11,37,57,2
12,18,61,2
13,70,80,2
14,87,48,2
15,4,18,2
16,20,71,2
17,4,64,2
18,96,19,2
19,79,80,2
20,68,62,2
21,98,76,2
22,96,49,2
23,29,82,2
24,68,29,2
25,5,3,2
26,24,51,2
27,6,90,2
28,77,59,2
29,52,39,2
30,53,86,2
31,27,65,2
32,71,22,2
33,75,79,2
1,32,16,3
2,61,22,3
3,21,93,3
4,29,33,3
5,23,94,3
6,19,92,3
7,76,74,3
8,1,41,3
9,1,10,3
10,9,43,3
11,36,57,3
12,19,60,3
13,69,79,3
14,86,48,3
15,4,19,3
16,19,72,3
17,3,63,3
18,95,19,3
19,79,80,3
20,67,62,3
21,99,77,3
22,95,50,3
23,30,81,3
24,69,29,3
25,5,4,3
26,24,52,3
27,6,91,3
28,78,59,3
29,53,38,3
30,52,87,3
31,28,64,3
32,71,22,3
33,74,78,3
1,32,15,4
2,62,21,4
3,21,92,4
4,29,34,4
5,24,95,4
6,18,92,4
7,76,73,4
8,2,41,4
9,1,9,4
10,9,43,4
11,36,58,4
12,20,60,4
13,68,78,4
14,87,47,4
15,3,20,4
16,18,73,4
17,2,62,4
18,94,20,4
19,80,81,4
20,66,62,4
21,98,78,4
22,95,51,4
23,30,80,4
24,70,29,4
25,6,5,4
26,23,52,4
27,5,91,4
28,78,59,4
29,53,39,4
30,51,88,4
31,28,63,4
32,70,22,4
33,73,79,4
1,33,16,5
2,61,21,5
3,22,92,5
4,28,35,5
5,24,96,5
6,18,93,5
7,77,72,5
8,3,42,5
9,1,8,5
10,8,42,5
11,36,57,5
12,21,60,5
13,67,78,5
14,87,46,5
15,4,20,5
16,19,73,5
17,3,63,5
18,95,20,5
19,79,82,5
20,67,62,5
21,98,77,5
22,95,51,5
23,29,81,5
24,71,29,5
25,6,4,5
26,23,53,5
27,6,91,5
28,79,59,5
29,53,38,5
30,51,87,5
31,28,62,5
32,70,23,5
33,73,80,5
1,33,16,6
2,60,20,6
3,23,92,6
4,28,36,6
5,23,97,6
6,17,94,6
7,77,71,6
8,2,42,6
9,1,9,6
10,8,43,6
11,35,58,6
12,22,60,6
13,66,79,6
14,88,45,6
15,5,19,6
16,19,74,6
17,4,63,6
18,94,21,6
19,80,82,6
20,68,62,6
21,98,78,6
22,95,52,6
23,30,80,6
24,71,29,6
25,7,5,6
26,23,54,6
27,6,92,6
28,79,58,6
29,52,39,6
30,52,88,6
31,28,63,6
32,71,24,6
33,74,81,6
1,33,16,7
2,60,20,7
3,23,91,7
4,27,35,7
5,22,97,7
6,18,95,7
7,76,71,7
8,2,41,7
9,0,10,7
10,8,43,7
11,35,58,7
12,21,59,7
13,67,78,7
14,88,45,7
15,5,18,7
16,20,73,7
17,3,64,7
18,95,22,7
19,79,81,7
20,68,63,7
21,97,79,7
22,96,52,7
23,30,81,7
24,70,28,7
25,7,6,7
26,24,54,7
27,6,91,7
28,79,57,7
29,52,38,7
30,51,88,7
31,29,62,7
32,72,25,7
33,74,81,7
1,33,17,8
2,59,21,8
3,22,92,8
4,26,34,8
5,21,97,8
6,19,95,8
7,75,70,8
8,2,42,8
9,1,9,8
10,7,43,8
11,35,57,8
12,20,60,8
13,68,79,8
14,87,45,8
15,5,19,8
16,19,73,8
17,4,63,8
18,94,21,8
19,79,81,8
20,69,64,8
21,96,80,8
22,95,51,8
23,31,80,8
24,70,27,8
25,6,5,8
26,24,54,8
27,5,90,8
28,80,57,8
29,53,37,8
30,52,89,8
31,28,62,8
32,73,24,8
33,73,80,8
1,34,17,9
2,59,20,9
3,22,93,9
4,25,33,9
5,20,98,9
6,19,94,9
7,75,69,9
8,3,41,9
9,1,10,9
10,7,43,9
11,35,57,9
12,19,61,9
13,67,80,9
14,87,45,9
15,4,19,9
16,18,73,9
17,3,63,9
18,95,22,9
19,80,81,9
20,69,63,9
21,95,81,9
22,95,50,9
23,30,80,9
24,71,27,9
25,7,5,9
26,23,54,9
27,5,91,9
28,81,57,9
29,53,36,9
30,51,89,9
31,29,62,9
32,73,23,9
33,73,81,9
1,34,18,10
2,60,21,10
3,23,93,10
4,24,32,10
5,21,99,10
6,18,95,10
7,74,69,10
8,4,41,10
9,0,11,10
10,7,42,10
11,35,58,10
12,18,61,10
13,67,80,10
14,88,45,10
15,4,19,10
16,17,72,10
17,3,63,10
18,94,21,10
19,81,81,10
20,69,64,10
21,96,81,10
22,95,49,10
23,29,80,10
24,71,28,10
25,8,6,10
26,23,54,10
27,4,91,10
28,81,57,10
29,53,36,10
30,50,90,10
31,28,61,10
32,72,24,10
33,73,80,10
1,33,17,11
2,60,20,11
3,24,93,11
4,25,33,11
5,20,98,11
6,19,96,11
7,75,70,11
8,5,42,11
9,0,11,11
10,7,42,11
11,36,59,11
12,17,60,11
13,66,80,11
14,87,44,11
15,3,19,11
16,17,72,11
17,4,62,11
18,93,21,11
19,80,81,11
20,70,64,11
21,96,81,11
22,95,49,11
23,30,79,11
24,72,27,11
25,8,7,11
26,24,55,11
27,4,91,11
28,82,58,11
29,52,37,11
30,51,89,11
31,29,60,11
32,71,23,11
33,74,81,11
1,33,16,12
2,59,21,12
3,24,92,12
4,24,32,12
5,19,98,12
6,20,95,12
7,75,71,12
8,4,43,12
9,1,10,12
10,6,41,12
11,37,59,12
12,16,59,12
13,66,80,12
14,88,44,12
15,4,20,12
16,16,71,12
17,4,62,12
18,92,21,12
19,79,80,12
20,70,65,12
21,97,82,12
22,96,50,12
23,30,79,12
24,72,28,12
25,9,6,12
26,25,55,12
27,5,92,12
28,81,57,12
29,52,37,12
30,52,89,12
31,29,60,12
32,71,23,12
33,74,81,12
1,34,15,13
2,60,22,13
3,23,92,13
4,24,33,13
5,19,98,13
6,20,94,13
7,74,72,13
8,4,44,13
9,2,10,13
10,5,41,13
11,36,59,13
12,17,58,13
13,65,79,13
14,87,44,13
15,3,21,13
16,15,71,13
17,5,61,13
18,92,21,13
19,80,80,13
20,69,64,13
21,96,81,13
22,96,49,13
23,29,80,13
24,71,28,13
25,10,6,13
26,25,54,13
27,5,92,13
28,80,56,13
29,52,36,13
30,51,89,13
31,30,59,13
32,72,23,13
33,73,82,13
1,33,16,14
2,60,23,14
3,24,93,14
4,25,32,14
5,19,98,14
6,21,94,14
7,74,72,14
8,3,45,14
9,1,9,14
10,5,40,14
11,36,59,14
12,18,58,14
13,65,79,14
14,88,44,14
15,3,22,14
16,16,70,14
17,6,61,14
18,93,22,14
19,79,81,14
20,70,64,14
21,96,82,14
22,97,50,14
23,30,81,14
24,71,28,14
25,11,6,14
26,25,54,14
27,5,93,14
28,79,55,14
29,53,36,14
30,51,90,14
31,29,59,14
32,71,24,14
33,74,81,14
1,32,16,15
2,59,22,15
3,23,93,15
4,25,33,15
5,19,97,15
6,22,94,15
7,73,71,15
8,3,45,15
9,0,9,15
10,6,39,15
11,36,59,15
12,17,59,15
13,66,79,15
14,88,43,15
15,3,21,15
16,16,70,15
17,6,61,15
18,93,23,15
19,78,82,15
20,71,63,15
21,96,83,15
22,98,50,15
23,31,80,15
24,71,28,15
25,11,7,15
26,26,54,15
27,5,92,15
28,80,56,15
29,52,37,15
30,50,90,15
31,30,60,15
32,72,23,15
33,74,80,15
1,32,16,16
2,58,23,16
3,23,92,16
4,25,32,16
5,20,98,16
6,22,93,16
7,73,72,16
8,2,45,16
9,0,10,16
10,6,39,16
11,36,58,16
12,16,60,16
13,66,78,16
14,89,42,16
15,2,22,16
16,15,71,16
17,5,61,16
18,94,24,16
19,78,82,16
20,72,64,16
21,96,82,16
22,97,50,16
23,31,79,16
24,70,29,16
25,11,7,16
26,26,53,16
27,6,92,16
28,79,55,16
29,51,37,16
30,50,91,16
31,31,59,16
32,73,24,16
33,74,79,16
1,33,15,17
2,59,22,17
3,23,92,17
4,25,33,17
5,20,97,17
6,21,94,17
7,72,73,17
8,1,46,17
9,0,10,17
10,5,39,17
11,36,59,17
12,16,61,17
13,66,79,17
14,88,41,17
15,1,21,17
16,16,72,17
17,4,61,17
18,93,25,17
19,79,82,17
20,72,64,17
21,96,82,17
22,97,49,17
23,30,78,17
24,71,30,17
25,11,8,17
26,26,53,17
27,7,91,17
28,80,56,17
29,50,36,17
30,49,91,17
31,30,59,17
32,72,23,17
33,73,78,17
1,32,14,18
2,58,22,18
3,22,93,18
4,25,32,18
5,20,96,18
6,22,94,18
7,73,72,18
8,2,46,18
9,1,11,18
10,6,40,18
11,36,59,18
12,16,62,18
13,67,80,18
14,89,42,18
15,2,21,18
16,15,73,18
17,4,60,18
18,92,26,18
19,79,81,18
20,73,64,18
21,97,83,18
22,96,49,18
23,29,78,18
24,71,30,18
25,11,8,18
26,26,54,18
27,7,92,18
28,81,57,18
29,50,36,18
30,49,90,18
31,29,60,18
32,73,22,18
33,73,77,18
1,33,13,19
2,57,21,19
3,22,93,19
4,24,31,19
5,19,97,19
6,21,94,19
7,72,72,19
8,1,47,19
9,0,12,19
10,6,41,19
11,35,60,19
12,15,61,19
13,67,80,19
14,90,42,19
15,1,22,19
16,15,74,19
17,3,60,19
18,91,26,19
19,80,80,19
20,74,63,19
21,97,82,19
22,97,48,19
23,28,78,19
24,72,29,19
25,11,9,19
26,27,54,19
27,8,93,19
28,81,57,19
29,49,36,19
30,50,89,19
31,28,61,19
32,74,22,19
33,73,78,19
1,33,14,20
2,58,22,20
3,23,93,20
4,23,30,20
5,20,97,20
6,20,94,20
7,73,73,20
8,2,48,20
9,0,12,20
10,7,40,20
11,34,59,20
12,16,61,20
13,67,80,20
14,90,41,20
15,2,21,20
16,16,75,20
17,2,59,20
18,90,27,20
19,80,80,20
20,75,63,20
21,98,81,20
22,96,47,20
23,27,78,20
24,71,29,20
25,12,9,20
26,26,53,20
27,7,92,20
28,81,56,20
29,48,36,20
30,51,90,20
31,27,62,20
32,73,22,20
33,74,78,20
1,33,13,21
2,58,21,21
3,23,93,21
4,24,29,21
5,20,98,21
6,19,95,21
7,72,72,21
8,1,48,21
9,0,11,21
10,6,41,21
11,33,58,21
12,16,62,21
13,66,80,21
14,91,42,21
15,2,21,21
16,15,76,21
17,3,60,21
18,91,28,21
19,81,80,21
20,74,64,21
21,99,81,21
22,97,47,21
23,28,78,21
24,71,29,21
25,11,8,21
26,26,53,21
27,8,92,21
28,80,55,21
29,48,35,21
30,52,89,21
31,28,63,21
32,72,21,21
33,75,78,21
1,34,12,22
2,59,20,22
3,23,94,22
4,24,28,22
5,19,97,22
6,19,94,22
7,72,71,22
8,2,49,22
9,0,12,22
10,6,40,22
11,33,59,22
12,15,63,22
13,65,79,22
14,92,41,22
15,2,20,22
16,16,75,22
17,2,60,22
18,91,28,22
19,80,81,22
20,74,63,22
21,99,82,22
22,96,46,22
23,29,77,22
24,72,29,22
25,10,8,22
26,25,52,22
27,7,93,22
28,81,54,22
29,47,36,22
30,53,88,22
31,28,64,22
32,73,22,22
33,76,77,22
1,34,12,23
2,59,19,23
3,22,93,23
4,25,27,23
5,18,98,23
6,20,94,23
7,72,72,23
8,3,50,23
9,1,11,23
10,5,41,23
11,32,59,23
12,15,63,23
13,64,79,23
14,93,41,23
15,1,20,23
16,15,75,23
17,3,60,23
18,92,28,23
19,80,81,23
20,75,64,23
21,98,83,23
22,97,46,23
23,28,78,23
24,71,29,23
25,11,8,23
26,24,53,23
27,6,94,23
28,80,53,23
29,46,35,23
30,54,87,23
31,28,65,23
32,73,21,23
33,76,78,23
1,35,11,24
2,58,20,24
3,22,92,24
4,24,28,24
5,19,98,24
6,19,93,24
7,73,73,24
8,4,49,24
9,0,11,24
10,4,40,24
11,32,60,24
12,16,62,24
13,64,78,24
14,94,40,24
15,0,20,24
16,15,75,24
17,4,60,24
18,92,29,24
19,80,81,24
20,75,63,24
21,97,82,24
22,96,47,24
23,28,78,24
24,72,30,24
25,10,9,24
26,25,53,24
27,5,95,24
28,80,53,24
29,47,34,24
30,55,86,24
31,28,64,24
32,72,22,24
33,75,77,24
1,35,12,25
2,59,19,25
3,22,91,25
4,23,29,25
5,18,98,25
6,20,94,25
7,74,73,25
8,4,48,25
9,1,11,25
10,4,40,25
11,33,61,25
12,16,63,25
13,65,78,25
14,94,41,25
15,0,21,25
16,16,76,25
17,4,61,25
18,93,29,25
19,81,81,25
20,74,64,25
21,97,83,25
22,97,46,25
23,28,79,25
24,73,29,25
25,10,10,25
26,26,53,25
27,6,94,25
28,81,52,25
29,48,35,25
30,55,87,25
31,29,65,25
32,71,22,25
33,75,76,25
1,34,13,26
2,58,20,26
3,23,92,26
4,22,28,26
5,19,99,26
6,20,95,26
7,74,72,26
8,4,48,26
9,0,12,26
10,3,41,26
11,33,62,26
12,15,63,26
13,64,77,26
14,95,41,26
15,0,21,26
16,16,76,26
17,3,62,26
18,94,28,26
19,82,80,26
20,75,65,26
21,97,82,26
22,97,47,26
23,27,78,26
24,72,29,26
25,10,10,26
26,26,52,26
27,5,94,26
28,80,51,26
29,47,35,26
30,54,87,26
31,28,65,26
32,72,21,26
33,76,75,26
1,33,14,27
2,57,19,27
3,24,92,27
4,21,29,27
5,18,99,27
6,19,95,27
7,73,73,27
8,3,48,27
9,0,11,27
10,2,40,27
11,32,61,27
12,14,64,27
13,65,78,27
14,94,41,27
15,1,21,27
16,16,76,27
17,2,61,27
18,94,28,27
19,83,80,27
20,76,65,27
21,96,82,27
22,96,46,27
23,28,77,27
24,73,28,27
25,9,9,27
26,25,52,27
27,5,94,27
28,81,50,27
29,47,35,27
30,55,86,27
31,28,64,27
32,71,20,27
33,75,75,27
1,34,13,28
2,58,20,28
3,23,92,28
4,21,28,28
5,18,99,28
6,18,96,28
7,74,72,28
8,2,49,28
9,1,10,28
10,2,41,28
11,31,61,28
12,14,63,28
13,64,78,28
14,93,40,28
15,2,22,28
16,15,76,28
17,3,61,28
18,94,29,28
19,84,79,28
20,76,65,28
21,96,83,28
22,96,45,28
23,29,78,28
24,72,27,28
25,9,9,28
26,26,52,28
27,5,95,28
28,80,51,28
29,46,35,28
30,54,85,28
31,29,64,28
32,72,21,28
33,75,76,28
1,34,13,29
2,58,20,29
3,23,92,29
4,21,28,29
5,19,99,29
6,17,96,29
7,75,71,29
8,2,49,29
9,1,10,29
10,1,40,29
11,30,61,29
12,14,64,29
13,64,77,29
14,92,40,29
15,3,21,29
16,16,76,29
17,2,61,29
18,95,28,29
19,84,79,29
20,76,66,29
21,96,84,29
22,96,45,29
23,28,77,29
24,71,26,29
25,8,8,29
26,26,53,29
27,5,95,29
28,80,50,29
29,47,34,29
30,54,86,29
31,28,65,29
32,71,21,29
33,74,75,29
1,33,12,30
2,59,20,30
3,22,93,30
4,22,29,30
5,20,98,30
6,16,96,30
7,76,70,30
8,1,49,30
9,1,10,30
10,2,41,30
11,30,61,30
12,13,63,30
13,64,78,30
14,91,39,30
15,2,21,30
16,16,76,30
17,2,62,30
18,95,28,30
19,85,80,30
20,77,67,30
21,95,85,30
22,97,45,30
23,29,76,30
24,71,25,30
25,8,9,30
26,25,54,30
27,5,95,30
28,81,51,30
29,46,34,30
30,54,87,30
31,28,65,30
32,71,21,30
33,73,76,30
1,33,12,31
2,59,20,31
3,22,94,31
4,23,28,31
5,20,98,31
6,17,96,31
7,77,70,31
8,1,49,31
9,1,10,31
10,1,40,31
11,29,62,31
12,14,62,31
13,65,77,31
14,92,38,31
15,3,21,31
16,15,77,31
17,3,61,31
18,94,28,31
19,86,80,31
20,77,66,31
21,95,84,31
22,96,44,31
23,30,75,31
24,70,24,31
25,8,10,31
26,26,53,31
27,4,96,31
28,80,52,31
29,45,33,31
30,53,86,31
31,29,65,31
32,72,21,31
33,73,75,31
1,33,13,32
2,59,19,32
3,21,94,32
4,22,28,32
5,20,98,32
6,16,97,32
7,76,71,32
8,2,50,32
9,1,11,32
10,0,41,32
11,30,62,32
12,14,61,32
13,64,77,32
14,91,39,32
15,2,22,32
16,14,76,32
17,2,62,32
18,93,27,32
19,87,79,32
20,76,65,32
21,96,84,32
22,96,43,32
23,31,75,32
24,69,24,32
25,7,11,32
26,25,52,32
27,5,95,32
28,79,53,32
29,46,33,32
30,52,86,32
31,28,65,32
32,71,21,32
33,73,74,32
1,33,14,33
2,60,19,33
3,20,94,33
4,21,28,33
5,21,98,33
6,15,97,33
7,77,70,33
8,2,50,33
9,0,12,33
10,0,40,33
11,29,61,33
12,15,60,33
13,63,78,33
14,90,38,33
15,1,21,33
16,15,76,33
17,1,62,33
18,94,26,33
19,87,80,33
20,76,65,33
21,96,83,33
22,97,43,33
23,31,75,33
24,70,24,33
25,7,11,33
26,25,53,33
27,6,96,33
28,79,54,33
29,46,32,33
30,53,87,33
31,28,64,33
32,70,20,33
33,73,75,33
1,33,14,34
2,61,20,34
3,20,93,34
4,21,28,34
5,22,99,34
6,16,96,34
7,77,71,34
8,3,50,34
9,1,13,34
10,0,40,34
11,30,61,34
12,16,59,34
13,62,78,34
14,90,39,34
15,0,20,34
16,15,77,34
17,1,63,34
18,95,26,34
19,87,80,34
20,75,66,34
21,96,83,34
22,98,44,34
23,32,74,34
24,70,23,34
25,7,12,34
26,26,52,34
27,6,97,34
28,80,53,34
29,46,32,34
30,52,86,34
31,29,63,34
32,69,19,34
33,73,75,34
1,33,14,35
2,61,21,35
3,20,94,35
4,21,27,35
5,22,98,35
6,15,95,35
7,78,72,35
8,4,49,35
9,0,13,35
10,0,39,35
11,31,60,35
12,16,58,35
13,62,79,35
14,90,38,35
15,0,21,35
16,16,78,35
17,1,63,35
18,96,26,35
19,87,80,35
20,74,65,35
21,95,83,35
22,98,44,35
23,32,73,35
24,69,23,35
25,8,11,35
26,25,53,35
27,7,96,35
28,79,53,35
29,45,33,35
30,51,85,35
31,30,63,35
32,68,18,35
33,73,74,35
1,33,14,36
2,61,21,36
3,21,94,36
4,20,28,36
5,21,98,36
6,15,94,36
7,78,71,36
8,3,48,36
9,0,13,36
10,1,38,36
11,30,61,36
12,17,58,36
13,61,79,36
14,91,37,36
15,1,21,36
16,17,77,36
17,0,62,36
18,95,25,36
19,86,81,36
20,73,66,36
21,96,82,36
22,98,45,36
23,31,72,36
24,70,23,36
25,8,10,36
26,25,52,36
27,7,95,36
28,80,54,36
29,44,32,36
30,50,85,36
31,30,64,36
32,69,18,36
33,74,74,36
1,32,15,37
2,61,20,37
3,20,93,37
4,19,28,37
5,20,98,37
6,16,95,37
7,79,72,37
8,3,47,37
9,0,12,37
10,2,38,37
11,31,60,37
12,17,58,37
13,60,80,37
14,92,36,37
15,1,21,37
16,17,78,37
17,1,61,37
18,96,25,37
19,86,82,37
20,74,65,37
21,95,81,37
22,98,45,37
23,32,72,37
24,71,23,37
25,8,9,37
26,24,51,37
27,7,94,37
28,80,55,37
29,44,33,37
30,50,84,37
31,31,64,37
32,69,17,37
33,75,74,37
1,31,14,38
2,61,21,38
3,20,94,38
4,19,29,38
5,20,99,38
6,17,95,38
7,79,71,38
8,2,48,38
9,1,13,38
10,3,38,38
11,30,61,38
12,18,59,38
13,60,79,38
14,93,35,38
15,0,21,38
16,17,78,38
17,2,60,38
18,95,24,38
19,85,81,38
20,74,66,38
21,95,81,38
22,99,44,38
23,33,71,38
24,70,23,38
25,9,8,38
26,24,51,38
27,6,95,38
28,79,54,38
29,45,32,38
30,51,83,38
31,31,63,38
32,68,17,38
33,76,73,38
1,31,15,39
2,60,20,39
3,19,94,39
4,20,28,39
5,21,99,39
6,17,95,39
7,80,70,39
8,3,47,39
9,0,14,39
10,4,37,39
11,30,61,39
12,17,59,39
13,61,79,39
14,93,36,39
15,0,22,39
16,17,79,39
17,1,59,39
18,94,23,39
19,85,80,39
20,74,65,39
21,94,80,39
22,99,44,39
23,32,72,39
24,70,23,39
25,9,7,39
26,24,52,39
27,7,95,39
28,80,54,39
29,46,32,39
30,51,83,39
31,30,63,39
32,69,18,39
33,77,72,39
1,30,15,40
2,61,20,40
3,20,93,40
4,20,29,40
5,22,98,40
6,16,95,40
7,80,69,40
8,2,46,40
9,0,13,40
10,3,36,40
11,31,60,40
12,16,59,40
13,61,79,40
14,94,37,40
15,1,21,40
16,17,80,40
17,2,59,40
18,94,22,40
19,85,81,40
20,73,66,40
21,93,79,40
22,99,43,40
23,31,72,40
24,69,24,40
25,9,7,40
26,23,53,40
27,7,95,40
28,79,55,40
29,46,33,40
30,50,83,40
31,31,63,40
32,69,18,40
33,76,72,40
1,29,14,41
2,61,20,41
3,20,92,41
4,21,28,41
5,22,98,41
6,15,94,41
7,80,68,41
8,1,45,41
9,1,12,41
10,2,36,41
11,31,59,41
12,15,58,41
13,62,78,41
14,94,37,41
15,1,22,41
16,18,81,41
17,1,58,41
18,94,22,41
19,85,80,41
20,74,67,41
21,93,80,41
22,98,43,41
23,30,71,41
24,70,24,41
25,8,8,41
26,24,52,41
27,7,95,41
28,78,55,41
29,45,34,41
30,51,82,41
31,31,62,41
32,70,18,41
33,76,73,41
1,30,14,42
2,62,19,42
3,20,93,42
4,22,27,42
5,23,97,42
6,15,95,42
7,80,69,42
8,1,46,42
9,2,11,42
10,1,37,42
11,31,59,42
12,14,58,42
13,61,77,42
14,94,36,42
15,0,21,42
16,18,81,42
17,2,58,42
18,94,21,42
19,84,79,42
20,74,68,42
21,92,80,42
22,99,44,42
23,30,71,42
24,70,23,42
25,7,8,42
26,23,51,42
27,8,95,42
28,78,56,42
29,46,35,42
30,51,81,42
31,31,61,42
32,71,19,42
33,76,73,42
1,29,15,43
2,61,19,43
3,20,94,43
4,22,27,43
5,23,97,43
6,16,95,43
7,80,68,43
8,1,47,43
9,3,12,43
10,0,38,43
11,30,60,43
12,15,57,43
13,61,78,43
14,93,37,43
15,1,21,43
16,19,80,43
17,1,58,43
18,93,21,43
19,85,79,43
20,73,67,43
21,92,81,43
22,98,43,43
23,31,70,43
24,69,22,43
25,6,9,43
26,22,50,43
27,7,94,43
28,78,55,43
29,45,36,43
30,50,82,43
31,31,61,43
32,72,19,43
33,76,73,43
1,29,14,44
2,61,20,44
3,19,93,44
4,23,26,44
5,23,96,44
6,17,95,44
7,79,67,44
8,1,46,44
9,4,12,44
10,1,37,44
11,30,59,44
12,16,58,44
13,62,78,44
14,94,36,44
15,0,20,44
16,19,80,44
17,0,57,44
18,92,20,44
19,85,80,44
20,72,66,44
21,93,81,44
22,99,42,44
23,30,71,44
24,69,21,44
25,5,9,44
26,21,49,44
27,7,93,44
28,78,55,44
29,45,35,44
30,49,83,44
31,31,60,44
32,73,20,44
33,75,74,44
1,30,14,45
2,62,19,45
3,18,94,45
4,24,25,45
5,23,96,45
6,19,93,45
7,78,66,45
8,1,46,45
9,5,13,45
10,0,37,45
11,29,60,45
12,16,59,45
13,63,78,45
14,94,36,45
15,0,21,45
16,20,80,45
17,1,58,45
18,92,21,45
19,84,79,45
20,71,65,45
21,92,82,45
22,98,43,45
23,29,72,45
24,68,22,45
25,5,10,45
26,22,49,45
27,6,93,45
28,77,56,45
29,45,34,45
30,50,82,45
31,30,59,45
32,74,21,45
33,74,74,45
1,30,14,46
2,61,18,46
3,19,95,46
4,25,25,46
5,22,95,46
6,20,94,46
7,77,65,46
8,2,46,46
9,6,14,46
10,0,36,46
11,29,61,46
12,15,59,46
13,62,77,46
14,94,35,46
15,0,22,46
16,20,80,46
17,1,59,46
18,93,20,46
19,84,78,46
20,71,66,46
21,91,81,46
22,97,42,46
23,29,73,46
24,68,21,46
25,4,11,46
26,22,49,46
27,7,93,46
28,77,57,46
29,46,35,46
30,51,82,46
31,31,59,46
32,73,22,46
33,73,73,46
1,31,13,47
2,60,17,47
3,20,96,47
4,24,24,47
5,21,96,47
6,19,94,47
7,78,66,47
8,2,46,47
9,5,13,47
10,1,37,47
11,28,61,47
12,15,60,47
13,61,78,47
14,94,36,47
15,1,23,47
16,19,79,47
17,0,58,47
18,93,20,47
19,85,78,47
20,72,66,47
21,92,81,47
22,96,41,47
23,28,74,47
24,67,20,47
25,5,12,47
26,21,48,47
27,8,92,47
28,78,58,47
29,46,34,47
30,50,82,47
31,32,60,47
32,72,22,47
33,72,74,47
1,32,14,48
2,59,18,48
3,20,97,48
4,24,25,48
5,22,96,48
6,20,93,48
7,77,65,48
8,1,45,48
9,5,14,48
10,1,36,48
11,27,61,48
12,15,59,48
13,62,77,48
14,94,36,48
15,2,24,48
16,18,80,48
17,1,57,48
18,94,20,48
19,84,79,48
20,71,66,48
21,91,81,48
22,95,40,48
23,28,75,48
24,67,21,48
25,4,12,48
26,22,47,48
27,8,92,48
28,78,57,48
29,46,35,48
30,51,83,48
31,31,61,48
32,72,21,48
33,71,73,48
1,32,13,49
2,60,17,49
3,21,96,49
4,23,25,49
5,21,97,49
6,21,94,49
7,77,65,49
8,2,45,49
9,6,13,49
10,1,36,49
11,26,60,49
12,14,59,49
13,62,78,49
14,95,37,49
15,2,23,49
16,19,80,49
17,0,56,49
18,94,21,49
19,85,80,49
20,72,66,49
21,90,80,49
22,95,39,49
23,28,74,49
24,68,22,49
25,4,12,49
26,22,46,49
27,7,92,49
28,77,56,49
29,46,36,49
30,50,83,49
31,31,62,49
32,73,21,49
33,71,74,49
1,31,14,50
2,61,16,50
3,22,95,50
4,24,24,50
5,22,97,50
6,22,94,50
7,76,65,50
8,3,46,50
9,6,12,50
10,0,35,50
11,25,59,50
12,14,58,50
13,62,79,50
14,95,38,50
15,1,23,50
16,18,81,50
17,0,57,50
18,95,21,50
19,84,80,50
20,72,65,50
21,90,81,50
22,94,38,50
23,29,75,50
24,68,21,50
25,5,13,50
26,23,46,50
27,8,92,50
28,77,56,50
29,47,36,50
30,50,84,50
31,32,62,50
32,72,21,50
33,70,73,50
1,31,14,51
2,60,17,51
3,23,94,51
4,25,25,51
5,23,96,51
6,23,95,51
7,77,65,51
8,3,46,51
9,5,12,51
10,1,36,51
11,24,60,51
12,13,59,51
13,63,80,51
14,96,38,51
15,0,24,51
16,18,82,51
17,1,56,51
18,94,22,51
19,84,79,51
20,73,64,51
21,90,81,51
22,95,37,51
23,30,74,51
24,67,21,51
25,5,14,51
26,23,47,51
27,9,93,51
28,78,56,51
29,48,37,51
30,51,84,51
31,33,62,51
32,72,21,51
33,69,73,51
1,32,15,52
2,59,16,52
3,24,94,52
4,26,25,52
5,24,95,52
6,23,94,52
7,78,66,52
8,2,47,52
9,6,12,52
10,1,36,52
11,24,60,52
12,14,59,52
13,62,80,52
14,96,37,52
15,1,23,52
16,17,81,52
17,0,57,52
18,94,22,52
19,83,80,52
20,73,64,52
21,90,82,52
22,95,37,52
23,31,73,52
24,66,20,52
25,4,14,52
26,23,47,52
27,10,92,52
28,78,56,52
29,49,38,52
30,52,85,52
31,34,62,52
32,73,20,52
33,68,74,52
1,32,14,53
2,59,16,53
3,23,93,53
4,27,24,53
5,24,96,53
6,23,94,53
7,79,67,53
8,2,48,53
9,6,11,53
10,0,36,53
11,24,60,53
12,13,60,53
13,62,80,53
14,97,38,53
15,0,24,53
16,16,81,53
17,0,56,53
18,93,23,53
19,82,81,53
20,74,65,53
21,90,81,53
22,96,37,53
23,30,72,53
24,65,21,53
25,4,13,53
26,23,46,53
27,10,92,53
28,78,55,53
29,48,38,53
30,52,84,53
31,33,61,53
32,72,20,53
33,69,75,53
1,33,13,54
2,58,15,54
3,22,92,54
4,28,25,54
5,23,96,54
6,23,93,54
7,80,67,54
8,1,48,54
9,7,12,54
10,1,37,54
11,25,59,54
12,13,59,54
13,61,80,54
14,96,38,54
15,0,25,54
16,17,82,54
17,1,55,54
18,94,24,54
19,83,82,54
20,75,64,54
21,89,80,54
22,95,38,54
23,29,72,54
24,64,22,54
25,3,13,54
26,23,46,54
27,11,91,54
28,79,55,54
29,49,37,54
30,53,83,54
31,33,61,54
32,73,20,54
33,70,74,54
1,32,12,55
2,57,14,55
3,21,93,55
4,27,25,55
5,24,96,55
6,22,92,55
7,81,68,55
8,0,48,55
9,8,12,55
10,0,36,55
11,26,58,55
12,14,58,55
13,62,81,55
14,97,37,55
15,1,24,55
16,18,83,55
17,0,55,55
18,94,25,55
19,83,82,55
20,75,63,55
21,89,81,55
22,94,38,55
23,29,72,55
24,65,23,55
25,3,13,55
26,23,46,55
27,11,91,55
28,78,56,55
29,48,37,55
30,52,83,55
31,33,60,55
32,74,19,55
33,70,74,55
1,31,11,56
2,56,15,56
3,21,94,56
4,26,25,56
5,23,95,56
6,22,91,56
7,82,67,56
8,0,49,56
9,8,13,56
10,1,37,56
11,26,59,56
12,15,57,56
13,62,81,56
14,98,36,56
15,2,25,56
16,17,84,56
17,1,55,56
18,94,26,56
19,84,82,56
20,76,64,56
21,88,82,56
22,93,37,56
23,30,71,56
24,64,22,56
25,4,13,56
26,24,45,56
27,10,91,56
28,79,57,56
29,49,37,56
30,51,82,56
31,32,61,56
32,74,20,56
33,69,75,56
1,31,11,57
2,56,14,57
3,22,93,57
4,26,26,57
5,23,95,57
6,23,90,57
7,83,68,57
8,0,50,57
9,8,13,57
10,2,37,57
11,27,58,57
12,16,58,57
13,61,82,57
14,97,36,57
15,1,26,57
16,18,83,57
17,0,56,57
18,95,25,57
19,84,83,57
20,76,65,57
21,87,83,57
22,92,37,57
23,31,71,57
24,63,22,57
25,3,12,57
26,25,45,57
27,11,90,57
28,79,57,57
29,49,36,57
30,51,82,57
31,32,60,57
32,74,19,57
33,68,74,57
1,30,12,58
2,55,15,58
3,21,93,58
4,26,25,58
5,23,94,58
6,24,89,58
7,83,67,58
8,1,51,58
9,7,13,58
10,2,38,58
11,26,57,58
12,17,58,58
13,61,82,58
14,97,37,58
15,1,26,58
16,18,83,58
17,1,57,58
18,94,25,58
19,85,84,58
20,75,65,58
21,88,84,58
22,91,38,58
23,30,72,58
24,64,22,58
25,4,13,58
26,25,45,58
27,12,90,58
28,78,58,58
29,49,36,58
30,52,81,58
31,31,59,58
32,74,18,58
33,69,73,58
1,30,11,59
2,56,16,59
3,21,94,59
4,27,24,59
5,22,94,59
6,25,89,59
7,84,67,59
8,0,51,59
9,8,14,59
10,2,38,59
11,27,58,59
12,18,59,59
13,60,81,59
14,97,37,59
15,0,25,59
16,17,84,59
17,1,58,59
18,95,26,59
19,86,85,59
20,74,66,59
21,89,83,59
22,92,38,59
23,30,71,59
24,63,22,59
25,3,14,59
26,25,44,59
27,11,91,59
28,77,57,59
29,49,35,59
30,52,81,59
31,30,59,59
32,75,18,59
33,68,72,59
1,29,10,60
2,55,17,60
3,21,95,60
4,26,23,60
5,23,93,60
6,24,89,60
7,84,66,60
8,1,51,60
9,7,15,60
10,3,39,60
11,26,57,60
12,17,60,60
13,60,81,60
14,98,38,60
15,1,25,60
16,18,84,60
17,0,59,60
18,94,25,60
19,85,84,60
20,74,66,60
21,88,83,60
22,92,38,60
23,29,71,60
24,62,23,60
25,4,13,60
26,24,45,60
27,10,90,60
28,78,57,60
29,49,36,60
30,51,80,60
31,31,60,60
32,75,19,60
33,69,71,60
1,30,11,61
2,54,18,61
3,21,96,61
4,27,23,61
5,24,92,61
6,25,89,61
7,84,67,61
8,1,50,61
9,8,15,61
10,2,39,61
11,27,58,61
12,18,61,61
13,61,81,61
14,99,38,61
15,1,25,61
16,17,85,61
17,0,58,61
18,93,25,61
19,86,84,61
20,74,65,61
21,89,82,61
22,92,39,61
23,28,71,61
24,63,24,61
25,5,14,61
26,24,45,61
27,10,89,61
28,78,56,61
29,48,37,61
30,51,79,61
31,31,59,61
32,74,20,61
33,70,71,61
1,31,10,62
2,55,17,62
3,20,97,62
4,26,24,62
5,23,91,62
6,24,89,62
7,85,68,62
8,0,49,62
9,8,14,62
10,3,39,62
11,26,59,62
12,17,60,62
13,61,82,62
14,99,38,62
15,2,26,62
16,16,84,62
17,0,58,62
18,94,24,62
19,86,84,62
20,74,64,62
21,88,81,62
22,92,40,62
23,27,72,62
24,63,23,62
25,5,14,62
26,23,45,62
27,11,89,62
28,77,56,62
29,47,37,62
30,52,79,62
31,32,59,62
32,73,21,62
33,70,70,62
1,31,9,63
2,55,17,63
3,19,96,63
4,27,23,63
5,24,92,63
6,23,90,63
7,85,69,63
8,0,48,63
9,8,14,63
10,2,39,63
11,27,60,63
12,18,61,63
13,60,83,63
14,98,37,63
15,3,26,63
16,17,85,63
17,1,58,63
18,95,23,63
19,85,84,63
20,74,65,63
21,87,80,63
22,92,41,63
23,28,72,63
24,64,24,63
25,5,13,63
26,23,46,63
27,12,88,63
28,76,57,63
29,48,38,63
30,52,78,63
31,32,59,63
32,72,22,63
33,70,69,63
1,32,8,64
2,54,18,64
3,19,97,64
4,28,23,64
5,23,91,64
6,24,91,64
7,86,70,64
8,1,48,64
9,9,15,64
10,2,39,64
11,28,61,64
12,17,60,64
13,59,83,64
14,97,38,64
15,3,25,64
16,18,85,64
17,2,57,64
18,96,23,64
19,86,84,64
20,75,66,64
21,86,81,64
22,92,41,64
23,29,71,64
24,63,24,64
25,4,14,64
26,23,45,64
27,13,88,64
28,77,58,64
29,48,37,64
30,52,77,64
31,33,58,64
32,73,21,64
33,71,68,64
1,33,9,65
2,55,19,65
3,19,96,65
4,27,22,65
5,23,91,65
6,25,91,65
7,85,69,65
8,0,49,65
9,9,14,65
10,2,39,65
11,29,60,65
12,16,60,65
13,58,83,65
14,96,37,65
15,2,25,65
16,17,85,65
17,2,57,65
18,95,23,65
19,85,84,65
20,74,67,65
21,87,81,65
22,93,42,65
23,28,72,65
24,63,23,65
25,4,14,65
26,22,44,65
27,13,87,65
28,76,57,65
29,49,38,65
30,53,76,65
31,33,58,65
32,73,22,65
33,70,68,65
1,34,9,66
2,55,20,66
3,18,95,66
4,28,22,66
5,23,90,66
6,26,90,66
7,84,70,66
8,1,50,66
9,10,15,66
10,2,38,66
11,29,59,66
12,15,59,66
13,58,84,66
14,97,36,66
15,3,25,66
16,17,84,66
17,1,58,66
18,95,22,66
19,84,84,66
20,75,68,66
21,86,80,66
22,93,42,66
23,29,71,66
24,63,23,66
25,3,15,66
26,22,45,66
27,14,88,66
28,75,57,66
29,48,39,66
30,54,76,66
31,34,58,66
32,72,21,66
33,69,68,66
1,35,9,67
2,55,20,67
3,17,94,67
4,27,21,67
5,23,89,67
6,25,91,67
7,83,71,67
8,2,51,67
9,10,16,67
10,2,37,67
11,30,59,67
12,16,60,67
13,58,83,67
14,96,37,67
15,2,26,67
16,18,84,67
17,2,59,67
18,96,23,67
19,84,85,67
20,76,67,67
21,87,80,67
22,92,43,67
23,30,71,67
24,64,24,67
25,4,15,67
26,21,44,67
27,14,87,67
28,75,56,67
29,49,40,67
30,55,77,67
31,33,59,67
32,71,21,67
33,70,69,67
1,34,9,68
2,56,21,68
3,16,94,68
4,26,21,68
5,23,88,68
6,24,91,68
7,83,72,68
8,2,52,68
9,10,15,68
10,3,36,68
11,31,60,68
12,16,59,68
13,59,83,68
14,97,37,68
15,2,27,68
16,18,85,68
17,3,59,68
18,95,23,68
19,84,84,68
20,76,67,68
21,88,79,68
22,92,44,68
23,31,71,68
24,63,23,68
25,4,15,68
26,22,45,68
27,13,87,68
28,74,55,68
29,50,40,68
30,54,77,68
31,34,60,68
32,72,22,68
33,70,68,68
1,35,9,69
2,57,20,69
3,17,95,69
4,27,20,69
5,23,89,69
6,25,90,69
7,82,72,69
8,2,52,69
9,9,14,69
10,2,37,69
11,30,61,69
12,16,58,69
13,58,83,69
14,96,37,69
15,1,28,69
16,18,86,69
17,3,58,69
18,94,24,69
19,83,83,69
20,76,67,69
21,87,79,69
22,92,45,69
23,31,71,69
24,64,24,69
25,5,14,69
26,22,44,69
27,12,88,69
28,75,54,69
29,51,39,69
30,55,77,69
31,34,59,69
32,73,23,69
33,71,69,69
1,34,8,70
2,57,20,70
3,16,96,70
4,26,19,70
5,24,89,70
6,24,90,70
7,82,72,70
8,3,53,70
9,9,14,70
10,1,36,70
11,30,61,70
12,16,57,70
13,58,84,70
14,97,36,70
15,0,27,70
16,17,87,70
17,3,58,70
18,95,24,70
19,84,83,70
20,76,66,70
21,88,80,70
22,92,46,70
23,32,70,70
24,64,24,70
25,6,14,70
26,23,45,70
27,13,87,70
28,74,55,70
29,51,38,70
30,55,76,70
31,34,58,70
32,72,24,70
33,70,69,70
1,34,9,71
2,58,19,71
3,16,95,71
4,25,18,71
5,23,90,71
6,24,90,71
7,81,73,71
8,3,53,71
9,9,15,71
10,1,35,71
11,29,61,71
12,16,58,71
13,57,85,71
14,96,37,71
15,1,27,71
16,18,87,71
17,4,58,71
18,95,24,71
19,83,83,71
20,75,66,71
21,87,80,71
22,92,46,71
23,33,71,71
24,65,25,71
25,5,15,71
26,22,46,71
27,13,86,71
28,74,56,71
29,52,37,71
30,56,75,71
31,35,57,71
32,73,24,71
33,69,68,71
1,35,8,72
2,59,18,72
3,17,95,72
4,25,17,72
5,23,91,72
6,23,90,72
7,80,72,72
8,3,54,72
9,9,16,72
10,1,34,72
11,28,61,72
12,15,59,72
13,56,85,72
14,95,37,72
15,1,27,72
16,18,86,72
17,5,59,72
18,96,24,72
19,82,84,72
20,74,65,72
21,88,81,72
22,92,45,72
23,34,72,72
24,66,24,72
25,5,15,72
26,23,45,72
27,14,87,72
28,73,57,72
29,51,38,72
30,55,75,72
31,34,57,72
32,73,23,72
33,70,69,72
1,35,7,73
2,59,19,73
3,17,96,73
4,26,16,73
5,23,91,73
6,23,89,73
7,79,72,73
8,3,54,73
9,9,17,73
10,0,34,73
11,28,60,73
12,16,60,73
13,57,86,73
14,94,37,73
15,0,26,73
16,18,86,73
17,4,59,73
18,96,23,73
19,82,83,73
20,73,64,73
21,88,82,73
22,92,44,73
23,35,73,73
24,66,23,73
25,6,15,73
26,24,46,73
27,15,87,73
28,72,58,73
29,50,38,73
30,56,76,73
31,34,56,73
32,74,22,73
33,71,68,73
1,36,7,74
2,58,20,74
3,16,95,74
4,26,17,74
5,22,90,74
6,24,89,74
7,79,73,74
8,3,53,74
9,10,18,74
10,1,35,74
11,29,60,74
12,17,61,74
13,56,85,74
14,94,36,74
15,1,27,74
16,18,86,74
17,4,60,74
18,96,23,74
19,83,82,74
20,72,65,74
21,87,81,74
22,91,44,74
23,35,73,74
24,65,24,74
25,6,16,74
26,25,45,74
27,14,87,74
28,73,58,74
29,51,37,74
30,55,75,74
31,33,57,74
32,75,21,74
33,72,67,74
1,36,6,75
2,57,20,75
3,16,95,75
4,27,18,75
5,22,91,75
6,23,90,75
7,80,73,75
8,4,53,75
9,10,17,75
10,2,34,75
11,30,59,75
12,17,62,75
13,56,86,75
14,94,37,75
15,0,27,75
16,17,85,75
17,5,60,75
18,97,23,75
19,82,83,75
20,72,66,75
21,86,80,75
22,90,44,75
23,34,73,75
24,66,25,75
25,6,15,75
26,25,46,75
27,13,86,75
28,73,59,75
29,51,36,75
30,54,76,75
31,32,58,75
32,76,21,75
33,71,66,75
1,35,6,76
2,56,21,76
3,15,95,76
4,28,17,76
5,21,92,76
6,23,91,76
7,81,73,76
8,3,54,76
9,11,17,76
10,1,33,76
11,29,60,76
12,18,62,76
13,56,85,76
14,94,36,76
15,1,26,76
16,17,85,76
17,6,60,76
18,96,22,76
19,83,82,76
20,71,65,76
21,87,81,76
22,90,44,76
23,33,73,76
24,66,24,76
25,5,16,76
26,26,46,76
27,12,87,76
28,73,58,76
29,52,35,76
30,55,75,76
31,33,59,76
32,76,20,76
33,72,65,76
1,35,7,77
2,57,22,77
3,14,94,77
4,27,18,77
5,20,93,77
6,22,92,77
7,82,73,77
8,4,53,77
9,12,18,77
10,0,32,77
11,29,59,77
12,17,63,77
13,55,84,77
14,95,36,77
15,1,27,77
16,17,84,77
17,5,60,77
18,96,22,77
19,82,82,77
20,72,64,77
21,87,82,77
22,89,44,77
23,32,74,77
24,65,24,77
25,4,16,77
26,27,47,77
27,11,87,77
28,72,59,77
29,52,36,77
30,56,75,77
31,32,58,77
32,75,19,77
33,73,64,77
1,35,6,78
2,58,21,78
3,14,94,78
4,28,17,78
5,20,93,78
6,21,91,78
7,83,74,78
8,5,54,78
9,13,17,78
10,1,33,78
11,30,58,78
12,16,62,78
13,55,84,78
14,94,37,78
15,0,27,78
16,18,84,78
17,5,59,78
18,95,23,78
19,82,81,78
20,72,63,78
21,86,81,78
22,89,43,78
23,32,75,78
24,66,23,78
25,3,16,78
26,26,48,78
27,11,88,78
28,73,59,78
29,53,36,78
30,56,74,78
31,31,58,78
32,75,20,78
33,73,63,78
1,35,7,79
2,58,21,79
3,15,95,79
4,27,17,79
5,21,93,79
6,22,91,79
7,84,75,79
8,6,54,79
9,12,17,79
10,0,34,79
11,30,57,79
12,16,63,79
13,56,85,79
14,94,38,79
15,0,26,79
16,18,84,79
17,5,60,79
18,96,24,79
19,81,81,79
20,73,62,79
21,87,82,79
22,89,42,79
23,33,76,79
24,66,22,79
25,2,16,79
26,25,49,79
27,11,89,79
28,73,60,79
29,53,35,79
30,55,75,79
31,31,56,79
32,74,20,79
33,74,64,79
1,34,8,80
2,57,22,80
3,15,94,80
4,27,17,80
5,22,93,80
6,22,90,80
7,85,74,80
8,5,54,80
9,12,17,80
10,0,33,80
11,30,55,80
12,16,64,80
13,57,85,80
14,94,38,80
15,0,27,80
16,17,84,80
17,4,61,80
18,96,25,80
19,80,82,80
20,73,63,80
21,87,82,80
22,89,41,80
23,34,75,80
24,67,22,80
25,3,17,80
26,25,48,80
27,10,88,80
28,74,59,80
29,54,34,80
30,55,74,80
31,30,57,80
32,73,20,80
33,75,64,80
1,34,8,81
2,58,22,81
3,14,95,81
4,26,18,81
5,23,92,81
6,21,90,81
7,86,74,81
8,4,53,81
9,11,18,81
10,1,33,81
11,31,55,81
12,17,63,81
13,57,86,81
14,95,37,81
15,0,27,81
16,16,83,81
17,5,61,81
18,97,25,81
19,80,82,81
20,73,62,81
21,88,81,81
22,90,41,81
23,34,76,81
24,67,22,81
25,2,17,81
26,25,49,81
27,9,89,81
28,74,58,81
29,55,33,81
30,55,75,81
31,31,56,81
32,74,20,81
33,75,65,81
1,33,9,82
2,57,21,82
3,13,96,82
4,25,18,82
5,23,93,82
6,20,91,82
7,85,73,82
8,5,52,82
9,12,18,82
10,2,33,82
11,30,54,82
12,18,64,82
13,56,85,82
14,95,37,82
15,1,27,82
16,16,82,82
17,4,62,82
18,97,26,82
19,79,81,82
20,74,61,82
21,88,80,82
22,89,42,82
23,35,76,82
24,68,22,82
25,1,18,82
26,26,48,82
27,8,89,82
28,73,57,82
29,55,33,82
30,56,75,82
31,30,55,82
32,75,20,82
33,74,65,82
1,32,8,83
2,57,22,83
3,12,97,83
4,25,17,83
5,22,93,83
6,20,90,83
7,86,74,83
8,5,52,83
9,11,17,83
10,1,33,83
11,29,53,83
12,18,65,83
13,57,84,83
14,96,36,83
15,2,27,83
16,16,81,83
17,4,61,83
18,97,27,83
19,78,81,83
20,75,61,83
21,88,81,83
22,88,41,83
23,34,76,83
24,68,23,83
25,2,18,83
26,26,48,83
27,9,88,83
28,74,56,83
29,54,32,83
30,57,76,83
31,30,55,83
32,74,19,83
33,74,65,83
1,33,8,84
2,57,22,84
3,11,97,84
4,26,18,84
5,21,94,84
6,20,90,84
7,86,73,84
8,5,51,84
9,10,17,84
10,0,34,84
11,30,53,84
12,19,65,84
13,58,84,84
14,97,36,84
15,2,27,84
16,16,80,84
17,5,61,84
18,96,27,84
19,78,82,84
20,76,60,84
21,89,82,84
22,87,40,84
23,34,76,84
24,69,23,84
25,1,18,84
26,26,49,84
27,8,89,84
28,75,56,84
29,54,33,84
30,58,75,84
31,30,56,84
32,74,20,84
33,73,65,84
1,33,8,85
2,57,21,85
3,10,98,85
4,25,18,85
5,21,94,85
6,19,89,85
7,85,74,85
8,5,50,85
9,11,18,85
10,0,35,85
11,30,52,85
12,18,65,85
13,59,85,85
14,97,35,85
15,3,28,85
16,15,80,85
17,5,60,85
18,95,28,85
19,78,81,85
20,77,61,85
21,90,82,85
22,87,39,85
23,34,75,85
24,70,24,85
25,0,17,85
26,27,49,85
27,8,90,85
28,75,57,85
29,53,33,85
30,57,74,85
31,29,57,85
32,74,19,85
33,72,65,85
1,32,7,86
2,56,21,86
3,11,98,86
4,26,17,86
5,20,95,86
6,20,88,86
7,84,75,86
8,5,51,86
9,11,19,86
10,1,35,86
11,31,53,86
12,17,64,86
13,60,86,86
14,98,34,86
15,2,29,86
16,16,81,86
17,6,59,86
18,94,29,86
19,77,81,86
20,76,60,86
21,91,82,86
22,87,39,86
23,35,74,86
24,69,23,86
25,1,18,86
26,28,48,86
27,9,90,86
28,76,56,86
29,53,32,86
30,56,75,86
31,28,56,86
32,75,20,86
33,71,66,86
1,32,6,87
2,55,21,87
3,11,98,87
4,27,16,87
5,19,96,87
6,21,89,87
7,84,76,87
8,5,50,87
9,12,20,87
10,1,34,87
11,30,54,87
12,16,63,87
13,60,87,87
14,99,34,87
15,2,29,87
16,16,82,87
17,6,59,87
18,94,29,87
19,76,82,87
20,77,61,87
21,90,82,87
22,88,40,87
23,35,75,87
24,68,23,87
25,0,17,87
26,28,47,87
27,8,89,87
28,76,57,87
29,54,31,87
30,55,74,87
31,29,56,87
32,74,21,87
33,71,67,87
1,32,5,88
2,56,22,88
3,11,98,88
4,28,17,88
5,18,95,88
6,22,90,88
7,85,77,88
8,6,51,88
9,13,21,88
10,1,33,88
11,31,53,88
12,15,62,88
13,61,87,88
14,98,35,88
15,3,28,88
16,15,82,88
17,6,59,88
18,94,28,88
19,75,83,88
20,78,60,88
21,90,81,88
22,88,41,88
23,36,74,88
24,67,23,88
25,1,18,88
26,27,47,88
27,9,88,88
28,75,57,88
29,53,30,88
30,56,74,88
31,29,57,88
32,73,22,88
33,71,66,88
1,31,4,89
2,57,22,89
3,11,97,89
4,29,16,89
5,19,95,89
6,21,90,89
7,84,76,89
8,6,50,89
9,14,22,89
10,0,32,89
11,31,53,89
12,16,62,89
13,60,86,89
14,97,35,89
15,4,27,89
16,16,82,89
17,7,59,89
18,95,28,89
19,75,82,89
20,78,61,89
21,90,80,89
22,89,40,89
23,35,74,89
24,68,22,89
25,0,17,89
26,28,48,89
27,8,89,89
28,75,58,89
29,53,31,89
30,57,73,89
31,29,57,89
32,74,23,89
33,72,66,89
1,31,3,90
2,56,22,90
3,11,98,90
4,29,17,90
5,20,96,90
6,22,91,90
7,83,76,90
8,6,49,90
9,13,23,90
10,1,32,90
11,32,53,90
12,15,63,90
13,61,87,90
14,96,35,90
15,5,27,90
16,16,82,90
17,6,58,90
18,95,28,90
19,76,82,90
20,78,60,90
21,91,81,90
22,88,40,90
23,35,73,90
24,67,22,90
25,1,16,90
26,29,47,90
27,7,90,90
28,75,59,90
29,53,31,90
30,57,74,90
31,30,56,90
32,74,23,90
33,72,66,90
1,30,2,91
2,57,21,91
3,11,98,91
4,29,18,91
5,19,97,91
6,21,90,91
7,83,76,91
8,6,49,91
9,14,23,91
10,1,31,91
11,32,52,91
12,16,62,91
13,62,86,91
14,95,35,91
15,6,28,91
16,15,81,91
17,7,59,91
18,95,27,91
19,76,83,91
20,77,59,91
21,91,81,91
22,89,39,91
23,35,72,91
24,68,22,91
25,0,15,91
26,30,46,91
27,7,90,91
28,74,58,91
29,54,30,91
30,58,73,91
31,31,56,91
32,74,22,91
33,73,67,91
1,31,3,92
2,57,21,92
3,10,99,92
4,28,17,92
5,18,97,92
6,20,91,92
7,82,77,92
8,6,50,92
9,13,24,92
10,1,32,92
11,32,53,92
12,16,63,92
13,61,86,92
14,95,36,92
15,6,28,92
16,15,82,92
17,6,60,92
18,94,28,92
19,77,83,92
20,77,58,92
21,91,80,92
22,88,38,92
23,35,73,92
24,67,23,92
25,0,16,92
26,29,45,92
27,8,90,92
28,75,59,92
29,55,31,92
30,59,72,92
31,30,57,92
32,75,23,92
33,73,66,92
1,31,2,93
2,56,22,93
3,9,98,93
4,27,17,93
5,17,98,93
6,21,92,93
7,81,76,93
8,6,51,93
9,13,25,93
10,0,33,93
11,32,53,93
12,15,64,93
13,61,86,93
14,94,35,93
15,5,27,93
16,14,82,93
17,7,60,93
18,95,27,93
19,77,82,93
20,77,59,93
21,90,79,93
22,89,38,93
23,36,74,93
24,66,22,93
25,0,17,93
26,28,44,93
27,9,89,93
28,76,58,93
29,56,32,93
30,58,73,93
31,31,58,93
32,76,22,93
33,74,67,93
1,31,3,94
2,57,21,94
3,10,97,94
4,27,18,94
5,18,98,94
6,21,92,94
7,82,75,94
8,6,52,94
9,13,24,94
10,0,34,94
11,33,54,94
12,16,65,94
13,62,86,94
14,94,34,94
15,6,27,94
16,13,81,94
17,7,59,94
18,95,28,94
19,76,81,94
20,76,59,94
21,90,80,94
22,88,38,94
23,35,75,94
24,65,23,94
25,1,18,94
26,27,45,94
27,9,89,94
28,77,58,94
29,55,33,94
30,59,72,94
31,31,59,94
32,75,22,94
33,75,66,94
1,31,2,95
2,56,20,95
3,10,98,95
4,28,17,95
5,19,97,95
6,21,93,95
7,83,75,95
8,6,52,95
9,14,23,95
10,0,35,95
11,34,53,95
12,15,65,95
13,61,86,95
14,93,34,95
15,7,28,95
16,14,81,95
17,6,59,95
18,96,29,95
19,76,82,95
20,76,59,95
21,90,81,95
22,88,38,95
23,35,75,95
24,64,22,95
25,2,19,95
26,28,46,95
27,9,88,95
28,76,58,95
29,54,32,95
30,59,71,95
31,31,60,95
32,76,23,95
33,74,65,95
1,30,3,96
2,55,20,96
3,9,98,96
4,28,18,96
5,18,97,96
6,21,92,96
7,82,75,96
8,5,53,96
9,15,22,96
10,1,34,96
11,33,53,96
12,16,65,96
13,62,87,96
14,94,35,96
15,7,29,96
16,15,82,96
17,7,59,96
18,97,30,96
19,76,81,96
20,77,58,96
21,89,80,96
22,87,38,96
23,35,75,96
24,63,23,96
25,2,20,96
26,28,46,96
27,9,89,96
28,76,59,96
29,55,33,96
30,59,71,96
31,32,60,96
32,76,22,96
33,73,64,96
1,29,3,97
2,55,20,97
3,8,97,97
4,28,18,97
5,17,96,97
6,22,92,97
7,81,76,97
8,4,54,97
9,14,21,97
10,1,34,97
11,34,54,97
12,15,65,97
13,62,88,97
14,93,35,97
15,6,29,97
16,14,81,97
17,7,60,97
18,96,31,97
19,76,80,97
20,76,58,97
21,89,81,97
22,88,39,97
23,34,74,97
24,62,24,97
25,3,20,97
26,27,46,97
27,10,88,97
28,77,60,97
29,56,32,97
30,59,72,97
31,33,60,97
32,75,22,97
33,72,65,97
1,29,2,98
2,56,20,98
3,9,96,98
4,28,19,98
5,16,96,98
6,21,92,98
7,81,75,98
8,5,55,98
9,13,22,98
10,2,34,98
11,33,55,98
12,16,64,98
13,63,87,98
14,94,36,98
15,5,29,98
16,13,80,98
17,7,59,98
18,95,30,98
19,76,80,98
20,75,58,98
21,89,81,98
22,87,38,98
23,34,75,98
24,62,23,98
25,3,21,98
26,26,47,98
27,9,89,98
28,78,59,98
29,55,31,98
30,58,71,98
31,32,60,98
32,74,22,98
33,73,66,98
1,28,1,99
2,56,20,99
3,9,95,99
4,29,20,99
5,15,95,99
6,20,91,99
7,82,76,99
8,6,56,99
9,12,21,99
10,1,35,99
11,34,55,99
12,16,65,99
13,62,86,99
14,95,36,99
15,5,29,99
16,12,80,99
17,6,58,99
18,96,31,99
19,75,81,99
20,74,59,99
21,89,80,99
22,86,38,99
23,33,75,99
24,62,22,99
25,2,22,99
26,25,48,99
27,9,90,99
28,79,58,99
29,56,32,99
30,57,70,99
31,32,61,99
32,74,22,99
33,74,66,99
1,27,0,100
2,55,21,100
3,10,94,100
4,30,19,100
5,16,96,100
6,20,90,100
7,82,77,100
8,7,56,100
9,11,21,100
10,1,34,100
11,34,54,100
12,16,64,100
13,62,86,100
14,96,35,100
15,5,29,100
16,13,81,100
17,6,57,100
18,95,31,100
19,75,81,100
20,74,60,100
21,89,81,100
22,85,39,100
23,32,74,100
24,61,21,100
25,1,23,100
26,26,48,100
27,8,90,100
28,80,58,100
29,57,32,100
30,56,69,100
31,32,61,100
32,73,23,100
33,75,65,100
