1,28,36,1
2,73,52,1
3,59,89,1
4,31,26,1
5,96,88,1
6,92,60,1
7,2,28,1
8,31,75,1
9,13,75,1
10,62,11,1
11,35,25,1
12,96,36,1
13,38,86,1
14,37,17,1
15,32,87,1
16,6,47,1
17,77,94,1
18,40,72,1
19,80,45,1
20,97,68,1
21,33,12,1
22,63,99,1
23,82,70,1
24,75,32,1
25,33,83,1
26,56,1,1
27,37,37,1
28,10,59,1
29,15,15,1
30,9,60,1
31,7,36,1
32,18,74,1
33,19,25,1
34,28,29,1
35,68,28,1
36,93,23,1
37,39,85,1
38,61,97,1
39,28,93,1
40,1,46,1
41,10,33,1
42,61,19,1
43,81,6,1
44,39,82,1
45,76,55,1
46,4,99,1
47,77,43,1
48,18,96,1
49,6,69,1
50,23,49,1
51,6,26,1
52,78,54,1
53,64,71,1
54,27,75,1
1,27,37,2
2,73,53,2
3,59,89,2
4,31,25,2
5,97,88,2
6,92,61,2
7,2,27,2
8,31,76,2
9,13,74,2
10,63,10,2
11,35,24,2
12,95,36,2
13,37,87,2
14,37,18,2
15,33,87,2
16,6,46,2
17,77,93,2
18,41,71,2
19,80,44,2
20,98,68,2
21,34,11,2
22,64,99,2
23,82,69,2
24,76,31,2
25,33,83,2
26,55,0,2
27,37,37,2
28,9,58,2
29,16,15,2
30,8,59,2
31,8,37,2
32,17,73,2
33,20,24,2
34,29,29,2
35,69,27,2
36,93,23,2
37,39,86,2
38,60,98,2
39,28,92,2
40,1,46,2
41,10,32,2
42,61,20,2
43,80,7,2
44,39,83,2
45,77,56,2
46,4,99,2
47,77,43,2
48,17,97,2
49,7,69,2
50,22,49,2
51,7,25,2
52,79,54,2
53,63,71,2
54,28,74,2
1,28,38,3
2,74,53,3
3,60,90,3
4,31,24,3
5,96,87,3
6,93,60,3
7,2,26,3
8,32,76,3
9,14,73,3
10,64,11,3
11,34,24,3
12,94,36,3
13,38,87,3
14,37,18,3
15,32,88,3
16,6,47,3
17,78,92,3
18,42,72,3
19,81,44,3
20,97,69,3
21,33,12,3
22,64,98,3
23,82,70,3
24,77,32,3
25,32,83,3
26,54,0,3
27,38,36,3
28,9,57,3
29,17,14,3
30,8,60,3
31,8,36,3
32,18,72,3
33,21,23,3
34,29,28,3
35,69,26,3
36,93,23,3
37,40,85,3
38,59,99,3
39,27,91,3
40,2,45,3
41,11,33,3
42,61,19,3
43,81,6,3
44,39,83,3
45,77,56,3
46,5,99,3
47,77,44,3
48,16,97,3
49,6,70,3
50,23,48,3
51,7,25,3
52,78,54,3
53,62,71,3
54,29,75,3
1,27,39,4
2,73,53,4
3,60,89,4
4,30,24,4
5,96,86,4
6,93,61,4
7,1,25,4
8,32,75,4
9,15,73,4
10,65,10,4
11,34,23,4
12,93,36,4
13,37,86,4
14,38,18,4
15,33,88,4
16,7,46,4
17,78,91,4
18,43,72,4
19,80,43,4
20,97,69,4
21,34,12,4
22,63,97,4
23,83,71,4
24,77,31,4
25,33,83,4
26,55,0,4
27,37,37,4
28,10,58,4
29,17,15,4
30,8,61,4
31,9,37,4
32,18,71,4
33,22,23,4
34,29,27,4
35,68,26,4
36,94,22,4
37,40,85,4
38,59,99,4
39,26,90,4
40,3,44,4
41,11,33,4
42,61,20,4
43,81,6,4
44,39,82,4
45,77,56,4
46,5,98,4
47,78,45,4
48,16,97,4
49,5,69,4
50,24,48,4
51,6,24,4
52,78,54,4
53,62,70,4
54,29,74,4
1,27,38,5
2,72,54,5
3,61,90,5
4,29,25,5
5,97,87,5
6,94,60,5
7,2,25,5
8,33,75,5
9,16,74,5
10,66,11,5
11,34,24,5
12,93,37,5
13,38,87,5
14,38,17,5
15,32,87,5
16,8,47,5
17,77,92,5
18,42,73,5
19,80,43,5
20,98,70,5
21,35,12,5
22,64,98,5
23,82,71,5
24,77,32,5
25,34,82,5
26,56,0,5
27,37,37,5
28,10,58,5
29,18,16,5
30,7,61,5
31,9,37,5
32,18,70,5
33,21,24,5
34,30,26,5
35,67,25,5
36,95,22,5
37,40,84,5
38,58,98,5
39,27,90,5
40,2,44,5
41,11,33,5
42,62,19,5
43,82,6,5
44,39,81,5
45,77,57,5
46,6,97,5
47,77,45,5
48,15,97,5
49,5,69,5
50,24,48,5
51,5,24,5
52,78,54,5
53,63,71,5
54,29,75,5
1,26,38,6
2,73,54,6
3,60,89,6
4,29,25,6
5,98,88,6
6,95,61,6
7,1,24,6
8,32,74,6
9,15,75,6
10,65,10,6
11,33,24,6
12,93,38,6
13,37,86,6
14,39,16,6
15,33,88,6
16,9,47,6
17,78,92,6
18,43,73,6
19,79,44,6
20,97,69,6
21,35,13,6
22,65,98,6
23,81,70,6
24,77,32,6
25,34,82,6
26,55,0,6
27,36,36,6
28,11,57,6
29,17,16,6
30,6,60,6
31,8,37,6
32,18,69,6
33,20,25,6
34,29,26,6
35,67,25,6
36,95,21,6
37,41,83,6
38,58,99,6
39,27,89,6
40,3,43,6
41,12,32,6
42,63,20,6
43,82,7,6
44,39,81,6
45,76,57,6
46,7,96,6
47,76,45,6
48,16,96,6
49,4,69,6
50,24,49,6
51,6,24,6
52,78,55,6
53,62,72,6
54,28,74,6
1,25,39,7
2,74,53,7
3,60,89,7
4,28,24,7
5,98,87,7
6,96,62,7
7,0,24,7
8,33,74,7
9,15,75,7
10,64,11,7
11,33,23,7
12,92,39,7
13,37,87,7
14,40,17,7
15,33,88,7
16,10,47,7
17,79,92,7
18,42,72,7
19,78,43,7
20,98,69,7
21,35,13,7
22,64,99,7
23,81,70,7
24,77,33,7
25,33,83,7
26,54,1,7
27,35,36,7
28,11,58,7
29,17,16,7
30,6,59,7
31,8,37,7
32,19,69,7
33,19,26,7
34,29,27,7
35,67,25,7
36,95,20,7
37,41,83,7
38,57,99,7
39,26,89,7
40,2,42,7
41,12,32,7
42,64,20,7
43,82,7,7
44,38,81,7
45,76,56,7
46,8,96,7
47,76,44,7
48,15,96,7
49,5,68,7
50,25,50,7
51,5,24,7
52,77,56,7
53,61,73,7
54,27,73,7
1,26,40,8
2,75,53,8
3,60,90,8
4,27,25,8
5,99,88,8
6,96,62,8
7,1,25,8
8,32,75,8
9,16,76,8
10,63,11,8
11,33,24,8
12,92,38,8
13,37,88,8
14,40,16,8
15,33,88,8
16,10,47,8
17,78,91,8
18,42,73,8
19,77,42,8
20,98,70,8
21,35,12,8
22,63,98,8
23,80,71,8
24,78,34,8
25,34,82,8
26,55,0,8
27,35,36,8
28,11,59,8
29,17,16,8
30,6,60,8
31,9,38,8
32,18,68,8
33,19,26,8
34,28,26,8
35,66,25,8
36,95,19,8
37,40,83,8
38,56,98,8
39,27,90,8
40,1,41,8
41,12,33,8
42,65,20,8
43,82,8,8
44,39,81,8
45,76,55,8
46,7,96,8
47,77,43,8
48,14,95,8
49,5,67,8
50,25,50,8
51,6,24,8
52,78,57,8
53,60,74,8
54,28,73,8
1,26,39,9
2,74,52,9
3,61,91,9
4,28,24,9
5,99,87,9
6,97,62,9
7,2,26,9
8,32,75,9
9,16,77,9
10,62,11,9
11,34,23,9
12,93,37,9
13,37,89,9
14,40,16,9
15,34,89,9
16,10,46,9
17,78,92,9
18,43,73,9
19,76,41,9
20,97,69,9
21,35,11,9
22,62,98,9
23,79,70,9
24,77,35,9
25,33,81,9
26,55,0,9
27,35,35,9
28,11,60,9
29,16,16,9
30,7,60,9
31,10,37,9
32,19,69,9
33,19,26,9
34,28,26,9
35,66,25,9
36,95,18,9
37,39,84,9
38,55,97,9
39,27,89,9
40,0,41,9
41,12,34,9
42,65,21,9
43,83,9,9
44,38,80,9
45,76,55,9
46,6,96,9
47,77,43,9
48,14,94,9
49,4,67,9
50,26,49,9
51,7,23,9
52,77,56,9
53,60,73,9
54,27,73,9
1,27,38,10
2,74,53,10
3,62,92,10
4,28,25,10
5,98,87,10
6,98,63,10
7,3,26,10
8,31,74,10
9,16,77,10
10,63,10,10
11,35,24,10
12,93,38,10
13,37,89,10
14,40,15,10
15,34,88,10
16,9,47,10
17,79,93,10
18,42,73,10
19,75,42,10
20,96,69,10
21,35,10,10
22,62,97,10
23,78,71,10
24,78,36,10
25,33,82,10
26,54,0,10
27,34,35,10
28,10,61,10
29,15,15,10
30,6,60,10
31,10,37,10
32,18,68,10
33,19,26,10
34,28,27,10
35,67,26,10
36,96,17,10
37,38,84,10
38,55,96,10
39,27,90,10
40,0,40,10
41,12,33,10
42,66,20,10
43,84,9,10
44,38,80,10
45,76,56,10
46,6,96,10
47,78,42,10
48,13,95,10
49,3,66,10
50,25,48,10
51,7,23,10
52,77,55,10
53,60,72,10
54,28,73,10
1,27,38,11
2,73,52,11
3,61,91,11
4,29,24,11
5,98,88,11
6,99,62,11
7,4,26,11
8,30,73,11
9,16,76,11
10,63,9,11
11,36,25,11
12,94,39,11
13,36,89,11
14,39,16,11
15,35,89,11
16,8,48,11
17,78,93,11
18,42,72,11
19,74,42,11
20,95,70,11
21,34,9,11
22,62,98,11
23,78,72,11
24,77,36,11
25,32,83,11
26,53,0,11
27,34,35,11
28,11,60,11
29,15,15,11
30,6,61,11
31,9,36,11
32,19,67,11
33,19,27,11
34,27,27,11
35,67,26,11
36,95,18,11
37,39,83,11
38,55,97,11
39,26,90,11
40,1,40,11
41,12,34,11
42,65,20,11
43,85,8,11
44,39,79,11
45,76,57,11
46,5,96,11
47,77,43,11
48,14,95,11
49,2,66,11
50,26,49,11
51,7,22,11
52,77,54,11
53,59,72,11
54,27,72,11
1,28,39,12
2,74,53,12
3,62,91,12
4,29,25,12
5,98,89,12
6,99,62,12
7,3,27,12
8,30,74,12
9,15,76,12
10,63,8,12
11,37,26,12
12,94,39,12
13,36,90,12
14,39,15,12
15,34,88,12
16,8,48,12
17,77,94,12
18,43,71,12
19,74,42,12
20,95,71,12
21,33,10,12
22,61,98,12
23,77,73,12
24,76,35,12
25,33,82,12
26,52,0,12
27,33,34,12
28,11,61,12
29,14,14,12
30,7,60,12
31,10,37,12
32,20,66,12
33,19,26,12
34,28,26,12
35,66,25,12
36,94,18,12
37,40,84,12
38,55,97,12
39,26,91,12
40,0,39,12
41,11,34,12
42,64,20,12
43,85,9,12
44,40,79,12
45,76,58,12
46,5,95,12
47,78,43,12
48,13,96,12
49,3,65,12
50,25,50,12
51,6,21,12
52,77,54,12
53,58,73,12
54,27,72,12
1,27,38,13
2,73,52,13
3,62,92,13
4,28,25,13
5,98,90,13
6,98,61,13
7,2,27,13
8,29,75,13
9,16,77,13
10,64,9,13
11,37,27,13
12,93,40,13
13,37,89,13
14,38,15,13
15,33,89,13
16,7,49,13
17,76,95,13
18,44,70,13
19,73,43,13
20,96,72,13
21,32,10,13
22,61,98,13
23,77,74,13
24,75,34,13
25,32,82,13
26,51,0,13
27,32,34,13
28,10,61,13
29,13,14,13
30,7,59,13
31,10,36,13
32,19,67,13
33,18,27,13
34,28,26,13
35,65,24,13
36,95,17,13
37,40,84,13
38,56,97,13
39,25,90,13
40,0,40,13
41,10,33,13
42,65,20,13
43,84,8,13
44,41,79,13
45,76,58,13
46,6,94,13
47,77,42,13
48,12,97,13
49,4,65,13
50,24,51,13
51,5,21,13
52,77,54,13
53,57,73,13
54,26,71,13
1,27,37,14
2,73,51,14
3,62,92,14
4,27,26,14
5,98,90,14
6,97,62,14
7,1,27,14
8,28,74,14
9,17,78,14
10,65,8,14
11,36,26,14
12,94,39,14
13,37,90,14
14,39,16,14
15,33,89,14
16,8,48,14
17,77,96,14
18,43,71,14
19,73,44,14
20,97,73,14
21,32,10,14
22,62,99,14
23,76,75,14
24,75,34,14
25,32,82,14
26,50,1,14
27,33,35,14
28,11,62,14
29,14,14,14
30,8,59,14
31,9,36,14
32,19,67,14
33,18,28,14
34,26,26,14
35,66,23,14
36,95,18,14
37,39,85,14
38,57,97,14
39,24,89,14
40,0,41,14
41,10,34,14
42,66,20,14
43,83,8,14
44,41,80,14
45,76,59,14
46,6,94,14
47,76,41,14
48,13,97,14
49,4,65,14
50,25,51,14
51,5,21,14
52,76,53,14
53,58,72,14
54,27,70,14
1,26,36,15
2,73,52,15
3,61,92,15
4,28,26,15
5,97,91,15
6,97,63,15
7,2,27,15
8,28,75,15
9,18,79,15
10,64,7,15
11,36,26,15
12,95,39,15
13,38,91,15
14,39,15,15
15,33,88,15
16,8,48,15
17,78,95,15
18,43,71,15
19,72,45,15
20,96,73,15
21,32,10,15
22,61,98,15
23,76,74,15
24,74,33,15
25,31,83,15
26,49,1,15
27,33,35,15
28,11,62,15
29,14,15,15
30,8,60,15
31,8,36,15
32,20,66,15
33,18,27,15
34,25,26,15
35,66,23,15
36,94,17,15
37,38,85,15
38,57,96,15
39,24,89,15
40,0,41,15
41,9,34,15
42,66,20,15
43,82,7,15
44,42,81,15
45,77,59,15
46,5,93,15
47,77,41,15
48,14,98,15
49,4,66,15
50,24,51,15
51,4,20,15
52,75,53,15
53,58,73,15
54,27,70,15
1,26,35,16
2,74,51,16
3,61,92,16
4,27,25,16
5,97,90,16
6,98,63,16
7,3,26,16
8,27,75,16
9,18,79,16
10,63,8,16
11,35,25,16
12,96,39,16
13,37,90,16
14,39,15,16
15,33,89,16
16,8,49,16
17,78,95,16
18,44,72,16
19,73,45,16
20,97,72,16
21,33,11,16
22,60,97,16
23,77,75,16
24,75,34,16
25,30,84,16
26,50,1,16
27,33,35,16
28,10,62,16
29,13,15,16
30,8,59,16
31,7,35,16
32,21,67,16
33,18,26,16
34,24,26,16
35,66,23,16
36,94,17,16
37,37,84,16
38,57,96,16
39,25,88,16
40,1,41,16
41,9,35,16
42,67,21,16
43,82,6,16
44,43,80,16
45,77,58,16
46,6,94,16
47,77,41,16
48,15,98,16
49,4,67,16
50,23,51,16
51,3,19,16
52,76,53,16
53,57,73,16
54,28,71,16
1,25,36,17
2,73,50,17
3,60,92,17
4,28,24,17
5,96,91,17
6,97,62,17
7,2,25,17
8,28,76,17
9,19,78,17
10,62,7,17
11,34,25,17
12,95,38,17
13,36,90,17
14,40,15,17
15,34,89,17
16,8,48,17
17,78,95,17
18,43,72,17
19,72,44,17
20,98,71,17
21,34,10,17
22,61,98,17
23,78,74,17
24,76,33,17
25,29,83,17
26,49,2,17
27,32,36,17
28,10,63,17
29,14,16,17
30,9,58,17
31,7,36,17
32,22,66,17
33,19,25,17
34,25,26,17
35,67,23,17
36,95,16,17
37,37,84,17
38,58,97,17
39,24,88,17
40,0,40,17
41,10,36,17
42,68,21,17
43,81,5,17
44,44,81,17
45,78,59,17
46,5,95,17
47,78,41,17
48,15,99,17
49,5,66,17
50,22,51,17
51,2,20,17
52,77,53,17
53,56,73,17
54,29,72,17
1,26,36,18
2,72,51,18
3,61,91,18
4,28,24,18
5,95,92,18
6,97,62,18
7,2,24,18
8,29,77,18
9,20,78,18
10,62,6,18
11,33,24,18
12,96,37,18
13,35,91,18
14,41,14,18
15,34,88,18
16,7,47,18
17,79,94,18
18,42,71,18
19,73,43,18
20,97,72,18
21,34,9,18
22,62,98,18
23,78,74,18
24,76,33,18
25,28,84,18
26,48,2,18
27,32,35,18
28,9,62,18
29,15,17,18
30,8,59,18
31,8,36,18
32,22,67,18
33,19,24,18
34,26,25,18
35,67,23,18
36,96,15,18
37,38,85,18
38,59,96,18
39,23,89,18
40,0,41,18
41,9,36,18
42,68,20,18
43,81,6,18
44,44,81,18
45,77,59,18
46,6,95,18
47,77,41,18
48,16,98,18
49,4,66,18
50,23,51,18
51,3,19,18
52,77,53,18
53,56,74,18
54,30,72,18
1,26,36,19
2,71,50,19
3,60,92,19
4,27,25,19
5,94,92,19
6,98,63,19
7,2,23,19
8,29,78,19
9,19,77,19
10,62,5,19
11,32,23,19
12,95,38,19
13,36,92,19
14,41,15,19
15,34,89,19
16,7,46,19
17,80,95,19
18,43,70,19
19,74,42,19
20,98,72,19
21,34,9,19
22,62,97,19
23,77,73,19
24,77,33,19
25,27,84,19
26,47,2,19
27,33,36,19
28,9,62,19
29,16,16,19
30,9,59,19
31,9,35,19
32,22,66,19
33,18,25,19
34,26,25,19
35,68,24,19
36,96,15,19
37,37,85,19
38,59,97,19
39,24,88,19
40,0,40,19
41,8,35,19
42,67,19,19
43,82,6,19
44,43,82,19
45,76,60,19
46,7,96,19
47,78,40,19
48,15,99,19
49,4,67,19
50,23,52,19
51,4,18,19
52,78,53,19
53,55,75,19
54,29,73,19
1,25,35,20
2,71,49,20
3,61,91,20
4,27,25,20
5,94,93,20
6,98,63,20
7,2,23,20
8,28,78,20
9,18,76,20
10,62,4,20
11,31,22,20
12,94,38,20
13,37,93,20
14,40,14,20
15,34,90,20
16,6,46,20
17,79,96,20
18,43,71,20
19,73,42,20
20,99,71,20
21,33,10,20
22,63,98,20
23,78,72,20
24,77,33,20
25,27,84,20
26,48,1,20
27,32,37,20
28,10,61,20
29,15,15,20
30,9,60,20
31,10,35,20
32,22,65,20
33,18,24,20
34,26,25,20
35,67,25,20
36,95,15,20
37,37,85,20
38,60,98,20
39,23,89,20
40,1,41,20
41,8,36,20
42,67,20,20
43,82,5,20
44,43,81,20
45,75,60,20
46,6,96,20
47,78,40,20
48,14,98,20
49,5,66,20
50,24,51,20
51,3,19,20
52,77,52,20
53,54,75,20
54,29,74,20
1,25,35,21
2,72,50,21
3,61,91,21
4,27,25,21
5,95,92,21
6,97,62,21
7,3,22,21
8,28,78,21
9,17,77,21
10,62,5,21
11,30,21,21
12,93,37,21
13,37,93,21
14,40,15,21
15,33,89,21
16,7,45,21
17,80,96,21
18,44,70,21
19,74,43,21
20,98,71,21
21,32,11,21
22,63,97,21
23,79,72,21
24,77,34,21
25,26,84,21
26,48,1,21
27,33,37,21
28,10,61,21
29,16,14,21
30,8,59,21
31,10,36,21
32,22,64,21
33,19,25,21
34,27,26,21
35,67,26,21
36,96,14,21
37,36,84,21
38,59,97,21
39,24,89,21
40,0,41,21
41,7,36,21
42,66,21,21
43,83,5,21
44,44,81,21
45,76,61,21
46,5,97,21
47,78,41,21
48,14,97,21
49,6,66,21
50,23,52,21
51,2,19,21
52,76,53,21
53,54,74,21
54,28,73,21
1,26,34,22
2,72,51,22
3,62,91,22
4,26,24,22
5,94,91,22
6,97,62,22
7,3,22,22
8,28,77,22
9,17,77,22
10,62,5,22
11,30,21,22
12,92,38,22
13,38,94,22
14,40,16,22
15,32,89,22
16,8,46,22
17,79,97,22
18,43,71,22
19,75,42,22
20,97,71,22
21,33,11,22
22,63,98,22
23,78,73,22
24,78,33,22
25,26,83,22
26,47,2,22
27,34,36,22
28,11,62,22
29,16,15,22
30,8,58,22
31,10,37,22
32,23,64,22
33,20,24,22
34,26,26,22
35,66,27,22
36,97,15,22
37,37,83,22
38,58,97,22
39,25,90,22
40,0,42,22
41,6,36,22
42,65,22,22
43,84,4,22
44,43,82,22
45,77,60,22
46,6,96,22
47,79,42,22
48,15,97,22
49,5,67,22
50,24,52,22
51,1,20,22
52,76,52,22
53,53,73,22
54,29,72,22
1,27,33,23
2,72,50,23
3,63,91,23
4,27,25,23
5,95,90,23
6,98,62,23
7,4,22,23
8,29,77,23
9,17,76,23
10,61,5,23
11,30,20,23
12,91,38,23
13,37,95,23
14,41,16,23
15,32,89,23
16,9,47,23
17,78,98,23
18,44,72,23
19,75,41,23
20,96,71,23
21,34,12,23
22,63,97,23
23,78,72,23
24,77,33,23
25,25,82,23
26,47,3,23
27,33,35,23
28,10,62,23
29,16,14,23
30,8,58,23
31,10,37,23
32,22,64,23
33,19,25,23
34,26,26,23
35,65,26,23
36,96,14,23
37,36,83,23
38,59,98,23
39,24,90,23
40,1,43,23
41,6,37,23
42,66,22,23
43,84,4,23
44,44,83,23
45,78,59,23
46,7,95,23
47,78,43,23
48,15,96,23
49,5,68,23
50,24,53,23
51,0,20,23
52,77,53,23
53,52,72,23
54,30,71,23
1,28,34,24
2,73,49,24
3,63,90,24
4,28,25,24
5,95,89,24
6,97,63,24
7,5,21,24
8,29,78,24
9,18,76,24
10,62,4,24
11,30,19,24
12,90,39,24
13,36,94,24
14,42,15,24
15,31,90,24
16,10,46,24
17,77,99,24
18,43,71,24
19,74,42,24
20,97,71,24
21,33,12,24
22,62,97,24
23,78,73,24
24,76,33,24
25,25,82,24
26,47,3,24
27,34,34,24
28,11,61,24
29,17,15,24
30,7,59,24
31,10,37,24
32,21,63,24
33,18,26,24
34,25,26,24
35,66,26,24
36,96,13,24
37,37,82,24
38,60,99,24
39,23,90,24
40,2,43,24
41,6,38,24
42,66,23,24
43,84,5,24
44,43,84,24
45,78,60,24
46,7,96,24
47,77,42,24
48,15,97,24
49,5,68,24
50,25,54,24
51,1,20,24
52,78,54,24
53,51,71,24
54,31,72,24
1,29,33,25
2,72,48,25
3,62,90,25
4,27,25,25
5,95,90,25
6,97,64,25
7,6,22,25
8,29,78,25
9,17,76,25
10,63,5,25
11,29,18,25
12,89,39,25
13,37,95,25
14,41,16,25
15,30,90,25
16,9,46,25
17,77,98,25
18,42,70,25
19,74,42,25
20,97,71,25
21,34,12,25
22,63,96,25
23,78,74,25
24,76,34,25
25,25,83,25
26,48,4,25
27,33,33,25
28,12,61,25
29,16,16,25
30,8,58,25
31,9,38,25
32,20,64,25
33,19,26,25
34,24,25,25
35,65,25,25
36,96,14,25
37,36,82,25
38,59,99,25
39,24,90,25
40,3,42,25
41,6,38,25
42,66,24,25
43,85,5,25
44,44,84,25
45,79,59,25
46,7,95,25
47,77,43,25
48,15,96,25
49,4,67,25
50,24,55,25
51,1,20,25
52,78,54,25
53,52,71,25
54,32,73,25
1,29,34,26
2,71,48,26
3,63,89,26
4,27,26,26
5,95,90,26
6,96,64,26
7,6,23,26
8,28,78,26
9,17,77,26
10,62,6,26
11,29,18,26
12,90,39,26
13,37,94,26
14,42,17,26
15,31,90,26
16,9,47,26
17,78,98,26
18,43,69,26
19,74,41,26
20,96,72,26
21,35,12,26
22,63,96,26
23,78,74,26
24,76,33,26
25,26,83,26
26,47,4,26
27,32,32,26
28,12,61,26
29,17,15,26
30,7,59,26
31,10,38,26
32,20,64,26
33,20,27,26
34,25,25,26
35,65,24,26
36,96,14,26
37,37,82,26
38,60,98,26
39,24,90,26
40,4,42,26
41,5,37,26
42,67,23,26
43,86,5,26
44,44,83,26
45,80,58,26
46,8,95,26
47,77,44,26
48,14,96,26
49,3,67,26
50,24,56,26
51,1,20,26
52,77,55,26
53,53,71,26
54,33,72,26
1,30,33,27
2,72,47,27
3,62,88,27
4,27,26,27
5,95,91,27
6,95,65,27
7,7,23,27
8,28,79,27
9,16,77,27
10,62,6,27
11,30,17,27
12,89,38,27
13,38,94,27
14,41,17,27
15,32,89,27
16,9,46,27
17,78,97,27
18,44,70,27
19,73,40,27
20,96,71,27
21,36,13,27
22,62,97,27
23,78,74,27
24,75,33,27
25,26,83,27
26,46,4,27
27,33,33,27
28,13,62,27
29,17,14,27
30,7,59,27
31,11,39,27
32,21,63,27
33,19,27,27
34,26,26,27
35,64,23,27
36,97,14,27
37,36,83,27
38,59,99,27
39,23,89,27
40,3,41,27
41,5,36,27
42,66,22,27
43,85,5,27
44,45,83,27
45,81,59,27
46,9,96,27
47,77,44,27
48,15,97,27
49,4,66,27
50,23,56,27
51,0,20,27
52,77,54,27
53,52,70,27
54,32,71,27
1,31,34,28
2,73,48,28
3,62,87,28
4,27,26,28
5,94,91,28
6,95,65,28
7,8,22,28
8,27,78,28
9,17,77,28
10,61,7,28
11,29,18,28
12,89,38,28
13,38,95,28
14,41,18,28
15,32,89,28
16,9,47,28
17,77,97,28
18,44,70,28
19,73,39,28
20,96,72,28
21,35,12,28
22,62,97,28
23,78,74,28
24,76,32,28
25,26,84,28
26,47,3,28
27,32,32,28
28,14,62,28
29,18,15,28
30,6,60,28
31,12,40,28
32,22,62,28
33,19,27,28
34,25,26,28
35,64,24,28
36,97,13,28
37,35,82,28
38,60,98,28
39,23,90,28
40,2,41,28
41,6,37,28
42,65,21,28
43,86,6,28
44,45,82,28
45,80,58,28
46,8,97,28
47,78,44,28
48,15,96,28
49,5,65,28
50,24,55,28
51,0,19,28
52,77,54,28
53,52,70,28
54,32,72,28
1,32,34,29
2,72,47,29
3,62,87,29
4,26,27,29
5,93,92,29
6,94,64,29
7,7,21,29
8,28,79,29
9,16,78,29
10,61,7,29
11,30,18,29
12,89,39,29
13,37,96,29
14,42,17,29
15,32,88,29
16,9,46,29
17,78,96,29
18,44,69,29
19,74,40,29
20,95,73,29
21,36,11,29
22,61,96,29
23,77,75,29
24,75,33,29
25,25,84,29
26,47,4,29
27,31,32,29
28,15,61,29
29,18,14,29
30,6,60,29
31,12,41,29
32,23,63,29
33,18,26,29
34,26,25,29
35,65,24,29
36,98,14,29
37,34,81,29
38,61,97,29
39,24,91,29
40,1,40,29
41,5,37,29
42,64,20,29
43,86,6,29
44,45,81,29
45,79,58,29
46,7,96,29
47,78,44,29
48,14,96,29
49,4,66,29
50,23,56,29
51,0,18,29
52,78,54,29
53,51,69,29
54,31,71,29
1,31,34,30
2,72,47,30
3,62,87,30
4,26,27,30
5,93,92,30
6,95,65,30
7,7,20,30
8,28,80,30
9,16,78,30
10,62,8,30
11,30,19,30
12,89,38,30
13,37,95,30
14,41,17,30
15,31,89,30
16,9,47,30
17,78,96,30
18,45,70,30
19,74,41,30
20,94,73,30
21,35,10,30
22,62,97,30
23,78,76,30
24,74,33,30
25,24,84,30
26,47,5,30
27,31,31,30
28,15,62,30
29,18,14,30
30,5,59,30
31,12,40,30
32,23,63,30
33,19,26,30
34,25,25,30
35,65,23,30
36,98,13,30
37,33,80,30
38,62,98,30
39,23,90,30
40,1,41,30
41,5,38,30
42,64,21,30
43,87,5,30
44,46,81,30
45,78,58,30
46,7,95,30
47,78,44,30
48,14,97,30
49,3,67,30
50,22,55,30
51,0,19,30
52,78,55,30
53,50,70,30
54,31,72,30
1,32,33,31
2,72,46,31
3,61,86,31
4,27,27,31
5,92,91,31
6,94,65,31
7,6,20,31
8,29,79,31
9,15,78,31
10,62,9,31
11,29,18,31
12,89,37,31
13,38,94,31
14,41,17,31
15,32,89,31
16,8,46,31
17,79,97,31
18,45,71,31
19,73,41,31
20,95,73,31
21,35,9,31
22,62,96,31
23,77,77,31
24,75,33,31
25,25,83,31
26,47,4,31
27,31,30,31
28,16,63,31
29,19,15,31
30,6,58,31
31,12,39,31
32,23,64,31
33,20,27,31
34,25,26,31
35,66,22,31
36,98,13,31
37,32,80,31
38,61,98,31
39,22,89,31
40,1,41,31
41,6,38,31
42,64,21,31
43,88,4,31
44,47,82,31
45,77,58,31
46,8,95,31
47,79,43,31
48,14,96,31
49,4,66,31
50,23,55,31
51,0,19,31
52,78,55,31
53,50,69,31
54,32,72,31
1,31,34,32
2,72,47,32
3,62,86,32
4,26,28,32
5,92,90,32
6,93,65,32
7,7,20,32
8,28,78,32
9,16,79,32
10,63,8,32
11,29,17,32
12,90,38,32
13,37,93,32
14,41,16,32
15,31,88,32
16,7,46,32
17,80,98,32
18,44,70,32
19,72,42,32
20,96,72,32
21,34,10,32
22,62,97,32
23,77,76,32
24,74,32,32
25,25,82,32
26,48,3,32
27,31,30,32
28,17,62,32
29,20,15,32
30,7,59,32
31,13,40,32
32,23,64,32
33,19,26,32
34,26,27,32
35,67,21,32
36,97,12,32
37,31,81,32
38,61,98,32
39,23,90,32
40,0,42,32
41,5,37,32
42,64,22,32
43,87,4,32
44,47,83,32
45,77,57,32
46,7,94,32
47,79,44,32
48,14,97,32
49,3,65,32
50,23,56,32
51,0,19,32
52,77,54,32
53,51,69,32
54,33,72,32
1,31,35,33
2,72,48,33
3,63,85,33
4,25,28,33
5,92,90,33
6,92,64,33
7,8,21,33
8,29,79,33
9,16,79,33
10,64,7,33
11,30,18,33
12,90,37,33
13,38,92,33
14,42,17,33
15,30,89,33
16,6,46,33
17,81,99,33
18,44,69,33
19,73,43,33
20,97,72,33
21,33,9,33
22,62,98,33
23,77,75,33
24,75,33,33
25,26,81,33
26,47,3,33
27,30,29,33
28,17,63,33
29,19,15,33
30,6,58,33
31,14,39,33
32,22,63,33
33,18,27,33
34,26,28,33
35,66,21,33
36,98,12,33
37,30,82,33
38,61,98,33
39,23,89,33
40,1,43,33
41,4,36,33
42,63,23,33
43,88,5,33
44,48,83,33
45,78,58,33
46,8,94,33
47,78,45,33
48,13,98,33
49,4,65,33
50,23,57,33
51,0,19,33
52,77,54,33
53,51,70,33
54,32,72,33
1,31,35,34
2,73,48,34
3,63,85,34
4,25,27,34
5,91,89,34
6,93,63,34
7,8,20,34
8,30,78,34
9,16,79,34
10,63,8,34
11,29,18,34
12,90,36,34
13,39,92,34
14,43,18,34
15,31,88,34
16,7,46,34
17,81,98,34
18,43,70,34
19,73,42,34
20,98,73,34
21,32,8,34
22,62,97,34
23,76,75,34
24,75,33,34
25,26,80,34
26,46,3,34
27,29,28,34
28,18,64,34
29,19,16,34
30,6,58,34
31,15,40,34
32,22,64,34
33,17,28,34
34,27,29,34
35,65,21,34
36,98,12,34
37,31,81,34
38,62,98,34
39,23,88,34
40,2,44,34
41,5,35,34
42,62,23,34
43,89,5,34
44,47,82,34
45,77,59,34
46,7,95,34
47,77,45,34
48,14,98,34
49,3,65,34
50,23,58,34
51,1,19,34
52,77,54,34
53,52,71,34
54,33,73,34
1,30,35,35
2,74,49,35
3,64,85,35
4,24,28,35
5,91,89,35
6,94,64,35
7,7,20,35
8,30,77,35
9,16,79,35
10,62,7,35
11,30,18,35
12,91,37,35
13,39,93,35
14,44,19,35
15,31,87,35
16,8,46,35
17,82,99,35
18,44,70,35
19,73,43,35
20,98,74,35
21,32,7,35
22,61,98,35
23,75,75,35
24,75,33,35
25,27,79,35
26,47,3,35
27,28,28,35
28,18,64,35
29,19,15,35
30,7,59,35
31,16,41,35
32,23,65,35
33,16,27,35
34,28,30,35
35,66,21,35
36,98,11,35
37,31,82,35
38,63,99,35
39,22,87,35
40,1,45,35
41,6,36,35
42,63,24,35
43,88,6,35
44,48,83,35
45,78,58,35
46,8,94,35
47,78,44,35
48,14,98,35
49,3,66,35
50,22,58,35
51,1,18,35
52,78,54,35
53,51,72,35
54,32,72,35
1,29,34,36
2,75,49,36
3,64,85,36
4,24,29,36
5,90,90,36
6,94,64,36
7,8,21,36
8,31,77,36
9,15,79,36
10,62,7,36
11,29,17,36
12,91,37,36
13,40,92,36
14,44,18,36
15,30,86,36
16,7,45,36
17,83,99,36
18,45,69,36
19,72,43,36
20,99,74,36
21,32,6,36
22,62,98,36
23,75,76,36
24,75,32,36
25,27,80,36
26,47,3,36
27,28,28,36
28,19,64,36
29,20,15,36
30,6,59,36
31,16,41,36
32,24,65,36
33,15,27,36
34,27,30,36
35,66,21,36
36,97,11,36
37,31,82,36
38,64,99,36
39,21,88,36
40,2,45,36
41,5,35,36
42,64,23,36
43,88,7,36
44,49,82,36
45,77,59,36
46,9,93,36
47,79,45,36
48,13,99,36
49,4,65,36
50,23,59,36
51,0,18,36
52,78,55,36
53,50,73,36
54,32,71,36
1,30,35,37
2,74,50,37
3,63,85,37
4,25,29,37
5,91,90,37
6,93,64,37
7,7,20,37
8,32,77,37
9,16,79,37
10,63,8,37
11,29,17,37
12,90,38,37
13,39,93,37
14,43,17,37
15,29,86,37
16,7,45,37
17,83,99,37
18,44,70,37
19,71,44,37
20,99,75,37
21,33,7,37
22,62,98,37
23,75,75,37
24,74,33,37
25,28,79,37
26,47,4,37
27,27,29,37
28,18,63,37
29,19,15,37
30,6,58,37
31,17,40,37
32,24,64,37
33,14,26,37
34,26,31,37
35,66,21,37
36,98,11,37
37,32,81,37
38,65,98,37
39,20,87,37
40,3,44,37
41,4,35,37
42,64,24,37
43,87,8,37
44,50,83,37
45,78,58,37
46,9,94,37
47,80,44,37
48,13,99,37
49,4,66,37
50,24,60,37
51,1,19,37
52,78,56,37
53,51,72,37
54,31,72,37
1,29,36,38
2,73,51,38
3,64,86,38
4,24,30,38
5,92,91,38
6,92,63,38
7,6,19,38
8,31,78,38
9,17,80,38
10,64,7,38
11,28,18,38
12,90,37,38
13,38,94,38
14,43,16,38
15,30,87,38
16,7,44,38
17,84,99,38
18,45,69,38
19,71,45,38
20,98,76,38
21,34,6,38
22,62,98,38
23,75,76,38
24,75,33,38
25,27,79,38
26,46,5,38
27,26,30,38
28,19,64,38
29,18,16,38
30,6,59,38
31,18,39,38
32,23,63,38
33,13,27,38
34,25,30,38
35,66,22,38
36,99,11,38
37,33,81,38
38,64,98,38
39,21,86,38
40,2,44,38
41,3,36,38
42,65,25,38
43,87,7,38
44,51,83,38
45,79,59,38
46,9,93,38
47,81,43,38
48,12,99,38
49,5,67,38
50,25,61,38
51,1,18,38
52,77,56,38
53,50,72,38
54,32,73,38
1,28,37,39
2,72,52,39
3,64,85,39
4,24,29,39
5,93,90,39
6,92,62,39
7,6,19,39
8,30,78,39
9,16,81,39
10,64,8,39
11,29,17,39
12,90,36,39
13,38,93,39
14,42,16,39
15,31,88,39
16,7,44,39
17,83,98,39
18,44,68,39
19,71,45,39
20,98,75,39
21,35,7,39
22,61,97,39
23,74,77,39
24,75,34,39
25,26,80,39
26,47,4,39
27,25,31,39
28,19,63,39
29,19,17,39
30,6,58,39
31,18,39,39
32,24,63,39
33,14,28,39
34,24,30,39
35,67,22,39
36,98,12,39
37,34,82,39
38,64,97,39
39,21,85,39
40,1,43,39
41,3,37,39
42,64,25,39
43,88,6,39
44,52,82,39
45,80,59,39
46,8,94,39
47,82,42,39
48,13,99,39
49,5,67,39
50,24,62,39
51,2,19,39
52,76,55,39
53,49,71,39
54,32,72,39
1,29,36,40
2,72,51,40
3,63,84,40
4,23,30,40
5,93,90,40
6,92,61,40
7,6,20,40
8,30,77,40
9,16,80,40
10,65,8,40
11,28,16,40
12,90,35,40
13,39,92,40
14,41,17,40
15,31,89,40
16,7,45,40
17,83,99,40
18,45,69,40
19,72,44,40
20,97,74,40
21,36,6,40
22,62,98,40
23,74,78,40
24,75,33,40
25,27,80,40
26,46,5,40
27,24,31,40
28,19,64,40
29,20,18,40
30,7,58,40
31,17,38,40
32,25,62,40
33,14,28,40
34,24,30,40
35,68,21,40
36,99,11,40
37,35,82,40
38,64,98,40
39,20,85,40
40,1,42,40
41,2,36,40
42,65,26,40
43,88,6,40
44,53,81,40
45,80,58,40
46,8,95,40
47,82,42,40
48,12,99,40
49,4,68,40
50,25,61,40
51,3,20,40
52,77,56,40
53,50,71,40
54,31,73,40
1,29,37,41
2,73,50,41
3,64,85,41
4,23,29,41
5,93,91,41
6,92,62,41
7,6,21,41
8,30,76,41
9,16,80,41
10,65,9,41
11,28,15,41
12,90,36,41
13,38,93,41
14,42,18,41
15,32,88,41
16,6,46,41
17,83,98,41
18,46,70,41
19,71,43,41
20,97,75,41
21,35,6,41
22,62,98,41
23,75,78,41
24,76,34,41
25,28,81,41
26,46,4,41
27,24,31,41
28,19,64,41
29,20,19,41
30,6,59,41
31,18,38,41
32,25,63,41
33,13,27,41
34,23,31,41
35,69,21,41
36,99,12,41
37,34,82,41
38,65,99,41
39,19,86,41
40,0,41,41
41,2,35,41
42,66,27,41
43,87,5,41
44,52,82,41
45,80,58,41
46,7,94,41
47,83,41,41
48,12,98,41
49,4,67,41
50,24,61,41
51,4,20,41
52,76,56,41
53,51,71,41
54,32,74,41
1,29,36,42
2,74,50,42
3,63,85,42
4,24,28,42
5,92,90,42
6,91,63,42
7,6,22,42
8,29,75,42
9,17,81,42
10,65,9,42
11,28,15,42
12,89,36,42
13,37,92,42
14,41,18,42
15,31,89,42
16,5,45,42
17,82,99,42
18,45,70,42
19,70,43,42
20,98,76,42
21,34,7,42
22,61,98,42
23,74,78,42
24,77,34,42
25,29,82,42
26,45,4,42
27,24,32,42
28,20,63,42
29,21,19,42
30,5,58,42
31,17,39,42
32,26,63,42
33,14,26,42
34,22,30,42
35,69,22,42
36,99,11,42
37,33,81,42
38,65,98,42
39,19,86,42
40,1,42,42
41,1,34,42
42,67,28,42
43,88,4,42
44,51,83,42
45,81,59,42
46,8,94,42
47,83,40,42
48,12,99,42
49,4,67,42
50,24,62,42
51,5,21,42
52,76,55,42
53,51,72,42
54,31,73,42
1,28,36,43
2,74,49,43
3,64,86,43
4,25,27,43
5,91,91,43
6,92,63,43
7,6,21,43
8,28,76,43
9,16,80,43
10,65,9,43
11,28,16,43
12,88,36,43
13,38,93,43
14,40,19,43
15,31,88,43
16,5,46,43
17,81,99,43
18,45,69,43
19,71,42,43
20,99,77,43
21,35,7,43
22,60,97,43
23,75,77,43
24,76,33,43
25,29,83,43
26,44,3,43
27,23,33,43
28,21,64,43
29,22,18,43
30,4,59,43
31,17,38,43
32,25,62,43
33,14,27,43
34,21,31,43
35,68,23,43
36,98,10,43
37,32,81,43
38,65,99,43
39,20,87,43
40,2,41,43
41,0,34,43
42,68,29,43
43,89,5,43
44,50,82,43
45,81,60,43
46,7,95,43
47,84,40,43
48,11,99,43
49,4,66,43
50,23,61,43
51,6,22,43
52,76,54,43
53,50,71,43
54,30,73,43
1,29,35,44
2,75,50,44
3,64,86,44
4,24,28,44
5,92,92,44
6,91,64,44
7,7,20,44
8,28,75,44
9,17,81,44
10,65,8,44
11,29,16,44
12,88,37,44
13,39,94,44
14,39,18,44
15,30,87,44
16,4,46,44
17,81,99,44
18,45,70,44
19,71,41,44
20,98,77,44
21,36,7,44
22,59,98,44
23,76,76,44
24,75,34,44
25,28,84,44
26,45,3,44
27,22,33,44
28,22,64,44
29,23,18,44
30,3,58,44
31,17,39,44
32,24,61,44
33,14,27,44
34,21,30,44
35,68,23,44
36,99,9,44
37,31,80,44
38,66,99,44
39,19,87,44
40,1,40,44
41,0,35,44
42,67,29,44
43,90,4,44
44,51,83,44
45,80,59,44
46,8,95,44
47,85,40,44
48,11,98,44
49,4,66,44
50,23,60,44
51,6,21,44
52,77,53,44
53,50,70,44
54,29,72,44
1,30,36,45
2,76,50,45
3,64,85,45
4,23,29,45
5,93,91,45
6,90,65,45
7,6,20,45
8,27,76,45
9,16,82,45
10,64,7,45
11,28,17,45
12,87,36,45
13,40,94,45
14,40,17,45
15,30,87,45
16,4,45,45
17,82,99,45
18,45,70,45
19,72,41,45
20,99,78,45
21,36,6,45
22,59,99,45
23,77,76,45
24,76,35,45
25,27,84,45
26,45,3,45
27,22,32,45
28,21,65,45
29,23,17,45
30,2,57,45
31,17,40,45
32,22,61,45
33,13,27,45
34,20,30,45
35,68,23,45
36,99,10,45
37,31,80,45
38,66,98,45
39,20,86,45
40,0,39,45
41,1,36,45
42,66,29,45
43,91,4,45
44,51,84,45
45,80,58,45
46,9,95,45
47,86,41,45
48,11,98,45
49,5,66,45
50,23,59,45
51,5,21,45
52,78,54,45
53,49,71,45
54,30,71,45
1,29,35,46
2,75,49,46
3,64,84,46
4,24,30,46
5,94,92,46
6,90,65,46
7,6,19,46
8,27,77,46
9,17,82,46
10,65,7,46
11,29,17,46
12,88,35,46
13,41,95,46
14,39,17,46
15,30,87,46
16,5,44,46
17,81,99,46
18,45,71,46
19,72,41,46
20,99,79,46
21,35,5,46
22,60,98,46
23,76,75,46
24,75,36,46
25,28,84,46
26,45,4,46
27,21,31,46
28,20,64,46
29,23,17,46
30,3,56,46
31,18,41,46
32,21,60,46
33,13,26,46
34,21,29,46
35,67,22,46
36,99,10,46
37,30,81,46
38,66,97,46
39,20,85,46
40,0,40,46
41,2,35,46
42,65,30,46
43,90,3,46
44,50,83,46
45,79,58,46
46,9,95,46
47,87,42,46
48,10,97,46
49,4,67,46
50,22,58,46
51,4,22,46
52,77,55,46
53,50,71,46
54,30,72,46
1,28,36,47
2,74,50,47
3,64,85,47
4,24,30,47
5,93,92,47
6,91,66,47
7,5,20,47
8,28,78,47
9,17,81,47
10,66,8,47
11,28,17,47
12,87,35,47
13,42,95,47
14,38,17,47
15,31,88,47
16,6,44,47
17,80,98,47
18,46,71,47
19,71,42,47
20,99,80,47
21,35,4,47
22,60,98,47
23,75,75,47
24,75,35,47
25,28,84,47
26,46,4,47
27,22,30,47
28,20,64,47
29,23,18,47
30,4,55,47
31,18,42,47
32,22,60,47
33,12,27,47
34,22,29,47
35,68,22,47
36,98,10,47
37,30,80,47
38,65,98,47
39,19,86,47
40,0,39,47
41,2,36,47
42,64,30,47
43,90,3,47
44,49,82,47
45,78,58,47
46,8,96,47
47,86,43,47
48,9,97,47
49,5,68,47
50,22,58,47
51,3,22,47
52,77,54,47
53,51,72,47
54,29,73,47
1,27,37,48
2,75,50,48
3,64,85,48
4,24,29,48
5,93,91,48
6,90,67,48
7,6,19,48
8,29,77,48
9,16,81,48
10,66,8,48
11,29,17,48
12,88,35,48
13,41,96,48
14,39,18,48
15,31,88,48
16,7,43,48
17,81,98,48
18,46,70,48
19,72,42,48
20,98,81,48
21,36,3,48
22,60,99,48
23,74,75,48
24,76,36,48
25,29,83,48
26,47,3,48
27,21,30,48
28,21,63,48
29,22,18,48
30,5,54,48
31,18,41,48
32,21,59,48
33,11,28,48
34,22,28,48
35,69,22,48
36,97,9,48
37,30,79,48
38,66,99,48
39,18,86,48
40,0,40,48
41,3,36,48
42,64,30,48
43,89,3,48
44,48,82,48
45,78,59,48
46,8,95,48
47,86,42,48
48,9,96,48
49,5,67,48
50,23,59,48
51,3,23,48
52,78,53,48
53,52,73,48
54,29,73,48
1,26,36,49
2,76,49,49
3,64,84,49
4,23,28,49
5,93,92,49
6,91,68,49
7,6,19,49
8,30,76,49
9,17,82,49
10,67,7,49
11,28,16,49
12,89,35,49
13,40,95,49
14,38,19,49
15,30,89,49
16,6,43,49
17,81,97,49
18,45,70,49
19,73,42,49
20,97,81,49
21,36,3,49
22,61,99,49
23,73,76,49
24,75,37,49
25,28,83,49
26,47,3,49
27,20,30,49
28,22,62,49
29,23,18,49
30,5,55,49
31,18,40,49
32,21,60,49
33,10,29,49
34,24,29,49
35,70,21,49
36,97,9,49
37,30,80,49
38,66,98,49
39,19,87,49
40,1,40,49
41,4,36,49
42,65,31,49
43,89,3,49
44,49,81,49
45,79,58,49
46,9,94,49
47,87,42,49
48,8,97,49
49,4,68,49
50,23,58,49
51,4,24,49
52,78,52,49
53,51,72,49
54,29,74,49
1,25,37,50
2,76,49,50
3,63,84,50
4,22,27,50
5,93,93,50
6,90,68,50
7,6,20,50
8,29,76,50
9,17,82,50
10,67,8,50
11,27,15,50
12,90,34,50
13,40,94,50
14,37,20,50
15,31,89,50
16,6,42,50
17,81,98,50
18,45,70,50
19,73,43,50
20,98,80,50
21,37,4,50
22,61,98,50
23,74,75,50
24,76,36,50
25,29,84,50
26,48,2,50
27,20,31,50
28,22,61,50
29,23,17,50
30,4,56,50
31,17,40,50
32,21,60,50
33,11,28,50
34,24,30,50
35,69,22,50
36,96,9,50
37,29,79,50
38,65,97,50
39,19,87,50
40,0,39,50
41,3,36,50
42,64,31,50
43,90,4,50
44,50,81,50
45,78,58,50
46,9,95,50
47,86,42,50
48,9,96,50
49,3,67,50
50,24,58,50
51,4,25,50
52,78,52,50
53,50,73,50
54,30,75,50
1,25,38,51
2,77,49,51
3,62,84,51
4,23,27,51
5,93,94,51
6,89,69,51
7,5,20,51
8,28,75,51
9,16,81,51
10,66,8,51
11,27,14,51
12,91,35,51
13,40,93,51
14,38,20,51
15,32,89,51
16,7,41,51
17,82,98,51
18,44,69,51
19,73,44,51
20,98,80,51
21,36,4,51
22,61,99,51
23,74,74,51
24,75,35,51
25,29,84,51
26,47,2,51
27,19,31,51
28,20,59,51
29,23,16,51
30,4,56,51
31,16,41,51
32,21,60,51
33,10,28,51
34,24,29,51
35,68,22,51
36,96,8,51
37,29,80,51
38,66,96,51
39,19,87,51
40,0,38,51
41,2,36,51
42,63,31,51
43,90,3,51
44,51,81,51
45,79,58,51
46,8,95,51
47,85,41,51
48,8,97,51
49,2,66,51
50,23,58,51
51,3,24,51
52,79,53,51
53,49,73,51
54,31,75,51
1,25,37,52
2,76,49,52
3,63,84,52
4,23,28,52
5,94,93,52
6,88,68,52
7,4,19,52
8,29,76,52
9,16,82,52
10,67,7,52
11,27,13,52
12,91,35,52
13,40,93,52
14,38,19,52
15,33,88,52
16,6,41,52
17,83,99,52
18,43,68,52
19,72,44,52
20,98,79,52
21,37,4,52
22,60,99,52
23,75,75,52
24,75,34,52
25,30,84,52
26,46,1,52
27,18,32,52
28,19,60,52
29,23,17,52
30,3,57,52
31,15,40,52
32,20,60,52
33,10,28,52
34,24,30,52
35,68,21,52
36,96,8,52
37,30,81,52
38,67,95,52
39,19,88,52
40,1,38,52
41,2,37,52
42,64,32,52
43,91,2,52
44,51,81,52
45,80,59,52
46,8,94,52
47,86,42,52
48,7,97,52
49,2,65,52
50,22,59,52
51,3,25,52
52,79,53,52
53,49,72,52
54,32,74,52
1,25,37,53
2,77,48,53
3,62,83,53
4,22,27,53
5,93,93,53
6,88,68,53
7,5,18,53
8,28,75,53
9,16,83,53
10,67,8,53
11,28,13,53
12,90,34,53
13,39,94,53
14,39,18,53
15,33,88,53
16,7,42,53
17,83,98,53
18,42,69,53
19,72,44,53
20,97,80,53
21,36,5,53
22,60,99,53
23,75,74,53
24,76,34,53
25,29,83,53
26,45,0,53
27,19,32,53
28,20,61,53
29,24,16,53
30,2,58,53
31,16,41,53
32,20,59,53
33,11,27,53
34,24,31,53
35,69,21,53
36,96,9,53
37,31,82,53
38,68,95,53
39,20,87,53
40,1,39,53
41,2,36,53
42,65,31,53
43,90,1,53
44,51,82,53
45,81,60,53
46,8,93,53
47,87,43,53
48,8,98,53
49,1,64,53
50,22,58,53
51,3,25,53
52,80,53,53
53,48,71,53
54,33,73,53
1,26,38,54
2,76,47,54
3,61,82,54
4,21,26,54
5,94,93,54
6,87,69,54
7,6,18,54
8,28,74,54
9,15,82,54
10,66,8,54
11,28,12,54
12,89,34,54
13,38,94,54
14,38,19,54
15,33,88,54
16,6,42,54
17,84,99,54
18,42,69,54
19,73,44,54
20,97,80,54
21,37,4,54
22,60,99,54
23,75,75,54
24,76,35,54
25,29,82,54
26,44,0,54
27,19,32,54
28,21,60,54
29,24,17,54
30,1,59,54
31,16,41,54
32,20,58,54
33,11,26,54
34,24,32,54
35,68,22,54
36,96,9,54
37,32,83,54
38,68,96,54
39,20,87,54
40,1,39,54
41,2,36,54
42,65,32,54
43,89,2,54
44,52,82,54
45,82,61,54
46,9,93,54
47,86,43,54
48,8,98,54
49,0,64,54
50,23,59,54
51,4,25,54
52,80,53,54
53,48,72,54
54,33,73,54
1,25,39,55
2,77,46,55
3,60,82,55
4,21,26,55
5,93,92,55
6,88,69,55
7,5,17,55
8,28,75,55
9,14,81,55
10,67,9,55
11,29,13,55
12,89,34,55
13,37,94,55
14,38,20,55
15,32,87,55
16,5,41,55
17,83,98,55
18,41,70,55
19,74,44,55
20,98,81,55
21,36,3,55
22,59,99,55
23,75,75,55
24,77,34,55
25,29,82,55
26,43,0,55
27,19,31,55
28,20,59,55
29,23,17,55
30,1,59,55
31,17,41,55
32,19,59,55
33,11,26,55
34,25,31,55
35,69,22,55
36,96,9,55
37,31,82,55
38,67,97,55
39,19,88,55
40,0,39,55
41,2,37,55
42,66,33,55
43,88,3,55
44,51,82,55
45,81,61,55
46,10,92,55
47,85,44,55
48,7,97,55
49,0,65,55
50,24,60,55
51,4,25,55
52,80,52,55
53,49,71,55
54,32,73,55
1,25,38,56
2,78,45,56
3,59,83,56
4,20,27,56
5,92,93,56
6,89,68,56
7,4,16,56
8,29,74,56
9,15,82,56
10,66,10,56
11,29,13,56
12,89,33,56
13,36,93,56
14,38,20,56
15,32,86,56
16,4,40,56
17,82,99,56
18,40,70,56
19,74,43,56
20,98,82,56
21,36,2,56
22,58,99,56
23,75,76,56
24,78,35,56
25,29,83,56
26,42,0,56
27,19,31,56
28,18,60,56
29,24,16,56
30,2,60,56
31,16,41,56
32,19,60,56
33,12,25,56
34,26,32,56
35,68,23,56
36,97,10,56
37,32,81,56
38,68,96,56
39,18,89,56
40,1,38,56
41,3,36,56
42,66,34,56
43,88,4,56
44,52,82,56
45,81,60,56
46,11,91,56
47,86,44,56
48,7,98,56
49,1,65,56
50,24,60,56
51,5,25,56
52,80,53,56
53,48,70,56
54,33,73,56
1,24,37,57
2,77,46,57
3,58,84,57
4,21,27,57
5,92,93,57
6,90,69,57
7,5,17,57
8,28,74,57
9,15,82,57
10,66,11,57
11,28,12,57
12,88,34,57
13,35,94,57
14,37,21,57
15,33,85,57
16,5,41,57
17,81,98,57
18,41,70,57
19,73,42,57
20,99,82,57
21,36,1,57
22,59,99,57
23,75,75,57
24,79,36,57
25,30,83,57
26,41,1,57
27,18,30,57
28,19,59,57
29,23,17,57
30,1,60,57
31,15,40,57
32,20,61,57
33,13,25,57
34,25,33,57
35,68,22,57
36,96,11,57
37,31,80,57
38,67,97,57
39,19,89,57
40,1,38,57
41,4,35,57
42,67,34,57
43,88,4,57
44,53,83,57
45,80,60,57
46,10,91,57
47,85,45,57
48,6,99,57
49,2,66,57
50,23,61,57
51,4,25,57
52,80,53,57
53,49,69,57
54,32,73,57
1,23,38,58
2,76,47,58
3,58,85,58
4,20,28,58
5,93,92,58
6,91,69,58
7,6,17,58
8,29,75,58
9,15,82,58
10,67,12,58
11,27,13,58
12,89,34,58
13,35,95,58
14,36,22,58
15,33,85,58
16,6,40,58
17,81,97,58
18,40,69,58
19,74,41,58
20,98,83,58
21,37,1,58
22,60,99,58
23,75,74,58
24,79,37,58
25,30,84,58
26,42,2,58
27,19,30,58
28,18,60,58
29,22,16,58
30,2,59,58
31,14,40,58
32,19,61,58
33,13,26,58
34,26,33,58
35,67,21,58
36,95,10,58
37,31,81,58
38,67,96,58
39,20,90,58
40,2,39,58
41,5,34,58
42,66,35,58
43,87,4,58
44,54,82,58
45,80,60,58
46,9,92,58
47,84,44,58
48,7,99,58
49,3,65,58
50,23,62,58
51,4,26,58
52,79,52,58
53,48,68,58
54,32,72,58
1,23,39,59
2,75,48,59
3,58,85,59
4,20,29,59
5,92,93,59
6,92,70,59
7,5,16,59
8,30,75,59
9,14,81,59
10,66,13,59
11,26,12,59
12,90,35,59
13,36,96,59
14,36,21,59
15,33,85,59
16,5,41,59
17,81,98,59
18,41,68,59
19,75,40,59
20,98,84,59
21,36,1,59
22,59,98,59
23,74,73,59
24,80,38,59
25,29,83,59
26,41,1,59
27,18,29,59
28,19,60,59
29,23,15,59
30,3,59,59
31,14,39,59
32,18,60,59
33,14,27,59
34,25,32,59
35,68,22,59
36,94,10,59
37,31,80,59
38,66,97,59
39,19,90,59
40,2,38,59
41,5,35,59
42,66,34,59
43,86,5,59
44,55,81,59
45,79,59,59
46,9,93,59
47,83,45,59
48,7,99,59
49,2,66,59
50,24,61,59
51,5,27,59
52,78,52,59
53,49,68,59
54,32,72,59
1,23,40,60
2,76,48,60
3,59,84,60
4,20,28,60
5,92,92,60
6,91,69,60
7,4,15,60
8,31,75,60
9,14,80,60
10,67,12,60
11,25,13,60
12,90,36,60
13,37,97,60
14,35,21,60
15,34,84,60
16,6,42,60
17,80,97,60
18,42,69,60
19,74,41,60
20,98,85,60
21,35,2,60
22,60,99,60
23,74,74,60
24,79,37,60
25,28,84,60
26,40,2,60
27,18,29,60
28,20,60,60
29,22,14,60
30,4,58,60
31,13,39,60
32,19,61,60
33,13,27,60
34,24,31,60
35,69,22,60
36,95,11,60
37,32,79,60
38,67,96,60
39,18,91,60
40,3,38,60
41,4,34,60
42,65,34,60
43,87,6,60
44,55,81,60
45,80,60,60
46,10,94,60
47,82,45,60
48,6,99,60
49,3,67,60
50,25,60,60
51,4,26,60
52,78,51,60
53,49,69,60
54,31,73,60
1,23,39,61
2,75,48,61
3,58,84,61
4,19,27,61
5,92,93,61
6,91,70,61
7,5,15,61
8,32,76,61
9,14,79,61
10,68,11,61
11,24,12,61
12,89,36,61
13,38,96,61
14,35,20,61
15,34,83,61
16,7,41,61
17,80,96,61
18,41,69,61
19,75,42,61
20,99,86,61
21,35,1,61
22,61,99,61
23,73,73,61
24,79,38,61
25,28,83,61
26,41,1,61
27,18,29,61
28,20,60,61
29,22,15,61
30,4,59,61
31,14,38,61
32,19,62,61
33,13,27,61
34,24,32,61
35,68,21,61
36,94,12,61
37,33,79,61
38,66,97,61
39,17,91,61
40,3,38,61
41,4,34,61
42,65,34,61
43,87,6,61
44,55,80,61
45,79,60,61
46,9,95,61
47,83,45,61
48,7,98,61
49,2,67,61
50,24,59,61
51,4,27,61
52,77,50,61
53,50,69,61
54,31,73,61
1,22,38,62
2,75,47,62
3,58,84,62
4,18,26,62
5,93,93,62
6,92,71,62
7,5,14,62
8,32,75,62
9,15,78,62
10,67,10,62
11,25,13,62
12,89,37,62
13,39,96,62
14,35,20,62
15,35,84,62
16,7,41,62
17,79,95,62
18,42,68,62
19,74,42,62
20,98,87,62
21,34,1,62
22,62,98,62
23,74,73,62
24,79,39,62
25,29,83,62
26,40,1,62
27,17,28,62
28,21,60,62
29,21,14,62
30,5,60,62
31,14,38,62
32,20,61,62
33,13,27,62
34,25,32,62
35,69,20,62
36,94,13,62
37,33,80,62
38,67,96,62
39,18,92,62
40,3,37,62
41,4,34,62
42,66,34,62
43,88,6,62
44,55,80,62
45,80,60,62
46,8,95,62
47,82,44,62
48,6,98,62
49,3,67,62
50,24,58,62
51,4,26,62
52,76,49,62
53,51,70,62
54,30,72,62
1,22,38,63
2,76,47,63
3,58,85,63
4,19,25,63
5,94,93,63
6,92,71,63
7,5,15,63
8,32,76,63
9,16,78,63
10,67,11,63
11,24,14,63
12,89,36,63
13,39,95,63
14,35,20,63
15,35,85,63
16,7,40,63
17,78,96,63
18,43,67,63
19,74,41,63
20,98,88,63
21,33,2,63
22,62,99,63
23,73,72,63
24,80,39,63
25,29,84,63
26,41,1,63
27,16,27,63
28,20,59,63
29,21,14,63
30,5,59,63
31,15,37,63
32,21,61,63
33,13,26,63
34,26,31,63
35,68,21,63
36,94,12,63
37,33,80,63
38,67,95,63
39,17,93,63
40,3,37,63
41,3,33,63
42,65,33,63
43,88,7,63
44,55,79,63
45,79,59,63
46,8,94,63
47,81,43,63
48,6,98,63
49,3,67,63
50,24,58,63
51,5,27,63
52,77,50,63
53,50,71,63
54,31,71,63
1,22,39,64
2,75,47,64
3,59,86,64
4,19,24,64
5,95,93,64
6,92,71,64
7,4,16,64
8,33,77,64
9,15,78,64
10,66,12,64
11,23,14,64
12,89,36,64
13,39,96,64
14,34,21,64
15,35,85,64
16,6,41,64
17,77,97,64
18,43,67,64
19,74,40,64
20,97,88,64
21,34,1,64
22,62,98,64
23,72,72,64
24,81,39,64
25,28,84,64
26,40,2,64
27,15,28,64
28,21,60,64
29,21,15,64
30,4,59,64
31,14,36,64
32,22,62,64
33,13,25,64
34,27,31,64
35,69,22,64
36,93,13,64
37,34,81,64
38,66,95,64
39,18,94,64
40,2,36,64
41,4,34,64
42,64,33,64
43,88,8,64
44,54,79,64
45,79,59,64
46,9,95,64
47,81,42,64
48,6,99,64
49,3,68,64
50,25,59,64
51,4,28,64
52,76,50,64
53,51,71,64
54,30,72,64
1,21,39,65
2,74,47,65
3,60,85,65
4,18,24,65
5,95,92,65
6,92,70,65
7,3,17,65
8,32,76,65
9,15,78,65
10,66,12,65
11,24,13,65
12,88,35,65
13,38,95,65
14,34,21,65
15,34,86,65
16,6,40,65
17,77,97,65
18,44,68,65
19,75,39,65
20,98,89,65
21,34,1,65
22,61,99,65
23,72,72,65
24,80,40,65
25,29,83,65
26,40,2,65
27,14,27,65
28,21,59,65
29,20,16,65
30,4,59,65
31,13,37,65
32,21,63,65
33,12,24,65
34,27,31,65
35,70,21,65
36,92,12,65
37,33,81,65
38,67,95,65
39,18,94,65
40,2,35,65
41,3,34,65
42,65,32,65
43,89,9,65
44,54,78,65
45,80,60,65
46,8,94,65
47,81,43,65
48,5,98,65
49,2,68,65
50,25,58,65
51,5,29,65
52,76,51,65
53,51,70,65
54,30,73,65
1,22,38,66
2,74,47,66
3,60,85,66
4,19,24,66
5,95,91,66
6,93,71,66
7,3,17,66
8,31,76,66
9,14,77,66
10,65,11,66
11,25,12,66
12,88,35,66
13,38,94,66
14,34,21,66
15,35,86,66
16,7,41,66
17,78,96,66
18,43,69,66
19,76,39,66
20,99,89,66
21,34,2,66
22,60,99,66
23,73,72,66
24,79,39,66
25,28,83,66
26,40,3,66
27,13,26,66
28,22,60,66
29,21,15,66
30,4,59,66
31,12,38,66
32,22,63,66
33,13,24,66
34,26,31,66
35,70,20,66
36,93,13,66
37,34,82,66
38,67,95,66
39,18,94,66
40,2,34,66
41,4,35,66
42,66,33,66
43,88,8,66
44,54,79,66
45,79,59,66
46,8,95,66
47,80,43,66
48,4,97,66
49,3,68,66
50,26,59,66
51,5,28,66
52,75,52,66
53,50,70,66
54,29,73,66
1,23,38,67
2,73,48,67
3,61,85,67
4,19,25,67
5,95,90,67
6,94,72,67
7,2,18,67
8,32,75,67
9,14,77,67
10,66,11,67
11,24,12,67
12,87,34,67
13,38,94,67
14,34,22,67
15,34,85,67
16,7,41,67
17,79,95,67
18,43,70,67
19,75,39,67
20,99,90,67
21,35,2,67
22,59,99,67
23,73,72,67
24,80,39,67
25,29,82,67
26,41,4,67
27,13,27,67
28,22,59,67
29,22,14,67
30,4,58,67
31,11,37,67
32,21,64,67
33,13,23,67
34,26,30,67
35,70,19,67
36,92,12,67
37,33,81,67
38,68,94,67
39,17,94,67
40,3,34,67
41,4,34,67
42,65,32,67
43,89,8,67
44,54,80,67
45,78,59,67
46,7,95,67
47,80,44,67
48,5,97,67
49,2,69,67
50,27,60,67
51,6,29,67
52,75,52,67
53,51,69,67
54,29,74,67
1,22,39,68
2,73,48,68
3,61,85,68
4,18,24,68
5,94,89,68
6,94,71,68
7,3,17,68
8,32,76,68
9,15,78,68
10,67,10,68
11,24,12,68
12,87,35,68
13,38,94,68
14,34,22,68
15,35,86,68
16,6,40,68
17,80,95,68
18,44,70,68
19,75,38,68
20,98,89,68
21,36,3,68
22,59,99,68
23,73,72,68
24,80,38,68
25,28,83,68
26,41,3,68
27,14,26,68
28,22,59,68
29,22,14,68
30,3,57,68
31,12,37,68
32,20,63,68
33,14,24,68
34,25,29,68
35,69,20,68
36,93,11,68
37,34,82,68
38,68,95,68
39,17,93,68
40,4,33,68
41,4,34,68
42,66,31,68
43,88,9,68
44,54,79,68
45,77,59,68
46,6,95,68
47,80,45,68
48,4,96,68
49,3,70,68
50,27,61,68
51,5,29,68
52,75,51,68
53,51,69,68
54,29,73,68
1,21,38,69
2,73,49,69
3,61,84,69
4,17,24,69
5,94,90,69
6,94,72,69
7,4,16,69
8,32,75,69
9,15,78,69
10,67,9,69
11,24,11,69
12,87,34,69
13,39,94,69
14,35,21,69
15,36,87,69
16,6,41,69
17,80,95,69
18,43,71,69
19,75,38,69
20,98,90,69
21,36,2,69
22,58,98,69
23,72,71,69
24,79,38,69
25,28,82,69
26,40,2,69
27,13,25,69
28,22,60,69
29,21,15,69
30,2,57,69
31,11,38,69
32,19,62,69
33,15,24,69
34,24,28,69
35,69,20,69
36,92,10,69
37,33,82,69
38,67,96,69
39,16,93,69
40,5,34,69
41,4,33,69
42,66,30,69
43,89,8,69
44,54,78,69
45,77,60,69
46,6,96,69
47,79,45,69
48,5,96,69
49,3,69,69
50,27,62,69
51,6,28,69
52,76,51,69
53,50,69,69
54,28,72,69
1,22,39,70
2,74,50,70
3,60,85,70
4,16,25,70
5,94,91,70
6,94,72,70
7,4,15,70
8,33,76,70
9,16,77,70
10,67,9,70
11,24,12,70
12,88,34,70
13,39,94,70
14,35,21,70
15,37,87,70
16,5,41,70
17,79,95,70
18,43,72,70
19,74,39,70
20,99,90,70
21,36,2,70
22,57,98,70
23,72,70,70
24,80,39,70
25,29,82,70
26,39,2,70
27,12,25,70
28,21,60,70
29,21,14,70
30,1,56,70
31,12,37,70
32,18,62,70
33,15,23,70
34,25,29,70
35,70,20,70
36,91,9,70
37,33,83,70
38,66,97,70
39,15,94,70
40,6,35,70
41,3,32,70
42,65,31,70
43,90,7,70
44,55,77,70
45,77,60,70
46,5,95,70
47,80,45,70
48,6,96,70
49,2,68,70
50,27,63,70
51,5,29,70
52,77,50,70
53,49,68,70
54,29,72,70
1,22,40,71
2,73,49,71
3,60,86,71
4,16,24,71
5,94,91,71
6,93,73,71
7,4,15,71
8,34,75,71
9,17,76,71
10,68,8,71
11,25,11,71
12,89,33,71
13,38,95,71
14,36,21,71
15,38,88,71
16,5,41,71
17,80,95,71
18,44,71,71
19,74,38,71
20,99,91,71
21,36,2,71
22,56,98,71
23,73,69,71
24,80,40,71
25,30,82,71
26,39,3,71
27,13,24,71
28,20,61,71
29,20,14,71
30,0,56,71
31,11,36,71
32,19,61,71
33,14,23,71
34,24,30,71
35,70,19,71
36,91,9,71
37,32,83,71
38,67,96,71
39,14,95,71
40,6,36,71
41,3,32,71
42,64,30,71
43,90,6,71
44,54,77,71
45,76,60,71
46,6,94,71
47,81,45,71
48,7,95,71
49,2,69,71
50,27,63,71
51,4,28,71
52,78,50,71
53,48,69,71
54,30,73,71
1,22,41,72
2,73,49,72
3,59,87,72
4,16,25,72
5,94,92,72
6,93,73,72
7,3,15,72
8,33,75,72
9,17,77,72
10,68,9,72
11,26,12,72
12,88,33,72
13,39,95,72
14,35,21,72
15,39,88,72
16,6,41,72
17,81,96,72
18,43,70,72
19,73,39,72
20,98,91,72
21,35,2,72
22,56,99,72
23,72,70,72
24,80,39,72
25,29,82,72
26,40,3,72
27,12,24,72
28,18,62,72
29,19,15,72
30,0,57,72
31,10,37,72
32,19,60,72
33,13,23,72
34,23,29,72
35,71,18,72
36,92,10,72
37,31,84,72
38,66,96,72
39,13,96,72
40,5,36,72
41,2,33,72
42,65,31,72
43,89,7,72
44,54,76,72
45,77,61,72
46,7,94,72
47,80,46,72
48,7,95,72
49,3,70,72
50,26,63,72
51,3,27,72
52,79,51,72
53,49,68,72
54,30,74,72
1,23,41,73
2,73,48,73
3,59,86,73
4,15,26,73
5,94,91,73
6,93,73,73
7,3,16,73
8,33,74,73
9,17,78,73
10,68,10,73
11,27,12,73
12,89,33,73
13,39,95,73
14,34,21,73
15,39,87,73
16,5,41,73
17,82,97,73
18,43,71,73
19,72,39,73
20,99,92,73
21,36,3,73
22,56,98,73
23,71,71,73
24,81,40,73
25,29,83,73
26,39,3,73
27,13,24,73
28,17,61,73
29,18,15,73
30,1,56,73
31,9,36,73
32,18,59,73
33,12,22,73
34,22,30,73
35,71,17,73
36,91,11,73
37,31,85,73
38,66,96,73
39,14,96,73
40,6,36,73
41,2,34,73
42,65,31,73
43,90,6,73
44,54,75,73
45,76,60,73
46,7,93,73
47,79,45,73
48,8,96,73
49,2,70,73
50,27,62,73
51,2,28,73
52,79,51,73
53,48,68,73
54,29,73,73
1,23,42,74
2,73,47,74
3,59,86,74
4,16,27,74
5,93,91,74
6,93,72,74
7,3,16,74
8,32,75,74
9,16,77,74
10,67,10,74
11,26,11,74
12,90,33,74
13,39,94,74
14,33,20,74
15,39,86,74
16,5,42,74
17,82,97,74
18,43,71,74
19,71,40,74
20,99,93,74
21,37,3,74
22,57,97,74
23,71,71,74
24,81,40,74
25,28,83,74
26,39,2,74
27,14,23,74
28,17,62,74
29,17,15,74
30,0,57,74
31,10,36,74
32,18,60,74
33,13,21,74
34,21,31,74
35,70,18,74
36,91,10,74
37,32,86,74
38,67,95,74
39,15,97,74
40,7,37,74
41,3,34,74
42,64,30,74
43,90,7,74
44,53,74,74
45,77,61,74
46,6,92,74
47,80,44,74
48,7,96,74
49,2,71,74
50,28,63,74
51,1,28,74
52,78,51,74
53,48,67,74
54,29,73,74
1,24,43,75
2,74,46,75
3,58,87,75
4,16,26,75
5,94,91,75
6,94,72,75
7,3,17,75
8,31,75,75
9,16,76,75
10,68,10,75
11,25,11,75
12,90,32,75
13,40,95,75
14,33,20,75
15,38,86,75
16,6,41,75
17,83,96,75
18,42,72,75
19,70,40,75
20,98,92,75
21,36,4,75
22,56,98,75
23,70,70,75
24,82,41,75
25,29,84,75
26,40,3,75
27,13,23,75
28,17,62,75
29,18,15,75
30,1,57,75
31,10,35,75
32,17,61,75
33,12,20,75
34,22,32,75
35,71,17,75
36,90,10,75
37,31,87,75
38,68,95,75
39,16,97,75
40,8,38,75
41,3,35,75
42,64,30,75
43,89,8,75
44,53,73,75
45,78,62,75
46,6,93,75
47,80,45,75
48,6,97,75
49,1,72,75
50,29,64,75
51,2,28,75
52,77,51,75
53,47,67,75
54,29,72,75
1,23,43,76
2,73,45,76
3,58,88,76
4,15,26,76
5,95,91,76
6,94,72,76
7,4,18,76
8,30,74,76
9,15,77,76
10,68,10,76
11,26,12,76
12,89,31,76
13,40,95,76
14,32,19,76
15,37,85,76
16,6,42,76
17,83,96,76
18,43,73,76
19,69,40,76
20,98,93,76
21,37,3,76
22,55,97,76
23,70,71,76
24,81,42,76
25,28,85,76
26,39,2,76
27,13,23,76
28,18,62,76
29,17,15,76
30,0,58,76
31,10,36,76
32,16,62,76
33,11,20,76
34,22,33,76
35,71,16,76
36,91,10,76
37,31,86,76
38,67,95,76
39,17,98,76
40,8,38,76
41,3,34,76
42,64,31,76
43,90,8,76
44,52,73,76
45,78,62,76
46,6,92,76
47,81,44,76
48,7,97,76
49,0,72,76
50,30,65,76
51,1,27,76
52,77,52,76
53,48,67,76
54,29,73,76
1,23,44,77
2,73,45,77
3,58,88,77
4,14,25,77
5,94,90,77
6,94,73,77
7,5,18,77
8,31,74,77
9,15,78,77
10,69,11,77
11,27,12,77
12,88,32,77
13,40,94,77
14,33,18,77
15,38,84,77
16,7,43,77
17,84,96,77
18,42,72,77
19,68,39,77
20,99,92,77
21,37,4,77
22,56,96,77
23,71,70,77
24,81,43,77
25,29,86,77
26,40,1,77
27,12,24,77
28,19,63,77
29,18,14,77
30,0,59,77
31,10,35,77
32,17,61,77
33,10,20,77
34,22,34,77
35,70,16,77
36,92,10,77
37,30,86,77
38,66,94,77
39,17,99,77
40,8,37,77
41,2,33,77
42,63,31,77
43,91,7,77
44,52,72,77
45,78,63,77
46,7,92,77
47,80,44,77
48,7,97,77
49,0,72,77
50,30,64,77
51,0,28,77
52,76,51,77
53,49,67,77
54,28,74,77
1,22,44,78
2,72,45,78
3,58,87,78
4,15,25,78
5,95,91,78
6,94,73,78
7,5,19,78
8,31,75,78
9,14,77,78
10,69,11,78
11,27,12,78
12,89,31,78
13,39,95,78
14,33,19,78
15,39,83,78
16,8,42,78
17,85,96,78
18,41,73,78
19,67,40,78
20,98,92,78
21,38,3,78
22,56,96,78
23,71,69,78
24,80,45,78
25,28,86,78
26,40,2,78
27,12,25,78
28,20,62,78
29,19,14,78
30,1,58,78
31,9,36,78
32,17,62,78
33,10,20,78
34,22,35,78
35,71,16,78
36,92,9,78
37,31,86,78
38,65,94,78
39,17,99,78
40,8,36,78
41,1,34,78
42,64,30,78
43,91,8,78
44,53,72,78
45,79,63,78
46,6,93,78
47,79,45,78
48,8,97,78
49,0,72,78
50,30,64,78
51,1,28,78
52,76,52,78
53,48,66,78
54,29,73,78
1,21,45,79
2,71,46,79
3,57,88,79
4,16,24,79
5,95,91,79
6,93,72,79
7,5,19,79
8,32,76,79
9,14,76,79
10,69,10,79
11,26,13,79
12,88,32,79
13,40,95,79
14,33,20,79
15,38,83,79
16,9,42,79
17,86,96,79
18,40,73,79
19,67,40,79
20,99,91,79
21,39,2,79
22,57,95,79
23,72,68,79
24,79,44,79
25,28,85,79
26,41,1,79
27,12,24,79
28,19,62,79
29,20,14,79
30,0,59,79
31,8,35,79
32,18,63,79
33,9,21,79
34,21,36,79
35,71,15,79
36,93,10,79
37,30,87,79
38,65,93,79
39,16,98,79
40,9,35,79
41,2,33,79
42,65,30,79
43,91,7,79
44,53,72,79
45,78,63,79
46,6,93,79
47,80,46,79
48,9,97,79
49,0,73,79
50,30,65,79
51,2,29,79
52,76,52,79
53,47,65,79
54,28,72,79
1,20,46,80
2,72,46,80
3,57,88,80
4,16,25,80
5,95,91,80
6,93,72,80
7,6,19,80
8,32,77,80
9,14,77,80
10,68,11,80
11,27,12,80
12,88,32,80
13,40,96,80
14,33,21,80
15,39,83,80
16,10,41,80
17,85,95,80
18,41,72,80
19,67,39,80
20,99,92,80
21,39,3,80
22,58,95,80
23,72,68,80
24,80,45,80
25,27,84,80
26,42,1,80
27,13,25,80
28,18,61,80
29,20,13,80
30,0,59,80
31,7,36,80
32,19,62,80
33,10,21,80
34,22,36,80
35,72,16,80
36,93,9,80
37,29,86,80
38,65,92,80
39,17,98,80
40,10,35,80
41,3,33,80
42,66,29,80
43,91,8,80
44,54,73,80
45,79,62,80
46,7,94,80
47,81,44,80
48,9,96,80
49,0,74,80
50,30,64,80
51,3,29,80
52,76,53,80
53,46,66,80
54,27,72,80
1,20,46,81
2,73,45,81
3,57,89,81
4,15,24,81
5,94,90,81
6,94,71,81
7,6,19,81
8,33,77,81
9,14,76,81
10,68,12,81
11,27,12,81
12,89,31,81
13,40,97,81
14,34,22,81
15,40,83,81
16,9,41,81
17,84,96,81
18,41,72,81
19,66,39,81
20,98,92,81
21,39,3,81
22,57,95,81
23,73,67,81
24,79,45,81
25,27,84,81
26,43,0,81
27,12,24,81
28,18,62,81
29,21,12,81
30,1,59,81
31,8,36,81
32,19,62,81
33,10,20,81
34,21,37,81
35,73,16,81
36,94,8,81
37,30,86,81
38,65,92,81
39,17,97,81
40,11,34,81
41,2,33,81
42,65,28,81
43,90,8,81
44,53,72,81
45,78,61,81
46,8,94,81
47,82,45,81
48,9,95,81
49,1,73,81
50,31,64,81
51,3,29,81
52,76,53,81
53,46,67,81
54,26,72,81
1,20,47,82
2,73,44,82
3,57,89,82
4,14,25,82
5,95,89,82
6,93,72,82
7,7,19,82
8,34,78,82
9,15,76,82
10,67,12,82
11,28,12,82
12,89,32,82
13,40,98,82
14,35,21,82
15,40,82,82
16,9,40,82
17,84,96,82
18,41,73,82
19,65,40,82
20,98,91,82
21,38,2,82
22,56,95,82
23,72,68,82
24,79,46,82
25,26,83,82
26,44,1,82
27,11,24,82
28,19,61,82
29,20,13,82
30,0,58,82
31,7,36,82
32,18,63,82
33,11,19,82
34,22,38,82
35,74,15,82
36,95,7,82
37,31,85,82
38,66,93,82
39,16,98,82
40,12,34,82
41,3,33,82
42,65,27,82
43,90,7,82
44,54,72,82
45,79,60,82
46,8,96,82
47,82,45,82
48,10,95,82
49,2,73,82
50,32,63,82
51,4,30,82
52,76,54,82
53,47,68,82
54,26,71,82
1,21,48,83
2,72,45,83
3,57,89,83
4,14,26,83
5,94,90,83
6,92,72,83
7,7,20,83
8,33,78,83
9,14,76,83
10,68,13,83
11,28,13,83
12,90,33,83
13,41,99,83
14,35,20,83
15,41,82,83
16,8,41,83
17,84,95,83
18,41,74,83
19,64,40,83
20,99,90,83
21,37,3,83
22,57,96,83
23,72,68,83
24,80,46,83
25,27,84,83
26,43,0,83
27,11,24,83
28,18,62,83
29,21,14,83
30,0,58,83
31,6,37,83
32,18,63,83
33,12,20,83
34,21,38,83
35,74,16,83
36,94,6,83
37,31,84,83
38,67,93,83
39,15,99,83
40,13,34,83
41,2,34,83
42,64,27,83
43,91,8,83
44,54,72,83
45,80,59,83
46,7,96,83
47,83,46,83
48,10,95,83
49,1,74,83
50,32,63,83
51,5,30,83
52,75,54,83
53,48,67,83
54,25,72,83
1,20,48,84
2,73,46,84
3,58,88,84
4,15,26,84
5,94,90,84
6,93,73,84
7,7,20,84
8,33,77,84
9,13,77,84
10,69,13,84
11,28,14,84
12,89,32,84
13,41,98,84
14,36,19,84
15,41,82,84
16,9,41,84
17,84,96,84
18,40,75,84
19,64,39,84
20,99,90,84
21,37,3,84
22,57,95,84
23,73,68,84
24,80,45,84
25,27,83,84
26,43,1,84
27,11,23,84
28,18,62,84
29,21,13,84
30,0,59,84
31,7,38,84
32,18,64,84
33,13,19,84
34,20,39,84
35,74,17,84
36,95,7,84
37,32,85,84
38,66,93,84
39,14,99,84
40,12,34,84
41,3,34,84
42,65,28,84
43,90,7,84
44,53,72,84
45,80,60,84
46,7,97,84
47,84,45,84
48,9,94,84
49,0,74,84
50,32,62,84
51,4,31,84
52,75,53,84
53,47,67,84
54,24,72,84
1,21,48,85
2,73,47,85
3,58,88,85
4,16,27,85
5,93,91,85
6,92,73,85
7,7,19,85
8,32,76,85
9,12,77,85
10,69,12,85
11,29,15,85
12,89,31,85
13,42,99,85
14,36,20,85
15,41,83,85
16,8,41,85
17,84,97,85
18,40,75,85
19,64,38,85
20,99,91,85
21,36,2,85
22,56,94,85
23,73,67,85
24,81,46,85
25,26,82,85
26,42,1,85
27,11,24,85
28,17,61,85
29,20,13,85
30,0,60,85
31,6,38,85
32,18,65,85
33,13,19,85
34,20,39,85
35,73,18,85
36,96,7,85
37,33,86,85
38,65,92,85
39,14,99,85
40,13,34,85
41,3,33,85
42,65,27,85
43,90,6,85
44,53,73,85
45,79,59,85
46,8,98,85
47,84,45,85
48,10,95,85
49,0,75,85
50,33,61,85
51,3,32,85
52,75,52,85
53,47,67,85
54,24,73,85
1,20,49,86
2,73,46,86
3,59,88,86
4,17,28,86
5,94,91,86
6,92,72,86
7,8,18,86
8,33,75,86
9,13,76,86
10,68,13,86
11,30,14,86
12,88,30,86
13,43,99,86
14,37,20,86
15,40,82,86
16,7,42,86
17,85,97,86
18,41,74,86
19,65,39,86
20,99,91,86
21,35,1,86
22,56,93,86
23,72,68,86
24,81,45,86
25,25,81,86
26,43,0,86
27,12,23,86
28,17,60,86
29,20,12,86
30,0,60,86
31,7,37,86
32,18,64,86
33,13,19,86
34,20,39,86
35,72,19,86
36,97,8,86
37,33,86,86
38,65,91,86
39,13,98,86
40,14,34,86
41,2,33,86
42,66,27,86
43,89,6,86
44,54,73,86
45,79,58,86
46,9,97,86
47,84,45,86
48,10,95,86
49,0,75,86
50,32,61,86
51,2,32,86
52,76,51,86
53,46,67,86
54,25,72,86
1,19,49,87
2,74,46,87
3,60,88,87
4,16,28,87
5,94,91,87
6,91,71,87
7,7,17,87
8,33,76,87
9,12,75,87
10,69,14,87
11,31,14,87
12,87,30,87
13,42,98,87
14,38,20,87
15,40,83,87
16,6,42,87
17,86,96,87
18,40,74,87
19,66,39,87
20,99,91,87
21,34,2,87
22,57,93,87
23,71,68,87
24,81,45,87
25,26,80,87
26,44,1,87
27,13,22,87
28,18,59,87
29,21,13,87
30,1,60,87
31,6,37,87
32,19,64,87
33,13,19,87
34,21,38,87
35,72,18,87
36,97,7,87
37,32,85,87
38,66,92,87
39,14,98,87
40,15,35,87
41,2,34,87
42,66,27,87
43,90,7,87
44,55,72,87
45,79,59,87
46,8,98,87
47,85,44,87
48,9,96,87
49,0,74,87
50,31,60,87
51,2,33,87
52,77,50,87
53,47,67,87
54,24,71,87
1,19,48,88
2,73,47,88
3,59,89,88
4,15,29,88
5,95,91,88
6,90,70,88
7,8,17,88
8,34,75,88
9,11,75,88
10,70,13,88
11,31,13,88
12,87,30,88
13,42,98,88
14,37,20,88
15,41,82,88
16,6,42,88
17,87,95,88
18,41,74,88
19,66,39,88
20,99,91,88
21,33,3,88
22,57,92,88
23,71,69,88
24,82,44,88
25,27,81,88
26,44,0,88
27,14,22,88
28,17,60,88
29,21,13,88
30,0,61,88
31,6,36,88
32,20,64,88
33,12,19,88
34,21,37,88
35,71,17,88
36,96,7,88
37,33,86,88
38,66,92,88
39,15,97,88
40,16,35,88
41,1,35,88
42,67,26,88
43,90,7,88
44,55,73,88
45,80,59,88
46,7,99,88
47,85,44,88
48,10,95,88
49,0,73,88
50,30,59,88
51,3,34,88
52,77,50,88
53,48,68,88
54,25,71,88
1,19,49,89
2,74,46,89
3,60,89,89
4,14,30,89
5,96,91,89
6,90,69,89
7,8,18,89
8,34,76,89
9,12,74,89
10,70,12,89
11,31,13,89
12,86,29,89
13,43,98,89
14,37,21,89
15,42,82,89
16,7,42,89
17,88,94,89
18,42,73,89
19,67,39,89
20,98,90,89
21,34,3,89
22,57,91,89
23,70,69,89
24,82,45,89
25,28,81,89
26,45,1,89
27,14,21,89
28,18,59,89
29,22,12,89
30,1,60,89
31,6,37,89
32,20,65,89
33,13,18,89
34,21,37,89
35,70,18,89
36,95,8,89
37,33,86,89
38,67,93,89
39,16,97,89
40,16,36,89
41,2,35,89
42,66,27,89
43,89,8,89
44,56,72,89
45,80,58,89
46,7,98,89
47,86,44,89
48,11,96,89
49,1,72,89
50,30,59,89
51,4,33,89
52,76,51,89
53,49,67,89
54,25,71,89
1,19,49,90
2,75,46,90
3,61,89,90
4,14,29,90
5,97,92,90
6,90,69,90
7,8,19,90
8,35,76,90
9,11,73,90
10,70,12,90
11,32,12,90
12,85,30,90
13,42,99,90
14,38,21,90
15,43,82,90
16,8,41,90
17,89,93,90
18,43,73,90
19,67,38,90
20,99,89,90
21,35,2,90
22,56,90,90
23,69,70,90
24,81,45,90
25,29,82,90
26,45,0,90
27,15,20,90
28,17,58,90
29,21,13,90
30,0,59,90
31,7,36,90
32,20,66,90
33,14,17,90
34,22,38,90
35,69,17,90
36,96,7,90
37,32,86,90
38,68,94,90
39,16,97,90
40,15,35,90
41,2,36,90
42,65,27,90
43,88,7,90
44,55,71,90
45,79,57,90
46,6,97,90
47,86,44,90
48,12,96,90
49,0,73,90
50,29,59,90
51,5,34,90
52,77,51,90
53,50,66,90
54,26,72,90
1,19,50,91
2,75,46,91
3,60,90,91
4,13,29,91
5,96,91,91
6,91,68,91
7,9,20,91
8,36,77,91
9,12,73,91
10,70,13,91
11,31,13,91
12,84,29,91
13,43,98,91
14,39,20,91
15,42,82,91
16,9,41,91
17,88,94,91
18,44,74,91
19,68,38,91
20,98,90,91
21,35,1,91
22,56,89,91
23,70,69,91
24,81,45,91
25,29,83,91
26,44,1,91
27,16,21,91
28,18,59,91
29,21,13,91
30,1,58,91
31,6,35,91
32,21,67,91
33,15,16,91
34,22,39,91
35,68,17,91
36,96,7,91
37,32,85,91
38,67,94,91
39,17,98,91
40,15,36,91
41,3,35,91
42,66,28,91
43,88,8,91
44,55,71,91
45,79,58,91
46,7,96,91
47,85,44,91
48,12,96,91
49,1,74,91
50,29,58,91
51,5,36,91
52,78,51,91
53,50,67,91
54,26,73,91
1,19,49,92
2,76,45,92
3,59,90,92
4,12,29,92
5,97,90,92
6,91,67,92
7,9,20,92
8,35,78,92
9,12,74,92
10,70,12,92
11,32,13,92
12,84,28,92
13,44,97,92
14,39,21,92
15,42,83,92
16,9,40,92
17,88,93,92
18,45,74,92
19,68,38,92
20,97,89,92
21,35,1,92
22,57,90,92
23,71,69,92
24,82,46,92
25,28,83,92
26,45,2,92
27,15,22,92
28,17,60,92
29,22,13,92
30,2,59,92
31,6,34,92
32,22,67,92
33,14,17,92
34,21,39,92
35,67,17,92
36,97,8,92
37,31,84,92
38,68,93,92
39,18,98,92
40,14,37,92
41,2,34,92
42,65,29,92
43,87,7,92
44,56,70,92
45,79,58,92
46,7,96,92
47,84,44,92
48,13,97,92
49,2,73,92
50,29,59,92
51,6,36,92
52,78,50,92
53,49,67,92
54,26,72,92
1,20,48,93
2,75,45,93
3,59,91,93
4,11,30,93
5,97,90,93
6,91,67,93
7,8,20,93
8,34,77,93
9,13,74,93
10,70,12,93
11,33,12,93
12,83,28,93
13,43,97,93
14,39,21,93
15,41,82,93
16,8,41,93
17,88,93,93
18,46,75,93
19,67,39,93
20,97,88,93
21,36,1,93
22,58,90,93
23,72,69,93
24,81,45,93
25,27,84,93
26,45,3,93
27,15,23,93
28,17,59,93
29,23,13,93
30,3,58,93
31,6,34,93
32,22,66,93
33,14,17,93
34,20,40,93
35,67,17,93
36,97,7,93
37,31,85,93
38,69,94,93
39,17,97,93
40,14,37,93
41,3,34,93
42,66,28,93
43,87,8,93
44,57,70,93
45,80,57,93
46,7,97,93
47,84,43,93
48,14,96,93
49,1,73,93
50,28,58,93
51,7,36,93
52,79,49,93
53,49,68,93
54,26,73,93
1,21,47,94
2,74,45,94
3,59,92,94
4,12,30,94
5,98,91,94
6,90,68,94
7,8,20,94
8,35,77,94
9,12,74,94
10,71,12,94
11,34,12,94
12,83,28,94
13,42,98,94
14,39,21,94
15,41,83,94
16,8,41,94
17,87,92,94
18,46,75,94
19,68,39,94
20,97,87,94
21,37,0,94
22,58,90,94
23,73,69,94
24,82,46,94
25,27,84,94
26,46,2,94
27,16,24,94
28,16,59,94
29,22,14,94
30,2,59,94
31,6,35,94
32,23,65,94
33,15,16,94
34,21,40,94
35,66,16,94
36,96,8,94
37,32,85,94
38,68,95,94
39,18,98,94
40,15,36,94
41,2,34,94
42,66,27,94
43,86,9,94
44,57,69,94
45,81,58,94
46,7,98,94
47,83,42,94
48,15,97,94
49,1,72,94
50,28,59,94
51,8,35,94
52,80,50,94
53,49,68,94
54,27,72,94
1,20,46,95
2,75,46,95
3,58,91,95
4,11,30,95
5,99,90,95
6,90,67,95
7,9,20,95
8,35,76,95
9,12,73,95
10,70,11,95
11,33,13,95
12,82,29,95
13,42,99,95
14,40,20,95
15,41,84,95
16,9,40,95
17,86,91,95
18,47,74,95
19,69,39,95
20,97,88,95
21,36,0,95
22,58,89,95
23,72,68,95
24,82,45,95
25,28,85,95
26,46,2,95
27,17,23,95
28,15,58,95
29,22,14,95
30,2,59,95
31,7,35,95
32,24,64,95
33,15,16,95
34,21,41,95
35,66,17,95
36,95,7,95
37,31,85,95
38,69,95,95
39,17,99,95
40,15,36,95
41,2,35,95
42,65,27,95
43,87,10,95
44,57,69,95
45,81,58,95
46,8,97,95
47,84,41,95
48,14,97,95
49,1,72,95
50,27,59,95
51,6,36,95
52,80,51,95
53,50,67,95
54,26,72,95
1,20,47,96
2,74,45,96
3,58,92,96
4,11,31,96
5,98,91,96
6,91,67,96
7,8,20,96
8,36,77,96
9,11,73,96
10,70,10,96
11,34,13,96
12,83,29,96
13,41,98,96
14,41,21,96
15,41,85,96
16,9,40,96
17,86,91,96
18,48,73,96
19,70,39,96
20,97,89,96
21,36,0,96
22,59,90,96
23,73,69,96
24,82,46,96
25,28,85,96
26,46,2,96
27,17,23,96
28,16,59,96
29,22,15,96
30,2,60,96
31,6,37,96
32,24,63,96
33,15,16,96
34,22,40,96
35,65,16,96
36,96,6,96
37,31,86,96
38,69,96,96
39,18,99,96
40,14,35,96
41,2,35,96
42,65,28,96
43,87,10,96
44,57,69,96
45,82,58,96
46,8,97,96
47,83,41,96
48,15,96,96
49,0,73,96
50,28,60,96
51,5,37,96
52,79,52,96
53,49,66,96
54,25,71,96
1,20,46,97
2,74,45,97
3,59,91,97
4,11,32,97
5,97,92,97
6,91,68,97
7,8,19,97
8,35,77,97
9,12,74,97
10,69,10,97
11,33,14,97
12,84,29,97
13,40,99,97
14,41,22,97
15,41,84,97
16,9,41,97
17,85,90,97
18,47,72,97
19,71,39,97
20,97,89,97
21,35,1,97
22,60,92,97
23,73,68,97
24,83,45,97
25,27,85,97
26,45,1,97
27,17,23,97
28,16,60,97
29,22,14,97
30,3,60,97
31,6,37,97
32,24,64,97
33,16,15,97
34,23,40,97
35,65,16,97
36,96,7,97
37,31,87,97
38,70,97,97
39,19,99,97
40,13,34,97
41,3,36,97
42,66,27,97
43,87,11,97
44,58,69,97
45,82,57,97
46,9,98,97
47,83,40,97
48,14,96,97
49,0,73,97
50,27,61,97
51,5,36,97
52,79,51,97
53,49,67,97
54,24,70,97
1,21,45,98
2,74,45,98
3,58,91,98
4,11,33,98
5,97,92,98
6,91,69,98
7,8,18,98
8,34,78,98
9,13,75,98
10,70,11,98
11,32,13,98
12,85,28,98
13,39,98,98
14,42,23,98
15,41,85,98
16,10,40,98
17,84,91,98
18,46,72,98
19,71,40,98
20,96,88,98
21,34,1,98
22,60,93,98
23,73,69,98
24,84,44,98
25,27,86,98
26,44,2,98
27,16,23,98
28,16,61,98
29,21,13,98
30,3,60,98
31,5,37,98
32,23,64,98
33,16,14,98
34,23,41,98
35,66,15,98
36,97,6,98
37,32,88,98
38,70,98,98
39,19,99,98
40,13,33,98
41,2,37,98
42,65,28,98
43,88,12,98
44,58,70,98
45,81,56,98
46,8,98,98
47,83,40,98
48,14,95,98
49,0,72,98
50,26,61,98
51,6,36,98
52,78,52,98
53,50,67,98
54,25,69,98
1,21,44,99
2,73,45,99
3,59,92,99
4,10,34,99
5,98,93,99
6,90,69,99
7,8,19,99
8,34,79,99
9,14,75,99
10,71,12,99
11,33,12,99
12,84,27,99
13,40,97,99
14,41,24,99
15,41,86,99
16,9,39,99
17,85,91,99
18,47,72,99
19,72,39,99
20,96,89,99
21,35,0,99
22,59,94,99
23,74,69,99
24,85,45,99
25,27,87,99
26,43,3,99
27,15,23,99
28,15,60,99
29,22,13,99
30,4,59,99
31,5,36,99
32,23,64,99
33,17,14,99
34,23,41,99
35,67,16,99
36,97,7,99
37,31,87,99
38,70,99,99
39,19,98,99
40,13,33,99
41,1,36,99
42,64,28,99
43,88,11,99
44,57,69,99
45,81,57,99
46,7,99,99
47,84,39,99
48,14,96,99
49,1,71,99
50,26,60,99
51,7,36,99
52,77,53,99
53,50,67,99
54,25,69,99
1,20,45,100
2,74,46,100
3,58,92,100
4,11,34,100
5,99,92,100
6,91,69,100
7,9,20,100
8,34,79,100
9,14,75,100
10,71,13,100
11,33,11,100
12,84,27,100
13,41,98,100
14,42,23,100
15,40,87,100
16,9,39,100
17,85,90,100
18,47,73,100
19,71,39,100
20,96,88,100
21,35,0,100
22,58,94,100
23,74,69,100
24,86,44,100
25,28,86,100
26,43,4,100
27,15,24,100
28,15,60,100
29,22,13,100
30,3,59,100
31,4,35,100
32,23,65,100
33,16,15,100
34,24,41,100
35,66,16,100
36,98,6,100
37,31,87,100
38,69,98,100
39,20,98,100
40,12,32,100
41,2,36,100
42,65,27,100
43,88,12,100
44,57,70,100
45,81,58,100
46,7,99,100
47,85,40,100
48,13,96,100
49,0,71,100
50,26,59,100
51,7,37,100
52,77,54,100
53,50,67,100
54,24,69,100
