1,71,21,1
2,12,14,1
3,71,56,1
4,33,20,1
5,89,88,1
6,20,65,1
7,89,89,1
8,44,24,1
9,60,16,1
10,36,62,1
11,84,30,1
12,78,4,1
13,81,6,1
14,42,36,1
15,55,11,1
16,90,39,1
17,20,68,1
18,56,98,1
19,45,68,1
20,97,90,1
21,85,35,1
22,15,72,1
23,18,99,1
24,90,71,1
25,12,35,1
26,12,36,1
27,49,55,1
28,83,69,1
29,68,99,1
30,34,34,1
31,87,11,1
32,96,65,1
33,35,90,1
34,34,55,1
35,40,18,1
36,2,47,1
1,72,22,2
2,12,15,2
3,71,56,2
4,32,21,2
5,88,89,2
6,19,64,2
7,88,90,2
8,45,24,2
9,61,16,2
10,36,63,2
11,84,30,2
12,78,4,2
13,80,6,2
14,43,36,2
15,56,11,2
16,91,40,2
17,19,69,2
18,57,98,2
19,44,67,2
20,98,90,2
21,86,36,2
22,15,72,2
23,18,98,2
24,90,70,2
25,11,36,2
26,13,35,2
27,50,56,2
28,82,68,2
29,68,98,2
30,35,35,2
31,87,11,2
32,95,64,2
33,35,90,2
34,35,56,2
35,39,18,2
36,3,48,2
1,72,23,3
2,13,15,3
3,70,55,3
4,33,20,3
5,88,89,3
6,18,64,3
7,89,91,3
8,46,25,3
9,62,17,3
10,36,63,3
11,83,29,3
12,77,3,3
13,79,7,3
14,43,35,3
15,57,11,3
16,92,41,3
17,18,69,3
18,56,98,3
19,44,68,3
20,97,91,3
21,85,37,3
22,14,73,3
23,18,97,3
24,90,71,3
25,10,36,3
26,12,36,3
27,51,56,3
28,83,68,3
29,69,99,3
30,35,34,3
31,86,11,3
32,95,65,3
33,35,91,3
34,34,55,3
35,38,18,3
36,3,47,3
1,72,23,4
2,12,14,4
3,69,56,4
4,33,21,4
5,88,90,4
6,18,65,4
7,90,91,4
8,47,25,4
9,61,17,4
10,35,64,4
11,82,29,4
12,78,4,4
13,78,7,4
14,42,36,4
15,57,11,4
16,92,42,4
17,19,69,4
18,57,99,4
19,45,68,4
20,96,92,4
21,86,38,4
22,13,73,4
23,19,96,4
24,91,70,4
25,11,35,4
26,13,36,4
27,50,56,4
28,83,67,4
29,69,98,4
30,36,34,4
31,86,11,4
32,96,64,4
33,36,91,4
34,33,56,4
35,39,19,4
36,2,46,4
1,71,23,5
2,12,15,5
3,69,57,5
4,32,22,5
5,87,90,5
6,17,64,5
7,89,91,5
8,48,24,5
9,61,16,5
10,35,63,5
11,82,30,5
12,78,3,5
13,78,7,5
14,41,36,5
15,58,11,5
16,91,42,5
17,18,69,5
18,56,99,5
19,46,69,5
20,96,93,5
21,85,37,5
22,14,72,5
23,19,97,5
24,90,69,5
25,12,34,5
26,13,35,5
27,50,56,5
28,83,66,5
29,69,99,5
30,37,34,5
31,86,12,5
32,95,65,5
33,36,91,5
34,33,55,5
35,38,18,5
36,2,45,5
1,72,23,6
2,11,14,6
3,69,57,6
4,32,22,6
5,86,91,6
6,18,65,6
7,88,91,6
8,48,24,6
9,61,15,6
10,35,62,6
11,83,29,6
12,78,2,6
13,77,6,6
14,40,35,6
15,57,10,6
16,90,43,6
17,19,68,6
18,56,99,6
19,47,68,6
20,95,93,6
21,86,36,6
22,14,72,6
23,20,96,6
24,89,69,6
25,11,33,6
26,13,36,6
27,51,56,6
28,83,67,6
29,69,99,6
30,37,34,6
31,85,13,6
32,94,64,6
33,37,90,6
34,32,55,6
35,38,19,6
36,2,44,6
1,73,23,7
2,12,14,7
3,69,56,7
4,33,22,7
5,85,91,7
6,17,66,7
7,89,92,7
8,48,23,7
9,62,15,7
10,35,61,7
11,83,28,7
12,79,3,7
13,76,5,7
14,41,35,7
15,56,10,7
16,91,42,7
17,18,67,7
18,55,99,7
19,46,68,7
20,94,93,7
21,85,37,7
22,14,73,7
23,20,97,7
24,88,70,7
25,11,32,7
26,13,35,7
27,52,55,7
28,82,68,7
29,68,99,7
30,38,33,7
31,86,13,7
32,95,64,7
33,38,89,7
34,32,55,7
35,39,19,7
36,1,43,7
1,74,23,8
2,13,14,8
3,69,57,8
4,34,21,8
5,85,91,8
6,17,66,8
7,89,91,8
8,49,24,8
9,62,14,8
10,36,61,8
11,84,28,8
12,79,3,8
13,77,4,8
14,40,36,8
15,57,9,8
16,92,42,8
17,17,68,8
18,56,98,8
19,45,69,8
20,93,92,8
21,84,36,8
22,15,72,8
23,21,98,8
24,89,69,8
25,10,31,8
26,14,34,8
27,51,55,8
28,82,69,8
29,69,99,8
30,38,33,8
31,87,13,8
32,95,65,8
33,39,89,8
34,31,54,8
35,40,19,8
36,1,44,8
1,74,22,9
2,13,13,9
3,70,58,9
4,33,21,9
5,84,91,9
6,18,66,9
7,89,92,9
8,49,25,9
9,63,13,9
10,35,60,9
11,84,27,9
12,80,4,9
13,76,3,9
14,40,36,9
15,56,10,9
16,93,43,9
17,16,69,9
18,57,99,9
19,44,68,9
20,94,93,9
21,83,37,9
22,14,72,9
23,20,98,9
24,89,68,9
25,9,32,9
26,14,34,9
27,50,56,9
28,82,69,9
29,68,99,9
30,37,32,9
31,88,13,9
32,95,64,9
33,39,90,9
34,32,54,9
35,41,19,9
36,2,44,9
1,75,22,10
2,14,12,10
3,69,58,10
4,33,22,10
5,85,92,10
6,19,67,10
7,88,93,10
8,48,25,10
9,62,12,10
10,36,61,10
11,84,28,10
12,80,4,10
13,76,2,10
14,41,35,10
15,56,11,10
16,92,43,10
17,15,69,10
18,57,98,10
19,43,67,10
20,93,93,10
21,84,37,10
22,15,71,10
23,19,98,10
24,89,68,10
25,9,32,10
26,15,35,10
27,50,57,10
28,81,70,10
29,68,99,10
30,37,32,10
31,88,13,10
32,96,63,10
33,39,90,10
34,32,53,10
35,41,20,10
36,3,45,10
1,76,23,11
2,15,11,11
3,69,57,11
4,33,22,11
5,85,93,11
6,19,66,11
7,87,94,11
8,49,26,11
9,62,12,11
10,35,60,11
11,85,27,11
12,80,3,11
13,76,2,11
14,40,36,11
15,56,10,11
16,91,44,11
17,14,68,11
18,56,97,11
19,42,66,11
20,94,93,11
21,84,37,11
22,14,71,11
23,20,98,11
24,89,69,11
25,9,32,11
26,14,36,11
27,51,57,11
28,80,69,11
29,69,98,11
30,37,31,11
31,87,13,11
32,96,64,11
33,39,89,11
34,31,54,11
35,42,19,11
36,3,45,11
1,76,22,12
2,16,12,12
3,69,56,12
4,34,22,12
5,84,94,12
6,20,67,12
7,86,95,12
8,48,25,12
9,61,12,12
10,36,60,12
11,85,26,12
12,80,3,12
13,76,1,12
14,39,37,12
15,57,10,12
16,92,44,12
17,13,67,12
18,56,98,12
19,42,66,12
20,94,93,12
21,85,36,12
22,15,70,12
23,21,97,12
24,90,68,12
25,8,33,12
26,14,35,12
27,52,56,12
28,80,70,12
29,68,97,12
30,38,30,12
31,87,14,12
32,97,63,12
33,39,89,12
34,31,55,12
35,41,20,12
36,2,44,12
1,77,22,13
2,17,11,13
3,68,55,13
4,33,22,13
5,84,94,13
6,19,66,13
7,86,95,13
8,48,24,13
9,60,13,13
10,37,59,13
11,84,27,13
12,79,4,13
13,76,1,13
14,40,36,13
15,57,9,13
16,93,45,13
17,14,66,13
18,57,99,13
19,41,66,13
20,94,92,13
21,85,37,13
22,15,69,13
23,22,97,13
24,91,68,13
25,9,33,13
26,14,34,13
27,52,55,13
28,81,69,13
29,67,96,13
30,37,31,13
31,86,14,13
32,96,62,13
33,39,90,13
34,31,54,13
35,40,19,13
36,2,44,13
1,78,22,14
2,16,11,14
3,68,54,14
4,34,21,14
5,83,95,14
6,19,65,14
7,87,94,14
8,49,25,14
9,59,12,14
10,36,60,14
11,85,26,14
12,78,3,14
13,75,2,14
14,41,36,14
15,58,8,14
16,93,45,14
17,13,66,14
18,57,98,14
19,42,66,14
20,93,93,14
21,85,38,14
22,15,69,14
23,23,98,14
24,91,68,14
25,8,32,14
26,15,35,14
27,51,55,14
28,80,68,14
29,67,95,14
30,36,30,14
31,87,14,14
32,96,61,14
33,38,91,14
34,31,54,14
35,39,19,14
36,1,43,14
1,78,23,15
2,17,12,15
3,67,53,15
4,35,22,15
5,83,95,15
6,19,65,15
7,86,94,15
8,49,25,15
9,60,13,15
10,36,60,15
11,84,27,15
12,77,3,15
13,75,2,15
14,42,37,15
15,58,7,15
16,93,46,15
17,14,65,15
18,58,97,15
19,41,67,15
20,94,92,15
21,84,38,15
22,15,68,15
23,24,97,15
24,90,67,15
25,9,31,15
26,15,36,15
27,50,56,15
28,81,69,15
29,67,94,15
30,35,30,15
31,87,15,15
32,95,60,15
33,38,90,15
34,30,53,15
35,40,19,15
36,1,43,15
1,77,24,16
2,17,13,16
3,68,53,16
4,34,22,16
5,84,96,16
6,18,66,16
7,86,94,16
8,50,25,16
9,60,12,16
10,36,59,16
11,84,26,16
12,78,3,16
13,76,2,16
14,42,38,16
15,57,8,16
16,92,46,16
17,15,64,16
18,57,97,16
19,41,68,16
20,95,92,16
21,85,37,16
22,16,68,16
23,23,98,16
24,91,68,16
25,8,31,16
26,14,37,16
27,49,57,16
28,80,70,16
29,66,95,16
30,36,29,16
31,87,15,16
32,96,60,16
33,39,91,16
34,29,53,16
35,41,18,16
36,1,44,16
1,76,23,17
2,16,13,17
3,67,53,17
4,35,23,17
5,85,95,17
6,17,65,17
7,87,94,17
8,49,24,17
9,60,12,17
10,35,60,17
11,85,26,17
12,79,3,17
13,77,2,17
14,42,38,17
15,57,9,17
16,93,45,17
17,16,63,17
18,56,96,17
19,41,67,17
20,95,93,17
21,85,38,17
22,16,69,17
23,23,98,17
24,90,67,17
25,9,31,17
26,15,37,17
27,49,58,17
28,81,69,17
29,66,95,17
30,37,28,17
31,87,15,17
32,96,61,17
33,38,92,17
34,30,53,17
35,40,19,17
36,2,45,17
1,75,24,18
2,16,12,18
3,67,52,18
4,35,22,18
5,85,95,18
6,16,66,18
7,86,93,18
8,50,24,18
9,59,12,18
10,36,59,18
11,84,25,18
12,80,3,18
13,77,1,18
14,42,38,18
15,56,9,18
16,92,46,18
17,15,63,18
18,57,97,18
19,40,68,18
20,95,92,18
21,85,38,18
22,15,69,18
23,23,97,18
24,91,67,18
25,10,31,18
26,15,36,18
27,50,59,18
28,82,70,18
29,67,96,18
30,38,28,18
31,87,14,18
32,97,62,18
33,39,93,18
34,29,54,18
35,40,18,18
36,3,46,18
1,76,24,19
2,16,13,19
3,66,52,19
4,35,22,19
5,85,94,19
6,17,65,19
7,85,95,19
8,51,23,19
9,60,13,19
10,37,58,19
11,84,24,19
12,79,2,19
13,77,2,19
14,41,39,19
15,57,9,19
16,92,46,19
17,15,64,19
18,58,96,19
19,39,69,19
20,96,92,19
21,85,38,19
22,15,68,19
23,22,96,19
24,91,68,19
25,9,32,19
26,15,36,19
27,49,60,19
28,83,69,19
29,66,96,19
30,37,27,19
31,87,14,19
32,96,61,19
33,39,94,19
34,29,55,19
35,39,17,19
36,2,46,19
1,77,23,20
2,16,13,20
3,65,52,20
4,34,22,20
5,84,93,20
6,17,64,20
7,86,96,20
8,52,24,20
9,61,14,20
10,36,58,20
11,83,24,20
12,80,1,20
13,78,1,20
14,42,38,20
15,57,9,20
16,93,46,20
17,15,63,20
18,57,96,20
19,40,70,20
20,97,92,20
21,85,39,20
22,15,69,20
23,22,95,20
24,92,67,20
25,9,32,20
26,16,37,20
27,49,61,20
28,83,69,20
29,66,95,20
30,38,27,20
31,88,15,20
32,95,60,20
33,40,93,20
34,30,55,20
35,38,18,20
36,3,46,20
1,77,22,21
2,15,13,21
3,64,51,21
4,34,21,21
5,83,93,21
6,18,63,21
7,87,96,21
8,53,23,21
9,61,13,21
10,36,59,21
11,83,24,21
12,79,0,21
13,78,0,21
14,41,38,21
15,57,8,21
16,93,47,21
17,16,63,21
18,57,95,21
19,39,71,21
20,96,91,21
21,84,38,21
22,16,68,21
23,22,95,21
24,93,66,21
25,8,33,21
26,15,37,21
27,49,61,21
28,84,68,21
29,66,95,21
30,39,27,21
31,89,14,21
32,95,61,21
33,40,93,21
34,31,56,21
35,39,17,21
36,2,46,21
1,78,21,22
2,15,14,22
3,64,52,22
4,33,22,22
5,84,92,22
6,18,63,22
7,88,97,22
8,53,23,22
9,61,12,22
10,37,60,22
11,82,23,22
12,78,1,22
13,79,0,22
14,41,37,22
15,56,8,22
16,92,48,22
17,17,63,22
18,57,95,22
19,38,71,22
20,97,91,22
21,84,38,22
22,16,67,22
23,23,95,22
24,92,66,22
25,9,33,22
26,15,38,22
27,50,61,22
28,85,67,22
29,66,96,22
30,38,26,22
31,89,15,22
32,95,62,22
33,39,94,22
34,31,55,22
35,39,18,22
36,2,46,22
1,79,22,23
2,14,15,23
3,65,52,23
4,33,22,23
5,84,91,23
6,18,62,23
7,89,96,23
8,53,23,23
9,62,11,23
10,38,60,23
11,82,22,23
12,78,2,23
13,79,1,23
14,42,38,23
15,55,9,23
16,92,47,23
17,16,63,23
18,57,95,23
19,37,72,23
20,98,91,23
21,84,37,23
22,17,67,23
23,24,96,23
24,91,66,23
25,10,34,23
26,15,39,23
27,50,62,23
28,86,68,23
29,66,95,23
30,39,25,23
31,88,15,23
32,95,62,23
33,39,94,23
34,31,56,23
35,38,18,23
36,2,45,23
1,79,23,24
2,13,15,24
3,64,52,24
4,33,22,24
5,83,92,24
6,18,62,24
7,90,97,24
8,54,22,24
9,61,11,24
10,39,60,24
11,81,23,24
12,77,2,24
13,78,0,24
14,43,38,24
15,56,9,24
16,91,48,24
17,15,64,24
18,56,96,24
19,38,71,24
20,98,91,24
21,84,36,24
22,18,66,24
23,23,96,24
24,90,67,24
25,9,34,24
26,14,40,24
27,50,62,24
28,86,69,24
29,67,94,24
30,40,25,24
31,89,14,24
32,96,62,24
33,38,95,24
34,31,56,24
35,39,17,24
36,2,45,24
1,80,23,25
2,12,16,25
3,64,53,25
4,32,23,25
5,82,91,25
6,19,61,25
7,91,97,25
8,53,23,25
9,62,11,25
10,38,59,25
11,81,23,25
12,77,1,25
13,78,0,25
14,42,39,25
15,57,8,25
16,90,47,25
17,15,65,25
18,56,97,25
19,38,70,25
20,99,92,25
21,84,37,25
22,18,66,25
23,24,96,25
24,90,66,25
25,10,34,25
26,15,41,25
27,50,62,25
28,85,70,25
29,67,95,25
30,41,25,25
31,90,13,25
32,97,63,25
33,39,96,25
34,32,55,25
35,39,17,25
36,1,44,25
1,81,22,26
2,12,16,26
3,64,52,26
4,33,24,26
5,81,91,26
6,20,62,26
7,92,98,26
8,53,24,26
9,62,11,26
10,37,58,26
11,82,23,26
12,77,1,26
13,79,0,26
14,43,38,26
15,56,8,26
16,90,46,26
17,15,65,26
18,55,96,26
19,38,71,26
20,98,93,26
21,85,37,26
22,19,67,26
23,24,95,26
24,90,66,26
25,10,35,26
26,14,41,26
27,51,62,26
28,84,69,26
29,67,96,26
30,41,26,26
31,90,13,26
32,98,62,26
33,40,95,26
34,33,54,26
35,38,17,26
36,1,45,26
1,82,21,27
2,11,16,27
3,65,52,27
4,32,24,27
5,82,92,27
6,21,61,27
7,92,97,27
8,54,23,27
9,61,10,27
10,36,57,27
11,81,24,27
12,78,2,27
13,80,1,27
14,44,37,27
15,57,7,27
16,90,46,27
17,16,66,27
18,54,96,27
19,37,71,27
20,97,93,27
21,84,38,27
22,19,68,27
23,25,95,27
24,90,66,27
25,9,34,27
26,15,41,27
27,50,62,27
28,84,69,27
29,68,95,27
30,42,26,27
31,89,12,27
32,98,62,27
33,40,95,27
34,33,53,27
35,39,18,27
36,0,46,27
1,81,22,28
2,11,15,28
3,65,52,28
4,31,24,28
5,81,91,28
6,20,61,28
7,92,96,28
8,55,22,28
9,61,9,28
10,37,57,28
11,82,24,28
12,78,2,28
13,80,1,28
14,44,36,28
15,56,8,28
16,90,46,28
17,17,66,28
18,53,97,28
19,36,72,28
20,98,92,28
21,83,38,28
22,18,67,28
23,26,95,28
24,90,66,28
25,10,33,28
26,16,42,28
27,49,62,28
28,84,69,28
29,69,94,28
30,41,25,28
31,89,13,28
32,97,63,28
33,39,95,28
34,32,54,28
35,39,17,28
36,1,45,28
1,80,23,29
2,11,15,29
3,66,53,29
4,32,24,29
5,80,90,29
6,20,61,29
7,91,95,29
8,55,23,29
9,60,8,29
10,36,58,29
11,83,24,29
12,78,1,29
13,81,0,29
14,45,36,29
15,55,9,29
16,91,46,29
17,18,66,29
18,53,97,29
19,37,72,29
20,98,92,29
21,84,39,29
22,17,68,29
23,25,96,29
24,90,67,29
25,10,32,29
26,16,41,29
27,50,63,29
28,85,68,29
29,69,93,29
30,42,25,29
31,90,13,29
32,97,64,29
33,40,96,29
34,32,55,29
35,38,16,29
36,0,45,29
1,81,23,30
2,10,16,30
3,67,54,30
4,31,24,30
5,79,91,30
6,20,61,30
7,90,94,30
8,54,23,30
9,59,7,30
10,37,59,30
11,84,24,30
12,77,2,30
13,82,0,30
14,44,36,30
15,54,8,30
16,92,47,30
17,19,67,30
18,53,98,30
19,37,73,30
20,99,93,30
21,83,38,30
22,17,67,30
23,26,95,30
24,89,66,30
25,10,31,30
26,15,41,30
27,49,63,30
28,86,69,30
29,70,92,30
30,43,25,30
31,89,14,30
32,97,63,30
33,40,95,30
34,32,56,30
35,38,17,30
36,1,44,30
1,81,22,31
2,9,17,31
3,68,54,31
4,31,23,31
5,80,91,31
6,20,61,31
7,89,93,31
8,54,24,31
9,59,8,31
10,38,59,31
11,84,24,31
12,78,2,31
13,83,1,31
14,44,37,31
15,54,8,31
16,93,47,31
17,20,66,31
18,53,99,31
19,37,73,31
20,99,94,31
21,82,39,31
22,18,68,31
23,27,94,31
24,90,65,31
25,9,30,31
26,14,42,31
27,50,64,31
28,85,68,31
29,70,92,31
30,43,25,31
31,90,13,31
32,97,63,31
33,40,94,31
34,31,57,31
35,39,16,31
36,2,45,31
1,82,23,32
2,9,16,32
3,67,55,32
4,31,24,32
5,79,91,32
6,21,62,32
7,89,92,32
8,55,24,32
9,60,9,32
10,39,60,32
11,83,23,32
12,77,1,32
13,82,0,32
14,44,36,32
15,54,8,32
16,93,48,32
17,21,65,32
18,53,98,32
19,36,73,32
20,99,95,32
21,82,38,32
22,17,69,32
23,28,94,32
24,90,64,32
25,9,29,32
26,14,41,32
27,51,65,32
28,86,68,32
29,70,91,32
30,42,26,32
31,90,14,32
32,98,62,32
33,39,94,32
34,31,56,32
35,40,16,32
36,3,45,32
1,81,24,33
2,8,16,33
3,67,54,33
4,31,25,33
5,79,92,33
6,21,63,33
7,89,93,33
8,54,23,33
9,60,8,33
10,39,61,33
11,84,24,33
12,76,0,33
13,81,1,33
14,44,37,33
15,54,7,33
16,92,49,33
17,21,65,33
18,52,98,33
19,36,73,33
20,99,96,33
21,82,38,33
22,17,69,33
23,27,93,33
24,91,63,33
25,8,28,33
26,14,41,33
27,52,64,33
28,87,68,33
29,69,91,33
30,41,25,33
31,89,14,33
32,97,61,33
33,40,95,33
34,31,56,33
35,39,16,33
36,4,46,33
1,82,23,34
2,9,15,34
3,66,53,34
4,31,24,34
5,78,92,34
6,21,62,34
7,90,92,34
8,55,23,34
9,59,9,34
10,38,60,34
11,83,24,34
12,76,0,34
13,82,1,34
14,45,37,34
15,53,7,34
16,92,50,34
17,20,65,34
18,51,97,34
19,37,73,34
20,99,96,34
21,83,38,34
22,17,70,34
23,26,93,34
24,92,64,34
25,9,29,34
26,13,41,34
27,52,64,34
28,87,68,34
29,69,90,34
30,42,25,34
31,90,13,34
32,98,60,34
33,39,96,34
34,30,57,34
35,38,17,34
36,4,47,34
1,82,24,35
2,9,14,35
3,67,53,35
4,31,23,35
5,77,93,35
6,21,63,35
7,89,92,35
8,56,23,35
9,58,8,35
10,39,61,35
11,82,25,35
12,77,0,35
13,81,2,35
14,45,36,35
15,52,7,35
16,92,49,35
17,21,64,35
18,52,97,35
19,38,72,35
20,98,97,35
21,83,38,35
22,17,71,35
23,26,93,35
24,93,64,35
25,10,30,35
26,14,41,35
27,53,64,35
28,88,68,35
29,69,89,35
30,43,24,35
31,89,12,35
32,97,60,35
33,39,95,35
34,31,56,35
35,38,18,35
36,5,47,35
1,83,24,36
2,8,15,36
3,66,53,36
4,31,24,36
5,77,92,36
6,20,65,36
7,90,91,36
8,56,24,36
9,58,7,36
10,40,60,36
11,81,25,36
12,77,0,36
13,80,3,36
14,45,36,36
15,51,6,36
16,91,48,36
17,22,64,36
18,51,96,36
19,39,71,36
20,99,97,36
21,83,38,36
22,16,71,36
23,27,94,36
24,93,65,36
25,9,30,36
26,13,41,36
27,53,65,36
28,87,67,36
29,68,90,36
30,44,25,36
31,89,12,36
32,97,61,36
33,40,94,36
34,30,57,36
35,39,18,36
36,5,48,36
1,84,25,37
2,7,14,37
3,66,54,37
4,30,23,37
5,78,91,37
6,20,66,37
7,91,90,37
8,56,24,37
9,57,8,37
10,41,60,37
11,82,25,37
12,78,0,37
13,81,2,37
14,45,35,37
15,50,5,37
16,90,48,37
17,23,64,37
18,51,95,37
19,38,72,37
20,99,97,37
21,84,38,37
22,15,71,37
23,26,95,37
24,92,65,37
25,8,30,37
26,13,41,37
27,52,65,37
28,88,68,37
29,67,90,37
30,43,25,37
31,90,11,37
32,97,60,37
33,41,95,37
34,30,58,37
35,40,19,37
36,6,49,37
1,83,26,38
2,8,13,38
3,65,54,38
4,30,24,38
5,77,90,38
6,21,67,38
7,90,89,38
8,57,25,38
9,57,8,38
10,42,60,38
11,82,24,38
12,79,1,38
13,82,1,38
14,46,35,38
15,50,4,38
16,89,47,38
17,23,64,38
18,50,96,38
19,38,71,38
20,98,97,38
21,85,38,38
22,14,71,38
23,25,95,38
24,93,64,38
25,8,30,38
26,13,41,38
27,52,64,38
28,88,69,38
29,67,90,38
30,43,25,38
31,89,12,38
32,96,59,38
33,40,94,38
34,31,57,38
35,39,18,38
36,7,48,38
1,82,26,39
2,9,14,39
3,65,54,39
4,31,25,39
5,76,91,39
6,22,66,39
7,89,90,39
8,58,24,39
9,57,9,39
10,41,60,39
11,83,24,39
12,79,0,39
13,83,0,39
14,45,34,39
15,49,3,39
16,90,48,39
17,24,63,39
18,51,97,39
19,37,72,39
20,98,97,39
21,86,37,39
22,14,70,39
23,25,95,39
24,92,63,39
25,7,30,39
26,13,40,39
27,53,64,39
28,88,70,39
29,66,90,39
30,42,24,39
31,89,11,39
32,96,58,39
33,41,94,39
34,31,56,39
35,40,18,39
36,6,49,39
1,83,25,40
2,8,13,40
3,64,53,40
4,30,26,40
5,77,90,40
6,22,65,40
7,89,90,40
8,58,25,40
9,57,8,40
10,42,59,40
11,82,23,40
12,80,0,40
13,84,1,40
14,44,35,40
15,50,4,40
16,90,47,40
17,25,62,40
18,52,96,40
19,36,72,40
20,98,98,40
21,86,36,40
22,14,71,40
23,24,95,40
24,93,62,40
25,7,30,40
26,12,41,40
27,54,63,40
28,89,71,40
29,66,90,40
30,43,24,40
31,88,10,40
32,97,58,40
33,40,94,40
34,30,55,40
35,41,18,40
36,6,49,40
1,84,25,41
2,7,14,41
3,64,52,41
4,31,26,41
5,77,89,41
6,21,65,41
7,90,89,41
8,57,26,41
9,56,8,41
10,42,59,41
11,81,24,41
12,80,0,41
13,84,0,41
14,43,36,41
15,50,3,41
16,91,46,41
17,25,63,41
18,52,97,41
19,37,72,41
20,99,98,41
21,87,35,41
22,13,72,41
23,25,96,41
24,94,62,41
25,7,30,41
26,11,42,41
27,54,62,41
28,88,71,41
29,66,91,41
30,43,24,41
31,89,11,41
32,98,59,41
33,40,95,41
34,30,54,41
35,41,17,41
36,7,48,41
1,85,24,42
2,8,15,42
3,64,53,42
4,31,26,42
5,78,90,42
6,22,65,42
7,90,88,42
8,56,27,42
9,56,8,42
10,43,60,42
11,81,25,42
12,80,0,42
13,83,1,42
14,43,36,42
15,51,4,42
16,90,45,42
17,25,63,42
18,52,98,42
19,37,73,42
20,99,98,42
21,88,36,42
22,13,72,42
23,24,96,42
24,94,63,42
25,7,29,42
26,12,43,42
27,54,61,42
28,87,70,42
29,65,92,42
30,44,24,42
31,90,12,42
32,99,60,42
33,41,94,42
34,30,55,42
35,42,16,42
36,8,47,42
1,86,23,43
2,8,16,43
3,65,52,43
4,31,26,43
5,78,90,43
6,22,64,43
7,89,88,43
8,55,27,43
9,57,8,43
10,44,59,43
11,82,26,43
12,80,1,43
13,82,1,43
14,44,37,43
15,52,3,43
16,91,44,43
17,26,63,43
18,52,99,43
19,38,73,43
20,98,97,43
21,89,36,43
22,13,71,43
23,25,96,43
24,94,62,43
25,8,30,43
26,13,42,43
27,53,60,43
28,86,70,43
29,65,92,43
30,44,24,43
31,89,13,43
32,99,61,43
33,42,94,43
34,29,54,43
35,43,15,43
36,7,47,43
1,87,24,44
2,8,16,44
3,65,53,44
4,32,27,44
5,78,91,44
6,21,63,44
7,89,89,44
8,56,28,44
9,56,8,44
10,44,58,44
11,82,25,44
12,81,2,44
13,83,1,44
14,43,37,44
15,53,3,44
16,90,44,44
17,26,64,44
18,51,98,44
19,38,73,44
20,98,96,44
21,89,35,44
22,12,70,44
23,26,97,44
24,93,63,44
25,7,31,44
26,12,42,44
27,54,59,44
28,87,71,44
29,64,91,44
30,45,24,44
31,88,14,44
32,99,62,44
33,41,93,44
34,28,54,44
35,44,16,44
36,7,47,44
1,86,24,45
2,9,17,45
3,64,54,45
4,32,27,45
5,79,92,45
6,20,62,45
7,89,89,45
8,55,29,45
9,56,7,45
10,44,59,45
11,82,24,45
12,82,2,45
13,84,0,45
14,42,38,45
15,53,3,45
16,90,44,45
17,27,64,45
18,51,97,45
19,39,72,45
20,98,95,45
21,90,36,45
22,11,70,45
23,27,98,45
24,92,64,45
25,6,30,45
26,12,42,45
27,53,58,45
28,87,72,45
29,65,91,45
30,46,24,45
31,89,15,45
32,99,61,45
33,40,92,45
34,29,55,45
35,44,17,45
36,7,48,45
1,86,23,46
2,10,16,46
3,63,55,46
4,33,27,46
5,80,91,46
6,19,62,46
7,88,90,46
8,56,28,46
9,56,6,46
10,44,58,46
11,81,24,46
12,83,3,46
13,83,1,46
14,42,39,46
15,52,2,46
16,91,43,46
17,26,63,46
18,50,98,46
19,40,72,46
20,98,95,46
21,91,36,46
22,11,69,46
23,26,98,46
24,93,65,46
25,7,30,46
26,11,42,46
27,53,58,46
28,88,73,46
29,65,90,46
30,46,25,46
31,88,16,46
32,99,60,46
33,40,92,46
34,30,55,46
35,45,18,46
36,8,48,46
1,87,24,47
2,11,17,47
3,62,54,47
4,34,28,47
5,81,91,47
6,19,63,47
7,87,89,47
8,57,28,47
9,55,6,47
10,44,59,47
11,81,24,47
12,84,3,47
13,83,2,47
14,43,39,47
15,51,1,47
16,91,44,47
17,25,62,47
18,51,98,47
19,39,72,47
20,99,94,47
21,91,35,47
22,12,70,47
23,25,97,47
24,94,66,47
25,7,30,47
26,11,42,47
27,52,57,47
28,88,73,47
29,65,90,47
30,45,24,47
31,87,17,47
32,99,60,47
33,40,92,47
34,31,56,47
35,44,19,47
36,9,49,47
1,86,24,48
2,12,16,48
3,61,54,48
4,33,28,48
5,82,90,48
6,18,63,48
7,87,89,48
8,56,29,48
9,54,5,48
10,43,58,48
11,80,25,48
12,84,2,48
13,83,3,48
14,44,40,48
15,51,0,48
16,90,43,48
17,25,62,48
18,50,99,48
19,38,73,48
20,99,95,48
21,91,36,48
22,11,69,48
23,25,96,48
24,93,65,48
25,8,31,48
26,12,43,48
27,51,57,48
28,89,72,48
29,64,89,48
30,46,25,48
31,87,17,48
32,99,59,48
33,41,92,48
34,31,56,48
35,43,18,48
36,8,50,48
1,87,23,49
2,13,15,49
3,61,54,49
4,32,29,49
5,81,89,49
6,17,62,49
7,86,89,49
8,57,29,49
9,55,4,49
10,42,58,49
11,79,25,49
12,85,1,49
13,83,2,49
14,45,41,49
15,52,0,49
16,91,43,49
17,26,62,49
18,51,99,49
19,39,73,49
20,99,95,49
21,90,37,49
22,12,68,49
23,24,97,49
24,94,65,49
25,8,31,49
26,11,43,49
27,51,58,49
28,89,73,49
29,64,90,49
30,46,24,49
31,88,17,49
32,99,60,49
33,42,91,49
34,32,56,49
35,43,18,49
36,8,50,49
1,88,22,50
2,12,16,50
3,61,54,50
4,33,29,50
5,82,88,50
6,18,61,50
7,87,90,50
8,56,30,50
9,56,5,50
10,43,57,50
11,79,25,50
12,84,2,50
13,82,3,50
14,46,41,50
15,53,0,50
16,90,43,50
17,26,63,50
18,51,98,50
19,39,74,50
20,99,94,50
21,90,38,50
22,11,69,50
23,23,98,50
24,94,64,50
25,8,31,50
26,11,44,50
27,50,57,50
28,88,74,50
29,65,91,50
30,47,23,50
31,88,17,50
32,99,59,50
33,41,92,50
34,31,57,50
35,44,19,50
36,9,50,50
1,87,22,51
2,11,17,51
3,62,54,51
4,33,28,51
5,82,88,51
6,18,60,51
7,88,91,51
8,55,31,51
9,55,5,51
10,43,56,51
11,78,24,51
12,84,3,51
13,83,4,51
14,46,40,51
15,53,1,51
16,91,43,51
17,27,63,51
18,52,98,51
19,40,75,51
20,98,94,51
21,90,37,51
22,10,70,51
23,22,97,51
24,94,64,51
25,9,31,51
26,11,44,51
27,49,58,51
28,88,73,51
29,65,92,51
30,48,22,51
31,89,18,51
32,99,60,51
33,41,93,51
34,32,58,51
35,45,19,51
36,10,51,51
1,86,21,52
2,12,16,52
3,63,54,52
4,32,28,52
5,81,88,52
6,19,61,52
7,89,91,52
8,56,30,52
9,55,4,52
10,44,57,52
11,77,23,52
12,83,2,52
13,83,4,52
14,47,39,52
15,52,1,52
16,90,42,52
17,26,63,52
18,52,99,52
19,41,75,52
20,99,93,52
21,90,37,52
22,11,70,52
23,22,97,52
24,94,64,52
25,9,31,52
26,11,45,52
27,49,58,52
28,87,74,52
29,65,92,52
30,49,22,52
31,88,17,52
32,99,60,52
33,40,93,52
34,33,57,52
35,44,19,52
36,9,51,52
1,87,20,53
2,11,16,53
3,62,53,53
4,32,27,53
5,82,87,53
6,18,62,53
7,89,91,53
8,56,30,53
9,55,3,53
10,44,58,53
11,76,23,53
12,83,1,53
13,83,5,53
14,47,38,53
15,51,2,53
16,91,42,53
17,27,62,53
18,52,99,53
19,41,74,53
20,99,92,53
21,91,38,53
22,10,69,53
23,22,97,53
24,94,65,53
25,8,30,53
26,12,46,53
27,50,59,53
28,87,73,53
29,65,91,53
30,49,22,53
31,88,16,53
32,99,59,53
33,39,92,53
34,34,57,53
35,44,18,53
36,9,50,53
1,87,19,54
2,10,15,54
3,63,54,54
4,32,27,54
5,83,86,54
6,19,62,54
7,88,92,54
8,56,29,54
9,54,3,54
10,45,57,54
11,77,23,54
12,84,0,54
13,84,5,54
14,47,39,54
15,50,2,54
16,91,41,54
17,28,61,54
18,51,98,54
19,42,75,54
20,99,91,54
21,92,37,54
22,10,70,54
23,23,98,54
24,95,64,54
25,7,31,54
26,12,46,54
27,50,59,54
28,87,74,54
29,66,90,54
30,50,22,54
31,87,15,54
32,99,59,54
33,40,92,54
34,34,56,54
35,45,19,54
36,8,51,54
1,87,20,55
2,11,16,55
3,62,55,55
4,32,28,55
5,84,87,55
6,19,61,55
7,89,92,55
8,55,28,55
9,53,4,55
10,46,58,55
11,77,22,55
12,85,0,55
13,84,6,55
14,46,40,55
15,51,2,55
16,92,41,55
17,27,62,55
18,52,98,55
19,41,75,55
20,99,92,55
21,93,38,55
22,9,71,55
23,24,99,55
24,96,64,55
25,8,32,55
26,13,46,55
27,50,58,55
28,86,74,55
29,66,91,55
30,50,21,55
31,88,16,55
32,98,59,55
33,41,92,55
34,33,55,55
35,44,19,55
36,8,50,55
1,87,20,56
2,12,15,56
3,61,54,56
4,33,27,56
5,85,86,56
6,19,62,56
7,90,93,56
8,54,28,56
9,53,3,56
10,46,57,56
11,78,22,56
12,86,1,56
13,85,6,56
14,45,41,56
15,52,3,56
16,91,40,56
17,26,63,56
18,52,98,56
19,41,76,56
20,99,91,56
21,92,37,56
22,9,72,56
23,25,98,56
24,97,65,56
25,7,32,56
26,14,47,56
27,49,58,56
28,87,75,56
29,67,90,56
30,50,22,56
31,87,15,56
32,97,58,56
33,42,93,56
34,34,55,56
35,43,20,56
36,9,50,56
1,86,20,57
2,12,14,57
3,60,54,57
4,34,28,57
5,85,85,57
6,18,62,57
7,91,92,57
8,53,27,57
9,54,4,57
10,45,58,57
11,78,21,57
12,86,1,57
13,85,7,57
14,45,42,57
15,52,4,57
16,90,39,57
17,26,63,57
18,52,98,57
19,40,75,57
20,99,91,57
21,93,38,57
22,9,72,57
23,26,98,57
24,96,64,57
25,8,32,57
26,13,48,57
27,48,57,57
28,86,75,57
29,67,89,57
30,50,21,57
31,87,16,57
32,96,57,57
33,43,94,57
34,34,54,57
35,43,19,57
36,8,51,57
1,87,20,58
2,11,13,58
3,61,55,58
4,33,27,58
5,84,84,58
6,17,61,58
7,92,91,58
8,53,27,58
9,54,3,58
10,46,59,58
11,78,20,58
12,87,1,58
13,84,8,58
14,46,42,58
15,52,4,58
16,90,38,58
17,26,64,58
18,53,98,58
19,40,75,58
20,98,90,58
21,94,37,58
22,8,73,58
23,26,99,58
24,95,65,58
25,8,31,58
26,12,48,58
27,48,56,58
28,86,74,58
29,67,89,58
30,51,21,58
31,86,16,58
32,97,56,58
33,43,94,58
34,34,54,58
35,42,18,58
36,8,51,58
1,86,20,59
2,11,12,59
3,62,55,59
4,32,26,59
5,83,84,59
6,16,61,59
7,93,90,59
8,52,28,59
9,53,2,59
10,45,58,59
11,79,20,59
12,88,0,59
13,85,8,59
14,47,42,59
15,51,5,59
16,89,37,59
17,26,65,59
18,52,97,59
19,40,76,59
20,99,91,59
21,95,38,59
22,9,72,59
23,25,98,59
24,94,66,59
25,7,32,59
26,12,49,59
27,48,57,59
28,86,74,59
29,66,90,59
30,50,22,59
31,87,17,59
32,97,55,59
33,42,93,59
34,34,55,59
35,43,19,59
36,7,50,59
1,87,19,60
2,11,11,60
3,63,54,60
4,31,27,60
5,83,85,60
6,15,60,60
7,92,91,60
8,52,28,60
9,52,2,60
10,45,58,60
11,78,20,60
12,87,1,60
13,86,8,60
14,48,41,60
15,50,5,60
16,89,36,60
17,25,64,60
18,51,97,60
19,40,76,60
20,98,90,60
21,96,38,60
22,8,71,60
23,24,99,60
24,94,67,60
25,6,33,60
26,11,48,60
27,47,58,60
28,85,73,60
29,65,91,60
30,50,23,60
31,88,17,60
32,96,56,60
33,41,92,60
34,35,56,60
35,42,18,60
36,8,49,60
1,86,18,61
2,12,10,61
3,63,53,61
4,30,26,61
5,82,84,61
6,16,61,61
7,92,90,61
8,52,27,61
9,51,2,61
10,44,58,61
11,79,21,61
12,88,0,61
13,85,9,61
14,49,41,61
15,50,5,61
16,88,36,61
17,26,65,61
18,51,98,61
19,39,77,61
20,99,90,61
21,97,37,61
22,9,71,61
23,24,99,61
24,95,68,61
25,7,33,61
26,11,48,61
27,47,57,61
28,85,74,61
29,66,92,61
30,50,22,61
31,88,16,61
32,97,57,61
33,40,93,61
34,36,55,61
35,43,19,61
36,9,50,61
1,85,17,62
2,12,11,62
3,64,52,62
4,31,26,62
5,83,84,62
6,15,62,62
7,91,91,62
8,51,28,62
9,52,1,62
10,44,59,62
11,79,20,62
12,89,0,62
13,86,9,62
14,49,41,62
15,49,6,62
16,87,36,62
17,26,64,62
18,51,97,62
19,39,78,62
20,99,91,62
21,98,36,62
22,10,71,62
23,24,99,62
24,94,69,62
25,8,34,62
26,11,48,62
27,47,57,62
28,86,73,62
29,67,91,62
30,51,23,62
31,88,16,62
32,97,58,62
33,39,92,62
34,37,55,62
35,43,19,62
36,9,49,62
1,84,17,63
2,11,12,63
3,63,53,63
4,31,25,63
5,82,83,63
6,16,63,63
7,91,91,63
8,51,29,63
9,52,1,63
10,43,58,63
11,80,21,63
12,88,1,63
13,87,9,63
14,49,42,63
15,50,6,63
16,86,36,63
17,25,63,63
18,51,97,63
19,39,78,63
20,99,91,63
21,97,37,63
22,10,71,63
23,25,99,63
24,93,69,63
25,7,35,63
26,12,47,63
27,48,57,63
28,86,74,63
29,67,90,63
30,50,23,63
31,87,15,63
32,97,57,63
33,38,93,63
34,36,56,63
35,43,20,63
36,10,50,63
1,84,18,64
2,12,13,64
3,63,52,64
4,32,25,64
5,83,82,64
6,16,63,64
7,92,91,64
8,50,30,64
9,51,1,64
10,42,58,64
11,79,21,64
12,89,0,64
13,87,8,64
14,48,41,64
15,49,5,64
16,87,36,64
17,26,63,64
18,50,98,64
19,40,78,64
20,99,90,64
21,98,36,64
22,9,71,64
23,26,99,64
24,92,68,64
25,7,36,64
26,12,46,64
27,48,56,64
28,85,75,64
29,67,89,64
30,51,22,64
31,88,14,64
32,96,57,64
33,39,92,64
34,35,57,64
35,42,19,64
36,9,50,64
1,84,18,65
2,13,12,65
3,62,51,65
4,31,24,65
5,82,83,65
6,15,62,65
7,92,91,65
8,51,31,65
9,50,2,65
10,41,58,65
11,78,20,65
12,89,1,65
13,88,8,65
14,49,40,65
15,49,5,65
16,88,35,65
17,26,64,65
18,50,98,65
19,39,78,65
20,98,90,65
21,99,35,65
22,8,71,65
23,26,99,65
24,92,68,65
25,6,35,65
26,13,47,65
27,47,57,65
28,84,74,65
29,68,90,65
30,50,21,65
31,88,13,65
32,96,56,65
33,38,93,65
34,36,58,65
35,43,18,65
36,10,49,65
1,83,17,66
2,14,13,66
3,62,51,66
4,30,25,66
5,83,82,66
6,16,62,66
7,92,92,66
8,50,31,66
9,49,3,66
10,42,57,66
11,78,21,66
12,90,0,66
13,89,7,66
14,50,40,66
15,48,6,66
16,88,34,66
17,26,65,66
18,50,98,66
19,38,79,66
20,99,91,66
21,98,34,66
22,7,70,66
23,27,99,66
24,92,68,66
25,7,34,66
26,12,46,66
27,47,56,66
28,84,75,66
29,67,91,66
30,51,22,66
31,89,14,66
32,96,56,66
33,39,92,66
34,36,58,66
35,43,17,66
36,9,48,66
1,83,16,67
2,13,14,67
3,62,50,67
4,29,26,67
5,84,83,67
6,15,61,67
7,91,93,67
8,51,31,67
9,48,2,67
10,43,56,67
11,78,22,67
12,90,0,67
13,89,7,67
14,50,41,67
15,47,7,67
16,87,34,67
17,26,66,67
18,51,99,67
19,38,78,67
20,99,90,67
21,98,35,67
22,6,71,67
23,28,99,67
24,92,69,67
25,8,34,67
26,11,46,67
27,48,57,67
28,85,74,67
29,67,92,67
30,50,22,67
31,90,14,67
32,95,56,67
33,38,92,67
34,37,59,67
35,42,18,67
36,8,49,67
1,82,15,68
2,14,15,68
3,61,49,68
4,28,25,68
5,84,82,68
6,14,61,68
7,92,92,68
8,51,30,68
9,49,1,68
10,42,55,68
11,79,22,68
12,91,0,68
13,90,7,68
14,49,42,68
15,47,7,68
16,86,33,68
17,25,67,68
18,50,99,68
19,38,78,68
20,98,91,68
21,99,34,68
22,5,71,68
23,28,98,68
24,91,70,68
25,9,33,68
26,12,45,68
27,47,58,68
28,86,73,68
29,66,91,68
30,50,21,68
31,91,14,68
32,96,55,68
33,38,92,68
34,37,58,68
35,41,18,68
36,8,48,68
1,82,16,69
2,15,14,69
3,60,50,69
4,27,26,69
5,83,81,69
6,14,60,69
7,92,91,69
8,52,29,69
9,48,1,69
10,43,55,69
11,79,21,69
12,92,0,69
13,91,7,69
14,50,41,69
15,48,7,69
16,86,34,69
17,25,68,69
18,50,99,69
19,38,77,69
20,98,91,69
21,99,35,69
22,5,72,69
23,28,98,69
24,90,71,69
25,9,33,69
26,12,46,69
27,48,58,69
28,86,73,69
29,66,90,69
30,49,20,69
31,91,14,69
32,96,54,69
33,38,91,69
34,38,59,69
35,40,18,69
36,7,49,69
1,83,15,70
2,16,13,70
3,61,50,70
4,27,27,70
5,83,82,70
6,14,61,70
7,92,91,70
8,51,29,70
9,47,0,70
10,42,56,70
11,78,21,70
12,93,0,70
13,91,7,70
14,50,42,70
15,48,6,70
16,85,33,70
17,25,69,70
18,51,99,70
19,39,78,70
20,97,91,70
21,99,36,70
22,5,72,70
23,29,97,70
24,91,72,70
25,10,32,70
26,13,46,70
27,49,59,70
28,85,73,70
29,65,91,70
30,50,21,70
31,92,15,70
32,96,54,70
33,37,92,70
34,38,58,70
35,39,19,70
36,7,48,70
1,83,16,71
2,16,14,71
3,60,51,71
4,28,26,71
5,84,83,71
6,13,62,71
7,92,92,71
8,52,29,71
9,47,1,71
10,42,56,71
11,78,22,71
12,92,0,71
13,90,8,71
14,50,42,71
15,49,6,71
16,84,33,71
17,25,70,71
18,52,98,71
19,39,78,71
20,97,90,71
21,99,37,71
22,5,72,71
23,30,96,71
24,91,73,71
25,9,32,71
26,13,47,71
27,48,60,71
28,85,73,71
29,65,92,71
30,50,20,71
31,91,14,71
32,97,55,71
33,37,93,71
34,39,58,71
35,39,18,71
36,8,49,71
1,83,17,72
2,17,14,72
3,60,50,72
4,27,25,72
5,83,82,72
6,14,62,72
7,92,93,72
8,52,28,72
9,48,2,72
10,42,57,72
11,79,22,72
12,92,1,72
13,89,8,72
14,51,43,72
15,50,7,72
16,83,32,72
17,25,70,72
18,52,98,72
19,39,79,72
20,96,90,72
21,99,38,72
22,6,73,72
23,30,96,72
24,90,73,72
25,8,32,72
26,13,48,72
27,48,61,72
28,84,73,72
29,66,91,72
30,50,20,72
31,90,13,72
32,96,55,72
33,36,94,72
34,38,57,72
35,40,18,72
36,8,49,72
1,82,18,73
2,18,14,73
3,59,51,73
4,26,24,73
5,82,82,73
6,13,62,73
7,92,93,73
8,53,28,73
9,48,3,73
10,43,58,73
11,80,22,73
12,93,2,73
13,88,8,73
14,52,42,73
15,49,7,73
16,83,33,73
17,25,70,73
18,52,99,73
19,40,79,73
20,96,91,73
21,98,38,73
22,7,73,73
23,29,97,73
24,90,74,73
25,8,32,73
26,14,49,73
27,49,61,73
28,85,74,73
29,67,90,73
30,49,19,73
31,90,13,73
32,96,56,73
33,37,95,73
34,37,58,73
35,40,18,73
36,7,50,73
1,82,18,74
2,18,13,74
3,60,51,74
4,26,24,74
5,83,81,74
6,13,62,74
7,91,92,74
8,53,28,74
9,49,4,74
10,44,57,74
11,80,23,74
12,92,1,74
13,88,7,74
14,51,42,74
15,50,7,74
16,83,32,74
17,25,69,74
18,51,99,74
19,40,79,74
20,97,92,74
21,97,38,74
22,7,72,74
23,28,96,74
24,91,73,74
25,7,33,74
26,13,50,74
27,50,62,74
28,85,73,74
29,66,91,74
30,49,19,74
31,89,13,74
32,95,55,74
33,37,94,74
34,38,58,74
35,41,19,74
36,6,51,74
1,81,18,75
2,19,14,75
3,60,50,75
4,25,25,75
5,84,80,75
6,13,63,75
7,92,93,75
8,53,28,75
9,49,5,75
10,43,57,75
11,81,22,75
12,93,0,75
13,87,8,75
14,52,43,75
15,49,8,75
16,82,32,75
17,24,70,75
18,51,99,75
19,40,79,75
20,97,91,75
21,96,38,75
22,7,73,75
23,27,96,75
24,91,73,75
25,6,32,75
26,12,50,75
27,50,62,75
28,84,74,75
29,66,92,75
30,50,20,75
31,88,12,75
32,95,55,75
33,37,93,75
34,37,57,75
35,41,18,75
36,5,51,75
1,82,17,76
2,20,14,76
3,59,51,76
4,25,26,76
5,83,80,76
6,13,63,76
7,92,93,76
8,53,27,76
9,49,4,76
10,44,58,76
11,81,22,76
12,93,1,76
13,86,7,76
14,52,44,76
15,49,9,76
16,82,33,76
17,24,70,76
18,52,99,76
19,41,80,76
20,97,90,76
21,97,39,76
22,6,74,76
23,28,95,76
24,92,74,76
25,5,31,76
26,12,50,76
27,49,63,76
28,85,75,76
29,66,93,76
30,49,20,76
31,87,11,76
32,94,55,76
33,37,94,76
34,38,56,76
35,40,18,76
36,4,50,76
1,81,18,77
2,19,13,77
3,59,51,77
4,24,25,77
5,82,81,77
6,13,64,77
7,91,93,77
8,52,28,77
9,50,3,77
10,45,59,77
11,82,22,77
12,93,1,77
13,87,8,77
14,53,45,77
15,50,10,77
16,81,32,77
17,24,70,77
18,51,98,77
19,41,80,77
20,98,89,77
21,96,38,77
22,7,74,77
23,29,96,77
24,92,73,77
25,6,31,77
26,12,51,77
27,48,62,77
28,86,76,77
29,67,94,77
30,50,20,77
31,88,12,77
32,93,55,77
33,38,95,77
34,38,56,77
35,39,19,77
36,4,49,77
1,81,19,78
2,20,13,78
3,60,50,78
4,23,25,78
5,81,82,78
6,13,64,78
7,91,92,78
8,51,29,78
9,49,4,78
10,45,59,78
11,81,23,78
12,94,0,78
13,87,8,78
14,53,45,78
15,51,10,78
16,82,31,78
17,25,70,78
18,51,98,78
19,42,81,78
20,97,88,78
21,97,39,78
22,7,73,78
23,30,95,78
24,92,74,78
25,6,30,78
26,13,51,78
27,49,61,78
28,87,75,78
29,66,95,78
30,51,19,78
31,89,13,78
32,94,55,78
33,38,95,78
34,38,55,78
35,39,18,78
36,5,48,78
1,82,20,79
2,19,13,79
3,61,49,79
4,23,25,79
5,80,83,79
6,12,63,79
7,91,91,79
8,51,29,79
9,49,5,79
10,44,58,79
11,80,24,79
12,95,0,79
13,88,9,79
14,52,44,79
15,50,9,79
16,82,30,79
17,25,71,79
18,52,99,79
19,42,81,79
20,97,87,79
21,98,38,79
22,6,74,79
23,29,95,79
24,92,74,79
25,5,29,79
26,14,51,79
27,49,61,79
28,86,76,79
29,67,96,79
30,50,20,79
31,89,13,79
32,93,56,79
33,38,94,79
34,38,55,79
35,40,19,79
36,5,49,79
1,83,20,80
2,19,13,80
3,62,50,80
4,24,24,80
5,80,83,80
6,13,62,80
7,91,91,80
8,51,29,80
9,48,6,80
10,45,59,80
11,81,25,80
12,95,0,80
13,89,8,80
14,52,43,80
15,49,10,80
16,82,29,80
17,26,71,80
18,52,99,80
19,41,80,80
20,98,88,80
21,98,38,80
22,6,74,80
23,28,96,80
24,93,73,80
25,5,30,80
26,15,51,80
27,50,60,80
28,86,77,80
29,68,95,80
30,50,20,80
31,88,12,80
32,93,55,80
33,37,94,80
34,38,55,80
35,41,18,80
36,6,50,80
1,84,19,81
2,20,12,81
3,63,50,81
4,24,24,81
5,79,83,81
6,13,63,81
7,91,91,81
8,51,29,81
9,48,7,81
10,44,58,81
11,80,24,81
12,94,1,81
13,89,7,81
14,52,44,81
15,49,11,81
16,81,28,81
17,26,72,81
18,52,98,81
19,41,79,81
20,98,88,81
21,98,39,81
22,5,75,81
23,28,96,81
24,94,72,81
25,6,29,81
26,15,51,81
27,49,60,81
28,85,78,81
29,67,96,81
30,51,20,81
31,87,11,81
32,92,56,81
33,36,93,81
34,38,56,81
35,41,18,81
36,7,51,81
1,84,20,82
2,21,13,82
3,64,51,82
4,24,25,82
5,80,83,82
6,14,64,82
7,91,91,82
8,51,30,82
9,49,6,82
10,43,57,82
11,79,25,82
12,93,0,82
13,88,6,82
14,51,43,82
15,48,10,82
16,82,29,82
17,25,72,82
18,52,98,82
19,41,78,82
20,99,87,82
21,98,38,82
22,5,75,82
23,27,95,82
24,94,71,82
25,6,28,82
26,16,51,82
27,49,60,82
28,85,77,82
29,66,97,82
30,50,19,82
31,88,10,82
32,92,57,82
33,35,92,82
34,37,55,82
35,40,19,82
36,6,52,82
1,84,19,83
2,20,12,83
3,64,51,83
4,24,24,83
5,81,83,83
6,14,65,83
7,92,90,83
8,51,31,83
9,49,7,83
10,44,57,83
11,80,25,83
12,94,0,83
13,87,5,83
14,52,42,83
15,48,10,83
16,83,28,83
17,26,72,83
18,51,99,83
19,41,77,83
20,98,87,83
21,97,37,83
22,6,76,83
23,26,95,83
24,93,71,83
25,6,29,83
26,15,51,83
27,50,61,83
28,86,77,83
29,67,96,83
30,51,20,83
31,88,10,83
32,92,57,83
33,36,92,83
34,38,54,83
35,40,18,83
36,6,53,83
1,83,20,84
2,21,11,84
3,63,52,84
4,23,25,84
5,81,84,84
6,13,65,84
7,93,89,84
8,52,31,84
9,49,8,84
10,45,58,84
11,80,26,84
12,94,0,84
13,87,5,84
14,52,43,84
15,48,11,84
16,82,27,84
17,27,71,84
18,52,98,84
19,41,78,84
20,99,87,84
21,98,37,84
22,6,77,84
23,27,96,84
24,94,70,84
25,7,30,84
26,15,51,84
27,51,61,84
28,86,76,84
29,67,97,84
30,50,21,84
31,88,11,84
32,93,58,84
33,37,91,84
34,39,54,84
35,41,19,84
36,6,52,84
1,82,20,85
2,22,10,85
3,64,51,85
4,23,25,85
5,80,84,85
6,14,65,85
7,92,89,85
8,53,30,85
9,49,8,85
10,45,59,85
11,81,26,85
12,93,0,85
13,88,4,85
14,51,43,85
15,49,12,85
16,81,27,85
17,26,71,85
18,52,98,85
19,41,77,85
20,99,86,85
21,98,37,85
22,5,78,85
23,27,96,85
24,95,70,85
25,7,31,85
26,15,51,85
27,50,62,85
28,85,77,85
29,67,98,85
30,51,22,85
31,89,10,85
32,93,57,85
33,36,91,85
34,40,55,85
35,41,20,85
36,6,52,85
1,81,19,86
2,21,9,86
3,63,51,86
4,23,24,86
5,79,85,86
6,13,64,86
7,92,88,86
8,53,30,86
9,49,8,86
10,44,60,86
11,82,25,86
12,92,1,86
13,88,3,86
14,50,44,86
15,49,13,86
16,82,26,86
17,26,72,86
18,53,97,86
19,40,77,86
20,98,87,86
21,97,36,86
22,5,78,86
23,27,95,86
24,96,71,86
25,6,31,86
26,15,52,86
27,49,61,86
28,86,78,86
29,67,98,86
30,50,23,86
31,89,11,86
32,93,57,86
33,37,91,86
34,41,54,86
35,42,19,86
36,6,52,86
1,82,18,87
2,21,10,87
3,63,51,87
4,22,25,87
5,78,85,87
6,12,63,87
7,92,88,87
8,53,29,87
9,50,8,87
10,45,59,87
11,82,25,87
12,93,0,87
13,88,4,87
14,49,45,87
15,49,14,87
16,81,26,87
17,27,71,87
18,53,97,87
19,39,76,87
20,99,86,87
21,96,35,87
22,4,77,87
23,28,95,87
24,96,71,87
25,7,32,87
26,15,51,87
27,49,60,87
28,85,79,87
29,68,97,87
30,50,22,87
31,89,12,87
32,92,56,87
33,38,91,87
34,42,54,87
35,43,19,87
36,7,52,87
1,81,19,88
2,21,10,88
3,63,52,88
4,22,25,88
5,78,84,88
6,13,63,88
7,92,89,88
8,52,28,88
9,49,8,88
10,44,60,88
11,82,24,88
12,94,0,88
13,89,4,88
14,49,44,88
15,50,15,88
16,81,25,88
17,27,70,88
18,53,96,88
19,38,75,88
20,99,87,88
21,97,35,88
22,3,76,88
23,29,95,88
24,97,71,88
25,7,32,88
26,15,50,88
27,49,59,88
28,85,79,88
29,69,97,88
30,51,21,88
31,88,13,88
32,91,56,88
33,39,91,88
34,43,55,88
35,42,19,88
36,8,51,88
1,80,19,89
2,20,9,89
3,63,53,89
4,23,25,89
5,77,85,89
6,12,64,89
7,91,90,89
8,53,28,89
9,48,8,89
10,43,60,89
11,82,23,89
12,94,0,89
13,88,3,89
14,50,44,89
15,50,16,89
16,80,24,89
17,28,69,89
18,52,97,89
19,38,74,89
20,99,88,89
21,98,35,89
22,2,77,89
23,29,95,89
24,97,72,89
25,8,33,89
26,14,50,89
27,49,58,89
28,84,80,89
29,70,97,89
30,50,21,89
31,87,13,89
32,90,57,89
33,40,92,89
34,42,54,89
35,41,18,89
36,9,52,89
1,80,20,90
2,20,9,90
3,62,52,90
4,23,24,90
5,78,84,90
6,11,63,90
7,91,90,90
8,54,28,90
9,48,7,90
10,44,60,90
11,83,23,90
12,94,0,90
13,87,3,90
14,50,43,90
15,50,16,90
16,80,23,90
17,28,70,90
18,51,97,90
19,39,73,90
20,99,89,90
21,99,34,90
22,1,77,90
23,29,96,90
24,96,71,90
25,7,32,90
26,13,49,90
27,49,57,90
28,84,81,90
29,71,98,90
30,51,21,90
31,87,13,90
32,91,58,90
33,41,91,90
34,41,53,90
35,40,18,90
36,8,52,90
1,81,20,91
2,19,10,91
3,63,53,91
4,24,24,91
5,77,84,91
6,12,64,91
7,92,89,91
8,54,27,91
9,47,8,91
10,45,59,91
11,83,24,91
12,95,1,91
13,88,4,91
14,50,42,91
15,50,15,91
16,80,23,91
17,27,71,91
18,50,98,91
19,39,74,91
20,98,88,91
21,98,35,91
22,1,77,91
23,29,95,91
24,95,71,91
25,8,31,91
26,12,49,91
27,49,56,91
28,85,80,91
29,70,99,91
30,50,22,91
31,86,14,91
32,90,59,91
33,42,91,91
34,41,54,91
35,40,17,91
36,8,53,91
1,80,19,92
2,20,11,92
3,63,52,92
4,23,25,92
5,77,84,92
6,11,63,92
7,91,89,92
8,55,27,92
9,47,7,92
10,44,58,92
11,82,23,92
12,95,1,92
13,88,5,92
14,50,42,92
15,50,15,92
16,79,22,92
17,26,72,92
18,51,99,92
19,39,74,92
20,99,87,92
21,99,36,92
22,0,77,92
23,28,94,92
24,94,70,92
25,8,31,92
26,13,49,92
27,50,55,92
28,86,81,92
29,69,98,92
30,51,21,92
31,87,14,92
32,90,58,92
33,41,92,92
34,42,54,92
35,41,17,92
36,9,52,92
1,79,20,93
2,19,11,93
3,64,51,93
4,22,25,93
5,76,85,93
6,10,63,93
7,92,90,93
8,56,27,93
9,48,8,93
10,44,59,93
11,82,22,93
12,96,1,93
13,87,4,93
14,51,41,93
15,50,16,93
16,78,21,93
17,27,71,93
18,50,99,93
19,40,73,93
20,99,86,93
21,99,35,93
22,1,78,93
23,29,93,93
24,93,71,93
25,9,32,93
26,12,50,93
27,49,56,93
28,87,81,93
29,69,97,93
30,51,22,93
31,86,14,93
32,90,58,93
33,40,93,93
34,43,55,93
35,40,16,93
36,10,51,93
1,80,20,94
2,18,10,94
3,65,52,94
4,21,26,94
5,75,84,94
6,10,62,94
7,93,90,94
8,56,27,94
9,49,9,94
10,44,58,94
11,82,21,94
12,95,2,94
13,88,3,94
14,52,41,94
15,50,17,94
16,79,21,94
17,28,70,94
18,50,98,94
19,41,73,94
20,98,87,94
21,98,36,94
22,2,78,94
23,29,92,94
24,92,70,94
25,9,32,94
26,11,50,94
27,49,57,94
28,86,80,94
29,69,97,94
30,51,23,94
31,85,14,94
32,89,57,94
33,39,94,94
34,44,55,94
35,41,15,94
36,9,51,94
1,81,21,95
2,19,11,95
3,64,53,95
4,20,25,95
5,76,84,95
6,10,63,95
7,94,89,95
8,55,28,95
9,49,9,95
10,43,57,95
11,83,20,95
12,96,2,95
13,89,3,95
14,51,41,95
15,49,16,95
16,79,22,95
17,27,69,95
18,50,97,95
19,42,73,95
20,97,87,95
21,98,36,95
22,2,78,95
23,30,92,95
24,93,69,95
25,9,31,95
26,12,50,95
27,48,57,95
28,87,79,95
29,68,97,95
30,50,24,95
31,85,15,95
32,88,56,95
33,38,95,95
34,44,55,95
35,41,16,95
36,10,50,95
1,80,21,96
2,18,12,96
3,64,53,96
4,21,26,96
5,75,85,96
6,11,64,96
7,94,90,96
8,56,29,96
9,49,9,96
10,43,56,96
11,83,21,96
12,95,3,96
13,88,4,96
14,50,41,96
15,49,16,96
16,78,23,96
17,26,69,96
18,51,98,96
19,43,73,96
20,96,86,96
21,97,35,96
22,3,77,96
23,31,93,96
24,93,68,96
25,8,31,96
26,12,49,96
27,48,58,96
28,88,78,96
29,68,96,96
30,49,23,96
31,84,15,96
32,87,57,96
33,39,95,96
34,44,56,96
35,41,15,96
36,9,51,96
1,79,21,97
2,18,12,97
3,63,54,97
4,21,25,97
5,74,84,97
6,12,64,97
7,95,89,97
8,57,28,97
9,48,9,97
10,43,55,97
11,82,22,97
12,96,4,97
13,89,4,97
14,50,42,97
15,49,17,97
16,77,22,97
17,26,69,97
18,50,99,97
19,43,74,97
20,97,87,97
21,97,36,97
22,3,78,97
23,30,94,97
24,94,69,97
25,7,31,97
26,12,50,97
27,49,59,97
28,89,77,97
29,67,96,97
30,49,23,97
31,83,15,97
32,88,57,97
33,40,94,97
34,45,57,97
35,42,15,97
36,8,52,97
1,78,20,98
2,17,12,98
3,63,54,98
4,22,24,98
5,73,84,98
6,11,64,98
7,95,88,98
8,57,29,98
9,47,8,98
10,42,56,98
11,82,21,98
12,97,4,98
13,89,4,98
14,51,42,98
15,48,16,98
16,76,22,98
17,27,68,98
18,51,99,98
19,44,74,98
20,97,86,98
21,96,37,98
22,2,77,98
23,29,95,98
24,95,68,98
25,6,32,98
26,12,50,98
27,49,59,98
28,89,77,98
29,66,95,98
30,49,23,98
31,83,16,98
32,87,56,98
33,40,95,98
34,46,57,98
35,43,16,98
36,9,52,98
1,79,21,99
2,18,11,99
3,63,54,99
4,21,25,99
5,72,85,99
6,12,63,99
7,95,89,99
8,56,28,99
9,48,8,99
10,42,56,99
11,83,20,99
12,98,5,99
13,88,4,99
14,51,41,99
15,49,15,99
16,76,21,99
17,28,68,99
18,50,98,99
19,43,74,99
20,96,85,99
21,95,36,99
22,3,78,99
23,28,96,99
24,96,67,99
25,7,33,99
26,12,49,99
27,49,59,99
28,90,76,99
29,66,96,99
30,48,24,99
31,84,15,99
32,86,56,99
33,40,96,99
34,46,57,99
35,44,17,99
36,8,51,99
1,79,21,100
2,19,10,100
3,64,54,100
4,22,24,100
5,71,86,100
6,13,63,100
7,94,90,100
8,56,29,100
9,48,7,100
10,41,56,100
11,84,20,100
12,99,6,100
13,87,3,100
14,51,42,100
15,50,15,100
16,75,20,100
17,29,69,100
18,49,99,100
19,42,74,100
20,96,86,100
21,96,37,100
22,3,78,100
23,27,96,100
24,96,67,100
25,7,33,100
26,11,49,100
27,49,60,100
28,89,75,100
29,66,97,100
30,48,25,100
31,84,14,100
32,87,55,100
33,40,95,100
34,47,57,100
35,43,18,100
36,7,52,100
