1,36,60,1
2,50,50,1
3,90,46,1
4,95,42,1
5,76,28,1
6,78,37,1
7,37,4,1
8,80,39,1
9,96,46,1
10,76,86,1
11,65,30,1
12,45,82,1
13,11,99,1
14,9,42,1
15,99,14,1
16,41,93,1
17,89,96,1
18,39,57,1
19,23,71,1
20,99,30,1
21,45,9,1
22,6,32,1
23,98,57,1
24,75,14,1
25,82,16,1
26,77,29,1
27,86,16,1
28,14,21,1
29,37,66,1
30,41,85,1
31,62,76,1
32,80,47,1
33,48,36,1
34,48,50,1
35,99,65,1
36,85,4,1
37,32,63,1
1,35,61,2
2,50,49,2
3,89,45,2
4,94,41,2
5,76,28,2
6,77,38,2
7,37,5,2
8,81,39,2
9,97,47,2
10,75,85,2
11,64,30,2
12,45,83,2
13,12,98,2
14,8,41,2
15,98,14,2
16,40,94,2
17,88,97,2
18,40,56,2
19,22,70,2
20,99,29,2
21,44,8,2
22,6,31,2
23,99,56,2
24,75,14,2
25,81,15,2
26,77,29,2
27,87,15,2
28,14,20,2
29,36,66,2
30,40,85,2
31,63,75,2
32,80,46,2
33,47,35,2
34,49,51,2
35,98,66,2
36,85,3,2
37,33,63,2
1,34,62,3
2,51,48,3
3,90,45,3
4,95,41,3
5,76,27,3
6,78,39,3
7,38,4,3
8,82,39,3
9,98,47,3
10,76,85,3
11,64,29,3
12,46,83,3
13,11,98,3
14,8,40,3
15,97,13,3
16,40,93,3
17,87,98,3
18,41,56,3
19,23,71,3
20,98,29,3
21,43,7,3
22,6,32,3
23,98,56,3
24,76,13,3
25,81,16,3
26,76,29,3
27,87,14,3
28,15,21,3
29,36,66,3
30,40,84,3
31,62,74,3
32,81,47,3
33,46,34,3
34,49,51,3
35,97,66,3
36,86,4,3
37,32,64,3
1,33,62,4
2,51,49,4
3,90,46,4
4,96,41,4
5,75,26,4
6,79,40,4
7,39,3,4
8,82,38,4
9,98,48,4
10,77,84,4
11,63,30,4
12,45,84,4
13,11,99,4
14,9,41,4
15,97,13,4
16,39,92,4
17,88,99,4
18,42,55,4
19,23,70,4
20,97,29,4
21,43,8,4
22,6,33,4
23,99,56,4
24,76,13,4
25,81,15,4
26,75,29,4
27,88,15,4
28,14,20,4
29,35,67,4
30,39,85,4
31,61,74,4
32,80,46,4
33,46,34,4
34,48,52,4
35,98,67,4
36,86,3,4
37,31,63,4
1,32,61,5
2,50,50,5
3,91,47,5
4,95,40,5
5,75,25,5
6,79,39,5
7,40,3,5
8,82,39,5
9,99,48,5
10,78,85,5
11,64,31,5
12,44,85,5
13,12,98,5
14,10,41,5
15,98,14,5
16,40,92,5
17,87,99,5
18,42,54,5
19,24,70,5
20,97,30,5
21,44,9,5
22,7,32,5
23,99,57,5
24,76,12,5
25,82,16,5
26,76,30,5
27,88,14,5
28,15,21,5
29,36,67,5
30,40,86,5
31,62,75,5
32,81,46,5
33,47,33,5
34,47,53,5
35,98,66,5
36,87,4,5
37,31,62,5
1,32,60,6
2,51,50,6
3,91,47,6
4,94,41,6
5,74,24,6
6,79,38,6
7,40,2,6
8,83,38,6
9,98,47,6
10,77,85,6
11,63,30,6
12,45,85,6
13,11,97,6
14,11,41,6
15,98,15,6
16,41,92,6
17,86,99,6
18,42,54,6
19,25,69,6
20,96,31,6
21,45,9,6
22,7,31,6
23,98,58,6
24,77,13,6
25,81,16,6
26,77,30,6
27,87,15,6
28,14,22,6
29,36,66,6
30,40,85,6
31,61,74,6
32,81,45,6
33,47,34,6
34,47,53,6
35,98,66,6
36,88,5,6
37,31,63,6
1,32,59,7
2,50,50,7
3,90,48,7
4,94,42,7
5,74,23,7
6,79,37,7
7,41,2,7
8,84,39,7
9,99,46,7
10,76,84,7
11,62,30,7
12,46,85,7
13,10,96,7
14,12,42,7
15,97,15,7
16,42,91,7
17,87,99,7
18,43,53,7
19,25,69,7
20,95,31,7
21,45,9,7
22,6,32,7
23,98,58,7
24,76,13,7
25,82,15,7
26,76,30,7
27,88,15,7
28,15,23,7
29,36,67,7
30,41,85,7
31,60,74,7
32,82,45,7
33,46,34,7
34,47,52,7
35,97,66,7
36,87,6,7
37,32,64,7
1,31,60,8
2,49,51,8
3,89,47,8
4,95,42,8
5,73,23,8
6,80,38,8
7,42,1,8
8,84,40,8
9,99,45,8
10,77,83,8
11,63,30,8
12,47,85,8
13,10,96,8
14,11,42,8
15,96,16,8
16,41,92,8
17,88,98,8
18,44,52,8
19,24,68,8
20,95,30,8
21,45,10,8
22,6,33,8
23,98,58,8
24,75,12,8
25,83,14,8
26,76,29,8
27,88,16,8
28,16,22,8
29,36,66,8
30,40,86,8
31,59,74,8
32,83,46,8
33,45,34,8
34,48,51,8
35,98,65,8
36,88,6,8
37,33,63,8
1,32,59,9
2,49,51,9
3,89,47,9
4,94,42,9
5,73,23,9
6,81,39,9
7,43,0,9
8,83,41,9
9,99,45,9
10,76,83,9
11,63,31,9
12,47,85,9
13,10,97,9
14,12,43,9
15,97,17,9
16,42,92,9
17,87,99,9
18,45,53,9
19,25,68,9
20,95,29,9
21,44,9,9
22,5,33,9
23,97,58,9
24,75,11,9
25,84,13,9
26,77,30,9
27,87,15,9
28,17,22,9
29,35,65,9
30,41,86,9
31,58,74,9
32,84,46,9
33,46,35,9
34,50,51,9
35,98,66,9
36,89,6,9
37,32,64,9
1,32,59,10
2,50,50,10
3,89,46,10
4,94,43,10
5,72,23,10
6,80,39,10
7,44,0,10
8,84,41,10
9,99,45,10
10,77,82,10
11,64,30,10
12,47,85,10
13,10,96,10
14,13,44,10
15,96,17,10
16,43,92,10
17,88,99,10
18,46,52,10
19,25,67,10
20,96,29,10
21,44,9,10
22,5,34,10
23,96,58,10
24,76,11,10
25,85,13,10
26,76,30,10
27,87,15,10
28,17,21,10
29,36,64,10
30,41,87,10
31,57,73,10
32,83,47,10
33,45,36,10
34,51,50,10
35,97,67,10
36,88,5,10
37,32,65,10
1,31,60,11
2,52,51,11
3,90,45,11
4,95,44,11
5,71,22,11
6,79,39,11
7,44,1,11
8,85,41,11
9,99,44,11
10,76,81,11
11,63,31,11
12,46,85,11
13,9,96,11
14,14,44,11
15,95,18,11
16,44,92,11
17,89,99,11
18,47,53,11
19,26,66,11
20,95,29,11
21,43,10,11
22,4,34,11
23,96,58,11
24,76,11,11
25,84,12,11
26,77,29,11
27,87,15,11
28,18,21,11
29,37,65,11
30,42,86,11
31,56,73,11
32,83,47,11
33,44,37,11
34,51,50,11
35,98,66,11
36,87,5,11
37,31,66,11
1,32,61,12
2,53,50,12
3,91,46,12
4,96,43,12
5,70,22,12
6,78,39,12
7,43,0,12
8,86,42,12
9,98,44,12
10,76,82,12
11,63,31,12
12,46,84,12
13,10,97,12
14,15,43,12
15,94,18,12
16,45,91,12
17,88,99,12
18,46,52,12
19,25,67,12
20,96,29,12
21,42,11,12
22,5,34,12
23,96,58,12
24,76,11,12
25,84,11,12
26,77,28,12
27,86,16,12
28,19,22,12
29,36,66,12
30,41,86,12
31,55,72,12
32,84,46,12
33,45,36,12
34,50,50,12
35,97,66,12
36,87,4,12
37,31,66,12
1,33,60,13
2,52,51,13
3,91,47,13
4,95,42,13
5,69,23,13
6,79,40,13
7,44,0,13
8,87,41,13
9,98,44,13
10,77,82,13
11,62,32,13
12,46,84,13
13,9,96,13
14,16,44,13
15,95,19,13
16,45,90,13
17,88,98,13
18,45,51,13
19,26,68,13
20,97,29,13
21,42,11,13
22,4,34,13
23,96,58,13
24,76,11,13
25,84,11,13
26,77,28,13
27,86,17,13
28,19,22,13
29,35,65,13
30,42,85,13
31,54,73,13
32,84,47,13
33,46,37,13
34,49,49,13
35,96,65,13
36,88,5,13
37,30,67,13
1,32,59,14
2,53,51,14
3,92,46,14
4,95,43,14
5,69,22,14
6,78,40,14
7,45,0,14
8,88,40,14
9,98,45,14
10,78,82,14
11,61,32,14
12,45,85,14
13,8,97,14
14,17,43,14
15,94,19,14
16,45,91,14
17,88,98,14
18,45,50,14
19,27,69,14
20,98,29,14
21,42,12,14
22,5,33,14
23,97,59,14
24,77,11,14
25,84,11,14
26,77,29,14
27,87,16,14
28,20,21,14
29,35,65,14
30,42,84,14
31,53,74,14
32,83,48,14
33,46,37,14
34,49,50,14
35,97,64,14
36,87,4,14
37,30,67,14
1,32,58,15
2,52,51,15
3,92,47,15
4,94,43,15
5,70,22,15
6,78,39,15
7,45,1,15
8,88,41,15
9,98,45,15
10,77,83,15
11,61,32,15
12,44,85,15
13,8,96,15
14,16,44,15
15,93,18,15
16,44,92,15
17,89,98,15
18,45,49,15
19,28,68,15
20,98,30,15
21,41,13,15
22,4,33,15
23,98,60,15
24,77,11,15
25,85,11,15
26,78,28,15
27,86,15,15
28,19,20,15
29,35,66,15
30,43,83,15
31,52,73,15
32,83,49,15
33,45,36,15
34,48,50,15
35,96,63,15
36,86,3,15
37,29,67,15
1,33,58,16
2,51,50,16
3,92,47,16
4,93,43,16
5,69,21,16
6,77,38,16
7,46,1,16
8,89,42,16
9,98,46,16
10,76,82,16
11,61,32,16
12,43,84,16
13,8,97,16
14,17,43,16
15,93,19,16
16,45,92,16
17,88,99,16
18,45,49,16
19,28,67,16
20,98,29,16
21,41,12,16
22,4,33,16
23,98,60,16
24,78,11,16
25,85,10,16
26,78,27,16
27,87,16,16
28,20,21,16
29,34,66,16
30,42,82,16
31,52,74,16
32,82,50,16
33,44,37,16
34,48,49,16
35,95,64,16
36,86,2,16
37,30,66,16
1,33,57,17
2,52,50,17
3,92,48,17
4,93,43,17
5,69,22,17
6,76,38,17
7,46,1,17
8,88,41,17
9,99,45,17
10,76,83,17
11,62,33,17
12,42,83,17
13,9,97,17
14,18,44,17
15,92,19,17
16,46,93,17
17,89,98,17
18,44,50,17
19,29,66,17
20,97,29,17
21,40,13,17
22,5,32,17
23,97,61,17
24,79,10,17
25,84,11,17
26,77,26,17
27,86,17,17
28,19,21,17
29,34,66,17
30,42,82,17
31,52,74,17
32,83,51,17
33,43,36,17
34,48,48,17
35,94,65,17
36,87,2,17
37,30,66,17
1,34,58,18
2,51,50,18
3,93,48,18
4,93,42,18
5,70,21,18
6,77,37,18
7,46,2,18
8,87,40,18
9,98,45,18
10,77,82,18
11,61,34,18
12,42,84,18
13,8,96,18
14,17,44,18
15,91,19,18
16,47,92,18
17,88,97,18
18,44,49,18
19,29,66,18
20,98,28,18
21,41,12,18
22,4,31,18
23,98,62,18
24,79,11,18
25,83,11,18
26,78,26,18
27,85,16,18
28,19,21,18
29,35,67,18
30,41,82,18
31,53,73,18
32,82,50,18
33,44,35,18
34,47,47,18
35,95,65,18
36,88,1,18
37,29,67,18
1,35,59,19
2,51,51,19
3,92,47,19
4,94,43,19
5,71,22,19
6,76,37,19
7,47,1,19
8,87,39,19
9,99,45,19
10,78,81,19
11,60,33,19
12,42,84,19
13,9,96,19
14,16,44,19
15,90,19,19
16,47,93,19
17,88,98,19
18,44,50,19
19,30,67,19
20,97,29,19
21,40,11,19
22,4,31,19
23,99,63,19
24,78,12,19
25,83,10,19
26,78,27,19
27,85,17,19
28,19,22,19
29,36,68,19
30,42,82,19
31,54,73,19
32,82,50,19
33,44,35,19
34,46,46,19
35,95,66,19
36,88,2,19
37,29,67,19
1,34,59,20
2,52,50,20
3,93,48,20
4,95,43,20
5,70,21,20
6,77,36,20
7,48,0,20
8,87,39,20
9,99,45,20
10,78,80,20
11,61,32,20
12,41,83,20
13,10,96,20
14,17,43,20
15,90,19,20
16,47,94,20
17,88,99,20
18,43,49,20
19,29,66,20
20,97,30,20
21,41,12,20
22,4,30,20
23,98,64,20
24,77,11,20
25,82,11,20
26,78,27,20
27,85,18,20
28,20,22,20
29,35,67,20
30,43,82,20
31,53,74,20
32,82,50,20
33,44,36,20
34,45,45,20
35,96,66,20
36,88,3,20
37,29,68,20
1,34,58,21
2,53,50,21
3,92,48,21
4,95,43,21
5,70,20,21
6,78,36,21
7,47,0,21
8,86,39,21
9,98,44,21
10,79,81,21
11,61,32,21
12,41,83,21
13,10,97,21
14,18,42,21
15,89,19,21
16,48,94,21
17,89,98,21
18,43,49,21
19,30,66,21
20,98,30,21
21,42,12,21
22,4,30,21
23,97,63,21
24,76,10,21
25,81,11,21
26,79,26,21
27,85,18,21
28,20,22,21
29,36,67,21
30,43,82,21
31,53,73,21
32,81,50,21
33,44,37,21
34,46,46,21
35,95,65,21
36,89,3,21
37,29,68,21
1,33,58,22
2,54,51,22
3,91,47,22
4,96,43,22
5,71,21,22
6,79,37,22
7,46,0,22
8,85,40,22
9,98,45,22
10,79,80,22
11,60,33,22
12,41,82,22
13,9,98,22
14,18,43,22
15,89,18,22
16,48,93,22
17,88,99,22
18,42,49,22
19,30,66,22
20,97,31,22
21,41,13,22
22,3,31,22
23,98,62,22
24,77,10,22
25,82,12,22
26,80,26,22
27,86,17,22
28,20,22,22
29,36,68,22
30,43,82,22
31,54,72,22
32,82,51,22
33,45,36,22
34,45,45,22
35,94,64,22
36,89,4,22
37,29,67,22
1,32,59,23
2,55,50,23
3,91,48,23
4,97,44,23
5,70,20,23
6,79,38,23
7,47,0,23
8,85,40,23
9,97,45,23
10,78,81,23
11,61,33,23
12,42,81,23
13,10,98,23
14,17,43,23
15,89,17,23
16,48,92,23
17,87,98,23
18,41,48,23
19,30,66,23
20,97,31,23
21,42,14,23
22,4,30,23
23,98,63,23
24,76,9,23
25,81,11,23
26,79,27,23
27,87,17,23
28,20,21,23
29,37,68,23
30,42,83,23
31,53,71,23
32,83,50,23
33,45,37,23
34,44,45,23
35,95,63,23
36,88,3,23
37,28,67,23
1,32,58,24
2,56,49,24
3,90,48,24
4,96,46,24
5,71,20,24
6,80,39,24
7,46,0,24
8,85,41,24
9,97,45,24
10,78,81,24
11,60,32,24
12,43,80,24
13,10,98,24
14,16,42,24
15,88,18,24
16,49,93,24
17,88,98,24
18,40,49,24
19,30,65,24
20,98,31,24
21,42,15,24
22,3,30,24
23,97,63,24
24,75,10,24
25,80,12,24
26,79,26,24
27,86,16,24
28,19,22,24
29,38,68,24
30,41,83,24
31,52,70,24
32,84,49,24
33,44,37,24
34,44,46,24
35,94,62,24
36,87,3,24
37,27,68,24
1,33,57,25
2,55,50,25
3,90,49,25
4,95,46,25
5,72,20,25
6,79,40,25
7,47,1,25
8,85,40,25
9,98,46,25
10,79,80,25
11,60,33,25
12,44,81,25
13,9,97,25
14,16,41,25
15,88,18,25
16,50,92,25
17,88,97,25
18,41,50,25
19,31,64,25
20,99,31,25
21,41,16,25
22,3,29,25
23,98,62,25
24,75,11,25
25,81,12,25
26,79,25,25
27,86,16,25
28,18,21,25
29,39,68,25
30,41,82,25
31,52,71,25
32,85,49,25
33,45,37,25
34,44,45,25
35,95,61,25
36,87,3,25
37,28,67,25
1,34,56,26
2,55,49,26
3,89,50,26
4,94,45,26
5,72,19,26
6,80,39,26
7,46,1,26
8,86,41,26
9,98,46,26
10,79,80,26
11,59,32,26
12,44,81,26
13,8,98,26
14,16,42,26
15,88,18,26
16,51,91,26
17,89,97,26
18,41,49,26
19,32,65,26
20,98,31,26
21,42,17,26
22,2,29,26
23,98,63,26
24,74,10,26
25,82,11,26
26,80,25,26
27,87,16,26
28,19,20,26
29,39,67,26
30,41,81,26
31,52,71,26
32,85,50,26
33,45,37,26
34,45,45,26
35,96,60,26
36,86,2,26
37,29,68,26
1,35,57,27
2,54,50,27
3,88,51,27
4,95,44,27
5,73,19,27
6,81,38,27
7,45,2,27
8,87,42,27
9,99,47,27
10,78,79,27
11,60,33,27
12,43,81,27
13,7,97,27
14,16,41,27
15,87,17,27
16,51,91,27
17,88,96,27
18,40,48,27
19,32,64,27
20,97,31,27
21,43,17,27
22,1,30,27
23,97,62,27
24,73,11,27
25,83,12,27
26,81,25,27
27,86,16,27
28,20,21,27
29,39,67,27
30,42,81,27
31,53,71,27
32,86,50,27
33,44,38,27
34,46,45,27
35,96,60,27
36,85,2,27
37,29,69,27
1,34,57,28
2,55,50,28
3,89,51,28
4,94,43,28
5,73,19,28
6,81,38,28
7,44,2,28
8,88,41,28
9,99,47,28
10,79,80,28
11,61,32,28
12,44,80,28
13,8,97,28
14,17,40,28
15,87,18,28
16,51,90,28
17,87,95,28
18,41,48,28
19,31,63,28
20,97,32,28
21,43,16,28
22,2,30,28
23,96,61,28
24,72,11,28
25,83,11,28
26,80,25,28
27,87,15,28
28,21,22,28
29,39,66,28
30,43,80,28
31,52,71,28
32,86,51,28
33,45,38,28
34,47,46,28
35,97,59,28
36,85,3,28
37,29,68,28
1,33,56,29
2,54,50,29
3,89,50,29
4,93,44,29
5,72,18,29
6,82,38,29
7,44,3,29
8,88,41,29
9,98,47,29
10,80,81,29
11,62,33,29
12,42,81,29
13,7,98,29
14,16,39,29
15,87,17,29
16,50,89,29
17,88,96,29
18,40,47,29
19,31,64,29
20,98,33,29
21,44,15,29
22,3,31,29
23,95,60,29
24,72,11,29
25,82,11,29
26,80,24,29
27,87,14,29
28,20,23,29
29,40,66,29
30,44,80,29
31,53,71,29
32,86,50,29
33,44,39,29
34,47,47,29
35,96,59,29
36,85,4,29
37,28,68,29
1,32,57,30
2,54,51,30
3,90,49,30
4,94,43,30
5,71,18,30
6,81,38,30
7,43,4,30
8,87,41,30
9,99,47,30
10,79,82,30
11,62,33,30
12,43,82,30
13,8,97,30
14,16,38,30
15,88,18,30
16,49,89,30
17,89,97,30
18,39,47,30
19,30,63,30
20,98,33,30
21,44,15,30
22,4,32,30
23,94,61,30
24,72,12,30
25,82,11,30
26,80,23,30
27,88,15,30
28,20,24,30
29,40,65,30
30,45,79,30
31,53,70,30
32,85,51,30
33,43,40,30
34,48,46,30
35,96,58,30
36,86,5,30
37,29,69,30
1,31,57,31
2,53,52,31
3,89,49,31
4,93,43,31
5,72,18,31
6,82,37,31
7,44,5,31
8,88,41,31
9,98,47,31
10,78,81,31
11,61,33,31
12,43,81,31
13,7,97,31
14,16,37,31
15,89,17,31
16,50,89,31
17,89,96,31
18,38,47,31
19,30,63,31
20,99,32,31
21,43,14,31
22,5,31,31
23,93,61,31
24,73,11,31
25,82,12,31
26,79,24,31
27,89,16,31
28,19,23,31
29,41,65,31
30,46,78,31
31,52,70,31
32,85,52,31
33,42,41,31
34,49,46,31
35,97,57,31
36,85,6,31
37,29,68,31
1,30,58,32
2,53,53,32
3,89,48,32
4,94,44,32
5,73,18,32
6,81,38,32
7,44,4,32
8,89,40,32
9,98,46,32
10,77,80,32
11,61,33,32
12,43,80,32
13,6,96,32
14,15,36,32
15,89,17,32
16,49,90,32
17,89,96,32
18,37,46,32
19,31,64,32
20,99,31,32
21,43,13,32
22,4,32,32
23,92,61,32
24,73,11,32
25,83,11,32
26,80,25,32
27,89,16,32
28,20,23,32
29,42,64,32
30,47,79,32
31,52,71,32
32,84,53,32
33,41,40,32
34,49,46,32
35,96,58,32
36,86,6,32
37,30,68,32
1,31,59,33
2,52,53,33
3,88,49,33
4,94,44,33
5,74,19,33
6,82,37,33
7,44,4,33
8,90,40,33
9,97,45,33
10,78,79,33
11,60,32,33
12,44,80,33
13,6,97,33
14,14,37,33
15,90,16,33
16,48,91,33
17,90,96,33
18,36,47,33
19,30,63,33
20,98,32,33
21,44,12,33
22,4,32,33
23,92,61,33
24,72,12,33
25,84,10,33
26,81,25,33
27,89,15,33
28,19,24,33
29,41,65,33
30,48,79,33
31,51,71,33
32,85,54,33
33,40,40,33
34,50,45,33
35,97,58,33
36,87,7,33
37,30,68,33
1,32,58,34
2,51,53,34
3,89,49,34
4,93,44,34
5,73,20,34
6,81,38,34
7,43,4,34
8,89,41,34
9,98,45,34
10,79,79,34
11,59,32,34
12,45,79,34
13,6,96,34
14,13,38,34
15,90,16,34
16,47,91,34
17,89,97,34
18,36,48,34
19,30,62,34
20,99,33,34
21,44,11,34
22,5,31,34
23,93,60,34
24,71,12,34
25,84,11,34
26,81,25,34
27,89,14,34
28,18,23,34
29,41,64,34
30,48,79,34
31,50,70,34
32,84,55,34
33,40,41,34
34,50,44,34
35,97,57,34
36,88,6,34
37,30,69,34
1,31,58,35
2,52,53,35
3,89,49,35
4,94,43,35
5,73,19,35
6,82,38,35
7,42,5,35
8,90,42,35
9,97,44,35
10,79,79,35
11,59,31,35
12,46,80,35
13,6,95,35
14,14,37,35
15,89,17,35
16,47,90,35
17,90,96,35
18,36,48,35
19,30,61,35
20,99,33,35
21,43,12,35
22,4,31,35
23,92,59,35
24,70,12,35
25,83,10,35
26,80,24,35
27,88,13,35
28,18,24,35
29,42,65,35
30,49,79,35
31,49,69,35
32,85,54,35
33,41,42,35
34,49,44,35
35,97,57,35
36,88,6,35
37,29,70,35
1,30,58,36
2,51,54,36
3,88,49,36
4,93,43,36
5,73,19,36
6,81,39,36
7,42,4,36
8,89,41,36
9,97,43,36
10,79,78,36
11,60,30,36
12,45,80,36
13,5,94,36
14,14,36,36
15,89,17,36
16,47,90,36
17,91,95,36
18,36,49,36
19,31,61,36
20,99,33,36
21,43,12,36
22,3,31,36
23,93,58,36
24,71,11,36
25,82,10,36
26,80,24,36
27,88,12,36
28,17,24,36
29,43,64,36
30,49,80,36
31,48,68,36
32,84,54,36
33,40,43,36
34,49,44,36
35,96,56,36
36,89,6,36
37,28,70,36
1,29,59,37
2,51,54,37
3,88,48,37
4,94,43,37
5,73,20,37
6,80,39,37
7,42,4,37
8,90,40,37
9,97,43,37
10,78,78,37
11,61,31,37
12,46,81,37
13,5,94,37
14,13,37,37
15,88,18,37
16,48,90,37
17,91,94,37
18,35,48,37
19,30,60,37
20,99,32,37
21,44,12,37
22,3,32,37
23,92,59,37
24,70,10,37
25,81,11,37
26,79,24,37
27,88,11,37
28,18,23,37
29,43,63,37
30,49,79,37
31,49,68,37
32,83,54,37
33,41,44,37
34,50,43,37
35,96,56,37
36,88,7,37
37,29,70,37
1,30,59,38
2,51,54,38
3,88,49,38
4,94,42,38
5,74,19,38
6,79,39,38
7,41,4,38
8,89,41,38
9,98,43,38
10,78,78,38
11,62,30,38
12,47,82,38
13,4,95,38
14,13,38,38
15,89,19,38
16,47,91,38
17,91,93,38
18,36,47,38
19,31,61,38
20,98,32,38
21,43,12,38
22,3,32,38
23,92,60,38
24,70,9,38
25,81,11,38
26,80,24,38
27,89,11,38
28,18,22,38
29,44,63,38
30,48,80,38
31,50,68,38
32,82,54,38
33,42,43,38
34,50,43,38
35,95,57,38
36,87,8,38
37,29,71,38
1,30,58,39
2,52,53,39
3,87,50,39
4,94,41,39
5,73,20,39
6,78,40,39
7,41,4,39
8,90,41,39
9,97,43,39
10,77,78,39
11,62,31,39
12,47,82,39
13,4,95,39
14,12,37,39
15,88,20,39
16,47,92,39
17,91,94,39
18,37,48,39
19,32,60,39
20,97,32,39
21,42,13,39
22,3,31,39
23,93,60,39
24,70,10,39
25,80,10,39
26,81,23,39
27,90,12,39
28,19,22,39
29,43,64,39
30,49,79,39
31,50,68,39
32,83,53,39
33,42,43,39
34,50,44,39
35,96,58,39
36,87,8,39
37,28,71,39
1,30,58,40
2,51,52,40
3,87,51,40
4,95,40,40
5,73,20,40
6,79,40,40
7,42,4,40
8,90,41,40
9,97,43,40
10,78,79,40
11,63,32,40
12,48,83,40
13,4,96,40
14,12,36,40
15,88,21,40
16,46,92,40
17,91,95,40
18,37,48,40
19,32,61,40
20,97,32,40
21,42,12,40
22,3,31,40
23,93,59,40
24,70,10,40
25,81,11,40
26,82,24,40
27,90,11,40
28,18,21,40
29,43,64,40
30,48,80,40
31,50,67,40
32,84,54,40
33,41,43,40
34,49,44,40
35,97,58,40
36,87,9,40
37,28,72,40
1,31,57,41
2,50,52,41
3,86,51,41
4,94,41,41
5,74,19,41
6,78,39,41
7,42,5,41
8,91,40,41
9,98,44,41
10,77,80,41
11,62,32,41
12,48,83,41
13,5,97,41
14,11,35,41
15,87,21,41
16,47,93,41
17,90,95,41
18,38,47,41
19,32,61,41
20,97,32,41
21,43,12,41
22,2,31,41
23,93,59,41
24,71,10,41
25,81,11,41
26,82,24,41
27,91,12,41
28,18,22,41
29,43,65,41
30,48,79,41
31,49,68,41
32,84,55,41
33,41,44,41
34,48,45,41
35,98,57,41
36,86,9,41
37,27,73,41
1,32,58,42
2,49,52,42
3,87,52,42
4,95,42,42
5,73,19,42
6,78,40,42
7,41,5,42
8,92,39,42
9,97,43,42
10,77,81,42
11,61,33,42
12,48,84,42
13,5,96,42
14,10,34,42
15,87,21,42
16,46,92,42
17,90,94,42
18,37,47,42
19,33,60,42
20,97,32,42
21,42,11,42
22,1,31,42
23,93,59,42
24,72,10,42
25,80,11,42
26,83,25,42
27,92,13,42
28,17,21,42
29,44,65,42
30,49,79,42
31,50,68,42
32,83,56,42
33,42,44,42
34,48,44,42
35,98,56,42
36,86,9,42
37,28,73,42
1,33,59,43
2,48,52,43
3,87,53,43
4,96,41,43
5,73,19,43
6,77,40,43
7,42,6,43
8,93,38,43
9,98,43,43
10,77,81,43
11,60,34,43
12,48,84,43
13,4,95,43
14,9,34,43
15,87,21,43
16,46,92,43
17,91,95,43
18,38,48,43
19,33,60,43
20,96,33,43
21,43,10,43
22,2,31,43
23,93,60,43
24,73,10,43
25,81,10,43
26,84,25,43
27,92,13,43
28,16,22,43
29,44,66,43
30,48,80,43
31,51,67,43
32,82,57,43
33,42,44,43
34,49,43,43
35,99,55,43
36,86,9,43
37,27,73,43
1,33,59,44
2,48,52,44
3,88,53,44
4,97,42,44
5,74,20,44
6,77,39,44
7,42,5,44
8,92,38,44
9,97,43,44
10,78,81,44
11,61,34,44
12,47,83,44
13,5,94,44
14,10,33,44
15,86,20,44
16,45,92,44
17,91,95,44
18,39,48,44
19,34,61,44
20,96,32,44
21,44,9,44
22,2,31,44
23,93,61,44
24,72,9,44
25,81,11,44
26,84,24,44
27,91,13,44
28,16,23,44
29,45,65,44
30,49,81,44
31,52,66,44
32,83,58,44
33,43,43,44
34,49,43,44
35,98,55,44
36,86,10,44
37,27,72,44
1,32,59,45
2,47,52,45
3,87,53,45
4,96,42,45
5,75,20,45
6,78,40,45
7,41,4,45
8,92,39,45
9,96,43,45
10,78,82,45
11,60,33,45
12,48,83,45
13,6,93,45
14,11,33,45
15,85,19,45
16,46,91,45
17,90,94,45
18,38,47,45
19,33,61,45
20,95,32,45
21,44,10,45
22,3,31,45
23,94,62,45
24,71,10,45
25,81,12,45
26,84,25,45
27,92,12,45
28,15,24,45
29,44,64,45
30,50,80,45
31,53,66,45
32,83,58,45
33,43,43,45
34,50,42,45
35,97,55,45
36,85,11,45
37,26,72,45
1,31,58,46
2,46,51,46
3,86,52,46
4,95,42,46
5,76,19,46
6,79,40,46
7,40,4,46
8,91,38,46
9,97,44,46
10,78,83,46
11,59,34,46
12,47,82,46
13,6,94,46
14,12,32,46
15,85,19,46
16,45,91,46
17,90,95,46
18,39,46,46
19,34,60,46
20,94,32,46
21,43,9,46
22,2,30,46
23,93,61,46
24,72,11,46
25,80,12,46
26,83,24,46
27,91,13,46
28,14,23,46
29,43,65,46
30,51,79,46
31,52,66,46
32,82,57,46
33,43,42,46
34,49,43,46
35,98,54,46
36,85,10,46
37,25,73,46
1,32,57,47
2,46,52,47
3,87,52,47
4,94,42,47
5,75,20,47
6,78,40,47
7,40,4,47
8,90,38,47
9,98,45,47
10,77,83,47
11,59,35,47
12,48,83,47
13,7,95,47
14,13,32,47
15,86,19,47
16,46,91,47
17,90,95,47
18,39,46,47
19,34,59,47
20,94,32,47
21,43,9,47
22,1,30,47
23,94,61,47
24,72,12,47
25,79,13,47
26,84,24,47
27,91,14,47
28,13,22,47
29,44,66,47
30,50,80,47
31,53,65,47
32,81,56,47
33,43,43,47
34,48,42,47
35,99,53,47
36,84,10,47
37,26,72,47
1,33,57,48
2,47,52,48
3,86,52,48
4,95,42,48
5,74,20,48
6,77,41,48
7,41,5,48
8,89,39,48
9,99,45,48
10,78,83,48
11,60,36,48
12,48,83,48
13,8,96,48
14,13,31,48
15,86,20,48
16,47,90,48
17,91,96,48
18,38,46,48
19,35,59,48
20,94,33,48
21,44,9,48
22,0,29,48
23,94,60,48
24,72,11,48
25,80,12,48
26,83,23,48
27,91,14,48
28,13,23,48
29,44,65,48
30,49,80,48
31,53,65,48
32,81,55,48
33,42,43,48
34,48,41,48
35,98,52,48
36,83,11,48
37,27,73,48
1,32,56,49
2,46,52,49
3,87,51,49
4,94,42,49
5,73,21,49
6,76,42,49
7,40,6,49
8,88,38,49
9,98,45,49
10,78,82,49
11,59,37,49
12,48,83,49
13,8,97,49
14,14,31,49
15,85,21,49
16,47,89,49
17,92,97,49
18,37,47,49
19,35,60,49
20,94,34,49
21,45,9,49
22,1,28,49
23,94,60,49
24,72,10,49
25,81,13,49
26,82,24,49
27,90,14,49
28,13,24,49
29,44,64,49
30,50,80,49
31,53,64,49
32,81,54,49
33,43,44,49
34,48,42,49
35,97,51,49
36,82,11,49
37,26,72,49
1,33,57,50
2,46,51,50
3,88,52,50
4,95,42,50
5,74,20,50
6,77,41,50
7,39,7,50
8,89,38,50
9,97,45,50
10,77,81,50
11,58,38,50
12,47,84,50
13,8,96,50
14,13,32,50
15,86,20,50
16,47,90,50
17,93,97,50
18,36,46,50
19,35,61,50
20,94,33,50
21,44,10,50
22,0,27,50
23,93,61,50
24,73,9,50
25,81,13,50
26,81,25,50
27,90,13,50
28,12,24,50
29,43,64,50
30,51,81,50
31,53,64,50
32,81,55,50
33,42,45,50
34,49,43,50
35,98,51,50
36,83,11,50
37,27,71,50
1,32,58,51
2,45,50,51
3,89,51,51
4,96,42,51
5,74,21,51
6,76,42,51
7,38,7,51
8,88,37,51
9,98,46,51
10,77,80,51
11,58,38,51
12,48,83,51
13,9,97,51
14,14,32,51
15,87,19,51
16,47,91,51
17,92,97,51
18,36,46,51
19,34,62,51
20,94,32,51
21,44,10,51
22,0,26,51
23,92,62,51
24,74,9,51
25,82,12,51
26,82,26,51
27,91,14,51
28,11,23,51
29,43,64,51
30,51,81,51
31,54,64,51
32,81,55,51
33,42,45,51
34,49,42,51
35,98,51,51
36,83,12,51
37,28,70,51
1,33,57,52
2,46,49,52
3,90,50,52
4,97,42,52
5,74,21,52
6,75,43,52
7,39,8,52
8,87,38,52
9,97,45,52
10,76,81,52
11,57,37,52
12,48,83,52
13,10,96,52
14,14,32,52
15,87,18,52
16,47,91,52
17,91,98,52
18,37,46,52
19,35,61,52
20,93,32,52
21,44,10,52
22,1,25,52
23,92,61,52
24,73,10,52
25,81,12,52
26,83,26,52
27,90,14,52
28,10,23,52
29,43,65,52
30,51,81,52
31,53,64,52
32,80,55,52
33,41,44,52
34,49,43,52
35,99,52,52
36,82,13,52
37,27,69,52
1,33,56,53
2,45,48,53
3,91,50,53
4,98,42,53
5,73,20,53
6,76,44,53
7,38,8,53
8,88,39,53
9,98,45,53
10,77,80,53
11,57,38,53
12,49,82,53
13,10,97,53
14,13,32,53
15,87,18,53
16,47,90,53
17,92,97,53
18,37,47,53
19,36,61,53
20,93,32,53
21,43,10,53
22,0,25,53
23,93,61,53
24,72,9,53
25,82,11,53
26,83,26,53
27,91,15,53
28,11,24,53
29,43,66,53
30,52,82,53
31,52,65,53
32,81,55,53
33,42,43,53
34,50,42,53
35,99,52,53
36,83,14,53
37,28,68,53
1,32,55,54
2,44,49,54
3,90,50,54
4,98,42,54
5,74,21,54
6,76,45,54
7,39,9,54
8,88,38,54
9,99,46,54
10,77,80,54
11,58,37,54
12,48,82,54
13,11,98,54
14,12,32,54
15,87,18,54
16,47,91,54
17,92,98,54
18,38,46,54
19,37,62,54
20,93,32,54
21,44,10,54
22,0,26,54
23,94,62,54
24,72,9,54
25,83,11,54
26,82,27,54
27,91,16,54
28,11,24,54
29,43,65,54
30,51,83,54
31,51,66,54
32,81,56,54
33,41,43,54
34,51,43,54
35,99,52,54
36,83,13,54
37,28,69,54
1,33,56,55
2,44,49,55
3,91,50,55
4,99,42,55
5,75,20,55
6,76,46,55
7,38,8,55
8,87,38,55
9,98,46,55
10,77,81,55
11,59,38,55
12,47,81,55
13,11,98,55
14,13,32,55
15,87,17,55
16,46,92,55
17,93,98,55
18,37,46,55
19,37,62,55
20,94,33,55
21,44,11,55
22,0,25,55
23,93,63,55
24,72,9,55
25,83,10,55
26,81,27,55
27,90,17,55
28,11,25,55
29,42,65,55
30,51,82,55
31,51,67,55
32,81,57,55
33,41,42,55
34,52,44,55
35,99,51,55
36,83,13,55
37,28,68,55
1,34,57,56
2,43,49,56
3,92,50,56
4,98,41,56
5,75,21,56
6,75,45,56
7,37,7,56
8,88,37,56
9,99,47,56
10,77,81,56
11,59,39,56
12,48,80,56
13,12,98,56
14,13,32,56
15,86,16,56
16,47,93,56
17,94,99,56
18,36,46,56
19,37,61,56
20,93,32,56
21,44,11,56
22,0,25,56
23,94,63,56
24,71,10,56
25,82,9,56
26,81,28,56
27,90,16,56
28,12,25,56
29,42,64,56
30,51,82,56
31,52,66,56
32,81,57,56
33,42,41,56
34,52,44,56
35,98,50,56
36,83,13,56
37,27,69,56
1,33,56,57
2,43,50,57
3,92,49,57
4,99,40,57
5,74,22,57
6,76,44,57
7,38,7,57
8,89,38,57
9,99,46,57
10,77,82,57
11,60,40,57
12,49,81,57
13,11,99,57
14,13,31,57
15,86,16,57
16,48,92,57
17,93,98,57
18,35,47,57
19,36,60,57
20,92,33,57
21,45,10,57
22,0,26,57
23,93,64,57
24,72,10,57
25,83,10,57
26,82,29,57
27,89,15,57
28,13,24,57
29,42,65,57
30,52,82,57
31,53,65,57
32,81,57,57
33,41,42,57
34,53,43,57
35,98,51,57
36,84,12,57
37,26,69,57
1,32,57,58
2,42,50,58
3,92,48,58
4,99,41,58
5,75,23,58
6,76,43,58
7,38,8,58
8,90,38,58
9,99,46,58
10,76,83,58
11,61,41,58
12,48,80,58
13,11,99,58
14,12,32,58
15,86,15,58
16,49,93,58
17,94,98,58
18,35,46,58
19,36,61,58
20,93,32,58
21,45,9,58
22,0,26,58
23,93,65,58
24,72,9,58
25,83,10,58
26,83,28,58
27,88,15,58
28,12,24,58
29,41,65,58
30,53,83,58
31,52,64,58
32,81,56,58
33,40,41,58
34,53,42,58
35,99,52,58
36,84,12,58
37,25,69,58
1,33,56,59
2,43,51,59
3,92,48,59
4,99,40,59
5,74,22,59
6,76,42,59
7,39,8,59
8,91,39,59
9,98,47,59
10,77,82,59
11,60,41,59
12,48,79,59
13,11,98,59
14,11,31,59
15,85,16,59
16,49,93,59
17,95,98,59
18,36,47,59
19,35,61,59
20,92,32,59
21,44,9,59
22,1,25,59
23,93,66,59
24,73,9,59
25,82,9,59
26,82,29,59
27,88,16,59
28,11,25,59
29,41,64,59
30,52,82,59
31,53,65,59
32,82,56,59
33,41,42,59
34,52,42,59
35,99,51,59
36,85,13,59
37,24,70,59
1,34,57,60
2,42,51,60
3,91,49,60
4,98,41,60
5,74,23,60
6,76,41,60
7,40,9,60
8,92,39,60
9,99,48,60
10,78,82,60
11,59,42,60
12,49,79,60
13,10,98,60
14,12,31,60
15,84,16,60
16,49,94,60
17,94,98,60
18,37,47,60
19,34,61,60
20,91,32,60
21,44,8,60
22,2,26,60
23,94,67,60
24,72,9,60
25,82,9,60
26,81,28,60
27,87,17,60
28,10,26,60
29,42,63,60
30,53,83,60
31,52,65,60
32,82,55,60
33,40,41,60
34,51,43,60
35,98,52,60
36,85,12,60
37,24,69,60
1,33,56,61
2,42,50,61
3,90,48,61
4,99,40,61
5,74,23,61
6,75,42,61
7,40,8,61
8,93,40,61
9,98,47,61
10,78,81,61
11,59,42,61
12,50,79,61
13,10,97,61
14,12,30,61
15,83,16,61
16,50,95,61
17,95,99,61
18,36,46,61
19,33,60,61
20,90,32,61
21,45,9,61
22,3,27,61
23,93,66,61
24,72,10,61
25,81,9,61
26,82,28,61
27,87,18,61
28,11,26,61
29,42,64,61
30,52,83,61
31,53,66,61
32,81,55,61
33,39,40,61
34,51,42,61
35,97,51,61
36,84,12,61
37,24,69,61
1,33,57,62
2,41,49,62
3,90,47,62
4,98,39,62
5,74,24,62
6,76,43,62
7,40,8,62
8,92,40,62
9,99,48,62
10,79,82,62
11,60,42,62
12,51,79,62
13,10,96,62
14,11,31,62
15,84,16,62
16,51,94,62
17,95,99,62
18,35,47,62
19,34,61,62
20,89,31,62
21,45,9,62
22,4,28,62
23,93,65,62
24,73,9,62
25,80,10,62
26,81,28,62
27,88,18,62
28,12,27,62
29,42,65,62
30,52,84,62
31,52,66,62
32,80,54,62
33,39,39,62
34,51,41,62
35,96,50,62
36,83,13,62
37,25,70,62
1,32,56,63
2,40,48,63
3,91,47,63
4,98,38,63
5,75,24,63
6,75,42,63
7,40,7,63
8,91,41,63
9,99,47,63
10,79,82,63
11,61,42,63
12,51,80,63
13,10,96,63
14,12,31,63
15,85,15,63
16,51,95,63
17,96,98,63
18,34,46,63
19,33,61,63
20,88,31,63
21,46,10,63
22,4,27,63
23,93,65,63
24,72,10,63
25,80,11,63
26,82,28,63
27,88,19,63
28,13,28,63
29,41,64,63
30,53,83,63
31,52,65,63
32,79,54,63
33,39,39,63
34,50,42,63
35,95,51,63
36,82,13,63
37,24,71,63
1,33,56,64
2,40,47,64
3,90,48,64
4,97,39,64
5,76,23,64
6,76,43,64
7,40,7,64
8,90,40,64
9,98,47,64
10,80,81,64
11,61,42,64
12,52,81,64
13,11,96,64
14,13,30,64
15,86,14,64
16,51,95,64
17,95,97,64
18,33,45,64
19,34,60,64
20,89,31,64
21,45,9,64
22,4,27,64
23,94,66,64
24,72,10,64
25,80,12,64
26,83,29,64
27,87,18,64
28,13,28,64
29,42,63,64
30,52,84,64
31,53,64,64
32,78,55,64
33,40,39,64
34,51,41,64
35,95,51,64
36,82,14,64
37,24,72,64
1,33,56,65
2,39,47,65
3,91,49,65
4,96,38,65
5,77,22,65
6,77,43,65
7,40,7,65
8,89,39,65
9,97,48,65
10,80,81,65
11,60,41,65
12,52,81,65
13,11,95,65
14,13,29,65
15,87,15,65
16,52,95,65
17,95,98,65
18,33,46,65
19,35,60,65
20,88,30,65
21,45,8,65
22,4,26,65
23,94,66,65
24,71,9,65
25,79,11,65
26,83,30,65
27,87,17,65
28,13,28,65
29,43,62,65
30,52,83,65
31,53,65,65
32,77,56,65
33,39,38,65
34,52,40,65
35,96,51,65
36,82,13,65
37,24,73,65
1,32,57,66
2,40,48,66
3,90,48,66
4,96,39,66
5,77,23,66
6,77,42,66
7,41,6,66
8,90,38,66
9,96,48,66
10,80,80,66
11,61,41,66
12,53,81,66
13,11,96,66
14,12,29,66
15,86,14,66
16,52,94,66
17,95,98,66
18,32,47,66
19,34,61,66
20,87,30,66
21,46,8,66
22,4,25,66
23,93,65,66
24,70,9,66
25,80,11,66
26,82,29,66
27,87,17,66
28,14,28,66
29,43,63,66
30,52,84,66
31,54,64,66
32,76,57,66
33,38,38,66
34,52,39,66
35,95,50,66
36,82,12,66
37,23,72,66
1,31,56,67
2,39,49,67
3,89,48,67
4,96,39,67
5,78,24,67
6,77,42,67
7,41,6,67
8,89,37,67
9,96,47,67
10,81,79,67
11,60,40,67
12,52,82,67
13,11,95,67
14,13,29,67
15,87,13,67
16,51,95,67
17,94,97,67
18,32,46,67
19,35,62,67
20,88,31,67
21,47,9,67
22,4,26,67
23,93,65,67
24,69,9,67
25,79,11,67
26,81,30,67
27,86,18,67
28,14,29,67
29,44,62,67
30,51,84,67
31,54,65,67
32,77,58,67
33,37,39,67
34,51,38,67
35,96,49,67
36,81,12,67
37,24,71,67
1,30,55,68
2,39,48,68
3,88,49,68
4,95,38,68
5,79,24,68
6,77,41,68
7,42,7,68
8,89,36,68
9,95,47,68
10,80,80,68
11,61,41,68
12,52,82,68
13,12,95,68
14,15,30,68
15,87,12,68
16,50,94,68
17,95,98,68
18,32,47,68
19,36,62,68
20,88,32,68
21,46,10,68
22,4,26,68
23,94,65,68
24,68,8,68
25,78,10,68
26,80,30,68
27,86,18,68
28,13,29,68
29,43,63,68
30,50,85,68
31,53,65,68
32,77,57,68
33,38,40,68
34,51,39,68
35,97,48,68
36,82,11,68
37,25,72,68
1,31,56,69
2,40,47,69
3,88,48,69
4,94,39,69
5,79,25,69
6,76,42,69
7,42,7,69
8,88,36,69
9,95,47,69
10,80,80,69
11,62,41,69
12,53,83,69
13,12,96,69
14,15,30,69
15,86,13,69
16,49,94,69
17,95,97,69
18,31,46,69
19,36,61,69
20,89,32,69
21,46,9,69
22,4,25,69
23,95,64,69
24,69,7,69
25,77,10,69
26,79,29,69
27,85,17,69
28,13,30,69
29,42,62,69
30,49,85,69
31,54,64,69
32,76,57,69
33,39,39,69
34,52,38,69
35,98,47,69
36,83,11,69
37,24,71,69
1,30,55,70
2,39,48,70
3,87,47,70
4,95,40,70
5,78,26,70
6,77,42,70
7,42,8,70
8,89,35,70
9,96,46,70
10,79,80,70
11,62,42,70
12,54,84,70
13,12,97,70
14,16,30,70
15,86,12,70
16,48,94,70
17,96,96,70
18,31,45,70
19,36,62,70
20,90,32,70
21,45,8,70
22,3,24,70
23,96,65,70
24,68,8,70
25,78,9,70
26,80,28,70
27,86,18,70
28,14,30,70
29,43,63,70
30,48,84,70
31,55,63,70
32,75,58,70
33,40,39,70
34,53,37,70
35,99,47,70
36,82,11,70
37,25,70,70
1,31,54,71
2,40,49,71
3,88,46,71
4,94,40,71
5,78,26,71
6,76,41,71
7,42,9,71
8,88,34,71
9,97,45,71
10,79,80,71
11,63,41,71
12,53,84,71
13,13,97,71
14,16,31,71
15,86,11,71
16,48,93,71
17,95,96,71
18,32,45,71
19,35,62,71
20,89,33,71
21,44,8,71
22,2,23,71
23,97,64,71
24,67,8,71
25,77,8,71
26,80,29,71
27,86,17,71
28,15,29,71
29,42,63,71
30,49,84,71
31,55,62,71
32,74,59,71
33,41,40,71
34,54,37,71
35,99,46,71
36,83,11,71
37,24,70,71
1,32,54,72
2,40,50,72
3,87,47,72
4,94,41,72
5,79,27,72
6,77,41,72
7,42,8,72
8,89,35,72
9,96,44,72
10,80,81,72
11,62,42,72
12,52,85,72
13,14,97,72
14,16,32,72
15,85,12,72
16,48,94,72
17,96,97,72
18,32,45,72
19,35,63,72
20,89,34,72
21,44,9,72
22,2,23,72
23,97,63,72
24,68,8,72
25,78,9,72
26,79,28,72
27,86,17,72
28,16,30,72
29,41,63,72
30,48,84,72
31,56,61,72
32,73,60,72
33,40,39,72
34,54,38,72
35,98,47,72
36,83,11,72
37,23,71,72
1,31,53,73
2,40,51,73
3,87,46,73
4,95,41,73
5,78,28,73
6,78,40,73
7,42,9,73
8,89,36,73
9,96,44,73
10,80,81,73
11,61,43,73
12,53,86,73
13,13,98,73
14,16,32,73
15,85,12,73
16,49,95,73
17,95,97,73
18,33,45,73
19,36,63,73
20,89,35,73
21,44,10,73
22,3,23,73
23,98,62,73
24,69,9,73
25,79,9,73
26,78,29,73
27,85,18,73
28,16,29,73
29,41,64,73
30,48,83,73
31,56,62,73
32,73,61,73
33,39,40,73
34,53,38,73
35,98,48,73
36,84,11,73
37,23,71,73
1,32,54,74
2,41,50,74
3,88,47,74
4,95,42,74
5,77,27,74
6,78,41,74
7,41,10,74
8,90,36,74
9,97,45,74
10,81,81,74
11,61,44,74
12,52,86,74
13,13,98,74
14,17,33,74
15,83,12,74
16,49,94,74
17,96,96,74
18,32,44,74
19,35,62,74
20,88,34,74
21,43,10,74
22,4,23,74
23,98,61,74
24,70,10,74
25,79,10,74
26,78,28,74
27,84,19,74
28,17,28,74
29,42,64,74
30,47,84,74
31,57,63,74
32,72,60,74
33,38,39,74
34,52,37,74
35,97,48,74
36,85,11,74
37,22,71,74
1,33,54,75
2,42,51,75
3,89,47,75
4,96,43,75
5,77,26,75
6,79,42,75
7,42,11,75
8,89,36,75
9,96,46,75
10,81,81,75
11,60,44,75
12,52,86,75
13,12,99,75
14,16,32,75
15,84,12,75
16,49,94,75
17,95,95,75
18,31,45,75
19,35,62,75
20,89,33,75
21,43,9,75
22,5,24,75
23,99,62,75
24,70,9,75
25,78,11,75
26,77,28,75
27,85,20,75
28,18,27,75
29,43,64,75
30,47,83,75
31,58,63,75
32,72,60,75
33,37,38,75
34,51,38,75
35,98,49,75
36,86,10,75
37,23,72,75
1,34,54,76
2,42,51,76
3,88,48,76
4,95,44,76
5,77,27,76
6,80,43,76
7,43,12,76
8,88,35,76
9,96,45,76
10,80,81,76
11,61,43,76
12,53,86,76
13,11,99,76
14,16,31,76
15,83,12,76
16,48,94,76
17,95,94,76
18,31,46,76
19,36,63,76
20,88,32,76
21,43,9,76
22,6,24,76
23,99,61,76
24,69,9,76
25,78,11,76
26,76,28,76
27,85,21,76
28,17,26,76
29,44,65,76
30,47,83,76
31,59,63,76
32,72,60,76
33,38,38,76
34,51,39,76
35,98,49,76
36,85,10,76
37,24,71,76
1,34,54,77
2,43,52,77
3,89,47,77
4,96,44,77
5,77,26,77
6,80,43,77
7,42,11,77
8,88,36,77
9,95,44,77
10,81,80,77
11,60,43,77
12,54,87,77
13,11,99,77
14,17,31,77
15,83,13,77
16,47,93,77
17,94,94,77
18,30,46,77
19,37,63,77
20,88,31,77
21,44,9,77
22,7,24,77
23,98,60,77
24,70,10,77
25,78,11,77
26,77,28,77
27,84,22,77
28,16,25,77
29,43,65,77
30,46,84,77
31,59,64,77
32,73,60,77
33,37,37,77
34,52,38,77
35,97,49,77
36,84,11,77
37,25,72,77
1,33,53,78
2,43,53,78
3,88,46,78
4,96,44,78
5,78,27,78
6,80,42,78
7,42,12,78
8,89,36,78
9,95,45,78
10,81,81,78
11,59,44,78
12,55,88,78
13,11,99,78
14,17,32,78
15,84,13,78
16,46,93,78
17,95,95,78
18,30,45,78
19,36,62,78
20,88,31,78
21,45,8,78
22,7,25,78
23,97,59,78
24,71,10,78
25,78,12,78
26,77,27,78
27,83,23,78
28,17,24,78
29,44,66,78
30,47,83,78
31,60,65,78
32,73,60,78
33,38,38,78
34,51,37,78
35,97,49,78
36,84,11,78
37,25,72,78
1,32,54,79
2,43,52,79
3,88,45,79
4,97,44,79
5,77,28,79
6,81,41,79
7,43,13,79
8,89,37,79
9,94,46,79
10,81,80,79
11,60,44,79
12,56,89,79
13,10,99,79
14,17,33,79
15,84,13,79
16,46,93,79
17,94,94,79
18,31,46,79
19,36,63,79
20,87,32,79
21,46,9,79
22,8,24,79
23,96,59,79
24,70,10,79
25,78,12,79
26,78,29,79
27,84,24,79
28,16,23,79
29,43,65,79
30,48,84,79
31,59,64,79
32,72,60,79
33,37,39,79
34,52,36,79
35,98,48,79
36,83,10,79
37,26,71,79
1,33,55,80
2,43,52,80
3,87,44,80
4,97,43,80
5,77,29,80
6,80,40,80
7,44,13,80
8,89,37,80
9,94,47,80
10,82,81,80
11,59,45,80
12,57,89,80
13,11,98,80
14,17,32,80
15,83,13,80
16,45,94,80
17,95,94,80
18,32,46,80
19,35,63,80
20,88,33,80
21,45,10,80
22,9,25,80
23,95,60,80
24,71,10,80
25,77,12,80
26,77,28,80
27,84,25,80
28,16,23,80
29,44,65,80
30,49,84,80
31,58,65,80
32,72,60,80
33,37,38,80
34,51,36,80
35,98,49,80
36,84,9,80
37,27,72,80
1,34,54,81
2,43,52,81
3,88,45,81
4,96,43,81
5,78,29,81
6,80,40,81
7,44,13,81
8,90,38,81
9,95,46,81
10,82,82,81
11,60,45,81
12,56,88,81
13,12,98,81
14,17,31,81
15,84,13,81
16,46,93,81
17,96,95,81
18,33,46,81
19,34,63,81
20,87,32,81
21,45,9,81
22,8,25,81
23,95,59,81
24,72,9,81
25,77,12,81
26,76,27,81
27,83,25,81
28,17,23,81
29,44,64,81
30,50,84,81
31,58,64,81
32,73,60,81
33,36,39,81
34,50,36,81
35,99,48,81
36,83,10,81
37,27,72,81
1,35,53,82
2,44,53,82
3,88,44,82
4,97,42,82
5,78,30,82
6,81,39,82
7,45,13,82
8,90,38,82
9,94,47,82
10,82,82,82
11,61,44,82
12,57,89,82
13,13,99,82
14,18,31,82
15,85,13,82
16,45,94,82
17,96,95,82
18,34,47,82
19,34,62,82
20,87,33,82
21,46,10,82
22,8,26,82
23,95,59,82
24,73,9,82
25,76,13,82
26,76,26,82
27,83,25,82
28,17,23,82
29,44,65,82
30,49,83,82
31,57,64,82
32,72,59,82
33,35,38,82
34,49,37,82
35,99,47,82
36,83,9,82
37,26,73,82
1,36,54,83
2,45,52,83
3,88,44,83
4,98,42,83
5,78,29,83
6,80,39,83
7,45,12,83
8,90,37,83
9,94,46,83
10,82,82,83
11,62,43,83
12,58,90,83
13,13,99,83
14,17,32,83
15,86,13,83
16,44,95,83
17,95,94,83
18,35,48,83
19,35,63,83
20,86,34,83
21,47,9,83
22,7,27,83
23,95,58,83
24,73,8,83
25,75,14,83
26,75,25,83
27,84,26,83
28,18,22,83
29,44,65,83
30,49,82,83
31,58,63,83
32,72,58,83
33,36,38,83
34,48,37,83
35,98,47,83
36,83,8,83
37,25,72,83
1,36,55,84
2,44,53,84
3,89,45,84
4,99,41,84
5,77,28,84
6,80,40,84
7,45,11,84
8,90,38,84
9,94,46,84
10,81,82,84
11,61,44,84
12,58,90,84
13,12,99,84
14,18,31,84
15,86,12,84
16,43,95,84
17,96,95,84
18,34,47,84
19,36,63,84
20,87,33,84
21,47,8,84
22,7,28,84
23,96,58,84
24,73,7,84
25,76,15,84
26,75,24,84
27,85,25,84
28,19,21,84
29,43,64,84
30,50,82,84
31,58,64,84
32,71,57,84
33,36,37,84
34,47,36,84
35,99,47,84
36,82,7,84
37,25,73,84
1,37,54,85
2,44,52,85
3,90,44,85
4,99,40,85
5,76,27,85
6,81,40,85
7,46,11,85
8,91,38,85
9,95,46,85
10,80,81,85
11,62,45,85
12,57,91,85
13,12,99,85
14,18,32,85
15,87,12,85
16,43,94,85
17,95,95,85
18,34,46,85
19,35,64,85
20,86,32,85
21,48,9,85
22,8,27,85
23,96,58,85
24,72,6,85
25,75,15,85
26,75,23,85
27,86,25,85
28,20,22,85
29,42,65,85
30,50,82,85
31,57,65,85
32,72,57,85
33,37,36,85
34,48,36,85
35,98,48,85
36,83,7,85
37,24,74,85
1,38,54,86
2,45,53,86
3,89,43,86
4,99,39,86
5,76,28,86
6,80,41,86
7,46,12,86
8,92,37,86
9,94,46,86
10,79,80,86
11,61,45,86
12,56,91,86
13,12,99,86
14,19,33,86
15,87,11,86
16,43,93,86
17,94,95,86
18,34,46,86
19,35,63,86
20,85,33,86
21,49,9,86
22,7,26,86
23,95,58,86
24,72,7,86
25,75,15,86
26,74,23,86
27,85,26,86
28,21,21,86
29,43,65,86
30,50,83,86
31,57,65,86
32,73,58,86
33,38,36,86
34,48,35,86
35,97,47,86
36,84,7,86
37,23,75,86
1,38,53,87
2,44,54,87
3,88,43,87
4,98,40,87
5,77,29,87
6,80,41,87
7,46,13,87
8,92,38,87
9,93,45,87
10,78,81,87
11,61,45,87
12,56,92,87
13,12,98,87
14,20,34,87
15,88,12,87
16,42,94,87
17,95,94,87
18,33,46,87
19,34,63,87
20,85,34,87
21,50,9,87
22,7,25,87
23,94,59,87
24,71,6,87
25,75,15,87
26,74,24,87
27,86,25,87
28,21,20,87
29,43,64,87
30,50,83,87
31,56,64,87
32,74,57,87
33,39,35,87
34,48,35,87
35,97,47,87
36,83,7,87
37,22,75,87
1,38,52,88
2,44,53,88
3,89,43,88
4,97,39,88
5,78,29,88
6,79,41,88
7,47,13,88
8,93,39,88
9,94,46,88
10,78,80,88
11,60,44,88
12,55,91,88
13,13,98,88
14,19,34,88
15,87,12,88
16,42,93,88
17,94,94,88
18,33,45,88
19,34,64,88
20,84,35,88
21,50,8,88
22,8,26,88
23,95,60,88
24,71,5,88
25,75,16,88
26,73,25,88
27,86,25,88
28,22,19,88
29,44,65,88
30,49,83,88
31,57,64,88
32,73,56,88
33,40,36,88
34,48,35,88
35,98,47,88
36,84,7,88
37,21,75,88
1,37,53,89
2,43,52,89
3,90,42,89
4,96,39,89
5,77,28,89
6,79,40,89
7,48,12,89
8,94,38,89
9,95,47,89
10,79,80,89
11,61,43,89
12,56,91,89
13,12,98,89
14,20,35,89
15,87,12,89
16,43,92,89
17,93,95,89
18,33,45,89
19,34,63,89
20,83,35,89
21,51,7,89
22,7,25,89
23,94,60,89
24,70,6,89
25,75,17,89
26,73,26,89
27,85,26,89
28,22,19,89
29,44,64,89
30,48,83,89
31,57,63,89
32,74,56,89
33,40,35,89
34,48,34,89
35,97,48,89
36,84,6,89
37,20,75,89
1,37,53,90
2,43,53,90
3,89,42,90
4,95,38,90
5,76,28,90
6,79,40,90
7,47,12,90
8,94,38,90
9,95,46,90
10,80,79,90
11,60,44,90
12,56,91,90
13,13,98,90
14,21,36,90
15,87,11,90
16,42,91,90
17,93,95,90
18,32,46,90
19,33,63,90
20,83,35,90
21,52,7,90
22,7,25,90
23,94,61,90
24,71,5,90
25,76,16,90
26,73,26,90
27,84,25,90
28,22,19,90
29,45,63,90
30,48,84,90
31,56,63,90
32,73,55,90
33,39,36,90
34,49,35,90
35,98,48,90
36,84,7,90
37,20,76,90
1,38,54,91
2,44,54,91
3,88,43,91
4,95,39,91
5,77,29,91
6,80,39,91
7,47,12,91
8,95,38,91
9,94,47,91
10,79,79,91
11,59,45,91
12,55,90,91
13,13,98,91
14,20,36,91
15,86,11,91
16,42,92,91
17,93,96,91
18,31,46,91
19,32,62,91
20,82,36,91
21,53,8,91
22,8,24,91
23,93,60,91
24,71,4,91
25,76,17,91
26,73,25,91
27,83,24,91
28,22,18,91
29,44,62,91
30,48,83,91
31,56,64,91
32,73,54,91
33,38,37,91
34,48,34,91
35,99,48,91
36,83,8,91
37,21,77,91
1,38,55,92
2,44,55,92
3,88,43,92
4,96,38,92
5,78,29,92
6,79,40,92
7,47,11,92
8,95,39,92
9,93,46,92
10,80,78,92
11,58,44,92
12,56,91,92
13,13,99,92
14,20,35,92
15,86,12,92
16,42,93,92
17,92,97,92
18,30,46,92
19,32,63,92
20,81,37,92
21,54,8,92
22,8,24,92
23,93,59,92
24,71,3,92
25,75,18,92
26,73,26,92
27,84,23,92
28,22,17,92
29,44,63,92
30,48,84,92
31,55,65,92
32,73,55,92
33,37,38,92
34,49,33,92
35,98,49,92
36,83,8,92
37,22,76,92
1,37,54,93
2,45,55,93
3,88,44,93
4,96,37,93
5,78,30,93
6,79,40,93
7,46,11,93
8,96,40,93
9,93,45,93
10,81,77,93
11,59,43,93
12,56,91,93
13,13,99,93
14,19,34,93
15,86,12,93
16,41,94,93
17,92,96,93
18,30,47,93
19,31,64,93
20,81,36,93
21,54,7,93
22,8,25,93
23,93,58,93
24,70,3,93
25,76,19,93
26,73,27,93
27,84,24,93
28,23,18,93
29,45,62,93
30,47,83,93
31,56,66,93
32,74,55,93
33,37,38,93
34,48,33,93
35,99,50,93
36,83,8,93
37,21,75,93
1,36,55,94
2,45,55,94
3,88,44,94
4,95,36,94
5,77,30,94
6,79,40,94
7,47,10,94
8,97,40,94
9,94,45,94
10,81,77,94
11,59,42,94
12,55,92,94
13,13,98,94
14,18,34,94
15,85,13,94
16,42,93,94
17,91,97,94
18,29,46,94
19,31,65,94
20,81,36,94
21,53,6,94
22,8,26,94
23,92,58,94
24,70,4,94
25,76,18,94
26,73,27,94
27,84,25,94
28,24,19,94
29,44,61,94
30,48,82,94
31,56,66,94
32,74,56,94
33,36,37,94
34,48,32,94
35,99,51,94
36,84,9,94
37,20,75,94
1,36,54,95
2,46,56,95
3,87,43,95
4,96,35,95
5,77,30,95
6,78,39,95
7,47,10,95
8,97,40,95
9,93,45,95
10,80,76,95
11,58,43,95
12,55,92,95
13,12,98,95
14,18,35,95
15,86,13,95
16,42,92,95
17,92,96,95
18,30,47,95
19,31,64,95
20,80,37,95
21,54,6,95
22,7,27,95
23,92,57,95
24,69,3,95
25,76,19,95
26,72,28,95
27,83,26,95
28,25,19,95
29,45,62,95
30,48,83,95
31,55,67,95
32,74,55,95
33,35,38,95
34,48,31,95
35,99,51,95
36,83,8,95
37,21,76,95
1,37,53,96
2,46,55,96
3,86,42,96
4,96,35,96
5,77,29,96
6,77,39,96
7,48,11,96
8,98,40,96
9,94,45,96
10,80,75,96
11,57,42,96
12,55,93,96
13,13,97,96
14,19,34,96
15,85,14,96
16,42,93,96
17,93,96,96
18,30,48,96
19,30,64,96
20,80,38,96
21,54,5,96
22,6,26,96
23,93,56,96
24,70,3,96
25,75,20,96
26,72,29,96
27,83,25,96
28,25,20,96
29,44,63,96
30,49,82,96
31,56,68,96
32,75,55,96
33,35,37,96
34,49,30,96
35,99,52,96
36,82,8,96
37,21,77,96
1,37,52,97
2,46,55,97
3,85,43,97
4,97,36,97
5,77,29,97
6,76,39,97
7,49,12,97
8,98,40,97
9,95,46,97
10,80,75,97
11,56,43,97
12,54,92,97
13,12,98,97
14,20,33,97
15,85,13,97
16,41,92,97
17,92,96,97
18,29,48,97
19,29,64,97
20,81,39,97
21,55,5,97
22,6,25,97
23,94,55,97
24,70,2,97
25,76,20,97
26,73,29,97
27,83,24,97
28,25,20,97
29,44,62,97
30,48,83,97
31,56,69,97
32,75,56,97
33,36,37,97
34,49,30,97
35,99,53,97
36,81,9,97
37,22,77,97
1,38,52,98
2,47,55,98
3,84,44,98
4,98,36,98
5,76,28,98
6,75,40,98
7,48,12,98
8,97,41,98
9,95,46,98
10,79,74,98
11,57,43,98
12,55,91,98
13,11,98,98
14,19,33,98
15,84,14,98
16,41,91,98
17,93,95,98
18,29,47,98
19,28,63,98
20,82,40,98
21,55,6,98
22,7,24,98
23,93,56,98
24,70,1,98
25,76,21,98
26,73,29,98
27,83,24,98
28,24,19,98
29,45,61,98
30,47,82,98
31,56,70,98
32,75,56,98
33,36,37,98
34,48,29,98
35,99,54,98
36,82,8,98
37,21,78,98
1,38,51,99
2,46,55,99
3,85,44,99
4,97,37,99
5,75,28,99
6,76,41,99
7,48,11,99
8,97,42,99
9,95,46,99
10,80,74,99
11,56,44,99
12,56,92,99
13,12,97,99
14,18,32,99
15,83,14,99
16,41,90,99
17,92,94,99
18,28,48,99
19,28,63,99
20,82,39,99
21,54,7,99
22,6,23,99
23,92,57,99
24,70,1,99
25,75,20,99
26,72,28,99
27,83,24,99
28,24,20,99
29,45,62,99
30,48,81,99
31,55,69,99
32,74,57,99
33,36,38,99
34,47,30,99
35,98,54,99
36,81,8,99
37,21,79,99
1,37,51,100
2,46,54,100
3,86,45,100
4,98,37,100
5,74,28,100
6,75,42,100
7,49,12,100
8,98,42,100
9,95,47,100
10,80,75,100
11,57,44,100
12,55,91,100
13,11,97,100
14,19,33,100
15,82,15,100
16,41,89,100
17,91,93,100
18,28,48,100
19,29,64,100
20,82,38,100
21,53,6,100
22,7,22,100
23,91,56,100
24,71,0,100
25,74,21,100
26,71,28,100
27,83,23,100
28,25,20,100
29,44,63,100
30,48,81,100
31,55,69,100
32,75,58,100
33,36,37,100
34,48,31,100
35,97,54,100
36,81,8,100
37,22,80,100
