1,85,60,1
2,15,72,1
3,56,98,1
4,95,27,1
5,42,78,1
6,67,34,1
7,58,56,1
8,88,87,1
9,89,15,1
10,47,99,1
11,39,80,1
12,76,89,1
13,12,39,1
14,70,96,1
15,11,40,1
16,96,75,1
17,96,45,1
18,99,53,1
19,58,43,1
20,53,23,1
21,4,48,1
22,62,99,1
23,78,43,1
24,6,61,1
25,39,45,1
26,49,91,1
27,9,23,1
28,20,50,1
29,2,57,1
30,20,49,1
1,85,60,2
2,14,73,2
3,56,98,2
4,95,26,2
5,43,79,2
6,68,33,2
7,59,56,2
8,89,87,2
9,89,14,2
10,47,99,2
11,39,80,2
12,75,88,2
13,11,39,2
14,71,97,2
15,10,40,2
16,97,74,2
17,96,46,2
18,98,52,2
19,58,43,2
20,54,24,2
21,5,48,2
22,61,98,2
23,77,44,2
24,7,60,2
25,38,44,2
26,49,91,2
27,10,23,2
28,19,49,2
29,3,58,2
30,18,50,2
1,86,59,3
2,14,73,3
3,57,98,3
4,96,26,3
5,44,79,3
6,67,34,3
7,60,57,3
8,90,88,3
9,90,15,3
10,48,98,3
11,40,79,3
12,74,87,3
13,11,38,3
14,72,97,3
15,9,39,3
16,96,74,3
17,95,46,3
18,97,53,3
19,57,43,3
20,53,23,3
21,4,47,3
22,60,99,3
23,78,43,3
24,6,60,3
25,39,43,3
26,50,92,3
27,10,24,3
28,19,48,3
29,4,59,3
30,19,50,3
1,85,60,4
2,14,73,4
3,57,98,4
4,97,27,4
5,45,80,4
6,68,34,4
7,59,58,4
8,90,87,4
9,91,15,4
10,47,99,4
11,39,80,4
12,74,87,4
13,12,39,4
14,72,98,4
15,10,39,4
16,95,75,4
17,96,46,4
18,96,53,4
19,57,42,4
20,53,24,4
21,4,48,4
22,59,99,4
23,78,43,4
24,7,61,4
25,39,42,4
26,50,93,4
27,10,24,4
28,20,49,4
29,5,59,4
30,19,49,4
1,85,59,5
2,13,74,5
3,58,99,5
4,96,28,5
5,45,80,5
6,68,33,5
7,59,59,5
8,90,86,5
9,92,15,5
10,46,99,5
11,40,80,5
12,73,86,5
13,13,40,5
14,72,98,5
15,11,38,5
16,96,75,5
17,97,47,5
18,97,54,5
19,58,43,5
20,52,24,5
21,3,47,5
22,60,99,5
23,79,43,5
24,7,60,5
25,39,43,5
26,51,94,5
27,11,23,5
28,21,50,5
29,5,59,5
30,19,49,5
1,86,59,6
2,13,74,6
3,59,99,6
4,96,27,6
5,44,80,6
6,69,33,6
7,59,59,6
8,89,85,6
9,92,15,6
10,46,98,6
11,39,81,6
12,73,87,6
13,12,40,6
14,73,98,6
15,10,39,6
16,96,75,6
17,97,47,6
18,98,54,6
19,58,44,6
20,52,25,6
21,2,47,6
22,61,99,6
23,78,43,6
24,7,59,6
25,38,43,6
26,52,93,6
27,11,23,6
28,20,49,6
29,6,59,6
30,18,50,6
1,85,58,7
2,13,73,7
3,58,98,7
4,96,28,7
5,45,79,7
6,68,32,7
7,60,60,7
8,89,84,7
9,93,15,7
10,46,97,7
11,39,80,7
12,74,86,7
13,13,39,7
14,72,99,7
15,9,39,7
16,96,75,7
17,97,46,7
18,98,53,7
19,59,43,7
20,53,25,7
21,3,48,7
22,62,98,7
23,77,44,7
24,8,59,7
25,39,43,7
26,53,92,7
27,12,24,7
28,19,50,7
29,7,60,7
30,18,51,7
1,84,57,8
2,12,73,8
3,57,97,8
4,95,29,8
5,45,80,8
6,67,31,8
7,60,60,8
8,89,84,8
9,93,15,8
10,47,98,8
11,38,80,8
12,73,85,8
13,12,39,8
14,72,98,8
15,8,38,8
16,96,75,8
17,96,45,8
18,98,54,8
19,60,43,8
20,52,24,8
21,3,47,8
22,63,98,8
23,76,43,8
24,9,60,8
25,40,44,8
26,53,92,8
27,12,24,8
28,20,50,8
29,6,59,8
30,17,52,8
1,83,58,9
2,11,72,9
3,57,97,9
4,94,29,9
5,44,81,9
6,67,30,9
7,59,60,9
8,90,85,9
9,94,14,9
10,46,98,9
11,38,81,9
12,73,85,9
13,11,38,9
14,72,97,9
15,9,38,9
16,97,75,9
17,95,45,9
18,97,54,9
19,60,44,9
20,53,25,9
21,2,47,9
22,62,97,9
23,76,44,9
24,9,59,9
25,39,44,9
26,54,91,9
27,12,23,9
28,19,51,9
29,5,58,9
30,17,52,9
1,83,58,10
2,12,73,10
3,56,97,10
4,95,30,10
5,44,81,10
6,66,31,10
7,60,61,10
8,91,84,10
9,93,14,10
10,45,98,10
11,39,81,10
12,74,84,10
13,11,37,10
14,71,96,10
15,8,38,10
16,97,76,10
17,96,45,10
18,98,54,10
19,61,43,10
20,53,25,10
21,2,47,10
22,63,96,10
23,77,45,10
24,10,60,10
25,38,44,10
26,54,91,10
27,12,23,10
28,20,52,10
29,5,57,10
30,16,51,10
1,83,59,11
2,11,72,11
3,56,96,11
4,95,30,11
5,43,81,11
6,66,32,11
7,61,61,11
8,92,85,11
9,94,15,11
10,44,97,11
11,40,80,11
12,75,84,11
13,10,36,11
14,71,97,11
15,9,38,11
16,96,76,11
17,96,45,11
18,98,54,11
19,62,44,11
20,54,25,11
21,3,46,11
22,63,95,11
23,76,44,11
24,9,60,11
25,38,44,11
26,53,90,11
27,13,24,11
28,21,52,11
29,6,56,11
30,16,50,11
1,83,58,12
2,12,72,12
3,57,96,12
4,95,30,12
5,42,80,12
6,67,33,12
7,60,62,12
8,93,84,12
9,95,15,12
10,45,96,12
11,39,79,12
12,74,85,12
13,10,35,12
14,71,98,12
15,10,37,12
16,97,76,12
17,95,45,12
18,97,54,12
19,63,45,12
20,54,25,12
21,2,47,12
22,64,95,12
23,75,44,12
24,10,60,12
25,38,43,12
26,52,91,12
27,13,25,12
28,20,53,12
29,7,55,12
30,16,49,12
1,83,58,13
2,12,71,13
3,56,95,13
4,96,31,13
5,43,80,13
6,68,34,13
7,59,62,13
8,94,83,13
9,96,14,13
10,46,96,13
11,40,80,13
12,75,85,13
13,10,36,13
14,72,97,13
15,9,38,13
16,96,77,13
17,94,44,13
18,97,54,13
19,63,44,13
20,55,26,13
21,3,47,13
22,64,95,13
23,75,44,13
24,9,61,13
25,38,43,13
26,52,90,13
27,14,25,13
28,21,53,13
29,7,54,13
30,15,48,13
1,83,58,14
2,13,70,14
3,55,95,14
4,97,30,14
5,42,80,14
6,68,33,14
7,59,61,14
8,95,82,14
9,97,14,14
10,47,95,14
11,39,80,14
12,74,84,14
13,10,37,14
14,73,98,14
15,8,37,14
16,95,77,14
17,94,45,14
18,98,55,14
19,63,45,14
20,56,25,14
21,2,47,14
22,65,96,14
23,75,44,14
24,8,61,14
25,38,43,14
26,53,90,14
27,14,24,14
28,20,54,14
29,6,53,14
30,15,49,14
1,82,57,15
2,12,71,15
3,55,94,15
4,98,30,15
5,41,81,15
6,67,34,15
7,59,61,15
8,94,82,15
9,98,13,15
10,47,94,15
11,38,79,15
12,73,84,15
13,9,36,15
14,73,99,15
15,10,37,15
16,94,77,15
17,93,44,15
18,99,56,15
19,64,45,15
20,55,25,15
21,2,48,15
22,64,97,15
23,75,43,15
24,8,60,15
25,39,43,15
26,53,91,15
27,15,24,15
28,21,54,15
29,7,52,15
30,16,50,15
1,83,58,16
2,13,72,16
3,56,93,16
4,99,30,16
5,41,81,16
6,68,34,16
7,58,61,16
8,93,83,16
9,97,13,16
10,48,93,16
11,39,78,16
12,74,84,16
13,10,36,16
14,73,98,16
15,9,38,16
16,95,78,16
17,94,44,16
18,99,56,16
19,65,46,16
20,54,26,16
21,2,47,16
22,65,98,16
23,74,44,16
24,9,59,16
25,40,42,16
26,52,91,16
27,15,24,16
28,21,55,16
29,7,52,16
30,17,49,16
1,83,58,17
2,14,71,17
3,57,94,17
4,98,31,17
5,40,81,17
6,69,35,17
7,59,62,17
8,93,83,17
9,97,12,17
10,49,93,17
11,38,78,17
12,75,83,17
13,10,35,17
14,72,97,17
15,8,37,17
16,96,78,17
17,94,45,17
18,99,55,17
19,66,46,17
20,53,26,17
21,1,47,17
22,65,99,17
23,73,45,17
24,10,59,17
25,40,42,17
26,51,90,17
27,14,24,17
28,20,56,17
29,8,53,17
30,18,50,17
1,82,58,18
2,13,72,18
3,58,93,18
4,98,31,18
5,39,81,18
6,68,36,18
7,60,61,18
8,92,82,18
9,97,11,18
10,48,94,18
11,39,79,18
12,75,82,18
13,9,35,18
14,71,98,18
15,8,37,18
16,95,77,18
17,94,44,18
18,98,54,18
19,65,45,18
20,53,27,18
21,1,46,18
22,65,99,18
23,72,46,18
24,11,58,18
25,41,43,18
26,51,89,18
27,15,24,18
28,21,55,18
29,7,54,18
30,19,51,18
1,83,58,19
2,12,71,19
3,58,92,19
4,99,30,19
5,38,80,19
6,67,37,19
7,61,60,19
8,91,82,19
9,97,12,19
10,47,93,19
11,38,78,19
12,75,83,19
13,10,35,19
14,71,98,19
15,8,36,19
16,95,78,19
17,95,45,19
18,98,54,19
19,66,46,19
20,54,26,19
21,2,46,19
22,65,99,19
23,71,45,19
24,12,58,19
25,41,44,19
26,51,90,19
27,15,25,19
28,20,55,19
29,6,55,19
30,20,50,19
1,83,59,20
2,13,72,20
3,58,91,20
4,98,29,20
5,39,80,20
6,68,36,20
7,60,61,20
8,90,83,20
9,98,13,20
10,46,92,20
11,39,78,20
12,74,82,20
13,9,35,20
14,71,97,20
15,8,36,20
16,94,77,20
17,94,44,20
18,97,55,20
19,66,45,20
20,55,27,20
21,1,45,20
22,64,99,20
23,70,46,20
24,11,59,20
25,42,43,20
26,50,91,20
27,14,25,20
28,19,55,20
29,6,55,20
30,20,51,20
1,83,59,21
2,13,73,21
3,59,90,21
4,99,29,21
5,39,81,21
6,69,35,21
7,61,62,21
8,90,83,21
9,97,13,21
10,47,91,21
11,39,78,21
12,75,82,21
13,10,35,21
14,72,96,21
15,7,35,21
16,94,76,21
17,95,44,21
18,96,55,21
19,67,45,21
20,55,27,21
21,0,44,21
22,65,99,21
23,69,47,21
24,10,58,21
25,41,44,21
26,51,90,21
27,14,25,21
28,18,54,21
29,5,55,21
30,21,50,21
1,82,60,22
2,12,74,22
3,59,90,22
4,98,30,22
5,40,81,22
6,70,36,22
7,62,62,22
8,89,84,22
9,98,12,22
10,46,91,22
11,38,78,22
12,75,81,22
13,10,36,22
14,73,95,22
15,8,36,22
16,93,76,22
17,96,43,22
18,95,55,22
19,68,46,22
20,56,26,22
21,1,44,22
22,64,98,22
23,69,48,22
24,10,59,22
25,40,43,22
26,50,90,22
27,14,26,22
28,19,53,22
29,5,56,22
30,21,49,22
1,83,61,23
2,11,75,23
3,58,91,23
4,99,31,23
5,39,82,23
6,71,36,23
7,62,61,23
8,90,83,23
9,97,13,23
10,46,91,23
11,37,77,23
12,74,80,23
13,10,36,23
14,73,94,23
15,9,35,23
16,94,76,23
17,97,42,23
18,96,54,23
19,67,46,23
20,56,25,23
21,1,44,23
22,63,98,23
23,68,48,23
24,10,58,23
25,41,44,23
26,50,91,23
27,15,25,23
28,18,53,23
29,6,55,23
30,22,50,23
1,84,61,24
2,11,74,24
3,57,90,24
4,99,31,24
5,40,82,24
6,71,36,24
7,63,61,24
8,89,84,24
9,98,13,24
10,46,91,24
11,36,77,24
12,73,81,24
13,10,36,24
14,74,94,24
15,9,36,24
16,95,76,24
17,96,42,24
18,96,54,24
19,68,45,24
20,56,26,24
21,1,43,24
22,63,99,24
23,68,49,24
24,10,58,24
25,42,45,24
26,51,92,24
27,16,26,24
28,19,54,24
29,5,54,24
30,21,50,24
1,85,62,25
2,11,73,25
3,56,90,25
4,98,32,25
5,41,82,25
6,71,36,25
7,63,60,25
8,89,85,25
9,99,13,25
10,47,92,25
11,36,77,25
12,72,80,25
13,9,35,25
14,74,93,25
15,8,35,25
16,96,75,25
17,95,43,25
18,96,53,25
19,68,44,25
20,55,27,25
21,0,43,25
22,63,98,25
23,69,50,25
24,9,58,25
25,41,44,25
26,50,93,25
27,17,25,25
28,20,53,25
29,6,55,25
30,22,50,25
1,84,61,26
2,11,72,26
3,55,90,26
4,99,32,26
5,42,83,26
6,72,36,26
7,62,59,26
8,90,86,26
9,99,14,26
10,46,93,26
11,35,78,26
12,72,80,26
13,10,36,26
14,75,94,26
15,8,36,26
16,95,76,26
17,95,43,26
18,95,52,26
19,68,43,26
20,55,28,26
21,0,42,26
22,63,99,26
23,68,51,26
24,10,58,26
25,42,43,26
26,49,94,26
27,16,25,26
28,20,52,26
29,7,54,26
30,23,51,26
1,84,60,27
2,12,73,27
3,55,90,27
4,99,31,27
5,41,84,27
6,71,35,27
7,61,58,27
8,90,85,27
9,99,15,27
10,46,93,27
11,36,77,27
12,73,81,27
13,11,37,27
14,75,94,27
15,8,35,27
16,95,76,27
17,94,43,27
18,95,53,27
19,69,42,27
20,54,28,27
21,1,41,27
22,63,98,27
23,69,52,27
24,11,57,27
25,41,42,27
26,49,95,27
27,15,26,27
28,21,51,27
29,7,54,27
30,23,51,27
1,85,60,28
2,11,74,28
3,54,90,28
4,98,32,28
5,42,85,28
6,70,34,28
7,61,59,28
8,89,84,28
9,98,15,28
10,47,94,28
11,35,76,28
12,73,82,28
13,11,38,28
14,76,94,28
15,7,35,28
16,96,77,28
17,94,44,28
18,95,53,28
19,69,42,28
20,53,28,28
21,0,42,28
22,62,97,28
23,69,52,28
24,12,56,28
25,41,41,28
26,49,96,28
27,14,27,28
28,20,50,28
29,6,53,28
30,24,51,28
1,86,61,29
2,12,75,29
3,53,91,29
4,99,33,29
5,42,85,29
6,70,33,29
7,62,59,29
8,88,83,29
9,99,16,29
10,47,93,29
11,36,77,29
12,74,82,29
13,12,37,29
14,75,95,29
15,6,35,29
16,96,77,29
17,93,44,29
18,94,52,29
19,70,42,29
20,53,27,29
21,0,41,29
22,61,97,29
23,68,52,29
24,11,57,29
25,41,40,29
26,50,96,29
27,13,26,29
28,21,50,29
29,5,53,29
30,23,51,29
1,87,62,30
2,12,74,30
3,52,91,30
4,98,32,30
5,43,84,30
6,71,32,30
7,61,59,30
8,88,84,30
9,98,15,30
10,48,92,30
11,37,76,30
12,73,82,30
13,12,36,30
14,74,94,30
15,5,34,30
16,96,78,30
17,92,44,30
18,95,51,30
19,70,43,30
20,52,27,30
21,0,41,30
22,61,98,30
23,67,51,30
24,10,57,30
25,41,41,30
26,50,95,30
27,14,25,30
28,21,49,30
29,5,53,30
30,24,50,30
1,86,63,31
2,12,75,31
3,52,90,31
4,99,33,31
5,44,84,31
6,71,31,31
7,61,58,31
8,88,83,31
9,99,14,31
10,49,93,31
11,37,75,31
12,74,81,31
13,12,35,31
14,75,94,31
15,6,33,31
16,97,77,31
17,93,45,31
18,96,52,31
19,71,43,31
20,53,28,31
21,0,40,31
22,61,99,31
23,68,52,31
24,9,56,31
25,40,40,31
26,51,95,31
27,14,26,31
28,22,48,31
29,4,54,31
30,24,49,31
1,86,63,32
2,12,75,32
3,53,89,32
4,99,32,32
5,43,83,32
6,71,30,32
7,60,58,32
8,87,82,32
9,98,13,32
10,49,94,32
11,36,75,32
12,75,80,32
13,13,35,32
14,76,95,32
15,7,32,32
16,96,76,32
17,92,45,32
18,96,52,32
19,72,42,32
20,53,27,32
21,1,41,32
22,62,99,32
23,67,51,32
24,8,55,32
25,39,40,32
26,51,95,32
27,15,27,32
28,21,48,32
29,4,54,32
30,25,49,32
1,87,64,33
2,13,76,33
3,54,88,33
4,99,32,33
5,44,84,33
6,70,29,33
7,60,57,33
8,86,82,33
9,97,14,33
10,48,93,33
11,35,76,33
12,76,81,33
13,12,35,33
14,75,96,33
15,7,33,33
16,95,77,33
17,92,46,33
18,95,51,33
19,72,43,33
20,53,26,33
21,0,41,33
22,62,98,33
23,66,52,33
24,8,54,33
25,39,40,33
26,52,94,33
27,16,27,33
28,21,47,33
29,5,53,33
30,26,49,33
1,87,64,34
2,14,76,34
3,54,89,34
4,99,32,34
5,44,83,34
6,70,28,34
7,61,58,34
8,85,81,34
9,97,15,34
10,49,92,34
11,34,75,34
12,75,80,34
13,11,36,34
14,76,95,34
15,8,32,34
16,94,76,34
17,92,45,34
18,94,51,34
19,73,42,34
20,54,27,34
21,1,41,34
22,63,99,34
23,67,52,34
24,7,54,34
25,38,41,34
26,51,95,34
27,15,26,34
28,21,47,34
29,4,53,34
30,27,48,34
1,87,65,35
2,13,77,35
3,53,90,35
4,99,32,35
5,43,82,35
6,70,27,35
7,62,59,35
8,84,82,35
9,98,14,35
10,49,92,35
11,34,75,35
12,75,80,35
13,10,37,35
14,75,95,35
15,8,31,35
16,93,77,35
17,93,45,35
18,94,50,35
19,73,41,35
20,54,27,35
21,1,40,35
22,63,98,35
23,67,52,35
24,8,55,35
25,39,40,35
26,50,96,35
27,15,27,35
28,21,48,35
29,4,52,35
30,26,47,35
1,88,64,36
2,13,77,36
3,54,91,36
4,99,31,36
5,42,82,36
6,70,28,36
7,63,60,36
8,85,82,36
9,97,14,36
10,50,93,36
11,33,75,36
12,75,79,36
13,11,36,36
14,74,95,36
15,9,30,36
16,94,76,36
17,93,46,36
18,93,51,36
19,74,42,36
20,53,28,36
21,0,41,36
22,63,99,36
23,66,52,36
24,8,56,36
25,39,40,36
26,50,96,36
27,14,27,36
28,22,47,36
29,3,52,36
30,25,48,36
1,87,64,37
2,13,78,37
3,53,91,37
4,99,31,37
5,42,81,37
6,69,28,37
7,62,60,37
8,84,83,37
9,96,14,37
10,51,93,37
11,32,76,37
12,76,78,37
13,10,36,37
14,73,96,37
15,10,31,37
16,94,76,37
17,94,47,37
18,94,51,37
19,74,43,37
20,53,29,37
21,0,42,37
22,63,99,37
23,66,51,37
24,7,57,37
25,39,41,37
26,50,96,37
27,14,28,37
28,23,46,37
29,4,53,37
30,25,47,37
1,88,64,38
2,12,79,38
3,54,90,38
4,99,30,38
5,41,82,38
6,70,29,38
7,62,61,38
8,83,83,38
9,95,14,38
10,51,93,38
11,32,76,38
12,75,77,38
13,11,36,38
14,73,96,38
15,10,32,38
16,95,77,38
17,95,46,38
18,94,51,38
19,74,44,38
20,52,28,38
21,0,42,38
22,64,98,38
23,65,52,38
24,7,57,38
25,38,41,38
26,49,95,38
27,13,28,38
28,23,47,38
29,5,54,38
30,24,46,38
1,89,64,39
2,11,80,39
3,54,89,39
4,99,30,39
5,40,83,39
6,70,28,39
7,63,60,39
8,82,83,39
9,96,14,39
10,50,94,39
11,32,77,39
12,74,78,39
13,11,36,39
14,73,97,39
15,11,31,39
16,96,78,39
17,95,46,39
18,93,50,39
19,74,44,39
20,53,28,39
21,1,41,39
22,65,99,39
23,64,53,39
24,6,58,39
25,37,42,39
26,48,96,39
27,14,28,39
28,23,47,39
29,6,55,39
30,22,47,39
1,90,63,40
2,11,81,40
3,55,89,40
4,98,30,40
5,39,84,40
6,69,28,40
7,64,61,40
8,83,82,40
9,97,13,40
10,50,93,40
11,32,78,40
12,75,79,40
13,12,37,40
14,74,97,40
15,11,32,40
16,97,78,40
17,96,47,40
18,92,50,40
19,74,45,40
20,54,28,40
21,1,40,40
22,66,98,40
23,64,53,40
24,7,59,40
25,38,43,40
26,49,95,40
27,14,28,40
28,23,48,40
29,5,55,40
30,23,46,40
1,91,63,41
2,11,82,41
3,55,89,41
4,99,30,41
5,39,83,41
6,70,27,41
7,64,60,41
8,83,82,41
9,96,12,41
10,49,92,41
11,33,78,41
12,74,79,41
13,13,37,41
14,74,97,41
15,11,33,41
16,96,77,41
17,96,46,41
18,92,50,41
19,73,45,41
20,53,28,41
21,1,39,41
22,65,97,41
23,64,52,41
24,6,60,41
25,37,43,41
26,49,95,41
27,14,28,41
28,24,47,41
29,5,54,41
30,23,46,41
1,91,63,42
2,10,81,42
3,56,88,42
4,99,31,42
5,39,83,42
6,70,26,42
7,65,60,42
8,83,83,42
9,95,13,42
10,50,92,42
11,32,79,42
12,74,79,42
13,13,37,42
14,75,98,42
15,11,33,42
16,96,77,42
17,96,45,42
18,92,51,42
19,72,46,42
20,53,27,42
21,2,39,42
22,64,97,42
23,64,52,42
24,7,59,42
25,38,43,42
26,50,94,42
27,15,28,42
28,24,48,42
29,6,55,42
30,23,47,42
1,92,63,43
2,10,81,43
3,56,89,43
4,99,31,43
5,38,84,43
6,70,25,43
7,66,61,43
8,82,84,43
9,94,13,43
10,50,91,43
11,33,80,43
12,75,80,43
13,14,37,43
14,75,98,43
15,10,33,43
16,95,77,43
17,95,44,43
18,91,52,43
19,72,46,43
20,54,27,43
21,3,39,43
22,64,98,43
23,65,53,43
24,7,60,43
25,38,44,43
26,49,93,43
27,16,27,43
28,24,47,43
29,5,56,43
30,24,46,43
1,92,63,44
2,11,81,44
3,56,88,44
4,98,31,44
5,37,84,44
6,71,25,44
7,67,62,44
8,81,84,44
9,93,12,44
10,51,91,44
11,34,81,44
12,74,80,44
13,13,38,44
14,75,97,44
15,9,34,44
16,94,77,44
17,94,45,44
18,91,51,44
19,72,46,44
20,55,26,44
21,4,39,44
22,64,98,44
23,66,54,44
24,8,59,44
25,37,44,44
26,50,92,44
27,15,28,44
28,23,45,44
29,6,56,44
30,23,47,44
1,93,63,45
2,12,80,45
3,57,87,45
4,98,32,45
5,36,84,45
6,71,25,45
7,67,62,45
8,81,84,45
9,93,13,45
10,52,92,45
11,34,81,45
12,73,81,45
13,13,39,45
14,74,97,45
15,8,35,45
16,93,78,45
17,93,44,45
18,90,51,45
19,72,47,45
20,54,25,45
21,4,40,45
22,63,98,45
23,65,55,45
24,7,60,45
25,37,44,45
26,49,91,45
27,15,27,45
28,23,45,45
29,7,56,45
30,22,47,45
1,92,62,46
2,11,80,46
3,56,88,46
4,97,32,46
5,37,83,46
6,72,25,46
7,67,61,46
8,82,84,46
9,92,14,46
10,53,93,46
11,34,81,46
12,72,81,46
13,14,38,46
14,74,98,46
15,8,35,46
16,92,78,46
17,92,45,46
18,91,51,46
19,73,46,46
20,54,25,46
21,3,39,46
22,62,99,46
23,65,56,46
24,6,59,46
25,38,44,46
26,49,92,46
27,15,28,46
28,24,45,46
29,8,56,46
30,21,47,46
1,92,63,47
2,12,79,47
3,57,87,47
4,98,32,47
5,36,83,47
6,73,24,47
7,67,62,47
8,82,85,47
9,91,13,47
10,52,92,47
11,34,82,47
12,71,80,47
13,13,39,47
14,75,97,47
15,9,35,47
16,91,78,47
17,92,44,47
18,92,51,47
19,74,47,47
20,54,24,47
21,2,38,47
22,63,98,47
23,65,55,47
24,5,59,47
25,39,43,47
26,50,92,47
27,16,27,47
28,25,45,47
29,7,55,47
30,20,46,47
1,92,62,48
2,11,80,48
3,58,88,48
4,97,31,48
5,36,84,48
6,72,23,48
7,67,63,48
8,83,85,48
9,91,14,48
10,51,93,48
11,33,82,48
12,72,79,48
13,13,40,48
14,76,97,48
15,9,36,48
16,91,78,48
17,91,43,48
18,93,52,48
19,75,48,48
20,54,24,48
21,1,39,48
22,62,99,48
23,64,56,48
24,5,58,48
25,40,42,48
26,50,92,48
27,16,27,48
28,26,44,48
29,7,55,48
30,19,46,48
1,93,62,49
2,11,79,49
3,57,87,49
4,98,30,49
5,35,83,49
6,71,22,49
7,67,62,49
8,84,85,49
9,91,14,49
10,49,91,49
11,32,82,49
12,72,79,49
13,12,39,49
14,76,96,49
15,9,36,49
16,90,78,49
17,90,44,49
18,92,52,49
19,76,49,49
20,55,23,49
21,1,38,49
22,62,99,49
23,63,55,49
24,6,57,49
25,41,42,49
26,49,93,49
27,16,28,49
28,26,44,49
29,8,55,49
30,19,46,49
1,92,61,50
2,10,78,50
3,57,86,50
4,99,29,50
5,34,84,50
6,71,21,50
7,66,61,50
8,85,85,50
9,91,13,50
10,48,91,50
11,32,81,50
12,71,78,50
13,11,39,50
14,76,97,50
15,9,35,50
16,90,79,50
17,90,45,50
18,92,53,50
19,77,50,50
20,56,23,50
21,2,37,50
22,62,99,50
23,62,55,50
24,6,58,50
25,41,43,50
26,49,92,50
27,17,27,50
28,27,43,50
29,9,55,50
30,19,47,50
1,91,62,51
2,10,77,51
3,57,87,51
4,99,28,51
5,35,85,51
6,70,22,51
7,66,61,51
8,86,84,51
9,92,12,51
10,47,91,51
11,33,80,51
12,72,79,51
13,12,38,51
14,75,98,51
15,8,34,51
16,90,79,51
17,89,44,51
18,93,54,51
19,77,51,51
20,57,24,51
21,3,38,51
22,63,99,51
23,61,55,51
24,7,57,51
25,42,42,51
26,50,93,51
27,16,28,51
28,27,43,51
29,10,56,51
30,19,48,51
1,90,63,52
2,11,78,52
3,56,88,52
4,98,27,52
5,36,85,52
6,69,23,52
7,67,61,52
8,85,83,52
9,92,12,52
10,48,92,52
11,32,81,52
12,72,78,52
13,13,39,52
14,75,99,52
15,8,33,52
16,90,80,52
17,90,45,52
18,94,54,52
19,78,52,52
20,58,25,52
21,4,38,52
22,64,98,52
23,62,54,52
24,7,57,52
25,41,41,52
26,49,92,52
27,16,29,52
28,27,42,52
29,11,55,52
30,20,48,52
1,89,63,53
2,12,77,53
3,55,87,53
4,97,28,53
5,36,86,53
6,69,24,53
7,68,60,53
8,86,84,53
9,93,12,53
10,47,92,53
11,32,81,53
12,71,78,53
13,12,39,53
14,74,99,53
15,8,32,53
16,91,81,53
17,89,45,53
18,95,54,53
19,78,51,53
20,59,26,53
21,4,39,53
22,65,99,53
23,63,55,53
24,6,56,53
25,41,42,53
26,48,93,53
27,17,29,53
28,28,42,53
29,12,56,53
30,20,47,53
1,89,64,54
2,13,77,54
3,54,86,54
4,98,28,54
5,37,85,54
6,70,23,54
7,68,59,54
8,86,83,54
9,93,12,54
10,46,93,54
11,33,80,54
12,70,77,54
13,11,40,54
14,74,99,54
15,9,32,54
16,92,81,54
17,89,46,54
18,96,55,54
19,79,50,54
20,60,25,54
21,3,40,54
22,64,99,54
23,63,55,54
24,6,56,54
25,42,43,54
26,49,92,54
27,17,28,54
28,29,41,54
29,12,56,54
30,21,47,54
1,88,63,55
2,14,76,55
3,54,86,55
4,98,28,55
5,37,84,55
6,70,24,55
7,69,60,55
8,87,83,55
9,94,13,55
10,45,93,55
11,33,80,55
12,71,77,55
13,10,41,55
14,75,98,55
15,10,31,55
16,91,80,55
17,90,47,55
18,96,55,55
19,79,49,55
20,61,25,55
21,3,41,55
22,64,98,55
23,64,54,55
24,6,57,55
25,43,42,55
26,49,93,55
27,18,29,55
28,28,40,55
29,12,55,55
30,22,48,55
1,89,63,56
2,13,77,56
3,54,87,56
4,99,27,56
5,38,84,56
6,71,25,56
7,68,60,56
8,88,83,56
9,93,13,56
10,45,93,56
11,32,81,56
12,71,78,56
13,9,40,56
14,74,97,56
15,10,31,56
16,91,81,56
17,90,46,56
18,97,54,56
19,79,48,56
20,60,25,56
21,3,40,56
22,64,98,56
23,64,53,56
24,7,57,56
25,43,43,56
26,48,93,56
27,17,30,56
28,27,39,56
29,12,54,56
30,22,49,56
1,90,64,57
2,12,76,57
3,53,86,57
4,98,28,57
5,39,85,57
6,72,26,57
7,69,59,57
8,89,84,57
9,94,12,57
10,45,94,57
11,33,82,57
12,72,77,57
13,9,41,57
14,74,98,57
15,10,31,57
16,90,81,57
17,90,47,57
18,98,55,57
19,78,47,57
20,61,26,57
21,4,39,57
22,65,99,57
23,63,54,57
24,6,56,57
25,42,44,57
26,47,92,57
27,18,29,57
28,26,39,57
29,11,55,57
30,23,50,57
1,91,65,58
2,12,76,58
3,52,85,58
4,97,28,58
5,38,84,58
6,73,25,58
7,69,59,58
8,90,83,58
9,93,13,58
10,45,95,58
11,33,83,58
12,73,77,58
13,9,42,58
14,75,98,58
15,11,31,58
16,89,81,58
17,89,46,58
18,99,55,58
19,79,46,58
20,62,25,58
21,3,40,58
22,66,99,58
23,62,54,58
24,6,57,58
25,41,43,58
26,46,91,58
27,17,28,58
28,25,38,58
29,10,54,58
30,22,50,58
1,92,64,59
2,13,76,59
3,53,86,59
4,98,29,59
5,37,84,59
6,74,24,59
7,69,59,59
8,90,83,59
9,94,12,59
10,46,94,59
11,33,82,59
12,74,78,59
13,9,41,59
14,75,99,59
15,10,31,59
16,88,82,59
17,89,45,59
18,99,54,59
19,79,45,59
20,63,26,59
21,2,39,59
22,67,98,59
23,62,53,59
24,5,56,59
25,42,43,59
26,47,92,59
27,18,27,59
28,24,38,59
29,11,54,59
30,23,50,59
1,92,63,60
2,12,77,60
3,53,86,60
4,97,29,60
5,36,83,60
6,75,24,60
7,70,60,60
8,89,84,60
9,93,13,60
10,45,93,60
11,34,81,60
12,74,79,60
13,9,41,60
14,75,99,60
15,10,32,60
16,89,83,60
17,89,46,60
18,98,54,60
19,80,44,60
20,62,26,60
21,3,39,60
22,66,99,60
23,62,52,60
24,5,55,60
25,41,44,60
26,46,91,60
27,17,26,60
28,23,38,60
29,11,54,60
30,24,49,60
1,93,63,61
2,13,78,61
3,53,85,61
4,96,28,61
5,37,83,61
6,75,25,61
7,71,60,61
8,88,85,61
9,93,14,61
10,46,94,61
11,35,80,61
12,74,79,61
13,10,41,61
14,74,99,61
15,11,32,61
16,90,82,61
17,88,46,61
18,99,53,61
19,80,43,61
20,63,27,61
21,3,39,61
22,65,98,61
23,62,52,61
24,6,56,61
25,41,44,61
26,46,92,61
27,18,25,61
28,24,37,61
29,12,55,61
30,25,48,61
1,92,64,62
2,14,77,62
3,54,86,62
4,95,29,62
5,37,84,62
6,76,24,62
7,72,59,62
8,88,85,62
9,93,14,62
10,45,94,62
11,35,79,62
12,75,79,62
13,11,42,62
14,73,98,62
15,11,32,62
16,89,83,62
17,89,47,62
18,99,53,62
19,79,44,62
20,62,27,62
21,3,38,62
22,65,98,62
23,63,53,62
24,6,55,62
25,42,43,62
26,46,92,62
27,17,25,62
28,25,37,62
29,13,56,62
30,26,49,62
1,92,63,63
2,13,77,63
3,53,85,63
4,96,29,63
5,37,83,63
6,77,25,63
7,73,59,63
8,87,86,63
9,94,15,63
10,44,94,63
11,36,80,63
12,76,80,63
13,11,43,63
14,72,98,63
15,11,31,63
16,89,84,63
17,88,46,63
18,99,53,63
19,78,45,63
20,62,28,63
21,4,38,63
22,65,98,63
23,64,53,63
24,5,56,63
25,43,44,63
26,47,93,63
27,16,25,63
28,24,38,63
29,12,55,63
30,25,50,63
1,91,63,64
2,12,77,64
3,53,85,64
4,95,28,64
5,36,82,64
6,77,25,64
7,73,60,64
8,86,85,64
9,93,16,64
10,43,93,64
11,37,81,64
12,77,79,64
13,12,42,64
14,73,99,64
15,12,32,64
16,90,84,64
17,89,47,64
18,98,54,64
19,79,44,64
20,61,29,64
21,3,39,64
22,65,97,64
23,65,54,64
24,5,57,64
25,42,43,64
26,46,92,64
27,17,24,64
28,25,38,64
29,11,56,64
30,25,50,64
1,90,62,65
2,12,77,65
3,52,85,65
4,94,27,65
5,36,83,65
6,78,25,65
7,73,59,65
8,87,84,65
9,94,15,65
10,42,92,65
11,38,81,65
12,78,80,65
13,12,43,65
14,73,98,65
15,12,31,65
16,89,85,65
17,89,47,65
18,98,55,65
19,78,43,65
20,61,29,65
21,4,40,65
22,64,96,65
23,64,53,65
24,5,57,65
25,41,42,65
26,47,93,65
27,16,23,65
28,25,39,65
29,11,57,65
30,25,50,65
1,91,62,66
2,11,76,66
3,53,84,66
4,94,28,66
5,36,83,66
6,79,26,66
7,74,59,66
8,87,83,66
9,94,16,66
10,43,91,66
11,38,80,66
12,77,79,66
13,13,42,66
14,73,98,66
15,11,31,66
16,88,84,66
17,90,48,66
18,97,54,66
19,77,44,66
20,61,28,66
21,5,41,66
22,65,96,66
23,63,53,66
24,5,57,66
25,42,41,66
26,46,94,66
27,15,24,66
28,25,38,66
29,11,58,66
30,26,49,66
1,90,61,67
2,12,75,67
3,53,83,67
4,95,29,67
5,37,83,67
6,78,26,67
7,75,60,67
8,87,84,67
9,94,16,67
10,44,92,67
11,38,80,67
12,78,79,67
13,14,43,67
14,74,97,67
15,11,31,67
16,87,83,67
17,90,49,67
18,97,54,67
19,76,44,67
20,61,28,67
21,4,42,67
22,66,95,67
23,63,53,67
24,4,56,67
25,42,42,67
26,47,95,67
27,15,23,67
28,25,38,67
29,11,59,67
30,26,49,67
1,89,62,68
2,12,74,68
3,54,83,68
4,96,29,68
5,36,82,68
6,79,26,68
7,74,61,68
8,86,85,68
9,95,15,68
10,43,92,68
11,39,79,68
12,79,80,68
13,15,43,68
14,73,97,68
15,10,30,68
16,87,84,68
17,89,48,68
18,97,53,68
19,77,44,68
20,61,27,68
21,3,41,68
22,67,94,68
23,62,52,68
24,4,56,68
25,42,41,68
26,46,94,68
27,14,23,68
28,24,38,68
29,12,58,68
30,27,49,68
1,90,62,69
2,13,73,69
3,54,84,69
4,97,30,69
5,37,83,69
6,78,26,69
7,75,61,69
8,86,83,69
9,96,14,69
10,44,91,69
11,40,79,69
12,78,80,69
13,15,42,69
14,74,97,69
15,10,29,69
16,86,85,69
17,89,49,69
18,98,52,69
19,77,43,69
20,61,26,69
21,2,42,69
22,67,93,69
23,62,51,69
24,4,55,69
25,41,42,69
26,45,94,69
27,13,22,69
28,23,38,69
29,11,59,69
30,26,48,69
1,90,62,70
2,13,73,70
3,53,85,70
4,96,31,70
5,37,83,70
6,77,26,70
7,75,60,70
8,87,83,70
9,97,14,70
10,43,91,70
11,39,78,70
12,78,80,70
13,16,43,70
14,74,97,70
15,9,29,70
16,85,86,70
17,89,50,70
18,99,52,70
19,77,43,70
20,60,25,70
21,2,42,70
22,68,93,70
23,63,52,70
24,4,56,70
25,40,42,70
26,45,95,70
27,13,23,70
28,22,37,70
29,10,58,70
30,26,47,70
1,91,62,71
2,12,73,71
3,52,84,71
4,95,31,71
5,38,84,71
6,78,27,71
7,76,59,71
8,87,83,71
9,98,14,71
10,43,91,71
11,39,77,71
12,78,79,71
13,17,42,71
14,74,96,71
15,10,28,71
16,86,86,71
17,90,49,71
18,99,53,71
19,78,44,71
20,60,25,71
21,3,43,71
22,68,93,71
23,63,52,71
24,5,57,71
25,40,43,71
26,44,94,71
27,12,24,71
28,22,37,71
29,11,57,71
30,27,47,71
1,92,61,72
2,13,73,72
3,53,84,72
4,95,32,72
5,39,84,72
6,78,26,72
7,76,60,72
8,88,82,72
9,99,13,72
10,44,92,72
11,39,76,72
12,77,79,72
13,16,43,72
14,75,96,72
15,9,29,72
16,87,87,72
17,91,50,72
18,98,54,72
19,78,45,72
20,60,26,72
21,3,44,72
22,68,94,72
23,64,51,72
24,6,57,72
25,40,42,72
26,43,95,72
27,11,24,72
28,22,38,72
29,12,58,72
30,27,47,72
1,91,61,73
2,13,72,73
3,52,85,73
4,95,31,73
5,40,83,73
6,79,27,73
7,75,61,73
8,88,83,73
9,99,13,73
10,43,91,73
11,40,77,73
12,76,78,73
13,16,43,73
14,76,96,73
15,8,28,73
16,88,87,73
17,90,49,73
18,98,53,73
19,77,44,73
20,61,25,73
21,4,44,73
22,68,94,73
23,63,52,73
24,6,56,73
25,40,41,73
26,44,95,73
27,12,25,73
28,21,39,73
29,13,59,73
30,27,47,73
1,92,61,74
2,14,71,74
3,52,85,74
4,96,32,74
5,39,84,74
6,79,26,74
7,74,60,74
8,88,82,74
9,99,12,74
10,43,90,74
11,40,77,74
12,77,78,74
13,15,44,74
14,76,97,74
15,8,28,74
16,89,87,74
17,89,50,74
18,97,54,74
19,76,43,74
20,60,25,74
21,4,45,74
22,67,94,74
23,64,51,74
24,7,56,74
25,39,41,74
26,45,94,74
27,13,25,74
28,20,40,74
29,12,60,74
30,28,47,74
1,92,62,75
2,15,70,75
3,52,86,75
4,96,32,75
5,38,83,75
6,80,27,75
7,74,61,75
8,88,81,75
9,98,11,75
10,43,90,75
11,39,78,75
12,77,77,75
13,16,45,75
14,76,96,75
15,9,27,75
16,89,88,75
17,89,50,75
18,97,55,75
19,76,44,75
20,59,25,75
21,4,45,75
22,67,93,75
23,63,52,75
24,6,56,75
25,40,40,75
26,46,94,75
27,12,25,75
28,21,41,75
29,12,59,75
30,29,48,75
1,92,63,76
2,15,70,76
3,53,86,76
4,97,33,76
5,37,84,76
6,79,27,76
7,73,60,76
8,89,80,76
9,98,11,76
10,43,91,76
11,38,79,76
12,78,76,76
13,17,45,76
14,76,95,76
15,8,28,76
16,90,87,76
17,89,50,76
18,98,54,76
19,76,44,76
20,59,25,76
21,3,45,76
22,67,93,76
23,63,53,76
24,5,57,76
25,39,40,76
26,47,95,76
27,13,25,76
28,21,40,76
29,11,60,76
30,29,49,76
1,93,63,77
2,15,71,77
3,52,87,77
4,98,34,77
5,36,85,77
6,79,27,77
7,73,61,77
8,88,81,77
9,99,10,77
10,43,92,77
11,37,79,77
12,78,77,77
13,16,44,77
14,77,94,77
15,8,28,77
16,90,88,77
17,88,50,77
18,99,54,77
19,76,45,77
20,59,26,77
21,3,46,77
22,66,92,77
23,64,52,77
24,4,57,77
25,39,39,77
26,46,95,77
27,14,25,77
28,21,39,77
29,12,61,77
30,30,48,77
1,94,63,78
2,16,71,78
3,52,86,78
4,99,34,78
5,36,85,78
6,78,27,78
7,72,60,78
8,89,82,78
9,99,10,78
10,43,93,78
11,37,80,78
12,79,77,78
13,16,45,78
14,76,95,78
15,8,27,78
16,91,87,78
17,88,50,78
18,98,54,78
19,76,46,78
20,59,27,78
21,3,45,78
22,67,93,78
23,65,51,78
24,3,58,78
25,40,39,78
26,45,94,78
27,13,26,78
28,20,40,78
29,12,61,78
30,30,47,78
1,94,64,79
2,15,72,79
3,51,87,79
4,99,35,79
5,35,84,79
6,77,26,79
7,72,61,79
8,88,82,79
9,98,10,79
10,42,94,79
11,38,80,79
12,80,78,79
13,15,46,79
14,76,94,79
15,7,26,79
16,90,88,79
17,88,50,79
18,99,55,79
19,77,46,79
20,58,26,79
21,2,46,79
22,66,93,79
23,64,51,79
24,4,59,79
25,40,39,79
26,45,93,79
27,12,27,79
28,20,40,79
29,12,61,79
30,31,48,79
1,94,63,80
2,16,71,80
3,52,88,80
4,98,36,80
5,36,83,80
6,78,26,80
7,71,61,80
8,89,81,80
9,97,9,80
10,42,94,80
11,37,81,80
12,79,79,80
13,15,46,80
14,76,95,80
15,7,25,80
16,89,87,80
17,88,50,80
18,99,55,80
19,76,45,80
20,57,27,80
21,3,46,80
22,65,92,80
23,63,50,80
24,3,59,80
25,41,40,80
26,44,94,80
27,11,26,80
28,21,40,80
29,11,62,80
30,32,49,80
1,94,62,81
2,16,70,81
3,51,89,81
4,97,35,81
5,37,84,81
6,78,26,81
7,70,60,81
8,89,81,81
9,98,10,81
10,41,95,81
11,38,82,81
12,80,78,81
13,16,47,81
14,76,96,81
15,6,26,81
16,89,86,81
17,87,50,81
18,98,54,81
19,77,45,81
20,58,27,81
21,2,46,81
22,66,92,81
23,62,51,81
24,3,60,81
25,41,40,81
26,44,95,81
27,10,27,81
28,21,39,81
29,10,63,81
30,32,48,81
1,94,61,82
2,15,70,82
3,51,90,82
4,98,35,82
5,37,83,82
6,79,25,82
7,69,60,82
8,89,81,82
9,98,10,82
10,41,96,82
11,39,82,82
12,80,78,82
13,16,46,82
14,76,95,82
15,7,25,82
16,90,85,82
17,86,50,82
18,99,55,82
19,77,45,82
20,57,28,82
21,1,45,82
22,65,93,82
23,62,50,82
24,3,60,82
25,42,40,82
26,43,95,82
27,11,28,82
28,22,40,82
29,11,62,82
30,31,47,82
1,95,62,83
2,15,70,83
3,50,90,83
4,98,35,83
5,36,82,83
6,80,25,83
7,68,59,83
8,89,81,83
9,99,9,83
10,40,97,83
11,38,82,83
12,80,77,83
13,17,46,83
14,75,95,83
15,7,26,83
16,91,86,83
17,85,49,83
18,99,54,83
19,78,45,83
20,58,28,83
21,0,46,83
22,66,94,83
23,63,49,83
24,4,60,83
25,43,41,83
26,44,94,83
27,11,27,83
28,23,40,83
29,11,61,83
30,32,46,83
1,94,63,84
2,14,70,84
3,50,89,84
4,98,35,84
5,36,83,84
6,79,25,84
7,67,59,84
8,88,81,84
9,99,10,84
10,41,97,84
11,39,81,84
12,80,76,84
13,17,47,84
14,76,96,84
15,8,26,84
16,92,86,84
17,86,49,84
18,99,55,84
19,79,44,84
20,59,27,84
21,1,46,84
22,66,93,84
23,63,49,84
24,3,61,84
25,44,41,84
26,44,94,84
27,10,27,84
28,24,41,84
29,12,60,84
30,31,46,84
1,95,62,85
2,15,70,85
3,50,89,85
4,98,35,85
5,36,84,85
6,79,26,85
7,66,58,85
8,89,81,85
9,98,9,85
10,40,98,85
11,40,82,85
12,79,75,85
13,16,47,85
14,75,97,85
15,9,26,85
16,91,87,85
17,86,48,85
18,98,55,85
19,80,43,85
20,60,27,85
21,2,46,85
22,66,92,85
23,62,50,85
24,2,60,85
25,44,40,85
26,44,95,85
27,11,27,85
28,23,42,85
29,12,61,85
30,30,45,85
1,95,63,86
2,14,69,86
3,49,89,86
4,98,35,86
5,35,83,86
6,78,27,86
7,67,59,86
8,89,82,86
9,97,8,86
10,40,98,86
11,41,82,86
12,78,74,86
13,17,46,86
14,76,98,86
15,10,27,86
16,90,86,86
17,86,48,86
18,97,54,86
19,81,44,86
20,61,26,86
21,1,46,86
22,65,93,86
23,61,51,86
24,3,59,86
25,44,39,86
26,44,95,86
27,11,27,86
28,22,42,86
29,11,61,86
30,31,44,86
1,96,63,87
2,13,69,87
3,50,88,87
4,97,35,87
5,35,84,87
6,79,26,87
7,68,60,87
8,88,83,87
9,97,7,87
10,40,98,87
11,42,81,87
12,77,74,87
13,17,45,87
14,76,99,87
15,10,26,87
16,91,87,87
17,85,48,87
18,98,53,87
19,81,45,87
20,61,27,87
21,0,45,87
22,64,94,87
23,61,52,87
24,2,60,87
25,43,39,87
26,45,95,87
27,12,28,87
28,21,42,87
29,10,61,87
30,30,45,87
1,96,63,88
2,13,70,88
3,50,89,88
4,96,36,88
5,36,85,88
6,78,26,88
7,69,60,88
8,89,83,88
9,98,7,88
10,40,97,88
11,42,82,88
12,76,74,88
13,18,44,88
14,77,98,88
15,9,27,88
16,92,86,88
17,84,47,88
18,99,53,88
19,80,45,88
20,60,28,88
21,0,45,88
22,64,93,88
23,61,52,88
24,2,61,88
25,44,38,88
26,44,94,88
27,13,28,88
28,21,43,88
29,10,61,88
30,29,46,88
1,97,62,89
2,12,70,89
3,51,89,89
4,95,35,89
5,37,85,89
6,79,25,89
7,69,60,89
8,89,82,89
9,99,7,89
10,41,98,89
11,43,82,89
12,75,73,89
13,17,45,89
14,78,98,89
15,8,28,89
16,92,86,89
17,83,46,89
18,98,54,89
19,79,46,89
20,61,29,89
21,1,45,89
22,64,93,89
23,60,53,89
24,3,62,89
25,45,39,89
26,45,94,89
27,13,27,89
28,21,43,89
29,9,60,89
30,30,47,89
1,96,62,90
2,11,69,90
3,50,88,90
4,95,34,90
5,37,84,90
6,78,26,90
7,68,59,90
8,90,83,90
9,98,6,90
10,40,97,90
11,42,82,90
12,76,73,90
13,18,44,90
14,79,99,90
15,7,27,90
16,92,85,90
17,84,45,90
18,98,53,90
19,78,45,90
20,62,30,90
21,2,46,90
22,65,93,90
23,59,53,90
24,4,63,90
25,44,39,90
26,45,94,90
27,13,28,90
28,22,42,90
29,9,61,90
30,29,48,90
1,97,62,91
2,10,69,91
3,50,89,91
4,94,35,91
5,38,85,91
6,78,27,91
7,68,60,91
8,89,84,91
9,99,7,91
10,41,98,91
11,41,82,91
12,75,73,91
13,17,44,91
14,80,98,91
15,7,28,91
16,91,85,91
17,85,46,91
18,97,54,91
19,78,44,91
20,63,30,91
21,1,47,91
22,66,92,91
23,60,54,91
24,4,64,91
25,43,38,91
26,45,95,91
27,12,28,91
28,22,41,91
29,10,60,91
30,30,47,91
1,96,63,92
2,11,68,92
3,49,89,92
4,95,36,92
5,38,84,92
6,79,27,92
7,68,59,92
8,88,83,92
9,98,8,92
10,40,97,92
11,40,83,92
12,74,73,92
13,16,43,92
14,80,97,92
15,8,27,92
16,92,85,92
17,86,45,92
18,97,54,92
19,78,43,92
20,63,29,92
21,1,46,92
22,67,91,92
23,59,55,92
24,4,65,92
25,42,38,92
26,44,95,92
27,11,29,92
28,21,40,92
29,11,59,92
30,29,46,92
1,96,64,93
2,10,67,93
3,48,90,93
4,96,37,93
5,38,83,93
6,79,26,93
7,68,60,93
8,87,83,93
9,99,7,93
10,40,96,93
11,39,83,93
12,74,73,93
13,17,43,93
14,79,96,93
15,7,28,93
16,93,85,93
17,86,44,93
18,96,54,93
19,77,43,93
20,64,29,93
21,2,45,93
22,68,90,93
23,58,56,93
24,3,66,93
25,41,37,93
26,45,94,93
27,10,28,93
28,20,41,93
29,11,59,93
30,29,47,93
1,95,65,94
2,10,66,94
3,48,89,94
4,95,38,94
5,39,82,94
6,78,26,94
7,68,61,94
8,86,84,94
9,98,6,94
10,40,96,94
11,38,82,94
12,74,73,94
13,18,44,94
14,78,95,94
15,7,29,94
16,93,86,94
17,87,43,94
18,96,55,94
19,78,42,94
20,64,28,94
21,1,45,94
22,68,89,94
23,57,55,94
24,3,66,94
25,40,36,94
26,45,93,94
27,10,27,94
28,19,41,94
29,12,58,94
30,29,48,94
1,95,65,95
2,11,67,95
3,47,89,95
4,95,39,95
5,38,81,95
6,78,27,95
7,69,62,95
8,87,83,95
9,97,6,95
10,40,95,95
11,39,82,95
12,75,74,95
13,17,45,95
14,78,94,95
15,8,29,95
16,94,85,95
17,87,42,95
18,97,56,95
19,78,41,95
20,64,28,95
21,2,45,95
22,69,89,95
23,57,56,95
24,4,65,95
25,41,36,95
26,45,93,95
27,10,26,95
28,20,41,95
29,13,59,95
30,29,49,95
1,94,66,96
2,12,68,96
3,47,88,96
4,95,40,96
5,38,82,96
6,78,26,96
7,68,61,96
8,87,84,96
9,96,7,96
10,41,94,96
11,39,83,96
12,74,75,96
13,16,44,96
14,79,95,96
15,9,30,96
16,93,84,96
17,87,43,96
18,97,57,96
19,78,42,96
20,65,29,96
21,1,44,96
22,68,88,96
23,58,55,96
24,3,66,96
25,42,35,96
26,46,92,96
27,10,26,96
28,19,42,96
29,13,58,96
30,28,49,96
1,93,66,97
2,13,67,97
3,47,88,97
4,96,40,97
5,37,83,97
6,78,26,97
7,69,62,97
8,87,85,97
9,96,7,97
10,42,93,97
11,38,84,97
12,75,75,97
13,16,44,97
14,78,94,97
15,10,29,97
16,93,85,97
17,88,42,97
18,97,58,97
19,77,41,97
20,66,29,97
21,0,44,97
22,67,89,97
23,57,56,97
24,4,67,97
25,43,36,97
26,45,93,97
27,11,27,97
28,18,42,97
29,12,57,97
30,29,50,97
1,92,67,98
2,14,66,98
3,46,88,98
4,97,39,98
5,38,82,98
6,77,26,98
7,68,61,98
8,87,84,98
9,96,7,98
10,43,93,98
11,38,84,98
12,76,75,98
13,15,45,98
14,77,93,98
15,11,29,98
16,93,84,98
17,87,41,98
18,96,58,98
19,78,42,98
20,66,28,98
21,1,44,98
22,66,89,98
23,56,56,98
24,4,67,98
25,43,37,98
26,46,92,98
27,12,26,98
28,17,42,98
29,12,56,98
30,29,51,98
1,91,68,99
2,15,65,99
3,47,88,99
4,98,39,99
5,38,81,99
6,77,26,99
7,69,60,99
8,86,83,99
9,96,8,99
10,44,93,99
11,38,84,99
12,75,74,99
13,16,46,99
14,77,92,99
15,11,29,99
16,93,84,99
17,86,40,99
18,95,57,99
19,79,41,99
20,65,27,99
21,0,43,99
22,66,89,99
23,55,57,99
24,5,66,99
25,44,38,99
26,45,92,99
27,13,25,99
28,16,43,99
29,13,56,99
30,28,51,99
1,92,68,100
2,16,64,100
3,46,88,100
4,97,38,100
5,38,82,100
6,78,27,100
7,69,61,100
8,85,83,100
9,95,7,100
10,43,94,100
11,38,83,100
12,75,74,100
13,16,45,100
14,77,93,100
15,10,28,100
16,92,83,100
17,86,40,100
18,95,58,100
19,80,41,100
20,66,28,100
21,0,42,100
22,65,89,100
23,55,57,100
24,6,65,100
25,45,38,100
26,46,91,100
27,12,26,100
28,16,44,100
29,12,55,100
30,27,51,100
