1,23,88,1
2,73,83,1
3,73,23,1
4,30,66,1
5,35,87,1
6,28,48,1
7,56,58,1
8,54,80,1
9,50,19,1
10,63,8,1
11,60,55,1
12,23,4,1
13,84,83,1
14,31,23,1
15,41,77,1
16,14,6,1
17,72,84,1
18,81,50,1
19,4,22,1
20,30,47,1
21,70,95,1
22,40,33,1
23,78,33,1
24,12,90,1
25,73,35,1
26,51,73,1
27,5,18,1
28,67,45,1
29,83,9,1
30,65,9,1
31,95,41,1
32,24,7,1
33,21,36,1
34,52,5,1
35,37,14,1
36,50,94,1
37,63,29,1
38,26,55,1
39,51,99,1
40,61,24,1
41,42,18,1
42,94,3,1
43,63,63,1
44,29,10,1
45,55,36,1
46,97,87,1
47,15,63,1
48,52,31,1
49,82,66,1
50,11,44,1
51,48,60,1
52,34,81,1
53,80,52,1
54,3,31,1
55,69,81,1
56,6,48,1
57,89,99,1
58,83,47,1
59,60,79,1
60,99,15,1
61,97,3,1
62,86,15,1
63,75,90,1
64,76,10,1
65,83,74,1
66,80,8,1
67,48,10,1
68,64,60,1
69,90,56,1
70,13,89,1
71,12,34,1
72,10,14,1
73,25,88,1
74,97,15,1
75,90,73,1
76,96,59,1
77,14,92,1
78,85,18,1
79,78,35,1
80,34,22,1
81,60,42,1
82,93,1,1
1,23,88,2
2,72,82,2
3,72,22,2
4,31,66,2
5,36,87,2
6,27,48,2
7,56,59,2
8,54,80,2
9,51,18,2
10,62,8,2
11,61,54,2
12,24,4,2
13,84,83,2
14,31,23,2
15,40,76,2
16,14,6,2
17,72,84,2
18,82,50,2
19,3,21,2
20,29,48,2
21,71,96,2
22,40,34,2
23,77,34,2
24,11,91,2
25,72,34,2
26,50,72,2
27,5,19,2
28,68,45,2
29,82,10,2
30,64,9,2
31,96,42,2
32,25,6,2
33,20,36,2
34,52,6,2
35,38,14,2
36,51,93,2
37,63,30,2
38,26,55,2
39,50,99,2
40,62,24,2
41,43,17,2
42,94,3,2
43,62,62,2
44,30,10,2
45,55,37,2
46,96,87,2
47,16,63,2
48,53,31,2
49,82,67,2
50,10,43,2
51,47,59,2
52,35,82,2
53,79,51,2
54,4,31,2
55,69,80,2
56,5,48,2
57,89,98,2
58,83,46,2
59,60,79,2
60,98,15,2
61,98,3,2
62,86,16,2
63,75,90,2
64,75,9,2
65,84,75,2
66,81,7,2
67,48,11,2
68,65,59,2
69,91,57,2
70,14,90,2
71,11,33,2
72,11,13,2
73,24,88,2
74,97,16,2
75,89,72,2
76,95,58,2
77,13,93,2
78,84,18,2
79,79,36,2
80,33,23,2
81,60,41,2
82,93,2,2
1,23,88,3
2,73,83,3
3,72,21,3
4,30,66,3
5,37,87,3
6,27,47,3
7,57,58,3
8,53,81,3
9,52,19,3
10,62,9,3
11,62,54,3
12,23,4,3
13,85,84,3
14,32,22,3
15,39,76,3
16,14,7,3
17,71,84,3
18,81,51,3
19,2,21,3
20,29,48,3
21,70,97,3
22,41,35,3
23,76,33,3
24,12,92,3
25,71,35,3
26,50,72,3
27,6,18,3
28,68,46,3
29,83,10,3
30,64,9,3
31,96,43,3
32,26,5,3
33,19,37,3
34,52,7,3
35,38,14,3
36,51,92,3
37,64,29,3
38,26,56,3
39,51,98,3
40,62,23,3
41,42,17,3
42,94,4,3
43,63,61,3
44,31,9,3
45,54,36,3
46,97,88,3
47,15,64,3
48,52,31,3
49,83,66,3
50,10,43,3
51,48,58,3
52,35,81,3
53,78,52,3
54,5,31,3
55,70,81,3
56,6,48,3
57,90,97,3
58,84,47,3
59,61,79,3
60,97,17,3
61,98,2,3
62,85,16,3
63,75,90,3
64,75,9,3
65,84,74,3
66,80,7,3
67,48,11,3
68,64,59,3
69,91,58,3
70,15,89,3
71,11,33,3
72,12,13,3
73,25,89,3
74,96,18,3
75,88,72,3
76,96,58,3
77,14,93,3
78,84,17,3
79,78,37,3
80,34,24,3
81,60,40,3
82,92,3,3
1,24,89,4
2,74,83,4
3,72,21,4
4,29,65,4
5,38,86,4
6,28,47,4
7,58,58,4
8,53,80,4
9,52,18,4
10,61,8,4
11,62,53,4
12,23,4,4
13,86,85,4
14,33,21,4
15,40,77,4
16,14,7,4
17,72,84,4
18,81,51,4
19,3,20,4
20,29,49,4
21,70,98,4
22,41,35,4
23,75,32,4
24,12,93,4
25,71,34,4
26,49,72,4
27,6,18,4
28,68,47,4
29,84,9,4
30,64,10,4
31,95,44,4
32,26,6,4
33,20,36,4
34,53,8,4
35,38,15,4
36,51,91,4
37,65,29,4
38,27,55,4
39,51,99,4
40,62,24,4
41,43,16,4
42,93,4,4
43,62,61,4
44,30,8,4
45,55,35,4
46,98,87,4
47,16,63,4
48,51,30,4
49,84,66,4
50,11,42,4
51,47,57,4
52,34,80,4
53,79,53,4
54,6,30,4
55,71,80,4
56,6,48,4
57,91,97,4
58,84,48,4
59,61,78,4
60,96,16,4
61,97,3,4
62,84,15,4
63,76,91,4
64,74,10,4
65,85,73,4
66,80,8,4
67,48,10,4
68,64,59,4
69,90,59,4
70,14,89,4
71,10,32,4
72,12,14,4
73,25,88,4
74,97,18,4
75,89,72,4
76,97,59,4
77,15,93,4
78,85,16,4
79,78,38,4
80,35,25,4
81,60,39,4
82,91,2,4
1,23,90,5
2,75,84,5
3,72,20,5
4,28,65,5
5,38,87,5
6,28,48,5
7,58,59,5
8,54,81,5
9,52,18,5
10,61,7,5
11,62,53,5
12,23,5,5
13,85,86,5
14,34,21,5
15,40,76,5
16,14,8,5
17,72,84,5
18,81,51,5
19,2,21,5
20,30,49,5
21,70,97,5
22,42,34,5
23,75,31,5
24,11,94,5
25,72,35,5
26,48,72,5
27,5,17,5
28,69,47,5
29,85,8,5
30,65,9,5
31,96,44,5
32,27,6,5
33,21,37,5
34,53,8,5
35,39,14,5
36,51,90,5
37,64,29,5
38,27,56,5
39,51,98,5
40,62,23,5
41,43,15,5
42,92,3,5
43,63,62,5
44,29,7,5
45,55,36,5
46,98,86,5
47,15,62,5
48,52,31,5
49,85,67,5
50,10,43,5
51,46,57,5
52,34,81,5
53,79,53,5
54,5,29,5
55,70,79,5
56,6,48,5
57,91,97,5
58,83,49,5
59,62,78,5
60,96,17,5
61,97,3,5
62,83,16,5
63,75,90,5
64,74,9,5
65,84,72,5
66,81,7,5
67,49,9,5
68,63,60,5
69,89,59,5
70,13,88,5
71,10,33,5
72,13,15,5
73,24,89,5
74,98,18,5
75,88,72,5
76,96,59,5
77,14,92,5
78,84,15,5
79,79,38,5
80,34,25,5
81,59,40,5
82,91,1,5
1,23,91,6
2,75,84,6
3,71,21,6
4,28,66,6
5,37,87,6
6,27,47,6
7,58,60,6
8,55,80,6
9,51,18,6
10,61,8,6
11,63,53,6
12,24,5,6
13,86,86,6
14,34,20,6
15,40,76,6
16,14,9,6
17,71,85,6
18,80,51,6
19,3,21,6
20,31,50,6
21,71,98,6
22,43,33,6
23,76,32,6
24,10,95,6
25,73,36,6
26,47,72,6
27,6,17,6
28,68,47,6
29,85,9,6
30,66,8,6
31,95,45,6
32,26,6,6
33,21,36,6
34,53,7,6
35,38,13,6
36,51,90,6
37,64,28,6
38,26,57,6
39,52,98,6
40,61,23,6
41,44,14,6
42,92,4,6
43,62,63,6
44,29,6,6
45,56,36,6
46,97,85,6
47,14,61,6
48,52,30,6
49,84,68,6
50,11,44,6
51,47,57,6
52,34,82,6
53,80,52,6
54,5,28,6
55,70,79,6
56,6,48,6
57,92,98,6
58,82,50,6
59,62,77,6
60,97,18,6
61,96,4,6
62,82,15,6
63,74,89,6
64,75,10,6
65,83,72,6
66,81,8,6
67,50,9,6
68,63,61,6
69,88,59,6
70,13,87,6
71,11,34,6
72,13,15,6
73,25,88,6
74,99,19,6
75,89,73,6
76,96,59,6
77,13,92,6
78,85,15,6
79,80,37,6
80,33,24,6
81,60,40,6
82,92,2,6
1,22,90,7
2,75,85,7
3,71,20,7
4,28,66,7
5,36,86,7
6,27,46,7
7,59,61,7
8,56,79,7
9,51,17,7
10,60,8,7
11,64,52,7
12,24,5,7
13,85,87,7
14,33,20,7
15,40,75,7
16,13,9,7
17,72,85,7
18,80,50,7
19,2,21,7
20,30,51,7
21,71,97,7
22,44,34,7
23,76,31,7
24,11,94,7
25,72,35,7
26,47,73,7
27,5,17,7
28,67,47,7
29,84,8,7
30,65,9,7
31,95,44,7
32,26,7,7
33,20,35,7
34,53,6,7
35,37,14,7
36,52,89,7
37,65,27,7
38,26,57,7
39,52,99,7
40,60,23,7
41,43,14,7
42,93,5,7
43,63,62,7
44,28,6,7
45,57,35,7
46,96,84,7
47,15,62,7
48,53,31,7
49,84,69,7
50,10,43,7
51,47,56,7
52,35,83,7
53,79,52,7
54,6,27,7
55,70,78,7
56,7,47,7
57,93,98,7
58,83,50,7
59,62,77,7
60,97,17,7
61,96,3,7
62,82,16,7
63,75,90,7
64,75,10,7
65,83,71,7
66,81,9,7
67,50,9,7
68,64,60,7
69,89,58,7
70,14,88,7
71,12,33,7
72,14,14,7
73,25,87,7
74,99,19,7
75,89,74,7
76,97,58,7
77,14,93,7
78,84,14,7
79,80,36,7
80,34,23,7
81,61,40,7
82,91,2,7
1,22,89,8
2,75,85,8
3,72,20,8
4,28,67,8
5,36,85,8
6,28,47,8
7,58,60,8
8,57,78,8
9,50,17,8
10,59,7,8
11,65,53,8
12,23,6,8
13,84,87,8
14,34,19,8
15,40,76,8
16,13,9,8
17,72,86,8
18,81,49,8
19,1,22,8
20,30,51,8
21,72,98,8
22,43,33,8
23,77,31,8
24,12,95,8
25,73,34,8
26,47,73,8
27,5,17,8
28,66,47,8
29,83,8,8
30,66,8,8
31,96,45,8
32,26,6,8
33,20,35,8
34,54,6,8
35,36,14,8
36,52,90,8
37,66,28,8
38,25,56,8
39,51,98,8
40,59,22,8
41,43,14,8
42,92,4,8
43,63,63,8
44,28,7,8
45,58,35,8
46,95,83,8
47,15,63,8
48,54,32,8
49,85,68,8
50,11,44,8
51,46,56,8
52,36,82,8
53,80,52,8
54,6,27,8
55,69,79,8
56,6,46,8
57,93,98,8
58,84,50,8
59,62,78,8
60,97,18,8
61,96,2,8
62,81,17,8
63,76,91,8
64,76,10,8
65,83,70,8
66,82,8,8
67,51,10,8
68,65,61,8
69,89,57,8
70,13,87,8
71,11,33,8
72,13,13,8
73,26,87,8
74,99,19,8
75,88,74,8
76,98,57,8
77,15,94,8
78,84,15,8
79,79,37,8
80,35,23,8
81,61,41,8
82,91,1,8
1,22,89,9
2,74,84,9
3,73,19,9
4,28,66,9
5,37,86,9
6,29,46,9
7,59,59,9
8,58,78,9
9,50,18,9
10,59,7,9
11,64,54,9
12,23,5,9
13,85,86,9
14,35,19,9
15,40,76,9
16,12,10,9
17,72,85,9
18,81,50,9
19,0,23,9
20,29,51,9
21,71,97,9
22,42,33,9
23,76,30,9
24,11,95,9
25,74,34,9
26,48,72,9
27,6,17,9
28,66,47,9
29,83,8,9
30,67,9,9
31,97,44,9
32,27,6,9
33,19,35,9
34,53,5,9
35,35,13,9
36,53,89,9
37,65,28,9
38,26,57,9
39,50,99,9
40,59,23,9
41,44,14,9
42,92,3,9
43,62,64,9
44,29,7,9
45,58,36,9
46,96,83,9
47,14,64,9
48,53,33,9
49,84,67,9
50,10,43,9
51,46,57,9
52,37,83,9
53,79,52,9
54,5,28,9
55,68,80,9
56,7,46,9
57,92,97,9
58,84,51,9
59,61,77,9
60,96,19,9
61,97,1,9
62,81,18,9
63,76,90,9
64,75,10,9
65,82,69,9
66,82,9,9
67,51,11,9
68,64,62,9
69,90,58,9
70,14,88,9
71,11,33,9
72,13,12,9
73,27,86,9
74,98,20,9
75,88,75,9
76,99,56,9
77,14,95,9
78,85,16,9
79,79,38,9
80,35,22,9
81,61,40,9
82,90,2,9
1,22,90,10
2,73,84,10
3,73,18,10
4,27,65,10
5,38,86,10
6,29,47,10
7,60,59,10
8,59,79,10
9,50,19,10
10,58,8,10
11,65,55,10
12,23,6,10
13,86,85,10
14,36,19,10
15,39,75,10
16,13,11,10
17,73,86,10
18,82,49,10
19,1,22,10
20,28,52,10
21,70,97,10
22,43,32,10
23,77,31,10
24,10,96,10
25,75,33,10
26,49,71,10
27,6,17,10
28,67,47,10
29,83,8,10
30,67,10,10
31,97,45,10
32,27,6,10
33,19,34,10
34,53,6,10
35,36,12,10
36,54,90,10
37,64,27,10
38,26,56,10
39,51,99,10
40,60,22,10
41,44,14,10
42,91,2,10
43,61,64,10
44,30,7,10
45,59,36,10
46,95,83,10
47,15,64,10
48,53,33,10
49,83,67,10
50,11,44,10
51,47,57,10
52,38,83,10
53,79,53,10
54,5,29,10
55,68,79,10
56,7,46,10
57,93,98,10
58,84,51,10
59,62,77,10
60,97,18,10
61,97,0,10
62,80,17,10
63,77,90,10
64,76,10,10
65,82,69,10
66,81,10,10
67,52,10,10
68,65,62,10
69,89,59,10
70,13,88,10
71,10,34,10
72,13,13,10
73,27,87,10
74,97,20,10
75,87,74,10
76,98,56,10
77,13,96,10
78,84,16,10
79,78,38,10
80,35,22,10
81,62,41,10
82,92,3,10
1,22,89,11
2,72,83,11
3,74,17,11
4,26,65,11
5,38,85,11
6,28,47,11
7,61,60,11
8,58,80,11
9,50,19,11
10,57,9,11
11,65,54,11
12,23,6,11
13,86,84,11
14,37,18,11
15,39,74,11
16,14,10,11
17,74,86,11
18,82,50,11
19,1,23,11
20,29,52,11
21,70,97,11
22,44,32,11
23,78,31,11
24,10,97,11
25,75,33,11
26,49,70,11
27,7,18,11
28,66,48,11
29,82,9,11
30,68,11,11
31,96,46,11
32,27,6,11
33,20,34,11
34,54,5,11
35,36,11,11
36,54,90,11
37,65,27,11
38,27,55,11
39,52,98,11
40,60,22,11
41,44,14,11
42,90,1,11
43,61,65,11
44,30,6,11
45,58,35,11
46,95,83,11
47,15,65,11
48,53,33,11
49,82,68,11
50,10,45,11
51,46,58,11
52,37,82,11
53,80,54,11
54,6,28,11
55,68,79,11
56,8,45,11
57,92,99,11
58,85,51,11
59,63,78,11
60,97,19,11
61,98,0,11
62,79,16,11
63,78,91,11
64,76,11,11
65,83,69,11
66,81,10,11
67,52,9,11
68,66,61,11
69,90,59,11
70,12,89,11
71,11,34,11
72,13,13,11
73,26,88,11
74,97,21,11
75,88,75,11
76,99,56,11
77,12,97,11
78,85,16,11
79,79,38,11
80,36,23,11
81,63,40,11
82,91,4,11
1,21,89,12
2,71,82,12
3,74,17,12
4,25,65,12
5,37,86,12
6,27,47,12
7,60,60,12
8,58,81,12
9,49,18,12
10,57,10,12
11,65,54,12
12,24,6,12
13,87,84,12
14,38,19,12
15,40,74,12
16,13,11,12
17,73,87,12
18,81,51,12
19,2,24,12
20,28,53,12
21,70,98,12
22,45,32,12
23,79,31,12
24,11,97,12
25,76,32,12
26,50,71,12
27,7,17,12
28,65,49,12
29,81,9,12
30,67,12,12
31,95,46,12
32,26,6,12
33,21,35,12
34,55,6,12
35,37,10,12
36,53,90,12
37,66,26,12
38,27,54,12
39,52,97,12
40,60,22,12
41,44,14,12
42,90,2,12
43,60,64,12
44,30,6,12
45,59,34,12
46,94,84,12
47,15,66,12
48,54,34,12
49,81,68,12
50,10,44,12
51,47,58,12
52,38,81,12
53,81,53,12
54,7,27,12
55,69,79,12
56,8,46,12
57,92,99,12
58,84,50,12
59,63,78,12
60,98,20,12
61,97,1,12
62,79,16,12
63,79,90,12
64,75,11,12
65,82,70,12
66,82,11,12
67,53,8,12
68,65,62,12
69,90,58,12
70,12,88,12
71,12,33,12
72,12,14,12
73,27,87,12
74,97,22,12
75,87,75,12
76,99,56,12
77,11,96,12
78,84,17,12
79,79,38,12
80,37,23,12
81,64,39,12
82,92,3,12
1,21,90,13
2,71,83,13
3,74,16,13
4,24,64,13
5,38,85,13
6,26,48,13
7,61,60,13
8,57,82,13
9,48,18,13
10,58,11,13
11,66,53,13
12,23,6,13
13,87,83,13
14,38,19,13
15,39,74,13
16,14,12,13
17,72,87,13
18,80,51,13
19,1,23,13
20,29,54,13
21,69,97,13
22,45,32,13
23,78,31,13
24,10,97,13
25,76,31,13
26,50,72,13
27,7,18,13
28,66,49,13
29,80,10,13
30,67,13,13
31,96,45,13
32,26,5,13
33,20,34,13
34,54,5,13
35,36,9,13
36,53,91,13
37,65,26,13
38,27,54,13
39,53,98,13
40,59,23,13
41,43,15,13
42,90,1,13
43,59,64,13
44,30,7,13
45,59,33,13
46,93,84,13
47,15,65,13
48,55,33,13
49,82,69,13
50,9,44,13
51,47,57,13
52,38,81,13
53,80,53,13
54,7,28,13
55,69,78,13
56,7,46,13
57,91,99,13
58,85,50,13
59,62,78,13
60,97,20,13
61,96,2,13
62,79,17,13
63,78,91,13
64,76,11,13
65,82,70,13
66,82,11,13
67,54,8,13
68,64,61,13
69,90,59,13
70,13,87,13
71,12,32,13
72,11,15,13
73,28,86,13
74,97,21,13
75,86,74,13
76,99,56,13
77,11,97,13
78,83,17,13
79,80,38,13
80,36,22,13
81,64,40,13
82,92,4,13
1,20,89,14
2,71,82,14
3,74,17,14
4,24,64,14
5,37,85,14
6,25,49,14
7,60,60,14
8,56,82,14
9,49,19,14
10,58,12,14
11,66,52,14
12,23,6,14
13,86,83,14
14,38,18,14
15,39,75,14
16,15,11,14
17,72,86,14
18,79,51,14
19,1,22,14
20,30,53,14
21,70,97,14
22,46,33,14
23,77,31,14
24,9,96,14
25,76,32,14
26,50,73,14
27,8,18,14
28,65,48,14
29,80,11,14
30,66,12,14
31,96,46,14
32,25,6,14
33,20,33,14
34,53,5,14
35,35,9,14
36,54,92,14
37,64,26,14
38,28,54,14
39,54,99,14
40,59,22,14
41,43,15,14
42,89,0,14
43,59,65,14
44,30,7,14
45,60,34,14
46,94,84,14
47,16,64,14
48,54,33,14
49,82,68,14
50,9,44,14
51,46,57,14
52,39,81,14
53,80,52,14
54,8,29,14
55,70,77,14
56,6,46,14
57,91,99,14
58,85,50,14
59,63,77,14
60,98,19,14
61,95,1,14
62,80,16,14
63,79,91,14
64,76,10,14
65,81,69,14
66,83,10,14
67,54,7,14
68,65,61,14
69,89,58,14
70,13,88,14
71,12,33,14
72,11,16,14
73,29,85,14
74,97,21,14
75,86,75,14
76,99,55,14
77,10,97,14
78,84,16,14
79,80,38,14
80,35,22,14
81,65,39,14
82,91,4,14
1,19,89,15
2,72,82,15
3,74,17,15
4,23,63,15
5,38,85,15
6,24,50,15
7,60,61,15
8,56,81,15
9,49,18,15
10,59,13,15
11,65,52,15
12,23,6,15
13,86,84,15
14,39,17,15
15,39,76,15
16,16,10,15
17,72,87,15
18,79,52,15
19,0,21,15
20,30,53,15
21,71,98,15
22,47,33,15
23,76,33,15
24,9,95,15
25,77,33,15
26,50,72,15
27,7,18,15
28,64,48,15
29,80,11,15
30,67,11,15
31,95,46,15
32,24,5,15
33,20,33,15
34,54,5,15
35,34,9,15
36,53,92,15
37,65,27,15
38,29,53,15
39,54,98,15
40,58,23,15
41,44,15,15
42,89,1,15
43,58,64,15
44,29,6,15
45,59,35,15
46,95,83,15
47,15,64,15
48,53,33,15
49,82,69,15
50,8,44,15
51,47,58,15
52,38,80,15
53,81,53,15
54,7,29,15
55,71,78,15
56,6,47,15
57,90,98,15
58,85,50,15
59,62,78,15
60,97,19,15
61,95,2,15
62,79,16,15
63,79,92,15
64,76,10,15
65,82,68,15
66,83,9,15
67,54,6,15
68,65,60,15
69,90,59,15
70,13,89,15
71,11,34,15
72,11,17,15
73,28,84,15
74,97,21,15
75,86,76,15
76,98,55,15
77,11,97,15
78,84,17,15
79,79,39,15
80,35,21,15
81,65,38,15
82,92,3,15
1,19,88,16
2,73,83,16
3,73,18,16
4,23,64,16
5,38,86,16
6,23,51,16
7,59,60,16
8,57,80,16
9,50,18,16
10,59,14,16
11,66,51,16
12,22,7,16
13,85,85,16
14,38,18,16
15,38,75,16
16,16,10,16
17,72,87,16
18,79,52,16
19,0,22,16
20,29,54,16
21,70,99,16
22,46,33,16
23,76,34,16
24,8,94,16
25,77,35,16
26,50,73,16
27,6,18,16
28,65,48,16
29,79,10,16
30,67,10,16
31,95,46,16
32,25,5,16
33,19,34,16
34,54,4,16
35,34,10,16
36,52,92,16
37,65,27,16
38,28,52,16
39,54,98,16
40,57,23,16
41,44,15,16
42,89,1,16
43,57,65,16
44,30,7,16
45,58,35,16
46,96,83,16
47,16,65,16
48,52,32,16
49,83,69,16
50,9,43,16
51,47,59,16
52,37,81,16
53,81,52,16
54,6,30,16
55,72,77,16
56,5,46,16
57,90,98,16
58,86,49,16
59,61,77,16
60,98,18,16
61,95,2,16
62,80,17,16
63,79,92,16
64,75,11,16
65,83,67,16
66,84,9,16
67,54,6,16
68,64,61,16
69,91,59,16
70,13,88,16
71,12,33,16
72,10,18,16
73,29,84,16
74,96,20,16
75,87,77,16
76,99,55,16
77,12,97,16
78,84,16,16
79,78,39,16
80,35,20,16
81,64,39,16
82,92,3,16
1,19,88,17
2,74,84,17
3,73,19,17
4,24,63,17
5,39,87,17
6,23,51,17
7,58,60,17
8,58,81,17
9,51,18,17
10,60,14,17
11,66,51,17
12,21,8,17
13,84,84,17
14,38,17,17
15,38,76,17
16,17,11,17
17,73,87,17
18,79,53,17
19,0,23,17
20,30,53,17
21,69,99,17
22,47,33,17
23,75,35,17
24,8,95,17
25,76,35,17
26,50,73,17
27,6,18,17
28,66,47,17
29,78,10,17
30,67,11,17
31,96,45,17
32,25,6,17
33,20,34,17
34,55,4,17
35,35,11,17
36,52,91,17
37,65,27,17
38,27,52,17
39,53,99,17
40,58,23,17
41,44,14,17
42,90,0,17
43,58,65,17
44,29,8,17
45,59,35,17
46,96,84,17
47,17,64,17
48,53,32,17
49,84,69,17
50,9,43,17
51,48,60,17
52,38,81,17
53,80,52,17
54,5,30,17
55,72,78,17
56,5,46,17
57,90,99,17
58,87,50,17
59,61,77,17
60,97,17,17
61,96,1,17
62,80,17,17
63,79,93,17
64,74,10,17
65,82,67,17
66,84,10,17
67,55,5,17
68,65,60,17
69,91,58,17
70,12,87,17
71,11,33,17
72,10,19,17
73,30,84,17
74,96,19,17
75,87,78,17
76,98,56,17
77,12,97,17
78,85,15,17
79,78,39,17
80,36,19,17
81,65,38,17
82,92,4,17
1,20,88,18
2,73,83,18
3,72,20,18
4,24,62,18
5,40,86,18
6,23,50,18
7,57,59,18
8,59,81,18
9,51,17,18
10,59,14,18
11,65,52,18
12,20,8,18
13,85,85,18
14,38,16,18
15,38,77,18
16,18,12,18
17,73,86,18
18,78,52,18
19,0,23,18
20,29,52,18
21,68,98,18
22,48,34,18
23,76,36,18
24,9,95,18
25,77,36,18
26,50,74,18
27,6,17,18
28,66,46,18
29,78,9,18
30,68,10,18
31,96,45,18
32,25,7,18
33,20,33,18
34,56,3,18
35,34,12,18
36,52,92,18
37,66,28,18
38,26,53,18
39,53,98,18
40,58,24,18
41,43,13,18
42,91,0,18
43,59,64,18
44,29,9,18
45,58,36,18
46,96,83,18
47,18,63,18
48,53,32,18
49,85,69,18
50,8,42,18
51,48,59,18
52,39,81,18
53,80,53,18
54,5,31,18
55,71,78,18
56,6,46,18
57,90,98,18
58,86,51,18
59,61,78,18
60,97,17,18
61,95,0,18
62,79,17,18
63,80,94,18
64,75,10,18
65,81,68,18
66,84,11,18
67,56,4,18
68,64,60,18
69,90,58,18
70,12,87,18
71,11,33,18
72,9,20,18
73,30,85,18
74,96,20,18
75,87,77,18
76,99,57,18
77,13,97,18
78,86,15,18
79,78,38,18
80,37,20,18
81,64,39,18
82,92,3,18
1,20,89,19
2,73,82,19
3,71,21,19
4,23,62,19
5,41,85,19
6,24,51,19
7,58,59,19
8,58,82,19
9,51,17,19
10,60,15,19
11,64,53,19
12,20,8,19
13,85,85,19
14,39,15,19
15,38,77,19
16,17,13,19
17,74,86,19
18,78,51,19
19,0,23,19
20,29,53,19
21,69,97,19
22,48,33,19
23,75,37,19
24,10,95,19
25,76,35,19
26,49,75,19
27,6,18,19
28,66,47,19
29,78,10,19
30,67,10,19
31,97,46,19
32,25,6,19
33,19,32,19
34,57,3,19
35,34,13,19
36,52,92,19
37,66,29,19
38,26,53,19
39,52,98,19
40,57,25,19
41,42,13,19
42,91,1,19
43,58,63,19
44,29,10,19
45,59,35,19
46,96,84,19
47,18,64,19
48,53,32,19
49,84,70,19
50,7,43,19
51,49,60,19
52,38,82,19
53,79,52,19
54,6,30,19
55,72,77,19
56,7,46,19
57,89,97,19
58,85,50,19
59,61,77,19
60,96,18,19
61,94,0,19
62,79,16,19
63,79,94,19
64,76,9,19
65,82,68,19
66,84,10,19
67,57,4,19
68,64,61,19
69,90,59,19
70,11,87,19
71,10,34,19
72,10,20,19
73,29,86,19
74,96,19,19
75,87,76,19
76,98,58,19
77,14,98,19
78,85,15,19
79,77,38,19
80,37,21,19
81,63,39,19
82,93,4,19
1,20,88,20
2,73,83,20
3,71,20,20
4,24,61,20
5,42,86,20
6,25,50,20
7,58,60,20
8,58,82,20
9,52,17,20
10,59,14,20
11,63,53,20
12,20,9,20
13,84,86,20
14,39,14,20
15,39,77,20
16,16,13,20
17,74,87,20
18,78,52,20
19,1,23,20
20,29,52,20
21,70,98,20
22,47,32,20
23,75,37,20
24,9,96,20
25,75,36,20
26,49,74,20
27,7,18,20
28,67,46,20
29,78,11,20
30,67,10,20
31,97,45,20
32,24,5,20
33,19,31,20
34,56,4,20
35,33,14,20
36,51,92,20
37,66,30,20
38,27,54,20
39,51,99,20
40,57,24,20
41,41,14,20
42,92,0,20
43,58,62,20
44,29,10,20
45,58,36,20
46,95,84,20
47,18,64,20
48,53,33,20
49,85,71,20
50,7,44,20
51,49,60,20
52,37,83,20
53,78,51,20
54,6,31,20
55,72,78,20
56,6,47,20
57,90,98,20
58,85,51,20
59,61,76,20
60,96,18,20
61,93,0,20
62,79,17,20
63,80,93,20
64,76,9,20
65,82,69,20
66,85,10,20
67,56,3,20
68,64,60,20
69,89,60,20
70,11,88,20
71,10,33,20
72,11,19,20
73,29,86,20
74,96,19,20
75,87,76,20
76,98,59,20
77,14,99,20
78,85,14,20
79,76,37,20
80,38,20,20
81,64,39,20
82,92,5,20
1,20,87,21
2,74,82,21
3,70,21,21
4,25,62,21
5,43,87,21
6,24,49,21
7,59,60,21
8,59,81,21
9,51,18,21
10,60,13,21
11,63,53,21
12,20,10,21
13,83,86,21
14,38,14,21
15,39,77,21
16,15,12,21
17,74,86,21
18,79,52,21
19,2,22,21
20,30,52,21
21,70,98,21
22,48,32,21
23,76,38,21
24,9,97,21
25,74,36,21
26,50,73,21
27,6,19,21
28,66,46,21
29,78,11,21
30,66,11,21
31,98,44,21
32,25,6,21
33,19,32,21
34,55,3,21
35,32,13,21
36,52,91,21
37,66,30,21
38,28,54,21
39,50,98,21
40,58,24,21
41,40,14,21
42,92,1,21
43,57,63,21
44,28,9,21
45,57,35,21
46,96,85,21
47,18,63,21
48,53,33,21
49,85,71,21
50,8,43,21
51,48,60,21
52,38,84,21
53,77,51,21
54,6,32,21
55,71,79,21
56,5,47,21
57,90,97,21
58,86,52,21
59,62,76,21
60,97,17,21
61,92,0,21
62,79,17,21
63,81,94,21
64,75,9,21
65,82,68,21
66,86,9,21
67,56,4,21
68,64,61,21
69,88,59,21
70,10,88,21
71,9,34,21
72,10,19,21
73,29,86,21
74,97,19,21
75,87,76,21
76,97,58,21
77,13,98,21
78,85,13,21
79,75,37,21
80,39,19,21
81,64,40,21
82,92,5,21
1,20,88,22
2,75,81,22
3,70,20,22
4,25,61,22
5,42,87,22
6,24,49,22
7,60,61,22
8,60,82,22
9,50,18,22
10,61,12,22
11,63,52,22
12,19,10,22
13,82,87,22
14,38,13,22
15,39,76,22
16,16,11,22
17,74,86,22
18,80,52,22
19,2,23,22
20,30,53,22
21,70,97,22
22,47,33,22
23,77,39,22
24,10,98,22
25,73,37,22
26,50,74,22
27,6,19,22
28,67,45,22
29,77,12,22
30,65,11,22
31,97,45,22
32,26,5,22
33,19,31,22
34,54,4,22
35,32,12,22
36,52,92,22
37,66,30,22
38,27,55,22
39,49,99,22
40,58,23,22
41,39,13,22
42,91,0,22
43,58,64,22
44,28,8,22
45,57,35,22
46,96,84,22
47,18,64,22
48,52,32,22
49,85,72,22
50,8,43,22
51,47,60,22
52,38,83,22
53,78,51,22
54,6,32,22
55,71,79,22
56,4,46,22
57,89,97,22
58,86,52,22
59,62,77,22
60,98,16,22
61,90,0,22
62,78,18,22
63,82,95,22
64,74,8,22
65,83,67,22
66,86,10,22
67,56,4,22
68,64,60,22
69,88,59,22
70,10,87,22
71,9,33,22
72,9,20,22
73,30,85,22
74,97,20,22
75,88,75,22
76,98,58,22
77,14,99,22
78,85,13,22
79,76,36,22
80,40,20,22
81,64,41,22
82,92,6,22
1,21,88,23
2,75,82,23
3,71,21,23
4,24,60,23
5,43,87,23
6,24,50,23
7,60,61,23
8,60,82,23
9,49,18,23
10,60,12,23
11,64,51,23
12,19,11,23
13,82,87,23
14,38,13,23
15,39,76,23
16,15,10,23
17,73,86,23
18,81,52,23
19,1,24,23
20,29,54,23
21,70,98,23
22,48,32,23
23,76,40,23
24,10,99,23
25,74,37,23
26,51,75,23
27,5,20,23
28,66,46,23
29,77,13,23
30,65,12,23
31,98,45,23
32,26,5,23
33,18,31,23
34,55,5,23
35,32,13,23
36,53,91,23
37,65,31,23
38,27,56,23
39,48,98,23
40,57,24,23
41,39,13,23
42,92,0,23
43,57,64,23
44,29,9,23
45,56,34,23
46,97,83,23
47,17,65,23
48,51,31,23
49,85,71,23
50,8,42,23
51,47,61,23
52,39,82,23
53,79,50,23
54,5,31,23
55,71,79,23
56,4,46,23
57,88,96,23
58,85,52,23
59,62,77,23
60,97,17,23
61,91,0,23
62,79,18,23
63,81,96,23
64,74,8,23
65,83,68,23
66,87,11,23
67,55,3,23
68,65,61,23
69,88,60,23
70,10,88,23
71,9,32,23
72,10,19,23
73,31,86,23
74,98,19,23
75,88,75,23
76,99,58,23
77,14,98,23
78,84,12,23
79,77,36,23
80,41,20,23
81,64,41,23
82,92,6,23
1,20,87,24
2,75,82,24
3,71,22,24
4,24,60,24
5,43,88,24
6,24,49,24
7,61,60,24
8,60,81,24
9,49,17,24
10,61,11,24
11,63,51,24
12,18,10,24
13,81,88,24
14,39,14,24
15,40,75,24
16,15,9,24
17,73,85,24
18,80,53,24
19,2,25,24
20,29,55,24
21,71,98,24
22,47,31,24
23,77,41,24
24,10,99,24
25,75,38,24
26,52,75,24
27,6,20,24
28,67,46,24
29,76,14,24
30,66,13,24
31,97,45,24
32,26,4,24
33,19,32,24
34,54,4,24
35,31,13,24
36,52,90,24
37,65,30,24
38,27,57,24
39,47,97,24
40,58,23,24
41,40,13,24
42,92,0,24
43,56,64,24
44,28,10,24
45,57,34,24
46,96,82,24
47,16,64,24
48,52,30,24
49,86,72,24
50,7,42,24
51,48,61,24
52,39,82,24
53,79,50,24
54,5,31,24
55,72,80,24
56,3,46,24
57,87,96,24
58,85,51,24
59,62,78,24
60,98,17,24
61,91,0,24
62,79,18,24
63,82,96,24
64,74,8,24
65,82,69,24
66,87,10,24
67,54,2,24
68,66,61,24
69,87,59,24
70,11,88,24
71,10,33,24
72,9,19,24
73,30,85,24
74,97,19,24
75,87,74,24
76,99,59,24
77,14,98,24
78,84,12,24
79,78,37,24
80,41,21,24
81,64,40,24
82,93,6,24
1,19,86,25
2,75,83,25
3,71,21,25
4,23,59,25
5,44,87,25
6,23,50,25
7,62,61,25
8,60,81,25
9,50,17,25
10,60,11,25
11,63,52,25
12,18,11,25
13,81,88,25
14,40,12,25
15,41,76,25
16,15,10,25
17,72,84,25
18,81,54,25
19,3,24,25
20,30,54,25
21,72,97,25
22,48,31,25
23,78,40,25
24,11,99,25
25,76,38,25
26,53,75,25
27,7,21,25
28,68,47,25
29,77,15,25
30,67,14,25
31,96,44,25
32,27,5,25
33,18,33,25
34,55,4,25
35,31,14,25
36,51,89,25
37,65,29,25
38,27,57,25
39,48,98,25
40,58,23,25
41,41,12,25
42,92,0,25
43,55,65,25
44,28,10,25
45,58,35,25
46,95,83,25
47,16,63,25
48,51,31,25
49,87,71,25
50,7,41,25
51,48,61,25
52,38,81,25
53,78,49,25
54,4,31,25
55,73,80,25
56,3,45,25
57,87,96,25
58,86,52,25
59,63,79,25
60,99,16,25
61,91,0,25
62,78,17,25
63,83,96,25
64,74,7,25
65,82,70,25
66,86,11,25
67,53,2,25
68,65,60,25
69,86,59,25
70,12,88,25
71,11,34,25
72,10,20,25
73,30,84,25
74,97,20,25
75,88,73,25
76,98,58,25
77,15,97,25
78,85,11,25
79,78,36,25
80,42,21,25
81,64,41,25
82,94,7,25
1,19,85,26
2,75,82,26
3,72,22,26
4,24,60,26
5,45,86,26
6,24,49,26
7,61,62,26
8,60,81,26
9,51,16,26
10,61,10,26
11,62,51,26
12,17,10,26
13,82,88,26
14,39,12,26
15,41,76,26
16,14,9,26
17,71,83,26
18,80,53,26
19,2,23,26
20,31,54,26
21,71,98,26
22,48,31,26
23,79,41,26
24,11,99,26
25,75,38,26
26,52,75,26
27,8,21,26
28,67,47,26
29,76,14,26
30,67,14,26
31,96,45,26
32,26,6,26
33,18,34,26
34,54,3,26
35,32,13,26
36,51,88,26
37,66,30,26
38,28,56,26
39,47,98,26
40,58,22,26
41,42,12,26
42,91,1,26
43,56,64,26
44,29,10,26
45,59,36,26
46,96,83,26
47,15,62,26
48,50,31,26
49,87,72,26
50,6,42,26
51,48,61,26
52,39,80,26
53,79,49,26
54,5,31,26
55,74,79,26
56,2,45,26
57,87,96,26
58,87,53,26
59,64,80,26
60,98,16,26
61,92,0,26
62,79,16,26
63,84,96,26
64,75,6,26
65,83,70,26
66,86,12,26
67,54,2,26
68,64,59,26
69,87,59,26
70,11,87,26
71,12,33,26
72,9,19,26
73,29,84,26
74,97,21,26
75,87,73,26
76,99,58,26
77,14,96,26
78,84,11,26
79,79,35,26
80,41,22,26
81,65,42,26
82,94,7,26
1,18,85,27
2,75,81,27
3,72,22,27
4,24,61,27
5,45,86,27
6,25,50,27
7,61,61,27
8,61,81,27
9,50,15,27
10,62,10,27
11,63,50,27
12,16,9,27
13,83,88,27
14,39,12,27
15,42,76,27
16,15,9,27
17,71,83,27
18,80,54,27
19,1,24,27
20,30,54,27
21,71,98,27
22,49,31,27
23,80,42,27
24,11,99,27
25,74,37,27
26,51,74,27
27,8,21,27
28,68,48,27
29,77,14,27
30,66,15,27
31,97,44,27
32,26,5,27
33,19,34,27
34,53,4,27
35,32,12,27
36,50,89,27
37,67,29,27
38,27,57,27
39,46,97,27
40,59,23,27
41,41,12,27
42,92,1,27
43,56,64,27
44,28,10,27
45,59,35,27
46,97,84,27
47,16,61,27
48,49,32,27
49,88,72,27
50,7,43,27
51,48,60,27
52,38,79,27
53,78,48,27
54,5,30,27
55,75,79,27
56,2,45,27
57,88,97,27
58,86,54,27
59,65,79,27
60,97,17,27
61,92,0,27
62,78,15,27
63,84,97,27
64,74,7,27
65,82,70,27
66,86,12,27
67,55,3,27
68,64,60,27
69,88,59,27
70,10,86,27
71,13,33,27
72,9,20,27
73,29,84,27
74,97,20,27
75,88,73,27
76,99,59,27
77,14,96,27
78,83,10,27
79,79,36,27
80,42,21,27
81,65,41,27
82,93,6,27
1,19,86,28
2,75,81,28
3,72,21,28
4,23,60,28
5,44,87,28
6,24,49,28
7,61,62,28
8,62,80,28
9,50,15,28
10,63,10,28
11,63,51,28
12,15,8,28
13,82,87,28
14,39,12,28
15,41,77,28
16,16,9,28
17,72,84,28
18,80,54,28
19,1,24,28
20,30,54,28
21,70,99,28
22,48,32,28
23,79,43,28
24,12,98,28
25,73,38,28
26,52,73,28
27,7,22,28
28,67,47,28
29,78,14,28
30,67,16,28
31,97,45,28
32,26,4,28
33,19,33,28
34,53,4,28
35,33,11,28
36,51,89,28
37,67,30,28
38,28,56,28
39,47,96,28
40,60,22,28
41,41,11,28
42,91,1,28
43,57,64,28
44,29,10,28
45,58,34,28
46,98,85,28
47,17,60,28
48,49,32,28
49,88,72,28
50,7,44,28
51,48,59,28
52,37,79,28
53,77,49,28
54,4,31,28
55,75,78,28
56,1,46,28
57,89,97,28
58,87,53,28
59,64,78,28
60,96,16,28
61,92,1,28
62,78,15,28
63,83,97,28
64,74,8,28
65,83,70,28
66,87,13,28
67,55,4,28
68,65,59,28
69,88,59,28
70,9,86,28
71,12,34,28
72,10,19,28
73,28,84,28
74,96,19,28
75,87,71,28
76,99,60,28
77,13,97,28
78,84,10,28
79,80,35,28
80,43,21,28
81,65,41,28
82,93,5,28
1,18,87,29
2,74,80,29
3,72,20,29
4,23,59,29
5,44,87,29
6,23,48,29
7,61,62,29
8,62,81,29
9,49,15,29
10,63,10,29
11,64,52,29
12,15,8,29
13,81,88,29
14,38,13,29
15,40,78,29
16,16,10,29
17,73,84,29
18,80,55,29
19,2,23,29
20,29,53,29
21,71,98,29
22,47,31,29
23,78,42,29
24,14,97,29
25,72,37,29
26,52,72,29
27,7,23,29
28,66,46,29
29,78,14,29
30,67,16,29
31,98,46,29
32,26,5,29
33,20,33,29
34,54,4,29
35,33,10,29
36,52,90,29
37,68,29,29
38,28,57,29
39,46,96,29
40,61,23,29
41,42,12,29
42,92,0,29
43,56,65,29
44,29,11,29
45,57,35,29
46,99,85,29
47,18,60,29
48,48,32,29
49,87,72,29
50,7,43,29
51,49,59,29
52,37,79,29
53,76,48,29
54,4,31,29
55,76,78,29
56,0,46,29
57,90,97,29
58,87,52,29
59,65,78,29
60,97,16,29
61,91,1,29
62,79,15,29
63,84,97,29
64,74,7,29
65,84,70,29
66,87,14,29
67,55,4,29
68,65,58,29
69,88,58,29
70,9,85,29
71,13,34,29
72,11,19,29
73,29,85,29
74,95,20,29
75,88,71,29
76,98,59,29
77,12,98,29
78,83,9,29
79,80,34,29
80,44,22,29
81,65,42,29
82,92,6,29
1,17,88,30
2,75,81,30
3,73,20,30
4,24,59,30
5,43,87,30
6,22,49,30
7,61,61,30
8,61,80,30
9,48,16,30
10,62,10,30
11,64,51,30
12,16,9,30
13,82,88,30
14,39,13,30
15,39,79,30
16,17,9,30
17,73,85,30
18,80,56,30
19,3,24,30
20,28,54,30
21,72,97,30
22,46,30,30
23,77,43,30
24,14,98,30
25,71,36,30
26,51,71,30
27,8,24,30
28,66,45,30
29,78,14,30
30,67,16,30
31,99,46,30
32,26,6,30
33,21,34,30
34,55,5,30
35,34,11,30
36,53,91,30
37,68,29,30
38,29,58,30
39,45,96,30
40,62,23,30
41,41,12,30
42,93,1,30
43,56,64,30
44,30,12,30
45,57,36,30
46,99,85,30
47,17,61,30
48,47,32,30
49,88,73,30
50,8,42,30
51,48,60,30
52,38,80,30
53,77,49,30
54,3,32,30
55,75,79,30
56,1,45,30
57,89,96,30
58,88,53,30
59,65,79,30
60,96,17,30
61,92,2,30
62,79,14,30
63,85,96,30
64,75,7,30
65,84,69,30
66,88,13,30
67,55,3,30
68,65,59,30
69,88,59,30
70,9,86,30
71,14,34,30
72,12,19,30
73,29,85,30
74,96,20,30
75,89,71,30
76,99,58,30
77,12,97,30
78,83,9,30
79,80,34,30
80,43,23,30
81,66,41,30
82,92,6,30
1,17,87,31
2,74,80,31
3,72,19,31
4,23,58,31
5,44,88,31
6,22,48,31
7,61,62,31
8,61,79,31
9,49,15,31
10,61,10,31
11,65,50,31
12,18,8,31
13,83,88,31
14,38,13,31
15,40,80,31
16,17,8,31
17,73,86,31
18,81,55,31
19,2,23,31
20,27,55,31
21,71,96,31
22,46,31,31
23,76,44,31
24,13,97,31
25,71,36,31
26,51,72,31
27,8,25,31
28,66,44,31
29,79,13,31
30,68,17,31
31,98,46,31
32,26,6,31
33,21,34,31
34,56,6,31
35,34,11,31
36,52,91,31
37,67,29,31
38,28,59,31
39,44,96,31
40,61,24,31
41,41,11,31
42,94,1,31
43,56,65,31
44,30,12,31
45,56,35,31
46,99,84,31
47,17,61,31
48,47,31,31
49,89,74,31
50,9,41,31
51,49,59,31
52,37,81,31
53,77,50,31
54,2,32,31
55,76,79,31
56,0,45,31
57,88,95,31
58,88,54,31
59,64,80,31
60,97,18,31
61,92,1,31
62,79,15,31
63,85,95,31
64,76,8,31
65,84,68,31
66,87,13,31
67,54,4,31
68,65,59,31
69,89,59,31
70,10,85,31
71,15,35,31
72,13,20,31
73,29,84,31
74,97,19,31
75,89,72,31
76,98,58,31
77,11,96,31
78,82,9,31
79,81,34,31
80,44,22,31
81,67,40,31
82,93,7,31
1,17,86,32
2,74,79,32
3,71,18,32
4,24,59,32
5,44,88,32
6,21,48,32
7,62,61,32
8,60,79,32
9,49,14,32
10,62,10,32
11,65,50,32
12,19,9,32
13,83,87,32
14,38,13,32
15,40,80,32
16,17,8,32
17,72,85,32
18,81,54,32
19,2,22,32
20,26,54,32
21,71,95,32
22,47,30,32
23,76,45,32
24,12,96,32
25,71,36,32
26,52,73,32
27,8,26,32
28,65,43,32
29,79,14,32
30,67,18,32
31,98,47,32
32,27,7,32
33,20,35,32
34,55,6,32
35,35,10,32
36,53,91,32
37,68,30,32
38,29,58,32
39,45,96,32
40,62,23,32
41,41,10,32
42,94,0,32
43,55,65,32
44,31,12,32
45,57,36,32
46,99,84,32
47,18,60,32
48,47,32,32
49,89,73,32
50,10,40,32
51,49,60,32
52,38,81,32
53,76,50,32
54,3,32,32
55,76,78,32
56,0,44,32
57,88,96,32
58,89,54,32
59,65,80,32
60,98,18,32
61,91,2,32
62,78,14,32
63,84,96,32
64,75,7,32
65,84,67,32
66,86,13,32
67,55,5,32
68,65,60,32
69,88,60,32
70,9,84,32
71,15,35,32
72,13,20,32
73,30,84,32
74,96,19,32
75,89,71,32
76,99,59,32
77,10,95,32
78,81,8,32
79,81,33,32
80,45,22,32
81,66,40,32
82,94,6,32
1,16,85,33
2,75,80,33
3,71,18,33
4,24,59,33
5,44,89,33
6,20,49,33
7,61,62,33
8,60,79,33
9,48,14,33
10,61,11,33
11,66,49,33
12,19,9,33
13,84,87,33
14,37,14,33
15,41,79,33
16,18,7,33
17,73,85,33
18,81,54,33
19,2,22,33
20,25,55,33
21,72,96,33
22,47,30,33
23,76,46,33
24,11,96,33
25,72,35,33
26,51,74,33
27,8,26,33
28,65,44,33
29,79,14,33
30,66,18,33
31,99,47,33
32,28,6,33
33,19,36,33
34,56,5,33
35,34,9,33
36,52,91,33
37,67,29,33
38,28,57,33
39,44,96,33
40,63,22,33
41,41,11,33
42,95,0,33
43,54,66,33
44,30,13,33
45,58,35,33
46,99,84,33
47,18,60,33
48,48,32,33
49,90,73,33
50,9,40,33
51,48,59,33
52,37,82,33
53,76,49,33
54,3,31,33
55,76,77,33
56,0,43,33
57,87,95,33
58,89,53,33
59,64,80,33
60,97,19,33
61,90,1,33
62,77,13,33
63,83,95,33
64,75,6,33
65,85,67,33
66,85,12,33
67,55,5,33
68,65,61,33
69,88,60,33
70,9,84,33
71,15,35,33
72,12,21,33
73,30,84,33
74,95,19,33
75,89,70,33
76,99,58,33
77,10,96,33
78,80,9,33
79,82,32,33
80,46,22,33
81,67,41,33
82,93,6,33
1,17,85,34
2,76,81,34
3,72,17,34
4,24,60,34
5,44,90,34
6,19,50,34
7,60,63,34
8,61,79,34
9,49,13,34
10,60,10,34
11,67,50,34
12,18,8,34
13,84,88,34
14,38,14,34
15,41,78,34
16,19,7,34
17,74,86,34
18,80,55,34
19,1,21,34
20,25,54,34
21,71,97,34
22,48,30,34
23,76,45,34
24,11,95,34
25,73,35,34
26,51,75,34
27,8,27,34
28,64,44,34
29,79,14,34
30,67,17,34
31,99,47,34
32,29,7,34
33,19,36,34
34,57,6,34
35,34,9,34
36,52,92,34
37,68,30,34
38,27,56,34
39,45,97,34
40,63,23,34
41,42,10,34
42,94,1,34
43,54,67,34
44,31,13,34
45,57,34,34
46,99,85,34
47,19,59,34
48,49,31,34
49,91,74,34
50,10,39,34
51,49,58,34
52,37,83,34
53,75,49,34
54,4,30,34
55,77,78,34
56,0,42,34
57,88,94,34
58,88,52,34
59,64,79,34
60,98,20,34
61,90,2,34
62,77,13,34
63,84,95,34
64,75,7,34
65,84,68,34
66,84,11,34
67,55,4,34
68,64,62,34
69,88,61,34
70,10,85,34
71,16,34,34
72,13,21,34
73,29,83,34
74,94,19,34
75,88,69,34
76,99,59,34
77,9,97,34
78,81,8,34
79,81,32,34
80,47,22,34
81,66,41,34
82,93,6,34
1,16,86,35
2,75,82,35
3,72,16,35
4,24,59,35
5,44,90,35
6,20,49,35
7,59,62,35
8,62,78,35
9,48,14,35
10,60,9,35
11,68,50,35
12,18,8,35
13,84,89,35
14,38,14,35
15,40,78,35
16,20,6,35
17,74,86,35
18,81,55,35
19,1,20,35
20,25,54,35
21,72,96,35
22,47,31,35
23,77,46,35
24,11,94,35
25,73,34,35
26,51,75,35
27,8,28,35
28,64,43,35
29,79,13,35
30,67,18,35
31,98,47,35
32,28,6,35
33,20,36,35
34,58,6,35
35,34,8,35
36,52,92,35
37,69,31,35
38,28,57,35
39,46,97,35
40,62,22,35
41,43,11,35
42,95,2,35
43,55,67,35
44,31,14,35
45,56,35,35
46,99,85,35
47,19,58,35
48,50,30,35
49,92,74,35
50,9,38,35
51,50,59,35
52,38,83,35
53,76,48,35
54,5,30,35
55,78,79,35
56,1,42,35
57,89,93,35
58,87,51,35
59,65,80,35
60,97,21,35
61,89,1,35
62,76,14,35
63,83,95,35
64,75,6,35
65,84,68,35
66,85,10,35
67,55,3,35
68,64,62,35
69,89,60,35
70,9,84,35
71,17,33,35
72,12,21,35
73,28,82,35
74,93,18,35
75,87,69,35
76,98,58,35
77,8,97,35
78,81,9,35
79,80,33,35
80,46,22,35
81,65,40,35
82,93,7,35
1,15,85,36
2,75,82,36
3,73,16,36
4,25,60,36
5,44,91,36
6,21,49,36
7,60,63,36
8,63,77,36
9,47,15,36
10,59,8,36
11,69,49,36
12,17,9,36
13,83,88,36
14,38,15,36
15,41,77,36
16,19,6,36
17,73,87,36
18,81,54,36
19,0,21,36
20,25,55,36
21,72,97,36
22,48,31,36
23,78,45,36
24,10,94,36
25,73,33,36
26,51,74,36
27,9,27,36
28,64,43,36
29,80,14,36
30,67,18,36
31,97,46,36
32,27,5,36
33,20,36,36
34,59,5,36
35,33,9,36
36,51,93,36
37,68,32,36
38,29,56,36
39,47,98,36
40,61,23,36
41,43,11,36
42,95,1,36
43,54,67,36
44,32,14,36
45,57,35,36
46,98,84,36
47,18,59,36
48,50,31,36
49,92,75,36
50,8,37,36
51,51,58,36
52,37,82,36
53,76,47,36
54,6,29,36
55,79,80,36
56,1,43,36
57,88,94,36
58,88,51,36
59,65,80,36
60,98,20,36
61,88,1,36
62,75,13,36
63,82,96,36
64,75,6,36
65,84,68,36
66,86,11,36
67,54,3,36
68,64,62,36
69,88,60,36
70,10,85,36
71,17,32,36
72,12,22,36
73,27,82,36
74,94,18,36
75,87,69,36
76,97,58,36
77,7,97,36
78,81,9,36
79,79,33,36
80,47,21,36
81,65,40,36
82,93,6,36
1,16,85,37
2,76,82,37
3,73,16,37
4,25,61,37
5,45,92,37
6,20,50,37
7,59,62,37
8,63,77,37
9,47,14,37
10,59,8,37
11,68,49,37
12,18,8,37
13,83,87,37
14,38,15,37
15,42,76,37
16,19,5,37
17,72,87,37
18,82,54,37
19,1,21,37
20,25,55,37
21,71,96,37
22,47,30,37
23,78,45,37
24,10,94,37
25,74,32,37
26,50,75,37
27,10,26,37
28,65,44,37
29,80,14,37
30,68,18,37
31,96,47,37
32,27,6,37
33,20,37,37
34,59,5,37
35,32,9,37
36,51,94,37
37,68,32,37
38,29,57,37
39,48,98,37
40,61,24,37
41,42,11,37
42,94,0,37
43,54,66,37
44,33,15,37
45,58,36,37
46,97,84,37
47,17,60,37
48,51,32,37
49,93,75,37
50,8,37,37
51,52,58,37
52,36,83,37
53,75,46,37
54,6,29,37
55,78,79,37
56,1,44,37
57,89,94,37
58,88,50,37
59,65,80,37
60,97,20,37
61,89,0,37
62,75,12,37
63,83,95,37
64,75,7,37
65,84,67,37
66,85,10,37
67,55,4,37
68,65,61,37
69,87,61,37
70,9,86,37
71,18,31,37
72,11,23,37
73,26,83,37
74,94,18,37
75,87,70,37
76,97,59,37
77,7,98,37
78,82,10,37
79,78,32,37
80,47,21,37
81,66,41,37
82,92,7,37
1,15,86,38
2,75,82,38
3,73,16,38
4,24,62,38
5,46,93,38
6,21,49,38
7,58,62,38
8,64,76,38
9,46,15,38
10,58,8,38
11,69,50,38
12,19,9,38
13,83,87,38
14,37,15,38
15,41,76,38
16,20,4,38
17,71,86,38
18,82,54,38
19,1,20,38
20,26,56,38
21,71,95,38
22,46,30,38
23,78,45,38
24,9,94,38
25,73,32,38
26,49,76,38
27,11,26,38
28,64,43,38
29,80,15,38
30,69,19,38
31,95,48,38
32,27,7,38
33,20,38,38
34,58,6,38
35,31,8,38
36,50,95,38
37,69,31,38
38,28,56,38
39,47,99,38
40,62,23,38
41,41,11,38
42,93,1,38
43,54,65,38
44,32,15,38
45,59,37,38
46,98,84,38
47,17,60,38
48,51,32,38
49,92,76,38
50,7,37,38
51,52,58,38
52,36,84,38
53,74,46,38
54,7,30,38
55,77,79,38
56,2,45,38
57,90,94,38
58,89,49,38
59,65,80,38
60,98,21,38
61,90,0,38
62,74,11,38
63,82,94,38
64,75,8,38
65,84,66,38
66,86,11,38
67,56,5,38
68,64,61,38
69,87,61,38
70,8,86,38
71,18,32,38
72,12,23,38
73,27,82,38
74,93,17,38
75,87,69,38
76,98,59,38
77,6,98,38
78,82,9,38
79,77,31,38
80,48,20,38
81,65,42,38
82,91,7,38
1,15,85,39
2,75,81,39
3,72,17,39
4,25,61,39
5,45,92,39
6,21,48,39
7,59,62,39
8,65,77,39
9,46,15,39
10,59,8,39
11,68,50,39
12,20,9,39
13,84,86,39
14,36,15,39
15,42,77,39
16,20,3,39
17,72,85,39
18,81,55,39
19,2,21,39
20,27,55,39
21,70,95,39
22,46,29,39
23,77,46,39
24,9,94,39
25,73,32,39
26,48,76,39
27,12,27,39
28,63,43,39
29,81,15,39
30,69,18,39
31,96,47,39
32,26,8,39
33,19,38,39
34,59,6,39
35,32,8,39
36,51,96,39
37,69,32,39
38,28,55,39
39,47,98,39
40,61,22,39
41,42,10,39
42,93,2,39
43,54,66,39
44,33,16,39
45,58,36,39
46,98,84,39
47,16,59,39
48,52,32,39
49,93,76,39
50,8,38,39
51,53,59,39
52,35,84,39
53,74,47,39
54,6,29,39
55,76,79,39
56,3,44,39
57,90,93,39
58,90,49,39
59,66,81,39
60,97,22,39
61,89,1,39
62,73,12,39
63,82,94,39
64,76,8,39
65,83,66,39
66,86,11,39
67,57,5,39
68,64,61,39
69,87,61,39
70,7,86,39
71,17,33,39
72,13,22,39
73,26,83,39
74,94,18,39
75,86,69,39
76,97,59,39
77,6,99,39
78,83,9,39
79,78,31,39
80,47,21,39
81,65,42,39
82,90,6,39
1,15,86,40
2,74,80,40
3,72,17,40
4,26,61,40
5,46,92,40
6,20,48,40
7,58,62,40
8,65,76,40
9,46,15,40
10,59,8,40
11,69,51,40
12,19,9,40
13,85,86,40
14,35,16,40
15,41,76,40
16,20,2,40
17,72,85,40
18,82,56,40
19,2,21,40
20,26,56,40
21,71,94,40
22,47,28,40
23,76,47,40
24,8,93,40
25,73,33,40
26,48,75,40
27,11,27,40
28,62,43,40
29,80,16,40
30,70,19,40
31,95,47,40
32,27,8,40
33,18,37,40
34,59,7,40
35,32,7,40
36,52,97,40
37,69,31,40
38,27,55,40
39,48,99,40
40,62,23,40
41,42,10,40
42,94,1,40
43,55,65,40
44,33,17,40
45,59,37,40
46,98,84,40
47,17,59,40
48,53,32,40
49,93,76,40
50,9,38,40
51,52,58,40
52,36,85,40
53,75,48,40
54,5,30,40
55,75,79,40
56,2,44,40
57,90,94,40
58,91,48,40
59,66,82,40
60,98,23,40
61,90,2,40
62,73,13,40
63,81,94,40
64,76,7,40
65,83,66,40
66,87,11,40
67,57,4,40
68,65,62,40
69,88,60,40
70,7,87,40
71,17,34,40
72,13,21,40
73,26,82,40
74,93,18,40
75,86,70,40
76,97,58,40
77,6,98,40
78,84,10,40
79,78,30,40
80,48,20,40
81,65,43,40
82,89,6,40
1,14,86,41
2,73,79,41
3,71,16,41
4,26,61,41
5,46,91,41
6,19,47,41
7,57,61,41
8,65,77,41
9,47,16,41
10,60,7,41
11,70,52,41
12,19,10,41
13,85,85,41
14,34,17,41
15,40,75,41
16,21,3,41
17,71,86,41
18,81,55,41
19,1,21,41
20,25,55,41
21,71,95,41
22,46,29,41
23,77,47,41
24,8,93,41
25,72,32,41
26,48,74,41
27,12,28,41
28,61,42,41
29,80,16,41
30,69,20,41
31,95,46,41
32,28,7,41
33,19,36,41
34,60,8,41
35,31,6,41
36,52,96,41
37,70,32,41
38,26,56,41
39,48,98,41
40,63,23,41
41,41,10,41
42,95,1,41
43,54,66,41
44,33,16,41
45,60,38,41
46,99,83,41
47,18,60,41
48,52,31,41
49,94,76,41
50,10,37,41
51,52,57,41
52,36,84,41
53,74,48,41
54,4,29,41
55,75,78,41
56,3,43,41
57,90,95,41
58,90,48,41
59,66,83,41
60,98,22,41
61,89,1,41
62,72,12,41
63,80,93,41
64,75,7,41
65,83,67,41
66,86,12,41
67,57,5,41
68,65,61,41
69,88,61,41
70,6,88,41
71,18,34,41
72,12,21,41
73,27,82,41
74,94,19,41
75,85,71,41
76,98,57,41
77,7,98,41
78,83,10,41
79,77,29,41
80,48,21,41
81,65,44,41
82,90,7,41
1,14,85,42
2,74,80,42
3,71,16,42
4,26,62,42
5,47,92,42
6,20,48,42
7,57,60,42
8,65,77,42
9,46,17,42
10,59,8,42
11,69,52,42
12,20,11,42
13,86,85,42
14,33,15,42
15,41,74,42
16,21,4,42
17,71,87,42
18,80,56,42
19,2,20,42
20,24,54,42
21,72,95,42
22,47,30,42
23,76,47,42
24,7,94,42
25,72,33,42
26,49,74,42
27,12,27,42
28,60,43,42
29,80,16,42
30,68,20,42
31,96,47,42
32,28,6,42
33,18,35,42
34,60,9,42
35,30,6,42
36,53,97,42
37,69,32,42
38,27,57,42
39,47,99,42
40,64,22,42
41,41,11,42
42,96,1,42
43,53,65,42
44,33,16,42
45,60,38,42
46,98,82,42
47,19,60,42
48,51,31,42
49,93,77,42
50,10,38,42
51,52,57,42
52,36,84,42
53,74,49,42
54,5,29,42
55,76,78,42
56,3,44,42
57,90,95,42
58,89,47,42
59,66,82,42
60,99,23,42
61,89,2,42
62,73,12,42
63,81,94,42
64,75,8,42
65,83,66,42
66,87,12,42
67,57,5,42
68,65,61,42
69,89,62,42
70,5,87,42
71,19,36,42
72,11,21,42
73,28,81,42
74,93,20,42
75,84,72,42
76,97,58,42
77,7,97,42
78,83,11,42
79,76,30,42
80,47,20,42
81,64,45,42
82,90,6,42
1,13,85,43
2,75,79,43
3,70,17,43
4,26,61,43
5,46,93,43
6,19,48,43
7,57,61,43
8,66,76,43
9,45,17,43
10,59,8,43
11,69,51,43
12,21,11,43
13,87,85,43
14,32,16,43
15,40,74,43
16,21,3,43
17,71,88,43
18,79,55,43
19,1,20,43
20,24,53,43
21,72,94,43
22,48,29,43
23,76,47,43
24,8,95,43
25,73,33,43
26,50,74,43
27,11,28,43
28,59,42,43
29,80,15,43
30,68,20,43
31,97,46,43
32,28,5,43
33,17,36,43
34,59,7,43
35,29,7,43
36,53,98,43
37,70,33,43
38,26,57,43
39,48,98,43
40,64,21,43
41,41,12,43
42,97,0,43
43,52,64,43
44,31,17,43
45,60,37,43
46,97,81,43
47,20,60,43
48,51,30,43
49,93,77,43
50,9,38,43
51,53,57,43
52,35,83,43
53,73,48,43
54,6,29,43
55,74,80,43
56,3,44,43
57,90,96,43
58,89,46,43
59,65,82,43
60,99,24,43
61,90,1,43
62,74,11,43
63,81,95,43
64,76,9,43
65,84,65,43
66,86,12,43
67,56,6,43
68,65,62,43
69,90,61,43
70,4,87,43
71,20,36,43
72,11,21,43
73,28,81,43
74,94,20,43
75,84,73,43
76,97,57,43
77,8,97,43
78,84,11,43
79,77,30,43
80,47,21,43
81,65,44,43
82,89,7,43
1,12,85,44
2,76,79,44
3,70,17,44
4,27,62,44
5,45,94,44
6,19,49,44
7,56,62,44
8,67,76,44
9,46,17,44
10,58,6,44
11,70,50,44
12,21,12,44
13,86,85,44
14,30,16,44
15,39,73,44
16,22,3,44
17,72,88,44
18,80,55,44
19,2,19,44
20,24,53,44
21,73,93,44
22,48,29,44
23,77,46,44
24,7,94,44
25,73,32,44
26,51,74,44
27,12,27,44
28,59,41,44
29,80,16,44
30,67,21,44
31,97,46,44
32,27,6,44
33,16,36,44
34,60,7,44
35,29,8,44
36,53,99,44
37,71,34,44
38,25,58,44
39,48,97,44
40,64,22,44
41,40,13,44
42,97,0,44
43,51,64,44
44,30,18,44
45,60,37,44
46,98,82,44
47,20,59,44
48,50,30,44
49,94,77,44
50,8,37,44
51,54,58,44
52,36,82,44
53,73,47,44
54,5,28,44
55,74,79,44
56,2,44,44
57,90,96,44
58,89,46,44
59,65,81,44
60,98,25,44
61,91,1,44
62,75,11,44
63,81,96,44
64,75,10,44
65,83,65,44
66,85,13,44
67,55,5,44
68,64,62,44
69,91,60,44
70,5,86,44
71,21,35,44
72,11,21,44
73,29,81,44
74,95,21,44
75,83,74,44
76,97,56,44
77,7,98,44
78,84,11,44
79,76,31,44
80,47,20,44
81,66,44,44
82,89,7,44
1,13,86,45
2,76,79,45
3,71,17,45
4,27,63,45
5,44,93,45
6,18,48,45
7,56,63,45
8,68,77,45
9,47,18,45
10,59,7,45
11,70,51,45
12,22,13,45
13,86,86,45
14,29,17,45
15,40,73,45
16,23,2,45
17,73,88,45
18,79,56,45
19,3,20,45
20,25,54,45
21,73,92,45
22,47,29,45
23,78,47,45
24,8,94,45
25,72,31,45
26,52,74,45
27,13,26,45
28,59,42,45
29,79,17,45
30,66,20,45
31,98,46,45
32,28,6,45
33,17,36,45
34,60,6,45
35,30,7,45
36,52,98,45
37,71,35,45
38,24,59,45
39,49,98,45
40,65,21,45
41,40,13,45
42,98,0,45
43,50,65,45
44,28,17,45
45,60,36,45
46,97,83,45
47,19,58,45
48,49,30,45
49,93,77,45
50,7,36,45
51,53,57,45
52,36,81,45
53,73,46,45
54,4,29,45
55,75,80,45
56,1,43,45
57,90,95,45
58,90,47,45
59,65,80,45
60,97,24,45
61,92,1,45
62,74,12,45
63,81,96,45
64,74,11,45
65,84,66,45
66,85,12,45
67,56,4,45
68,63,62,45
69,92,61,45
70,6,86,45
71,21,35,45
72,12,22,45
73,28,82,45
74,96,20,45
75,83,74,45
76,97,55,45
77,8,99,45
78,83,12,45
79,76,32,45
80,47,20,45
81,67,45,45
82,90,8,45
1,13,86,46
2,77,78,46
3,71,18,46
4,27,64,46
5,44,92,46
6,19,49,46
7,56,64,46
8,68,77,46
9,47,18,46
10,58,6,46
11,71,52,46
12,23,14,46
13,87,87,46
14,29,18,46
15,39,73,46
16,24,2,46
17,72,87,46
18,80,55,46
19,3,20,46
20,25,54,46
21,73,91,46
22,47,29,46
23,78,48,46
24,9,95,46
25,73,31,46
26,51,73,46
27,14,27,46
28,58,42,46
29,78,16,46
30,66,21,46
31,97,47,46
32,28,7,46
33,16,36,46
34,61,7,46
35,29,6,46
36,51,99,46
37,71,35,46
38,23,58,46
39,49,98,46
40,66,20,46
41,41,12,46
42,98,0,46
43,49,66,46
44,29,17,46
45,61,37,46
46,96,84,46
47,19,59,46
48,50,29,46
49,93,76,46
50,8,36,46
51,54,58,46
52,35,81,46
53,73,45,46
54,4,29,46
55,74,81,46
56,0,42,46
57,89,95,46
58,91,46,46
59,64,81,46
60,97,24,46
61,91,2,46
62,73,13,46
63,81,97,46
64,74,10,46
65,83,65,46
66,84,11,46
67,55,3,46
68,63,61,46
69,93,60,46
70,7,87,46
71,20,34,46
72,13,22,46
73,27,82,46
74,96,19,46
75,82,75,46
76,97,56,46
77,9,98,46
78,82,12,46
79,75,33,46
80,48,19,46
81,67,44,46
82,89,9,46
1,12,85,47
2,78,78,47
3,71,19,47
4,28,63,47
5,43,91,47
6,18,48,47
7,55,65,47
8,67,78,47
9,47,18,47
10,57,7,47
11,72,52,47
12,22,14,47
13,88,88,47
14,28,16,47
15,40,72,47
16,25,1,47
17,71,86,47
18,81,56,47
19,3,19,47
20,25,55,47
21,72,92,47
22,47,29,47
23,79,48,47
24,8,94,47
25,73,32,47
26,52,74,47
27,14,28,47
28,57,43,47
29,79,15,47
30,67,21,47
31,96,48,47
32,28,8,47
33,15,37,47
34,61,7,47
35,30,7,47
36,50,99,47
37,71,34,47
38,24,59,47
39,49,97,47
40,66,19,47
41,42,13,47
42,98,0,47
43,48,65,47
44,28,17,47
45,60,36,47
46,95,83,47
47,20,60,47
48,51,29,47
49,92,76,47
50,7,35,47
51,54,58,47
52,36,82,47
53,74,46,47
54,3,28,47
55,73,81,47
56,0,42,47
57,89,94,47
58,90,45,47
59,64,80,47
60,97,24,47
61,90,3,47
62,74,14,47
63,81,96,47
64,74,9,47
65,83,66,47
66,85,11,47
67,54,4,47
68,64,61,47
69,92,59,47
70,6,88,47
71,19,35,47
72,14,23,47
73,26,82,47
74,97,19,47
75,83,74,47
76,97,56,47
77,8,97,47
78,83,13,47
79,76,34,47
80,48,18,47
81,67,43,47
82,88,8,47
1,13,84,48
2,78,77,48
3,72,18,48
4,29,64,48
5,43,92,48
6,19,49,48
7,56,66,48
8,68,78,48
9,47,17,48
10,58,7,48
11,71,51,48
12,22,15,48
13,87,89,48
14,29,17,48
15,41,72,48
16,25,0,48
17,72,87,48
18,82,57,48
19,3,18,48
20,24,54,48
21,71,93,48
22,48,30,48
23,78,48,48
24,9,95,48
25,72,31,48
26,52,73,48
27,14,29,48
28,56,44,48
29,80,14,48
30,68,20,48
31,96,49,48
32,29,8,48
33,15,37,48
34,61,8,48
35,30,7,48
36,51,99,48
37,70,35,48
38,24,60,48
39,49,97,48
40,66,19,48
41,42,12,48
42,98,0,48
43,49,65,48
44,28,18,48
45,59,36,48
46,96,83,48
47,21,59,48
48,50,30,48
49,91,75,48
50,6,36,48
51,53,58,48
52,35,83,48
53,74,45,48
54,3,29,48
55,74,82,48
56,0,41,48
57,90,94,48
58,91,44,48
59,65,81,48
60,98,24,48
61,89,3,48
62,75,13,48
63,80,95,48
64,75,8,48
65,84,66,48
66,85,12,48
67,53,4,48
68,65,60,48
69,92,59,48
70,7,87,48
71,18,35,48
72,13,24,48
73,25,82,48
74,96,19,48
75,82,73,48
76,97,56,48
77,9,98,48
78,84,14,48
79,75,33,48
80,48,17,48
81,66,44,48
82,89,8,48
1,12,83,49
2,79,76,49
3,72,18,49
4,30,65,49
5,44,92,49
6,20,48,49
7,56,67,49
8,67,79,49
9,47,17,49
10,58,6,49
11,70,51,49
12,23,16,49
13,88,88,49
14,30,18,49
15,41,71,49
16,24,1,49
17,71,87,49
18,83,58,49
19,2,18,49
20,25,53,49
21,72,94,49
22,49,31,49
23,77,49,49
24,9,96,49
25,72,30,49
26,51,72,49
27,15,30,49
28,57,45,49
29,79,14,49
30,69,19,49
31,97,48,49
32,30,8,49
33,14,36,49
34,62,7,49
35,29,6,49
36,51,98,49
37,69,35,49
38,23,59,49
39,49,97,49
40,67,19,49
41,42,12,49
42,98,0,49
43,49,64,49
44,29,19,49
45,60,35,49
46,95,83,49
47,22,58,49
48,49,30,49
49,91,75,49
50,6,36,49
51,53,59,49
52,34,83,49
53,73,44,49
54,4,28,49
55,73,81,49
56,1,42,49
57,90,94,49
58,92,45,49
59,65,82,49
60,97,23,49
61,89,4,49
62,74,13,49
63,81,94,49
64,74,9,49
65,85,67,49
66,84,12,49
67,52,3,49
68,64,60,49
69,93,58,49
70,6,86,49
71,19,35,49
72,12,23,49
73,24,83,49
74,97,19,49
75,81,74,49
76,97,56,49
77,10,98,49
78,83,14,49
79,74,32,49
80,46,17,49
81,65,43,49
82,88,7,49
1,13,84,50
2,79,77,50
3,73,17,50
4,31,66,50
5,43,91,50
6,20,49,50
7,55,67,50
8,66,78,50
9,47,18,50
10,57,6,50
11,69,52,50
12,24,16,50
13,88,87,50
14,29,17,50
15,41,71,50
16,25,1,50
17,70,88,50
18,83,58,50
19,1,18,50
20,25,52,50
21,73,93,50
22,50,30,50
23,77,50,50
24,9,96,50
25,71,31,50
26,51,71,50
27,15,31,50
28,58,44,50
29,79,14,50
30,69,19,50
31,97,49,50
32,30,7,50
33,13,36,50
34,63,7,50
35,30,5,50
36,50,98,50
37,68,36,50
38,24,60,50
39,51,97,50
40,68,18,50
41,41,13,50
42,99,1,50
43,48,64,50
44,28,18,50
45,61,34,50
46,94,83,50
47,22,59,50
48,49,31,50
49,90,76,50
50,6,35,50
51,53,59,50
52,33,84,50
53,72,44,50
54,3,28,50
55,72,80,50
56,0,43,50
57,89,93,50
58,93,44,50
59,65,83,50
60,98,24,50
61,88,4,50
62,73,14,50
63,81,95,50
64,73,8,50
65,84,67,50
66,85,11,50
67,51,2,50
68,63,59,50
69,94,58,50
70,5,85,50
71,20,36,50
72,11,24,50
73,25,83,50
74,97,18,50
75,81,74,50
76,98,56,50
77,10,97,50
78,84,15,50
79,75,33,50
80,45,16,50
81,66,44,50
82,88,6,50
1,13,83,51
2,79,78,51
3,74,18,51
4,30,67,51
5,43,90,51
6,19,49,51
7,55,68,51
8,65,79,51
9,46,19,51
10,56,6,51
11,69,52,51
12,25,17,51
13,87,87,51
14,29,18,51
15,40,71,51
16,24,2,51
17,70,88,51
18,83,58,51
19,0,19,51
20,25,51,51
21,73,92,51
22,51,29,51
23,78,49,51
24,9,95,51
25,72,31,51
26,52,71,51
27,15,31,51
28,59,45,51
29,79,13,51
30,70,20,51
31,98,49,51
32,30,6,51
33,12,37,51
34,62,8,51
35,29,4,51
36,51,99,51
37,68,37,51
38,23,60,51
39,51,96,51
40,67,17,51
41,40,13,51
42,98,1,51
43,49,64,51
44,27,17,51
45,61,34,51
46,93,84,51
47,24,61,51
48,49,30,51
49,91,77,51
50,5,36,51
51,54,60,51
52,33,83,51
53,73,43,51
54,3,28,51
55,72,79,51
56,1,43,51
57,89,93,51
58,94,45,51
59,65,84,51
60,99,24,51
61,87,5,51
62,74,13,51
63,80,96,51
64,73,9,51
65,84,66,51
66,84,10,51
67,50,1,51
68,63,60,51
69,93,58,51
70,4,84,51
71,20,37,51
72,11,23,51
73,25,83,51
74,96,17,51
75,81,75,51
76,98,56,51
77,10,98,51
78,84,16,51
79,76,32,51
80,45,17,51
81,65,43,51
82,88,5,51
1,13,82,52
2,80,79,52
3,74,18,52
4,31,68,52
5,42,89,52
6,20,50,52
7,55,69,52
8,66,79,52
9,45,18,52
10,56,6,52
11,70,51,52
12,25,17,52
13,87,87,52
14,28,17,52
15,41,72,52
16,23,1,52
17,71,87,52
18,84,59,52
19,1,18,52
20,26,52,52
21,73,91,52
22,51,29,52
23,79,50,52
24,9,95,52
25,71,30,52
26,51,70,52
27,14,30,52
28,58,44,52
29,78,12,52
30,70,19,52
31,99,50,52
32,30,6,52
33,12,36,52
34,63,8,52
35,29,5,52
36,50,99,52
37,69,36,52
38,23,59,52
39,52,96,52
40,66,16,52
41,39,13,52
42,98,1,52
43,50,65,52
44,27,18,52
45,60,35,52
46,92,84,52
47,24,60,52
48,48,29,52
49,90,77,52
50,4,35,52
51,55,61,52
52,34,83,52
53,73,42,52
54,3,29,52
55,73,79,52
56,1,43,52
57,89,92,52
58,95,44,52
59,65,84,52
60,99,25,52
61,88,4,52
62,73,14,52
63,79,96,52
64,73,9,52
65,85,65,52
66,84,10,52
67,49,1,52
68,64,61,52
69,93,59,52
70,4,84,52
71,19,36,52
72,11,23,52
73,26,82,52
74,95,18,52
75,81,75,52
76,98,55,52
77,11,99,52
78,84,16,52
79,75,33,52
80,45,17,52
81,66,44,52
82,88,5,52
1,14,81,53
2,81,79,53
3,75,17,53
4,32,67,53
5,41,89,53
6,21,50,53
7,56,68,53
8,65,80,53
9,44,19,53
10,56,6,53
11,71,52,53
12,26,17,53
13,88,87,53
14,28,18,53
15,41,71,53
16,22,1,53
17,72,87,53
18,84,58,53
19,1,19,53
20,25,53,53
21,72,90,53
22,50,30,53
23,79,51,53
24,8,96,53
25,71,31,53
26,50,69,53
27,15,30,53
28,59,44,53
29,79,11,53
30,71,18,53
31,98,51,53
32,31,6,53
33,12,35,53
34,63,8,53
35,30,6,53
36,51,98,53
37,69,36,53
38,23,60,53
39,53,97,53
40,67,15,53
41,40,13,53
42,98,1,53
43,51,64,53
44,28,19,53
45,59,36,53
46,93,84,53
47,22,61,53
48,48,29,53
49,89,77,53
50,5,35,53
51,56,60,53
52,33,84,53
53,74,42,53
54,4,29,53
55,74,80,53
56,0,42,53
57,89,93,53
58,94,45,53
59,65,84,53
60,98,24,53
61,89,5,53
62,74,13,53
63,79,95,53
64,74,9,53
65,86,64,53
66,84,9,53
67,50,2,53
68,63,61,53
69,93,60,53
70,5,84,53
71,19,36,53
72,11,22,53
73,27,81,53
74,95,18,53
75,82,76,53
76,99,55,53
77,12,98,53
78,84,17,53
79,74,34,53
80,45,17,53
81,66,43,53
82,88,6,53
1,14,81,54
2,80,78,54
3,75,18,54
4,31,68,54
5,41,89,54
6,20,49,54
7,57,67,54
8,65,79,54
9,45,19,54
10,56,5,54
11,70,52,54
12,25,17,54
13,89,86,54
14,28,18,54
15,40,71,54
16,22,1,54
17,73,88,54
18,85,58,54
19,0,19,54
20,25,53,54
21,71,91,54
22,50,31,54
23,80,50,54
24,9,95,54
25,70,31,54
26,49,70,54
27,14,29,54
28,60,45,54
29,79,12,54
30,70,19,54
31,97,51,54
32,32,7,54
33,11,34,54
34,62,9,54
35,29,6,54
36,50,99,54
37,69,36,54
38,21,62,54
39,54,96,54
40,66,14,54
41,39,12,54
42,99,1,54
43,52,64,54
44,29,18,54
45,58,37,54
46,92,83,54
47,23,60,54
48,49,29,54
49,89,76,54
50,6,35,54
51,57,60,54
52,33,84,54
53,74,43,54
54,3,29,54
55,73,80,54
56,0,42,54
57,90,92,54
58,93,44,54
59,66,84,54
60,97,24,54
61,89,5,54
62,75,12,54
63,78,95,54
64,74,9,54
65,87,64,54
66,84,10,54
67,49,2,54
68,62,61,54
69,94,59,54
70,5,83,54
71,20,36,54
72,12,22,54
73,28,82,54
74,96,18,54
75,82,76,54
76,99,55,54
77,12,97,54
78,83,18,54
79,73,34,54
80,46,18,54
81,67,43,54
82,90,4,54
1,15,82,55
2,80,77,55
3,76,18,55
4,31,68,55
5,40,90,55
6,21,49,55
7,56,67,55
8,65,80,55
9,46,20,55
10,57,6,55
11,71,51,55
12,25,18,55
13,88,86,55
14,29,19,55
15,41,71,55
16,21,2,55
17,73,89,55
18,85,58,55
19,1,18,55
20,25,52,55
21,72,92,55
22,50,32,55
23,81,49,55
24,8,95,55
25,71,32,55
26,50,70,55
27,13,28,55
28,59,45,55
29,78,13,55
30,71,20,55
31,96,52,55
32,32,8,55
33,11,33,55
34,62,9,55
35,29,6,55
36,50,98,55
37,70,35,55
38,22,62,55
39,53,95,55
40,66,15,55
41,38,11,55
42,98,2,55
43,51,63,55
44,28,18,55
45,57,36,55
46,91,83,55
47,23,59,55
48,48,30,55
49,90,75,55
50,6,35,55
51,56,61,55
52,32,83,55
53,73,43,55
54,4,30,55
55,73,81,55
56,0,42,55
57,91,93,55
58,92,43,55
59,67,85,55
60,98,24,55
61,90,6,55
62,74,11,55
63,77,95,55
64,73,10,55
65,86,63,55
66,84,10,55
67,49,2,55
68,63,62,55
69,94,59,55
70,5,84,55
71,21,35,55
72,13,21,55
73,28,82,55
74,95,18,55
75,81,76,55
76,98,54,55
77,12,96,55
78,84,19,55
79,72,33,55
80,46,19,55
81,68,43,55
82,91,3,55
1,16,82,56
2,82,76,56
3,77,18,56
4,30,68,56
5,41,90,56
6,21,50,56
7,57,68,56
8,66,81,56
9,46,20,56
10,58,6,56
11,71,52,56
12,26,17,56
13,88,87,56
14,28,19,56
15,40,71,56
16,21,2,56
17,72,90,56
18,84,58,56
19,1,19,56
20,24,51,56
21,72,93,56
22,49,31,56
23,82,48,56
24,7,94,56
25,71,32,56
26,50,70,56
27,14,29,56
28,58,46,56
29,78,13,56
30,71,19,56
31,97,53,56
32,32,7,56
33,10,33,56
34,61,9,56
35,29,6,56
36,51,99,56
37,69,36,56
38,23,61,56
39,53,94,56
40,65,14,56
41,38,12,56
42,97,1,56
43,50,63,56
44,27,17,56
45,56,35,56
46,90,84,56
47,24,58,56
48,48,29,56
49,90,76,56
50,5,34,56
51,57,60,56
52,33,83,56
53,74,43,56
54,5,30,56
55,72,80,56
56,1,42,56
57,90,93,56
58,93,44,56
59,67,84,56
60,99,23,56
61,90,6,56
62,74,10,56
63,78,94,56
64,74,9,56
65,86,63,56
66,83,10,56
67,48,2,56
68,62,63,56
69,95,59,56
70,5,83,56
71,21,35,56
72,14,20,56
73,29,81,56
74,96,17,56
75,80,77,56
76,98,55,56
77,13,97,56
78,84,18,56
79,73,34,56
80,47,21,56
81,68,42,56
82,92,3,56
1,16,82,57
2,83,76,57
3,78,19,57
4,30,68,57
5,41,91,57
6,21,49,57
7,58,69,57
8,67,80,57
9,45,21,57
10,59,7,57
11,70,53,57
12,26,16,57
13,87,88,57
14,27,19,57
15,39,70,57
16,22,3,57
17,73,90,57
18,83,57,57
19,0,18,57
20,24,51,57
21,71,92,57
22,49,31,57
23,83,47,57
24,7,94,57
25,71,33,57
26,51,71,57
27,14,29,57
28,59,46,57
29,79,13,57
30,72,20,57
31,97,53,57
32,31,8,57
33,9,32,57
34,62,10,57
35,30,5,57
36,52,99,57
37,69,35,57
38,23,60,57
39,54,94,57
40,64,15,57
41,37,13,57
42,97,1,57
43,51,64,57
44,28,16,57
45,56,34,57
46,90,84,57
47,25,57,57
48,49,29,57
49,89,76,57
50,6,35,57
51,56,59,57
52,34,83,57
53,73,42,57
54,4,30,57
55,73,79,57
56,0,43,57
57,89,92,57
58,93,43,57
59,68,83,57
60,99,23,57
61,90,6,57
62,75,11,57
63,78,95,57
64,74,10,57
65,85,64,57
66,82,9,57
67,49,1,57
68,63,62,57
69,95,60,57
70,4,82,57
71,22,36,57
72,14,19,57
73,29,82,57
74,96,17,57
75,79,76,57
76,98,55,57
77,14,96,57
78,84,18,57
79,74,34,57
80,47,21,57
81,68,43,57
82,92,4,57
1,16,82,58
2,84,75,58
3,79,20,58
4,30,69,58
5,40,90,58
6,22,48,58
7,58,70,58
8,68,80,58
9,46,21,58
10,59,7,58
11,71,54,58
12,26,16,58
13,88,89,58
14,28,18,58
15,39,69,58
16,23,2,58
17,72,91,58
18,83,58,58
19,0,19,58
20,23,52,58
21,71,91,58
22,49,30,58
23,82,46,58
24,8,95,58
25,71,32,58
26,50,72,58
27,14,30,58
28,58,47,58
29,78,12,58
30,72,19,58
31,97,53,58
32,32,9,58
33,10,32,58
34,61,11,58
35,31,6,58
36,53,99,58
37,70,34,58
38,22,59,58
39,55,95,58
40,64,15,58
41,36,13,58
42,97,2,58
43,50,65,58
44,29,15,58
45,57,33,58
46,90,85,58
47,24,56,58
48,49,29,58
49,88,75,58
50,7,34,58
51,56,58,58
52,33,83,58
53,72,42,58
54,4,29,58
55,73,79,58
56,1,42,58
57,88,91,58
58,92,43,58
59,69,82,58
60,98,23,58
61,89,6,58
62,75,11,58
63,78,95,58
64,74,10,58
65,85,64,58
66,81,10,58
67,50,2,58
68,64,63,58
69,95,59,58
70,3,83,58
71,22,35,58
72,13,20,58
73,30,83,58
74,97,18,58
75,78,77,58
76,99,54,58
77,15,97,58
78,85,17,58
79,74,33,58
80,47,22,58
81,69,44,58
82,92,5,58
1,16,83,59
2,85,76,59
3,78,21,59
4,30,69,59
5,41,89,59
6,22,49,59
7,57,71,59
8,68,81,59
9,45,21,59
10,59,8,59
11,71,55,59
12,27,17,59
13,89,89,59
14,27,18,59
15,39,70,59
16,23,2,59
17,73,90,59
18,82,57,59
19,0,19,59
20,24,52,59
21,71,92,59
22,48,30,59
23,83,46,59
24,7,95,59
25,72,33,59
26,50,71,59
27,15,31,59
28,58,48,59
29,78,12,59
30,73,18,59
31,98,54,59
32,32,9,59
33,11,31,59
34,62,11,59
35,31,6,59
36,53,99,59
37,70,34,59
38,22,58,59
39,55,96,59
40,63,16,59
41,35,14,59
42,98,2,59
43,49,64,59
44,30,16,59
45,58,33,59
46,89,85,59
47,25,55,59
48,49,30,59
49,88,74,59
50,6,34,59
51,56,59,59
52,33,82,59
53,71,41,59
54,5,30,59
55,74,79,59
56,1,43,59
57,89,92,59
58,93,42,59
59,69,82,59
60,99,23,59
61,90,6,59
62,76,10,59
63,78,94,59
64,74,10,59
65,84,65,59
66,80,10,59
67,49,3,59
68,63,63,59
69,95,59,59
70,3,83,59
71,21,36,59
72,13,21,59
73,29,82,59
74,98,18,59
75,79,77,59
76,98,55,59
77,15,98,59
78,85,18,59
79,73,34,59
80,46,23,59
81,69,43,59
82,92,5,59
1,17,84,60
2,84,76,60
3,79,20,60
4,30,68,60
5,42,90,60
6,22,49,60
7,58,72,60
8,70,82,60
9,46,22,60
10,58,8,60
11,71,54,60
12,26,16,60
13,89,88,60
14,26,18,60
15,38,70,60
16,24,2,60
17,73,89,60
18,82,58,60
19,1,20,60
20,25,52,60
21,71,92,60
22,48,30,60
23,82,47,60
24,8,96,60
25,72,33,60
26,51,70,60
27,16,31,60
28,59,48,60
29,78,13,60
30,72,18,60
31,99,53,60
32,33,10,60
33,11,32,60
34,63,12,60
35,31,5,60
36,53,99,60
37,70,33,60
38,22,59,60
39,55,95,60
40,62,17,60
41,35,14,60
42,97,3,60
43,49,65,60
44,29,15,60
45,59,33,60
46,88,84,60
47,24,56,60
48,50,31,60
49,89,73,60
50,6,34,60
51,57,60,60
52,34,82,60
53,71,41,60
54,6,30,60
55,74,78,60
56,2,44,60
57,89,93,60
58,93,41,60
59,69,81,60
60,98,22,60
61,91,6,60
62,75,9,60
63,79,95,60
64,74,11,60
65,85,65,60
66,81,11,60
67,48,2,60
68,62,62,60
69,95,60,60
70,4,84,60
71,20,35,60
72,14,22,60
73,30,81,60
74,98,19,60
75,80,76,60
76,98,55,60
77,16,97,60
78,85,19,60
79,72,34,60
80,45,24,60
81,68,44,60
82,91,5,60
1,16,84,61
2,83,75,61
3,80,20,61
4,30,68,61
5,41,91,61
6,21,49,61
7,59,72,61
8,70,82,61
9,47,22,61
10,59,7,61
11,71,53,61
12,25,16,61
13,89,87,61
14,26,19,61
15,39,71,61
16,23,2,61
17,74,89,61
18,82,57,61
19,0,21,61
20,25,53,61
21,71,92,61
22,48,31,61
23,82,48,61
24,7,95,61
25,71,34,61
26,50,71,61
27,15,32,61
28,58,47,61
29,79,12,61
30,73,17,61
31,99,53,61
32,34,10,61
33,12,33,61
34,62,13,61
35,32,6,61
36,54,99,61
37,71,32,61
38,22,60,61
39,56,96,61
40,62,16,61
41,34,13,61
42,98,3,61
43,49,64,61
44,30,16,61
45,60,33,61
46,88,84,61
47,24,56,61
48,50,30,61
49,90,74,61
50,6,34,61
51,56,59,61
52,34,82,61
53,71,40,61
54,6,30,61
55,74,79,61
56,1,45,61
57,88,93,61
58,94,40,61
59,69,82,61
60,99,23,61
61,92,6,61
62,74,9,61
63,79,94,61
64,73,10,61
65,86,65,61
66,82,10,61
67,47,2,61
68,62,63,61
69,96,59,61
70,5,83,61
71,20,35,61
72,14,21,61
73,30,82,61
74,99,18,61
75,80,77,61
76,97,54,61
77,16,96,61
78,86,19,61
79,73,33,61
80,44,23,61
81,68,45,61
82,90,4,61
1,16,83,62
2,83,76,62
3,80,19,62
4,30,67,62
5,42,90,62
6,20,48,62
7,59,73,62
8,70,83,62
9,48,22,62
10,58,8,62
11,71,54,62
12,24,17,62
13,90,87,62
14,25,18,62
15,38,72,62
16,24,2,62
17,74,90,62
18,81,57,62
19,1,21,62
20,24,54,62
21,72,93,62
22,49,30,62
23,81,48,62
24,6,96,62
25,71,35,62
26,49,71,62
27,15,31,62
28,57,47,62
29,79,13,62
30,74,18,62
31,99,52,62
32,33,9,62
33,12,34,62
34,61,12,62
35,32,6,62
36,54,99,62
37,71,32,62
38,23,59,62
39,56,95,62
40,63,17,62
41,35,12,62
42,98,3,62
43,50,63,62
44,30,15,62
45,61,34,62
46,87,85,62
47,23,55,62
48,50,30,62
49,90,73,62
50,6,33,62
51,57,60,62
52,35,83,62
53,72,40,62
54,7,31,62
55,75,80,62
56,2,44,62
57,87,94,62
58,94,41,62
59,68,82,62
60,99,22,62
61,91,6,62
62,75,9,62
63,80,95,62
64,74,10,62
65,86,66,62
66,83,10,62
67,47,3,62
68,63,64,62
69,95,60,62
70,5,83,62
71,20,36,62
72,14,22,62
73,29,81,62
74,99,17,62
75,81,77,62
76,98,53,62
77,17,97,62
78,87,20,62
79,74,33,62
80,45,23,62
81,67,46,62
82,90,4,62
1,17,82,63
2,82,77,63
3,79,18,63
4,30,68,63
5,42,89,63
6,21,49,63
7,60,73,63
8,71,83,63
9,49,22,63
10,57,9,63
11,72,55,63
12,24,18,63
13,89,88,63
14,25,19,63
15,37,73,63
16,24,3,63
17,73,91,63
18,80,58,63
19,1,20,63
20,23,54,63
21,73,94,63
22,49,30,63
23,80,47,63
24,5,96,63
25,72,35,63
26,50,72,63
27,16,31,63
28,56,48,63
29,80,12,63
30,75,18,63
31,98,52,63
32,34,8,63
33,13,35,63
34,62,12,63
35,32,5,63
36,53,99,63
37,71,31,63
38,23,59,63
39,57,95,63
40,62,18,63
41,36,12,63
42,97,2,63
43,51,62,63
44,31,14,63
45,60,35,63
46,87,84,63
47,23,56,63
48,49,31,63
49,91,73,63
50,7,32,63
51,56,61,63
52,35,83,63
53,71,40,63
54,7,31,63
55,74,80,63
56,2,43,63
57,87,95,63
58,93,40,63
59,67,81,63
60,98,23,63
61,91,5,63
62,76,10,63
63,80,95,63
64,73,11,63
65,85,65,63
66,83,9,63
67,47,2,63
68,63,64,63
69,95,61,63
70,4,84,63
71,19,35,63
72,14,23,63
73,29,81,63
74,99,18,63
75,81,78,63
76,97,52,63
77,17,96,63
78,88,19,63
79,75,34,63
80,44,24,63
81,66,46,63
82,91,4,63
1,16,81,64
2,83,77,64
3,80,19,64
4,31,68,64
5,41,90,64
6,20,48,64
7,59,72,64
8,71,84,64
9,50,22,64
10,57,8,64
11,71,54,64
12,25,18,64
13,90,88,64
14,25,20,64
15,38,74,64
16,23,2,64
17,73,91,64
18,81,58,64
19,2,19,64
20,24,54,64
21,72,95,64
22,48,30,64
23,81,46,64
24,6,95,64
25,73,35,64
26,49,72,64
27,16,30,64
28,55,47,64
29,81,13,64
30,74,18,64
31,96,53,64
32,34,7,64
33,14,35,64
34,61,13,64
35,31,4,64
36,52,99,64
37,70,31,64
38,22,60,64
39,57,94,64
40,61,17,64
41,35,12,64
42,96,3,64
43,50,63,64
44,30,14,64
45,61,35,64
46,87,85,64
47,23,56,64
48,50,30,64
49,90,73,64
50,7,33,64
51,57,60,64
52,36,82,64
53,71,41,64
54,8,32,64
55,74,81,64
56,3,42,64
57,87,95,64
58,92,41,64
59,67,81,64
60,97,22,64
61,92,6,64
62,75,9,64
63,79,96,64
64,74,11,64
65,86,64,64
66,82,10,64
67,47,3,64
68,63,65,64
69,96,61,64
70,5,84,64
71,19,34,64
72,13,23,64
73,29,80,64
74,99,17,64
75,82,78,64
76,97,53,64
77,18,96,64
78,87,18,64
79,76,33,64
80,45,24,64
81,65,46,64
82,90,4,64
1,16,80,65
2,84,78,65
3,80,19,65
4,32,67,65
5,40,90,65
6,21,48,65
7,58,73,65
8,71,84,65
9,51,23,65
10,58,8,65
11,71,54,65
12,25,19,65
13,91,88,65
14,24,21,65
15,39,73,65
16,24,1,65
17,72,91,65
18,82,57,65
19,2,19,65
20,23,55,65
21,72,95,65
22,49,31,65
23,81,46,65
24,7,95,65
25,72,35,65
26,50,73,65
27,17,29,65
28,54,47,65
29,80,14,65
30,75,19,65
31,97,54,65
32,34,6,65
33,14,34,65
34,61,14,65
35,31,3,65
36,52,99,65
37,71,30,65
38,21,61,65
39,56,93,65
40,61,18,65
41,35,11,65
42,95,4,65
43,50,63,65
44,31,13,65
45,60,36,65
46,88,84,65
47,23,56,65
48,51,29,65
49,89,72,65
50,8,34,65
51,58,59,65
52,37,81,65
53,71,41,65
54,7,31,65
55,74,82,65
56,3,43,65
57,87,94,65
58,92,40,65
59,67,80,65
60,98,21,65
61,91,5,65
62,75,8,65
63,78,95,65
64,75,10,65
65,86,65,65
66,81,10,65
67,46,2,65
68,64,65,65
69,96,62,65
70,4,83,65
71,19,35,65
72,12,24,65
73,30,81,65
74,98,17,65
75,82,77,65
76,98,53,65
77,19,95,65
78,87,17,65
79,76,32,65
80,44,25,65
81,65,45,65
82,90,4,65
1,16,81,66
2,85,78,66
3,81,20,66
4,32,67,66
5,40,90,66
6,22,47,66
7,59,73,66
8,70,85,66
9,51,22,66
10,57,7,66
11,71,53,66
12,25,20,66
13,92,87,66
14,24,22,66
15,40,74,66
16,25,0,66
17,72,91,66
18,82,57,66
19,2,19,66
20,23,55,66
21,71,96,66
22,48,32,66
23,81,46,66
24,7,94,66
25,71,36,66
26,51,74,66
27,16,30,66
28,54,47,66
29,79,15,66
30,74,19,66
31,97,53,66
32,34,5,66
33,15,33,66
34,60,15,66
35,31,4,66
36,52,99,66
37,71,29,66
38,21,61,66
39,55,94,66
40,60,19,66
41,36,10,66
42,96,4,66
43,50,62,66
44,30,12,66
45,60,36,66
46,87,84,66
47,22,57,66
48,52,30,66
49,90,73,66
50,7,33,66
51,59,59,66
52,37,80,66
53,71,41,66
54,6,30,66
55,75,82,66
56,4,43,66
57,88,93,66
58,92,41,66
59,66,81,66
60,97,21,66
61,92,6,66
62,75,8,66
63,79,95,66
64,75,9,66
65,86,65,66
66,81,9,66
67,47,1,66
68,64,64,66
69,96,61,66
70,5,83,66
71,20,36,66
72,12,24,66
73,30,80,66
74,98,18,66
75,82,77,66
76,98,54,66
77,20,95,66
78,86,18,66
79,76,31,66
80,45,25,66
81,66,44,66
82,90,4,66
1,15,80,67
2,86,78,67
3,81,19,67
4,31,68,67
5,41,90,67
6,22,48,67
7,58,73,67
8,71,86,67
9,52,21,67
10,56,8,67
11,70,52,67
12,26,19,67
13,91,87,67
14,25,21,67
15,40,73,67
16,26,0,67
17,71,90,67
18,82,56,67
19,3,18,67
20,24,56,67
21,71,97,67
22,47,33,67
23,80,46,67
24,7,93,67
25,72,37,67
26,50,74,67
27,15,30,67
28,55,47,67
29,78,14,67
30,73,19,67
31,97,54,67
32,33,4,67
33,16,33,67
34,60,15,67
35,31,5,67
36,53,98,67
37,70,29,67
38,22,61,67
39,56,94,67
40,59,19,67
41,36,9,67
42,96,3,67
43,50,63,67
44,30,12,67
45,61,37,67
46,86,83,67
47,23,57,67
48,52,30,67
49,90,72,67
50,6,34,67
51,59,60,67
52,36,79,67
53,72,42,67
54,5,29,67
55,74,82,67
56,3,44,67
57,87,93,67
58,92,41,67
59,67,82,67
60,98,22,67
61,91,7,67
62,76,9,67
63,78,95,67
64,74,10,67
65,86,66,67
66,81,10,67
67,46,1,67
68,63,63,67
69,96,61,67
70,6,83,67
71,20,36,67
72,11,24,67
73,30,80,67
74,99,18,67
75,82,76,67
76,98,53,67
77,20,96,67
78,86,17,67
79,77,30,67
80,46,24,67
81,65,43,67
82,89,5,67
1,16,81,68
2,86,78,68
3,81,18,68
4,31,68,68
5,40,90,68
6,23,48,68
7,59,74,68
8,72,87,68
9,53,20,68
10,56,9,68
11,69,51,68
12,26,18,68
13,92,87,68
14,25,22,68
15,41,72,68
16,25,0,68
17,72,90,68
18,82,56,68
19,4,18,68
20,25,57,68
21,72,98,68
22,47,33,68
23,81,47,68
24,8,93,68
25,71,36,68
26,51,73,68
27,15,31,68
28,56,46,68
29,79,13,68
30,74,20,68
31,98,54,68
32,34,3,68
33,15,34,68
34,59,14,68
35,30,6,68
36,54,98,68
37,71,29,68
38,23,62,68
39,55,94,68
40,60,18,68
41,36,10,68
42,97,4,68
43,51,64,68
44,29,12,68
45,61,37,68
46,87,83,68
47,22,58,68
48,52,30,68
49,91,71,68
50,6,35,68
51,60,60,68
52,36,80,68
53,73,41,68
54,4,28,68
55,74,83,68
56,2,43,68
57,88,94,68
58,93,41,68
59,67,82,68
60,99,23,68
61,92,8,68
62,75,8,68
63,79,96,68
64,73,9,68
65,87,65,68
66,80,11,68
67,47,2,68
68,64,62,68
69,97,60,68
70,6,83,68
71,19,37,68
72,11,25,68
73,30,80,68
74,98,18,68
75,81,75,68
76,98,53,68
77,19,95,68
78,86,17,68
79,76,31,68
80,46,24,68
81,64,44,68
82,90,4,68
1,17,81,69
2,86,77,69
3,82,18,69
4,31,67,69
5,39,89,69
6,22,47,69
7,60,74,69
8,73,88,69
9,54,19,69
10,56,8,69
11,70,50,69
12,26,19,69
13,93,87,69
14,24,22,69
15,42,72,69
16,24,1,69
17,72,90,69
18,81,57,69
19,4,19,69
20,26,56,69
21,71,99,69
22,47,32,69
23,80,46,69
24,8,92,69
25,70,36,69
26,51,72,69
27,14,31,69
28,56,46,69
29,80,12,69
30,73,21,69
31,99,54,69
32,35,3,69
33,14,33,69
34,58,14,69
35,29,6,69
36,53,98,69
37,71,28,69
38,22,63,69
39,55,93,69
40,60,19,69
41,37,11,69
42,96,5,69
43,50,65,69
44,29,11,69
45,60,37,69
46,87,83,69
47,22,59,69
48,51,30,69
49,90,70,69
50,7,36,69
51,61,60,69
52,36,80,69
53,74,40,69
54,3,29,69
55,74,82,69
56,2,43,69
57,89,93,69
58,94,42,69
59,68,83,69
60,99,22,69
61,93,7,69
62,75,8,69
63,78,97,69
64,72,10,69
65,86,65,69
66,81,11,69
67,46,3,69
68,64,63,69
69,96,60,69
70,5,83,69
71,18,36,69
72,12,24,69
73,29,79,69
74,98,19,69
75,81,76,69
76,98,53,69
77,18,95,69
78,87,16,69
79,77,30,69
80,47,24,69
81,65,45,69
82,90,3,69
1,17,81,70
2,85,77,70
3,82,19,70
4,30,67,70
5,38,90,70
6,21,46,70
7,59,74,70
8,74,89,70
9,54,19,70
10,56,9,70
11,70,51,70
12,25,20,70
13,94,87,70
14,24,21,70
15,43,71,70
16,23,1,70
17,72,90,70
18,81,58,70
19,4,20,70
20,26,57,70
21,72,99,70
22,46,31,70
23,80,47,70
24,8,91,70
25,69,37,70
26,52,73,70
27,14,30,70
28,57,46,70
29,79,11,70
30,72,20,70
31,99,53,70
32,35,2,70
33,15,33,70
34,59,15,70
35,29,5,70
36,54,99,70
37,72,27,70
38,23,62,70
39,54,93,70
40,60,20,70
41,36,11,70
42,97,6,70
43,49,64,70
44,29,12,70
45,60,36,70
46,86,84,70
47,22,58,70
48,51,31,70
49,89,69,70
50,6,35,70
51,61,60,70
52,36,81,70
53,74,39,70
54,2,29,70
55,73,81,70
56,2,42,70
57,88,94,70
58,93,42,70
59,68,84,70
60,99,23,70
61,92,6,70
62,75,8,70
63,77,97,70
64,71,10,70
65,87,66,70
66,81,12,70
67,46,4,70
68,64,63,70
69,95,61,70
70,5,84,70
71,18,35,70
72,11,23,70
73,29,80,70
74,99,20,70
75,81,75,70
76,98,54,70
77,18,96,70
78,88,16,70
79,78,31,70
80,46,23,70
81,65,46,70
82,89,2,70
1,17,82,71
2,86,76,71
3,81,18,71
4,30,67,71
5,38,89,71
6,22,47,71
7,58,74,71
8,75,88,71
9,53,18,71
10,56,10,71
11,71,51,71
12,26,20,71
13,94,87,71
14,24,21,71
15,42,72,71
16,22,2,71
17,72,89,71
18,81,59,71
19,5,19,71
20,26,57,71
21,71,99,71
22,46,30,71
23,81,47,71
24,8,90,71
25,69,38,71
26,53,73,71
27,13,30,71
28,56,47,71
29,80,11,71
30,72,21,71
31,99,53,71
32,34,3,71
33,16,32,71
34,60,14,71
35,30,5,71
36,53,98,71
37,72,26,71
38,24,62,71
39,54,93,71
40,59,21,71
41,36,11,71
42,98,5,71
43,50,63,71
44,29,12,71
45,59,35,71
46,86,83,71
47,23,58,71
48,52,30,71
49,89,68,71
50,6,35,71
51,60,60,71
52,36,80,71
53,75,40,71
54,2,30,71
55,74,81,71
56,2,43,71
57,88,94,71
58,92,41,71
59,68,85,71
60,98,23,71
61,92,5,71
62,75,9,71
63,78,98,71
64,71,11,71
65,88,67,71
66,82,12,71
67,47,5,71
68,64,64,71
69,96,61,71
70,5,85,71
71,18,36,71
72,10,24,71
73,30,80,71
74,98,19,71
75,81,75,71
76,98,54,71
77,18,97,71
78,89,16,71
79,77,32,71
80,47,24,71
81,66,45,71
82,90,1,71
1,18,81,72
2,85,75,72
3,82,17,72
4,30,67,72
5,37,90,72
6,23,47,72
7,58,74,72
8,75,87,72
9,53,17,72
10,57,11,72
11,70,51,72
12,25,20,72
13,95,86,72
14,23,20,72
15,42,73,72
16,21,1,72
17,72,88,72
18,82,59,72
19,4,19,72
20,27,56,72
21,71,98,72
22,45,30,72
23,81,48,72
24,9,91,72
25,70,39,72
26,54,74,72
27,14,29,72
28,55,46,72
29,81,12,72
30,72,21,72
31,99,53,72
32,35,2,72
33,17,31,72
34,59,14,72
35,31,5,72
36,53,98,72
37,73,26,72
38,23,62,72
39,53,93,72
40,58,20,72
41,36,12,72
42,98,4,72
43,49,62,72
44,30,11,72
45,59,35,72
46,87,84,72
47,22,57,72
48,53,30,72
49,89,68,72
50,7,34,72
51,61,60,72
52,37,80,72
53,74,41,72
54,1,30,72
55,75,82,72
56,1,44,72
57,88,95,72
58,92,41,72
59,67,85,72
60,99,23,72
61,91,5,72
62,75,8,72
63,78,99,72
64,72,12,72
65,89,66,72
66,83,12,72
67,47,4,72
68,65,64,72
69,97,61,72
70,6,85,72
71,19,35,72
72,9,23,72
73,31,81,72
74,98,19,72
75,82,74,72
76,98,54,72
77,19,97,72
78,89,17,72
79,78,31,72
80,46,23,72
81,66,45,72
82,89,0,72
1,17,82,73
2,85,75,73
3,81,16,73
4,31,67,73
5,37,90,73
6,23,47,73
7,57,73,73
8,74,87,73
9,54,16,73
10,57,11,73
11,71,52,73
12,25,21,73
13,96,85,73
14,22,20,73
15,42,73,73
16,20,2,73
17,71,88,73
18,83,60,73
19,4,20,73
20,27,55,73
21,71,98,73
22,44,31,73
23,82,49,73
24,10,90,73
25,70,40,73
26,55,75,73
27,13,30,73
28,55,46,73
29,81,13,73
30,72,22,73
31,99,53,73
32,36,1,73
33,17,31,73
34,58,14,73
35,31,6,73
36,53,98,73
37,72,27,73
38,22,61,73
39,53,94,73
40,57,21,73
41,37,12,73
42,99,4,73
43,48,61,73
44,31,12,73
45,59,34,73
46,86,84,73
47,21,57,73
48,53,31,73
49,89,68,73
50,7,34,73
51,62,59,73
52,38,81,73
53,75,42,73
54,0,31,73
55,74,81,73
56,0,44,73
57,87,94,73
58,93,41,73
59,67,84,73
60,98,23,73
61,92,5,73
62,74,7,73
63,78,99,73
64,71,11,73
65,88,67,73
66,82,12,73
67,47,3,73
68,65,64,73
69,96,62,73
70,5,86,73
71,20,34,73
72,9,22,73
73,32,80,73
74,98,20,73
75,83,73,73
76,98,55,73
77,18,96,73
78,88,16,73
79,77,31,73
80,47,23,73
81,66,45,73
82,89,1,73
1,16,81,74
2,85,76,74
3,80,16,74
4,31,66,74
5,37,90,74
6,24,47,74
7,57,74,74
8,75,86,74
9,55,15,74
10,57,11,74
11,71,52,74
12,25,21,74
13,95,85,74
14,21,19,74
15,41,72,74
16,21,3,74
17,72,87,74
18,82,59,74
19,4,19,74
20,27,54,74
21,72,98,74
22,44,31,74
23,81,49,74
24,11,89,74
25,70,41,74
26,54,75,74
27,13,31,74
28,54,45,74
29,80,12,74
30,73,21,74
31,99,54,74
32,36,0,74
33,16,32,74
34,57,14,74
35,31,5,74
36,52,98,74
37,72,28,74
38,21,61,74
39,54,94,74
40,56,20,74
41,37,13,74
42,98,3,74
43,49,60,74
44,30,12,74
45,58,34,74
46,87,84,74
47,20,56,74
48,54,32,74
49,89,68,74
50,6,33,74
51,63,58,74
52,39,80,74
53,74,42,74
54,1,30,74
55,74,80,74
56,1,45,74
57,87,93,74
58,92,42,74
59,68,84,74
60,99,22,74
61,92,6,74
62,73,7,74
63,79,99,74
64,72,11,74
65,88,67,74
66,82,13,74
67,47,3,74
68,65,65,74
69,97,62,74
70,6,86,74
71,19,35,74
72,8,22,74
73,31,79,74
74,97,20,74
75,84,74,74
76,98,55,74
77,19,95,74
78,88,15,74
79,78,31,74
80,46,22,74
81,66,44,74
82,89,0,74
1,16,80,75
2,85,76,75
3,81,15,75
4,32,65,75
5,37,89,75
6,25,47,75
7,57,73,75
8,74,85,75
9,54,16,75
10,58,12,75
11,71,52,75
12,26,21,75
13,95,86,75
14,21,20,75
15,40,72,75
16,20,2,75
17,72,87,75
18,83,59,75
19,4,20,75
20,27,54,75
21,71,98,75
22,44,32,75
23,81,49,75
24,11,90,75
25,71,42,75
26,54,76,75
27,12,32,75
28,53,45,75
29,80,11,75
30,73,22,75
31,99,54,75
32,37,0,75
33,17,31,75
34,57,13,75
35,32,4,75
36,52,98,75
37,71,28,75
38,22,61,75
39,54,93,75
40,56,21,75
41,36,13,75
42,98,3,75
43,48,60,75
44,30,11,75
45,58,34,75
46,88,84,75
47,20,56,75
48,54,33,75
49,88,68,75
50,5,34,75
51,63,59,75
52,40,80,75
53,74,42,75
54,0,29,75
55,74,80,75
56,0,46,75
57,87,92,75
58,92,43,75
59,68,84,75
60,98,21,75
61,91,6,75
62,73,8,75
63,79,99,75
64,72,11,75
65,88,67,75
66,83,13,75
67,48,4,75
68,66,65,75
69,97,63,75
70,5,86,75
71,20,35,75
72,9,21,75
73,31,80,75
74,98,20,75
75,83,75,75
76,97,55,75
77,18,96,75
78,88,14,75
79,79,31,75
80,46,21,75
81,67,43,75
82,90,1,75
1,15,80,76
2,84,76,76
3,82,14,76
4,33,65,76
5,38,90,76
6,25,47,76
7,56,72,76
8,74,85,76
9,53,16,76
10,57,11,76
11,72,52,76
12,26,21,76
13,95,86,76
14,20,19,76
15,40,73,76
16,19,2,76
17,71,87,76
18,82,60,76
19,5,20,76
20,28,55,76
21,71,98,76
22,43,32,76
23,80,48,76
24,10,90,76
25,71,41,76
26,55,76,76
27,13,32,76
28,52,45,76
29,80,10,76
30,72,23,76
31,98,53,76
32,36,0,76
33,17,30,76
34,57,12,76
35,33,4,76
36,52,98,76
37,70,28,76
38,21,62,76
39,53,94,76
40,55,22,76
41,37,12,76
42,99,2,76
43,49,60,76
44,31,11,76
45,59,33,76
46,88,84,76
47,19,55,76
48,53,33,76
49,89,67,76
50,6,34,76
51,63,59,76
52,41,81,76
53,73,41,76
54,1,29,76
55,74,79,76
56,1,45,76
57,88,91,76
58,91,42,76
59,69,84,76
60,99,20,76
61,91,7,76
62,72,8,76
63,78,98,76
64,73,10,76
65,88,67,76
66,84,12,76
67,47,3,76
68,65,66,76
69,98,62,76
70,6,85,76
71,20,34,76
72,9,22,76
73,30,81,76
74,98,19,76
75,84,77,76
76,96,56,76
77,18,95,76
78,89,14,76
79,80,31,76
80,46,21,76
81,66,44,76
82,91,0,76
1,14,79,77
2,84,75,77
3,82,15,77
4,32,66,77
5,37,90,77
6,25,46,77
7,56,73,77
8,73,86,77
9,54,17,77
10,58,13,77
11,72,52,77
12,25,20,77
13,95,85,77
14,21,20,77
15,40,74,77
16,19,2,77
17,72,87,77
18,83,60,77
19,6,19,77
20,27,56,77
21,70,98,77
22,42,32,77
23,79,47,77
24,9,91,77
25,70,41,77
26,56,75,77
27,14,32,77
28,51,44,77
29,79,9,77
30,73,24,77
31,98,54,77
32,36,0,77
33,18,29,77
34,57,13,77
35,32,3,77
36,52,98,77
37,71,27,77
38,20,61,77
39,53,94,77
40,56,22,77
41,38,12,77
42,98,2,77
43,50,59,77
44,31,11,77
45,60,34,77
46,88,84,77
47,20,56,77
48,52,32,77
49,88,66,77
50,7,34,77
51,62,60,77
52,42,81,77
53,73,42,77
54,1,29,77
55,73,80,77
56,0,45,77
57,89,91,77
58,92,43,77
59,69,84,77
60,98,21,77
61,92,6,77
62,73,8,77
63,79,99,77
64,72,10,77
65,87,68,77
66,85,13,77
67,48,4,77
68,65,67,77
69,98,62,77
70,6,84,77
71,20,33,77
72,8,22,77
73,31,81,77
74,98,18,77
75,85,78,77
76,97,55,77
77,17,94,77
78,90,13,77
79,79,30,77
80,47,22,77
81,65,43,77
82,91,0,77
1,14,79,78
2,83,75,78
3,81,16,78
4,31,67,78
5,36,89,78
6,24,45,78
7,55,74,78
8,73,88,78
9,55,17,78
10,59,13,78
11,72,53,78
12,25,20,78
13,95,84,78
14,21,19,78
15,40,75,78
16,18,2,78
17,73,86,78
18,83,59,78
19,5,20,78
20,26,57,78
21,70,99,78
22,42,31,78
23,80,48,78
24,8,92,78
25,71,41,78
26,56,76,78
27,14,33,78
28,50,45,78
29,80,10,78
30,74,25,78
31,99,53,78
32,36,1,78
33,18,30,78
34,57,13,78
35,32,4,78
36,53,98,78
37,71,28,78
38,21,60,78
39,53,94,78
40,57,22,78
41,39,12,78
42,98,1,78
43,50,60,78
44,32,12,78
45,60,34,78
46,88,83,78
47,20,57,78
48,53,32,78
49,88,66,78
50,6,33,78
51,63,61,78
52,42,81,78
53,74,42,78
54,0,28,78
55,74,81,78
56,1,45,78
57,90,91,78
58,93,43,78
59,68,85,78
60,97,22,78
61,91,5,78
62,74,8,78
63,79,98,78
64,72,10,78
65,88,67,78
66,85,14,78
67,49,5,78
68,65,68,78
69,99,61,78
70,7,84,78
71,21,34,78
72,9,23,78
73,31,80,78
74,98,17,78
75,85,78,78
76,96,54,78
77,17,93,78
78,90,12,78
79,78,29,78
80,46,22,78
81,65,44,78
82,90,0,78
1,13,78,79
2,84,75,79
3,80,16,79
4,30,68,79
5,35,88,79
6,24,44,79
7,55,75,79
8,73,87,79
9,55,17,79
10,60,12,79
11,71,52,79
12,26,20,79
13,95,83,79
14,22,19,79
15,39,75,79
16,18,1,79
17,73,88,79
18,82,59,79
19,6,20,79
20,26,58,79
21,71,98,79
22,43,30,79
23,81,49,79
24,8,91,79
25,70,40,79
26,55,76,79
27,14,33,79
28,50,46,79
29,81,10,79
30,73,26,79
31,99,54,79
32,35,1,79
33,19,29,79
34,56,13,79
35,33,5,79
36,52,98,79
37,70,27,79
38,20,61,79
39,52,93,79
40,58,22,79
41,39,11,79
42,98,2,79
43,49,61,79
44,32,12,79
45,61,34,79
46,89,84,79
47,21,56,79
48,52,32,79
49,89,67,79
50,6,34,79
51,62,62,79
52,42,80,79
53,75,41,79
54,1,28,79
55,75,80,79
56,2,45,79
57,90,91,79
58,94,42,79
59,68,86,79
60,96,21,79
61,92,5,79
62,74,8,79
63,79,97,79
64,71,9,79
65,88,66,79
66,84,15,79
67,48,6,79
68,64,69,79
69,98,62,79
70,8,85,79
71,20,33,79
72,8,23,79
73,31,80,79
74,98,16,79
75,86,79,79
76,95,54,79
77,16,94,79
78,90,11,79
79,78,30,79
80,47,23,79
81,65,43,79
82,90,0,79
1,12,79,80
2,83,75,80
3,81,17,80
4,31,69,80
5,34,87,80
6,24,43,80
7,56,75,80
8,72,86,80
9,54,17,80
10,59,11,80
11,72,51,80
12,27,21,80
13,96,84,80
14,21,20,80
15,40,76,80
16,18,2,80
17,73,88,80
18,82,59,80
19,6,19,80
20,27,57,80
21,71,98,80
22,44,31,80
23,82,49,80
24,9,90,80
25,70,39,80
26,54,77,80
27,14,33,80
28,49,46,80
29,82,10,80
30,74,26,80
31,99,53,80
32,35,1,80
33,20,29,80
34,55,14,80
35,33,6,80
36,53,99,80
37,69,27,80
38,19,61,80
39,51,92,80
40,57,22,80
41,40,10,80
42,98,3,80
43,48,62,80
44,32,13,80
45,60,35,80
46,89,85,80
47,21,57,80
48,53,31,80
49,89,68,80
50,7,33,80
51,63,63,80
52,42,81,80
53,76,42,80
54,2,27,80
55,74,79,80
56,1,44,80
57,90,90,80
58,94,41,80
59,67,86,80
60,95,21,80
61,91,6,80
62,74,7,80
63,79,97,80
64,70,10,80
65,88,66,80
66,85,15,80
67,48,5,80
68,63,68,80
69,99,62,80
70,8,86,80
71,19,34,80
72,7,22,80
73,30,81,80
74,98,15,80
75,87,80,80
76,95,54,80
77,17,95,80
78,89,10,80
79,77,30,80
80,48,22,80
81,66,43,80
82,91,1,80
1,11,79,81
2,84,74,81
3,80,16,81
4,30,69,81
5,35,86,81
6,24,43,81
7,56,74,81
8,72,85,81
9,53,16,81
10,58,12,81
11,73,52,81
12,27,20,81
13,95,83,81
14,22,19,81
15,39,77,81
16,19,1,81
17,74,89,81
18,83,58,81
19,6,19,81
20,27,58,81
21,70,97,81
22,45,31,81
23,83,49,81
24,9,91,81
25,70,40,81
26,53,78,81
27,14,34,81
28,49,47,81
29,81,11,81
30,73,27,81
31,98,52,81
32,36,0,81
33,21,29,81
34,55,15,81
35,33,5,81
36,54,98,81
37,70,28,81
38,18,61,81
39,52,93,81
40,58,23,81
41,41,10,81
42,98,4,81
43,47,63,81
44,33,14,81
45,59,35,81
46,90,86,81
47,20,58,81
48,52,30,81
49,90,67,81
50,8,34,81
51,64,63,81
52,41,82,81
53,77,43,81
54,2,27,81
55,74,79,81
56,0,45,81
57,89,90,81
58,94,41,81
59,66,87,81
60,96,21,81
61,92,5,81
62,74,8,81
63,79,96,81
64,71,11,81
65,87,65,81
66,86,14,81
67,48,5,81
68,62,68,81
69,98,62,81
70,7,86,81
71,18,35,81
72,6,21,81
73,29,82,81
74,97,15,81
75,88,79,81
76,95,55,81
77,18,96,81
78,88,9,81
79,78,31,81
80,49,23,81
81,65,42,81
82,90,1,81
1,12,79,82
2,85,75,82
3,81,16,82
4,30,69,82
5,35,86,82
6,24,43,82
7,55,74,82
8,71,84,82
9,53,16,82
10,58,13,82
11,72,52,82
12,28,20,82
13,95,82,82
14,23,20,82
15,40,76,82
16,20,0,82
17,75,89,82
18,83,57,82
19,7,20,82
20,26,57,82
21,70,96,82
22,45,32,82
23,84,50,82
24,10,90,82
25,71,40,82
26,53,79,82
27,15,33,82
28,50,48,82
29,81,12,82
30,74,26,82
31,99,51,82
32,36,1,82
33,21,28,82
34,55,14,82
35,34,6,82
36,55,97,82
37,70,28,82
38,19,60,82
39,53,94,82
40,59,22,82
41,42,11,82
42,97,4,82
43,47,63,82
44,34,15,82
45,58,36,82
46,91,85,82
47,19,59,82
48,52,31,82
49,89,68,82
50,8,34,82
51,65,62,82
52,40,83,82
53,77,43,82
54,2,28,82
55,73,78,82
56,0,44,82
57,89,89,82
58,95,42,82
59,66,87,82
60,97,21,82
61,92,5,82
62,75,7,82
63,78,96,82
64,70,10,82
65,87,64,82
66,85,14,82
67,49,6,82
68,62,69,82
69,98,63,82
70,6,87,82
71,17,34,82
72,6,20,82
73,29,83,82
74,98,16,82
75,88,79,82
76,95,54,82
77,17,96,82
78,88,10,82
79,78,31,82
80,49,23,82
81,64,42,82
82,90,1,82
1,12,80,83
2,86,75,83
3,81,15,83
4,30,68,83
5,36,86,83
6,25,42,83
7,54,75,83
8,71,83,83
9,53,16,83
10,58,14,83
11,72,51,83
12,28,20,83
13,96,83,83
14,23,21,83
15,41,77,83
16,20,1,83
17,75,90,83
18,84,57,83
19,6,21,83
20,25,57,83
21,70,95,83
22,46,33,83
23,84,50,83
24,11,91,83
25,70,39,83
26,54,79,83
27,15,33,83
28,51,47,83
29,80,13,83
30,73,26,83
31,98,51,83
32,37,2,83
33,21,27,83
34,56,13,83
35,34,7,83
36,55,96,83
37,69,29,83
38,18,59,83
39,53,95,83
40,60,22,83
41,43,10,83
42,97,3,83
43,46,63,83
44,33,16,83
45,57,35,83
46,90,86,83
47,19,60,83
48,53,31,83
49,90,68,83
50,8,33,83
51,65,63,83
52,39,82,83
53,77,43,83
54,1,27,83
55,72,77,83
56,1,43,83
57,88,89,83
58,94,42,83
59,67,87,83
60,97,22,83
61,91,6,83
62,76,8,83
63,79,97,83
64,71,11,83
65,88,63,83
66,86,15,83
67,49,5,83
68,62,69,83
69,99,64,83
70,6,87,83
71,16,35,83
72,7,20,83
73,29,82,83
74,98,17,83
75,87,79,83
76,94,53,83
77,17,97,83
78,89,9,83
79,77,31,83
80,48,24,83
81,64,41,83
82,91,0,83
1,11,79,84
2,87,74,84
3,81,16,84
4,29,68,84
5,35,86,84
6,24,41,84
7,54,74,84
8,70,82,84
9,52,15,84
10,57,13,84
11,71,52,84
12,28,21,84
13,96,82,84
14,22,21,84
15,41,77,84
16,19,1,84
17,76,91,84
18,85,58,84
19,6,19,84
20,26,56,84
21,71,95,84
22,45,33,84
23,85,50,84
24,11,91,84
25,70,39,84
26,54,78,84
27,15,33,84
28,50,47,84
29,79,13,84
30,73,26,84
31,98,52,84
32,37,1,84
33,22,28,84
34,57,14,84
35,35,8,84
36,55,97,84
37,69,30,84
38,17,58,84
39,54,96,84
40,60,23,84
41,43,9,84
42,98,2,84
43,46,64,84
44,34,15,84
45,58,34,84
46,90,85,84
47,18,61,84
48,53,31,84
49,91,68,84
50,7,34,84
51,64,64,84
52,38,82,84
53,77,42,84
54,1,28,84
55,72,77,84
56,0,43,84
57,88,89,84
58,95,41,84
59,67,87,84
60,97,23,84
61,92,7,84
62,75,8,84
63,78,96,84
64,71,11,84
65,87,63,84
66,86,16,84
67,48,5,84
68,63,68,84
69,98,64,84
70,7,86,84
71,17,36,84
72,8,19,84
73,29,83,84
74,97,16,84
75,87,79,84
76,94,52,84
77,18,98,84
78,90,10,84
79,78,32,84
80,47,25,84
81,64,40,84
82,90,1,84
1,10,79,85
2,87,74,85
3,82,17,85
4,30,69,85
5,36,86,85
6,24,40,85
7,54,73,85
8,69,81,85
9,51,15,85
10,57,12,85
11,72,53,85
12,29,20,85
13,97,82,85
14,21,20,85
15,42,77,85
16,18,0,85
17,75,91,85
18,86,58,85
19,7,18,85
20,26,56,85
21,71,95,85
22,45,34,85
23,85,51,85
24,12,90,85
25,69,39,85
26,55,78,85
27,16,32,85
28,51,46,85
29,80,13,85
30,73,25,85
31,97,52,85
32,37,1,85
33,23,29,85
34,58,14,85
35,34,8,85
36,54,97,85
37,70,29,85
38,17,58,85
39,53,95,85
40,61,24,85
41,44,10,85
42,97,3,85
43,46,65,85
44,33,14,85
45,57,33,85
46,91,86,85
47,17,60,85
48,54,31,85
49,90,67,85
50,8,33,85
51,64,65,85
52,37,81,85
53,77,41,85
54,0,29,85
55,71,77,85
56,0,44,85
57,87,89,85
58,94,41,85
59,66,88,85
60,97,23,85
61,91,8,85
62,74,7,85
63,78,96,85
64,70,10,85
65,86,62,85
66,85,17,85
67,48,4,85
68,63,67,85
69,98,64,85
70,8,85,85
71,18,37,85
72,7,19,85
73,30,84,85
74,96,16,85
75,87,79,85
76,93,53,85
77,19,98,85
78,91,10,85
79,77,32,85
80,48,24,85
81,63,40,85
82,90,0,85
1,11,80,86
2,87,74,86
3,83,17,86
4,29,69,86
5,35,85,86
6,25,40,86
7,53,73,86
8,70,81,86
9,51,16,86
10,57,12,86
11,71,54,86
12,29,20,86
13,98,81,86
14,21,21,86
15,43,76,86
16,19,0,86
17,76,90,86
18,86,57,86
19,7,17,86
20,25,55,86
21,72,95,86
22,46,33,86
23,84,52,86
24,11,90,86
25,68,40,86
26,55,78,86
27,15,31,86
28,50,45,86
29,79,12,86
30,74,26,86
31,98,53,86
32,36,2,86
33,24,30,86
34,58,15,86
35,34,9,86
36,53,97,86
37,70,28,86
38,16,58,86
39,53,95,86
40,62,24,86
41,45,11,86
42,98,2,86
43,45,66,86
44,34,13,86
45,58,32,86
46,90,85,86
47,17,61,86
48,55,32,86
49,91,66,86
50,7,33,86
51,64,66,86
52,37,82,86
53,78,42,86
54,1,28,86
55,72,78,86
56,0,44,86
57,86,89,86
58,93,40,86
59,65,88,86
60,98,22,86
61,91,7,86
62,73,7,86
63,79,97,86
64,69,11,86
65,87,63,86
66,85,16,86
67,47,4,86
68,62,66,86
69,98,65,86
70,9,84,86
71,18,38,86
72,7,20,86
73,29,83,86
74,95,17,86
75,87,79,86
76,93,54,86
77,18,99,86
78,90,10,86
79,77,32,86
80,49,24,86
81,62,40,86
82,91,0,86
1,10,80,87
2,87,75,87
3,83,16,87
4,28,70,87
5,35,84,87
6,26,41,87
7,53,73,87
8,71,81,87
9,51,17,87
10,56,12,87
11,72,54,87
12,30,20,87
13,99,82,87
14,22,22,87
15,44,77,87
16,20,0,87
17,76,89,87
18,86,58,87
19,8,18,87
20,25,56,87
21,72,96,87
22,47,32,87
23,85,53,87
24,11,89,87
25,68,41,87
26,55,77,87
27,14,32,87
28,51,46,87
29,78,13,87
30,75,27,87
31,98,54,87
32,37,3,87
33,25,30,87
34,58,14,87
35,33,8,87
36,54,97,87
37,69,28,87
38,15,57,87
39,54,96,87
40,61,25,87
41,45,12,87
42,97,3,87
43,46,65,87
44,34,13,87
45,59,33,87
46,90,84,87
47,18,62,87
48,56,31,87
49,90,65,87
50,6,34,87
51,65,66,87
52,36,81,87
53,79,42,87
54,1,29,87
55,71,78,87
56,0,43,87
57,86,88,87
58,92,41,87
59,66,89,87
60,97,23,87
61,91,7,87
62,74,7,87
63,80,97,87
64,68,11,87
65,86,62,87
66,86,17,87
67,46,3,87
68,63,66,87
69,98,64,87
70,10,85,87
71,19,38,87
72,8,20,87
73,30,84,87
74,96,16,87
75,86,79,87
76,94,54,87
77,18,99,87
78,90,10,87
79,77,33,87
80,48,25,87
81,63,39,87
82,92,1,87
1,9,81,88
2,88,76,88
3,82,15,88
4,28,69,88
5,36,85,88
6,25,41,88
7,54,74,88
8,71,82,88
9,51,17,88
10,56,12,88
11,71,53,88
12,29,20,88
13,99,82,88
14,22,21,88
15,44,78,88
16,21,0,88
17,75,90,88
18,87,58,88
19,7,19,88
20,25,57,88
21,72,97,88
22,47,32,88
23,85,53,88
24,12,88,88
25,67,41,88
26,54,76,88
27,13,31,88
28,51,46,88
29,77,13,88
30,74,26,88
31,99,55,88
32,38,3,88
33,26,29,88
34,59,15,88
35,32,8,88
36,53,96,88
37,69,28,88
38,14,56,88
39,54,97,88
40,62,26,88
41,44,13,88
42,98,3,88
43,46,65,88
44,33,14,88
45,60,32,88
46,89,84,88
47,19,61,88
48,57,32,88
49,91,64,88
50,6,35,88
51,65,67,88
52,35,80,88
53,78,43,88
54,0,28,88
55,70,77,88
56,0,44,88
57,85,88,88
58,91,41,88
59,65,90,88
60,98,23,88
61,92,8,88
62,75,8,88
63,79,98,88
64,68,10,88
65,86,62,88
66,85,18,88
67,46,3,88
68,63,65,88
69,97,64,88
70,11,86,88
71,19,38,88
72,9,21,88
73,31,84,88
74,96,16,88
75,87,78,88
76,93,54,88
77,17,98,88
78,90,10,88
79,76,32,88
80,47,25,88
81,62,39,88
82,92,2,88
1,8,80,89
2,89,75,89
3,82,16,89
4,27,70,89
5,37,85,89
6,24,42,89
7,53,74,89
8,70,81,89
9,50,16,89
10,56,12,89
11,72,54,89
12,29,21,89
13,99,82,89
14,23,20,89
15,44,78,89
16,22,1,89
17,76,91,89
18,87,59,89
19,6,20,89
20,24,57,89
21,71,98,89
22,47,33,89
23,85,54,89
24,11,88,89
25,66,41,89
26,54,76,89
27,13,32,89
28,52,46,89
29,77,14,89
30,73,26,89
31,98,55,89
32,39,2,89
33,26,28,89
34,59,14,89
35,32,9,89
36,52,95,89
37,69,28,89
38,13,57,89
39,54,97,89
40,62,26,89
41,43,12,89
42,99,4,89
43,46,65,89
44,33,14,89
45,60,31,89
46,90,83,89
47,20,61,89
48,57,33,89
49,90,64,89
50,7,35,89
51,65,66,89
52,35,80,89
53,79,43,89
54,1,28,89
55,69,78,89
56,0,43,89
57,86,88,89
58,91,42,89
59,65,91,89
60,99,22,89
61,93,7,89
62,74,8,89
63,78,98,89
64,69,10,89
65,85,62,89
66,85,18,89
67,45,3,89
68,62,66,89
69,98,65,89
70,12,87,89
71,20,37,89
72,8,21,89
73,32,84,89
74,97,16,89
75,86,79,89
76,93,54,89
77,17,98,89
78,90,11,89
79,77,32,89
80,47,26,89
81,63,38,89
82,91,3,89
1,8,80,90
2,90,76,90
3,83,16,90
4,28,69,90
5,37,84,90
6,24,43,90
7,54,74,90
8,70,81,90
9,51,17,90
10,57,13,90
11,71,55,90
12,29,20,90
13,99,81,90
14,23,21,90
15,45,78,90
16,21,2,90
17,77,92,90
18,87,58,90
19,5,19,90
20,23,58,90
21,72,98,90
22,48,34,90
23,84,53,90
24,11,88,90
25,67,42,90
26,55,75,90
27,12,31,90
28,51,46,90
29,76,15,90
30,72,25,90
31,97,54,90
32,38,2,90
33,25,29,90
34,58,15,90
35,32,9,90
36,51,95,90
37,70,28,90
38,13,58,90
39,55,97,90
40,62,25,90
41,44,13,90
42,99,4,90
43,46,66,90
44,32,15,90
45,59,31,90
46,89,84,90
47,20,60,90
48,58,32,90
49,89,65,90
50,8,36,90
51,65,66,90
52,34,79,90
53,78,43,90
54,1,29,90
55,68,78,90
56,1,42,90
57,85,89,90
58,92,41,90
59,64,92,90
60,99,22,90
61,92,7,90
62,74,8,90
63,78,98,90
64,68,11,90
65,85,61,90
66,84,18,90
67,46,3,90
68,61,65,90
69,99,65,90
70,12,86,90
71,20,38,90
72,9,22,90
73,32,84,90
74,98,17,90
75,87,79,90
76,94,55,90
77,16,98,90
78,90,12,90
79,76,33,90
80,46,27,90
81,63,37,90
82,92,2,90
1,7,79,91
2,90,75,91
3,82,16,91
4,29,68,91
5,37,84,91
6,25,43,91
7,53,75,91
8,70,80,91
9,51,18,91
10,58,12,91
11,70,54,91
12,28,20,91
13,99,80,91
14,23,21,91
15,46,78,91
16,22,3,91
17,76,93,91
18,87,57,91
19,5,18,91
20,24,59,91
21,71,97,91
22,49,34,91
23,84,54,91
24,10,88,91
25,67,41,91
26,54,74,91
27,13,30,91
28,50,47,91
29,77,14,91
30,73,25,91
31,96,55,91
32,39,1,91
33,25,29,91
34,57,14,91
35,33,8,91
36,50,95,91
37,71,27,91
38,12,58,91
39,56,98,91
40,62,26,91
41,43,12,91
42,99,4,91
43,47,65,91
44,32,16,91
45,58,31,91
46,88,83,91
47,20,60,91
48,58,33,91
49,90,65,91
50,7,35,91
51,64,65,91
52,34,78,91
53,78,44,91
54,1,30,91
55,68,78,91
56,0,41,91
57,84,90,91
58,93,40,91
59,63,93,91
60,98,21,91
61,91,8,91
62,73,8,91
63,78,98,91
64,69,12,91
65,84,62,91
66,84,17,91
67,45,2,91
68,62,64,91
69,99,65,91
70,13,85,91
71,20,38,91
72,9,21,91
73,32,85,91
74,98,16,91
75,87,78,91
76,95,55,91
77,15,99,91
78,91,12,91
79,76,34,91
80,46,28,91
81,64,37,91
82,92,3,91
1,7,78,92
2,91,76,92
3,81,17,92
4,28,67,92
5,38,83,92
6,24,42,92
7,52,75,92
8,71,80,92
9,50,19,92
10,59,11,92
11,70,53,92
12,28,19,92
13,98,81,92
14,23,22,92
15,46,77,92
16,22,4,92
17,77,93,92
18,86,57,92
19,4,18,92
20,23,60,92
21,71,97,92
22,49,33,92
23,85,55,92
24,11,89,92
25,68,40,92
26,54,75,92
27,13,29,92
28,51,46,92
29,77,14,92
30,72,24,92
31,95,56,92
32,40,2,92
33,24,30,92
34,57,15,92
35,34,7,92
36,50,96,92
37,70,26,92
38,11,59,92
39,57,99,92
40,61,27,92
41,44,12,92
42,99,5,92
43,46,65,92
44,33,17,92
45,59,30,92
46,88,83,92
47,20,61,92
48,59,33,92
49,91,64,92
50,7,34,92
51,63,66,92
52,34,79,92
53,77,44,92
54,0,30,92
55,68,79,92
56,0,41,92
57,85,90,92
58,93,41,92
59,62,93,92
60,97,20,92
61,92,7,92
62,74,8,92
63,77,97,92
64,70,13,92
65,84,63,92
66,83,18,92
67,44,3,92
68,61,63,92
69,98,64,92
70,12,86,92
71,20,38,92
72,8,21,92
73,33,84,92
74,98,16,92
75,88,79,92
76,94,55,92
77,16,98,92
78,90,12,92
79,77,35,92
80,47,29,92
81,63,38,92
82,91,2,92
1,7,78,93
2,92,75,93
3,80,17,93
4,28,66,93
5,38,82,93
6,23,43,93
7,52,74,93
8,72,81,93
9,51,18,93
10,58,12,93
11,69,53,93
12,28,20,93
13,98,82,93
14,24,22,93
15,45,76,93
16,22,5,93
17,77,92,93
18,85,58,93
19,3,18,93
20,23,60,93
21,72,98,93
22,48,33,93
23,85,56,93
24,11,89,93
25,67,39,93
26,55,74,93
27,12,30,93
28,52,45,93
29,78,13,93
30,72,25,93
31,96,56,93
32,41,3,93
33,24,30,93
34,58,14,93
35,35,7,93
36,50,97,93
37,71,26,93
38,12,60,93
39,57,99,93
40,61,28,93
41,45,11,93
42,99,5,93
43,46,66,93
44,33,18,93
45,60,31,93
46,89,82,93
47,20,60,93
48,60,32,93
49,91,64,93
50,7,34,93
51,62,67,93
52,33,79,93
53,77,44,93
54,0,30,93
55,67,78,93
56,0,42,93
57,85,90,93
58,93,41,93
59,61,92,93
60,98,21,93
61,93,8,93
62,75,9,93
63,77,97,93
64,69,12,93
65,84,64,93
66,82,19,93
67,44,3,93
68,60,62,93
69,99,64,93
70,11,87,93
71,20,37,93
72,9,20,93
73,32,84,93
74,99,15,93
75,89,79,93
76,95,55,93
77,15,99,93
78,90,11,93
79,77,36,93
80,47,28,93
81,63,37,93
82,92,2,93
1,6,79,94
2,91,76,94
3,79,18,94
4,28,66,94
5,38,82,94
6,22,44,94
7,52,75,94
8,72,82,94
9,52,18,94
10,57,12,94
11,70,53,94
12,29,21,94
13,99,82,94
14,25,22,94
15,45,77,94
16,21,5,94
17,77,91,94
18,85,57,94
19,4,18,94
20,23,61,94
21,71,99,94
22,48,32,94
23,86,55,94
24,12,89,94
25,67,39,94
26,54,74,94
27,11,31,94
28,53,44,94
29,77,14,94
30,71,27,94
31,97,55,94
32,42,4,94
33,23,31,94
34,57,13,94
35,34,7,94
36,51,97,94
37,70,26,94
38,13,59,94
39,58,99,94
40,62,28,94
41,45,12,94
42,98,6,94
43,47,66,94
44,32,17,94
45,60,30,94
46,89,81,94
47,19,60,94
48,61,32,94
49,90,65,94
50,7,33,94
51,62,68,94
52,34,78,94
53,77,43,94
54,0,31,94
55,68,79,94
56,1,42,94
57,86,90,94
58,94,42,94
59,60,91,94
60,98,21,94
61,94,8,94
62,75,8,94
63,76,96,94
64,70,11,94
65,83,63,94
66,81,19,94
67,43,4,94
68,61,63,94
69,99,65,94
70,11,88,94
71,19,38,94
72,9,20,94
73,33,85,94
74,98,14,94
75,90,79,94
76,95,54,94
77,14,98,94
78,89,12,94
79,78,36,94
80,47,29,94
81,64,38,94
82,91,2,94
1,6,79,95
2,92,77,95
3,78,19,95
4,29,65,95
5,38,83,95
6,22,43,95
7,53,74,95
8,72,81,95
9,52,17,95
10,58,12,95
11,71,53,95
12,30,20,95
13,98,81,95
14,26,23,95
15,45,76,95
16,20,6,95
17,76,91,95
18,84,57,95
19,5,17,95
20,22,60,95
21,71,98,95
22,47,31,95
23,86,54,95
24,13,89,95
25,68,39,95
26,54,74,95
27,11,30,95
28,54,44,95
29,77,15,95
30,71,26,95
31,98,55,95
32,41,3,95
33,22,31,95
34,56,13,95
35,34,8,95
36,52,97,95
37,70,26,95
38,12,59,95
39,59,99,95
40,63,28,95
41,44,13,95
42,99,6,95
43,46,67,95
44,31,16,95
45,60,31,95
46,90,82,95
47,18,59,95
48,62,33,95
49,89,66,95
50,8,33,95
51,61,67,95
52,33,78,95
53,77,43,95
54,1,32,95
55,68,80,95
56,1,41,95
57,85,90,95
58,95,41,95
59,61,90,95
60,97,22,95
61,93,8,95
62,75,9,95
63,77,96,95
64,70,10,95
65,82,62,95
66,80,19,95
67,43,4,95
68,62,64,95
69,98,66,95
70,12,87,95
71,18,39,95
72,8,19,95
73,34,86,95
74,97,15,95
75,89,78,95
76,94,53,95
77,15,99,95
78,90,11,95
79,79,36,95
80,47,30,95
81,63,37,95
82,92,3,95
1,6,79,96
2,92,78,96
3,77,18,96
4,28,64,96
5,37,82,96
6,23,44,96
7,52,74,96
8,72,82,96
9,51,17,96
10,59,11,96
11,70,52,96
12,30,20,96
13,97,80,96
14,26,22,96
15,45,75,96
16,21,5,96
17,76,92,96
18,85,57,96
19,5,18,96
20,23,61,96
21,70,98,96
22,46,32,96
23,86,55,96
24,12,89,96
25,68,38,96
26,53,73,96
27,11,31,96
28,54,44,96
29,77,16,96
30,72,26,96
31,99,55,96
32,42,2,96
33,21,31,96
34,56,14,96
35,33,9,96
36,52,98,96
37,71,27,96
38,12,60,96
39,59,98,96
40,64,28,96
41,43,13,96
42,98,6,96
43,45,68,96
44,30,17,96
45,61,31,96
46,91,82,96
47,17,60,96
48,63,33,96
49,88,65,96
50,8,32,96
51,61,66,96
52,32,79,96
53,76,42,96
54,0,31,96
55,67,79,96
56,1,42,96
57,86,91,96
58,95,42,96
59,61,89,96
60,97,22,96
61,92,8,96
62,74,10,96
63,76,95,96
64,70,10,96
65,82,62,96
66,80,18,96
67,44,5,96
68,63,63,96
69,98,67,96
70,13,88,96
71,18,40,96
72,7,18,96
73,33,87,96
74,96,14,96
75,88,77,96
76,93,53,96
77,16,99,96
78,89,11,96
79,79,37,96
80,47,29,96
81,62,37,96
82,92,4,96
1,6,78,97
2,93,79,97
3,78,19,97
4,29,64,97
5,38,83,97
6,22,43,97
7,52,74,97
8,73,83,97
9,51,17,97
10,60,10,97
11,70,51,97
12,30,19,97
13,98,79,97
14,25,22,97
15,44,76,97
16,22,6,97
17,76,93,97
18,84,58,97
19,4,19,97
20,23,61,97
21,71,98,97
22,46,31,97
23,87,54,97
24,11,89,97
25,68,38,97
26,53,74,97
27,10,32,97
28,54,43,97
29,78,17,97
30,71,26,97
31,98,55,97
32,42,3,97
33,21,31,97
34,56,13,97
35,32,10,97
36,51,99,97
37,72,26,97
38,11,59,97
39,60,98,97
40,64,27,97
41,44,13,97
42,97,5,97
43,44,68,97
44,29,18,97
45,60,30,97
46,92,82,97
47,18,60,97
48,63,32,97
49,87,64,97
50,7,31,97
51,60,67,97
52,33,79,97
53,75,43,97
54,1,30,97
55,66,78,97
56,0,43,97
57,85,90,97
58,95,41,97
59,60,90,97
60,98,21,97
61,91,8,97
62,75,10,97
63,77,95,97
64,69,9,97
65,82,62,97
66,81,19,97
67,44,4,97
68,64,64,97
69,98,67,97
70,13,87,97
71,17,39,97
72,8,18,97
73,33,86,97
74,95,15,97
75,89,76,97
76,92,52,97
77,15,99,97
78,88,10,97
79,80,38,97
80,46,29,97
81,61,38,97
82,92,3,97
1,7,79,98
2,93,79,98
3,79,20,98
4,28,65,98
5,39,83,98
6,23,44,98
7,51,74,98
8,74,84,98
9,52,18,98
10,60,10,98
11,69,50,98
12,30,18,98
13,99,79,98
14,26,21,98
15,45,76,98
16,23,7,98
17,75,93,98
18,83,57,98
19,3,18,98
20,23,61,98
21,71,99,98
22,46,30,98
23,86,55,98
24,12,90,98
25,68,38,98
26,53,73,98
27,10,31,98
28,53,42,98
29,77,16,98
30,72,25,98
31,99,54,98
32,43,2,98
33,21,31,98
34,56,12,98
35,32,10,98
36,50,98,98
37,73,26,98
38,11,60,98
39,60,99,98
40,64,26,98
41,45,13,98
42,96,6,98
43,45,67,98
44,31,17,98
45,59,31,98
46,91,82,98
47,18,60,98
48,62,33,98
49,87,64,98
50,8,32,98
51,60,68,98
52,34,78,98
53,74,43,98
54,0,29,98
55,67,78,98
56,1,43,98
57,84,89,98
58,96,40,98
59,59,91,98
60,98,22,98
61,92,7,98
62,76,11,98
63,76,96,98
64,69,9,98
65,83,62,98
66,80,18,98
67,45,4,98
68,65,65,98
69,97,68,98
70,14,88,98
71,17,38,98
72,9,18,98
73,32,86,98
74,96,16,98
75,89,77,98
76,93,53,98
77,14,98,98
78,89,11,98
79,79,38,98
80,46,29,98
81,61,38,98
82,91,4,98
1,8,78,99
2,92,79,99
3,78,21,99
4,28,65,99
5,40,82,99
6,23,45,99
7,51,75,99
8,73,85,99
9,53,19,99
10,61,11,99
11,70,49,99
12,30,18,99
13,99,79,99
14,27,20,99
15,45,76,99
16,22,6,99
17,76,93,99
18,84,58,99
19,4,18,99
20,22,60,99
21,72,99,99
22,46,28,99
23,85,55,99
24,11,91,99
25,69,38,99
26,52,74,99
27,10,31,99
28,53,42,99
29,78,16,99
30,74,26,99
31,98,54,99
32,44,3,99
33,22,32,99
34,56,12,99
35,33,9,99
36,51,98,99
37,72,25,99
38,10,59,99
39,60,99,99
40,65,25,99
41,44,12,99
42,95,7,99
43,45,67,99
44,32,17,99
45,58,30,99
46,91,83,99
47,19,60,99
48,63,32,99
49,87,64,99
50,8,31,99
51,60,69,99
52,34,78,99
53,74,42,99
54,1,28,99
55,66,78,99
56,0,42,99
57,84,90,99
58,95,40,99
59,60,90,99
60,98,22,99
61,92,8,99
62,75,12,99
63,76,95,99
64,69,8,99
65,82,63,99
66,80,17,99
67,44,5,99
68,66,64,99
69,97,69,99
70,14,88,99
71,16,38,99
72,8,19,99
73,31,87,99
74,96,15,99
75,89,77,99
76,93,53,99
77,13,97,99
78,88,10,99
79,78,38,99
80,47,28,99
81,60,37,99
82,90,3,99
1,9,78,100
2,93,80,100
3,79,21,100
4,28,65,100
5,41,83,100
6,22,46,100
7,51,76,100
8,72,85,100
9,52,19,100
10,60,11,100
11,69,49,100
12,31,19,100
13,98,78,100
14,27,21,100
15,45,77,100
16,23,6,100
17,75,94,100
18,84,58,100
19,5,18,100
20,21,59,100
21,72,99,100
22,45,29,100
23,86,56,100
24,11,90,100
25,70,38,100
26,52,73,100
27,11,30,100
28,54,42,100
29,79,15,100
30,75,25,100
31,98,54,100
32,43,3,100
33,23,32,100
34,57,11,100
35,34,10,100
36,52,97,100
37,73,26,100
38,11,58,100
39,59,98,100
40,65,25,100
41,45,13,100
42,94,6,100
43,44,68,100
44,31,16,100
45,57,31,100
46,90,84,100
47,20,61,100
48,62,31,100
49,88,65,100
50,9,32,100
51,59,69,100
52,35,78,100
53,73,43,100
54,2,29,100
55,66,78,100
56,1,43,100
57,85,89,100
58,96,41,100
59,61,91,100
60,99,23,100
61,92,9,100
62,74,13,100
63,76,96,100
64,70,7,100
65,81,64,100
66,80,18,100
67,45,5,100
68,65,65,100
69,97,69,100
70,15,88,100
71,16,39,100
72,7,19,100
73,31,86,100
74,97,14,100
75,88,78,100
76,94,53,100
77,14,96,100
78,87,9,100
79,77,39,100
80,47,28,100
81,59,37,100
82,91,3,100
