1,71,97,1
2,81,8,1
3,89,75,1
4,90,46,1
5,75,55,1
6,94,56,1
7,17,72,1
8,43,26,1
9,0,99,1
10,53,44,1
11,20,10,1
12,64,75,1
13,67,76,1
14,87,63,1
15,16,3,1
16,2,72,1
17,96,26,1
18,98,49,1
19,61,20,1
20,26,1,1
21,84,83,1
22,32,45,1
23,16,84,1
24,1,28,1
25,26,81,1
26,68,21,1
27,93,85,1
28,42,24,1
29,14,11,1
30,51,3,1
31,53,80,1
32,59,64,1
33,29,10,1
34,84,7,1
35,95,82,1
36,6,27,1
37,44,7,1
38,24,50,1
39,74,62,1
40,55,99,1
41,66,89,1
42,5,83,1
43,31,49,1
1,71,96,2
2,81,8,2
3,90,76,2
4,89,47,2
5,75,55,2
6,93,55,2
7,16,71,2
8,43,26,2
9,0,98,2
10,54,44,2
11,20,11,2
12,64,76,2
13,67,75,2
14,88,64,2
15,16,4,2
16,1,72,2
17,95,25,2
18,97,48,2
19,61,20,2
20,27,1,2
21,85,82,2
22,31,44,2
23,17,84,2
24,1,29,2
25,27,80,2
26,68,20,2
27,93,84,2
28,41,23,2
29,15,12,2
30,50,4,2
31,53,79,2
32,60,65,2
33,30,9,2
34,84,7,2
35,96,81,2
36,7,28,2
37,44,6,2
38,25,49,2
39,75,61,2
40,55,99,2
41,67,90,2
42,5,82,2
43,30,48,2
1,72,95,3
2,81,8,3
3,89,75,3
4,89,47,3
5,76,55,3
6,94,56,3
7,16,72,3
8,43,26,3
9,1,99,3
10,54,43,3
11,21,12,3
12,64,75,3
13,66,74,3
14,89,64,3
15,16,3,3
16,1,72,3
17,95,25,3
18,98,49,3
19,60,20,3
20,28,2,3
21,86,82,3
22,30,43,3
23,17,85,3
24,2,29,3
25,27,81,3
26,68,19,3
27,92,84,3
28,40,24,3
29,14,11,3
30,49,4,3
31,54,79,3
32,61,65,3
33,31,8,3
34,85,7,3
35,96,82,3
36,7,27,3
37,45,5,3
38,26,48,3
39,75,60,3
40,56,99,3
41,68,90,3
42,5,81,3
43,29,47,3
1,71,95,4
2,80,7,4
3,90,74,4
4,89,46,4
5,75,56,4
6,94,56,4
7,16,73,4
8,42,26,4
9,1,98,4
10,53,42,4
11,20,13,4
12,63,76,4
13,67,73,4
14,90,64,4
15,16,2,4
16,2,73,4
17,96,24,4
18,99,49,4
19,59,21,4
20,27,3,4
21,87,83,4
22,30,42,4
23,17,86,4
24,2,29,4
25,28,81,4
26,69,19,4
27,91,84,4
28,39,24,4
29,14,11,4
30,49,5,4
31,54,78,4
32,62,64,4
33,30,7,4
34,84,7,4
35,96,83,4
36,6,26,4
37,44,6,4
38,25,47,4
39,74,61,4
40,57,99,4
41,68,90,4
42,4,82,4
43,29,47,4
1,71,95,5
2,81,6,5
3,91,73,5
4,88,45,5
5,76,56,5
6,95,56,5
7,17,73,5
8,43,26,5
9,1,97,5
10,54,43,5
11,21,12,5
12,63,77,5
13,67,74,5
14,89,63,5
15,16,2,5
16,3,74,5
17,95,24,5
18,99,50,5
19,60,22,5
20,27,4,5
21,88,84,5
22,30,43,5
23,16,87,5
24,3,29,5
25,29,81,5
26,69,20,5
27,91,85,5
28,40,24,5
29,15,10,5
30,50,6,5
31,55,78,5
32,61,65,5
33,31,7,5
34,85,6,5
35,97,84,5
36,7,27,5
37,43,6,5
38,26,46,5
39,74,62,5
40,56,98,5
41,68,91,5
42,5,83,5
43,28,47,5
1,72,94,6
2,80,6,6
3,92,73,6
4,88,45,6
5,75,56,6
6,95,55,6
7,17,74,6
8,43,27,6
9,0,97,6
10,55,43,6
11,20,11,6
12,62,78,6
13,66,75,6
14,88,62,6
15,15,3,6
16,4,73,6
17,96,25,6
18,98,51,6
19,60,21,6
20,27,4,6
21,88,84,6
22,29,42,6
23,15,86,6
24,4,28,6
25,29,80,6
26,69,19,6
27,91,85,6
28,40,25,6
29,14,9,6
30,50,5,6
31,54,79,6
32,62,64,6
33,30,7,6
34,84,5,6
35,97,83,6
36,6,26,6
37,43,7,6
38,26,46,6
39,74,61,6
40,56,99,6
41,69,90,6
42,5,84,6
43,28,48,6
1,72,93,7
2,80,5,7
3,93,73,7
4,87,45,7
5,75,55,7
6,94,56,7
7,16,74,7
8,43,27,7
9,1,97,7
10,56,44,7
11,19,10,7
12,63,77,7
13,65,75,7
14,87,63,7
15,15,3,7
16,5,72,7
17,96,24,7
18,97,51,7
19,60,22,7
20,27,5,7
21,88,85,7
22,30,41,7
23,16,86,7
24,4,28,7
25,28,80,7
26,68,19,7
27,91,85,7
28,40,25,7
29,15,8,7
30,50,6,7
31,53,80,7
32,63,63,7
33,29,6,7
34,85,5,7
35,97,84,7
36,6,26,7
37,44,7,7
38,27,45,7
39,75,60,7
40,55,98,7
41,70,89,7
42,6,85,7
43,29,49,7
1,71,92,8
2,80,4,8
3,94,72,8
4,88,45,8
5,76,54,8
6,93,55,8
7,17,74,8
8,43,26,8
9,0,98,8
10,56,44,8
11,18,11,8
12,62,76,8
13,65,76,8
14,87,62,8
15,14,2,8
16,4,73,8
17,97,23,8
18,97,51,8
19,61,23,8
20,26,6,8
21,88,86,8
22,30,40,8
23,16,85,8
24,4,29,8
25,27,81,8
26,69,19,8
27,92,85,8
28,40,24,8
29,15,7,8
30,49,6,8
31,54,80,8
32,62,63,8
33,30,5,8
34,84,4,8
35,97,85,8
36,7,25,8
37,45,6,8
38,26,46,8
39,75,60,8
40,54,97,8
41,71,90,8
42,7,85,8
43,29,49,8
1,70,93,9
2,79,4,9
3,93,71,9
4,88,44,9
5,77,55,9
6,94,54,9
7,16,74,9
8,43,27,9
9,1,99,9
10,57,45,9
11,17,12,9
12,62,76,9
13,65,77,9
14,87,62,9
15,15,3,9
16,4,72,9
17,97,24,9
18,98,51,9
19,60,23,9
20,25,7,9
21,87,85,9
22,31,41,9
23,17,85,9
24,4,29,9
25,26,82,9
26,69,19,9
27,91,86,9
28,40,23,9
29,15,8,9
30,50,5,9
31,53,81,9
32,63,64,9
33,29,5,9
34,84,5,9
35,98,85,9
36,8,24,9
37,46,5,9
38,27,46,9
39,76,60,9
40,55,98,9
41,70,90,9
42,6,86,9
43,30,48,9
1,71,93,10
2,79,5,10
3,93,71,10
4,89,45,10
5,78,55,10
6,94,54,10
7,17,75,10
8,44,27,10
9,0,98,10
10,56,44,10
11,17,12,10
12,63,76,10
13,65,78,10
14,86,61,10
15,15,3,10
16,3,71,10
17,98,24,10
18,98,51,10
19,61,23,10
20,25,6,10
21,86,85,10
22,32,41,10
23,16,85,10
24,4,30,10
25,26,81,10
26,69,18,10
27,90,87,10
28,40,24,10
29,14,8,10
30,50,4,10
31,52,80,10
32,64,63,10
33,30,5,10
34,85,6,10
35,97,86,10
36,7,23,10
37,46,4,10
38,27,45,10
39,76,59,10
40,55,98,10
41,69,91,10
42,6,87,10
43,30,48,10
1,70,92,11
2,79,5,11
3,93,70,11
4,89,44,11
5,77,55,11
6,93,55,11
7,18,75,11
8,45,27,11
9,1,99,11
10,57,45,11
11,18,11,11
12,62,77,11
13,64,77,11
14,85,62,11
15,14,2,11
16,3,70,11
17,99,24,11
18,97,52,11
19,61,22,11
20,26,6,11
21,86,86,11
22,32,42,11
23,16,84,11
24,3,30,11
25,25,82,11
26,68,18,11
27,91,87,11
28,41,24,11
29,14,7,11
30,51,5,11
31,52,81,11
32,65,62,11
33,30,6,11
34,86,6,11
35,96,85,11
36,8,22,11
37,46,3,11
38,26,46,11
39,76,59,11
40,56,98,11
41,68,91,11
42,6,87,11
43,30,48,11
1,71,92,12
2,78,4,12
3,94,69,12
4,90,43,12
5,78,54,12
6,92,55,12
7,17,76,12
8,44,26,12
9,1,98,12
10,57,46,12
11,17,11,12
12,63,76,12
13,65,77,12
14,84,63,12
15,14,1,12
16,2,69,12
17,98,25,12
18,96,52,12
19,60,21,12
20,26,5,12
21,85,85,12
22,31,42,12
23,15,84,12
24,2,30,12
25,24,83,12
26,67,17,12
27,91,88,12
28,42,23,12
29,14,6,12
30,50,5,12
31,52,80,12
32,66,61,12
33,30,6,12
34,86,7,12
35,95,84,12
36,8,23,12
37,47,2,12
38,26,46,12
39,77,58,12
40,57,98,12
41,67,92,12
42,7,87,12
43,31,49,12
1,72,91,13
2,78,3,13
3,94,69,13
4,90,42,13
5,77,54,13
6,93,55,13
7,17,75,13
8,45,26,13
9,1,99,13
10,57,47,13
11,16,11,13
12,62,75,13
13,65,77,13
14,85,63,13
15,14,0,13
16,3,70,13
17,98,24,13
18,97,52,13
19,61,21,13
20,25,4,13
21,85,86,13
22,30,42,13
23,14,84,13
24,3,31,13
25,25,83,13
26,67,18,13
27,92,87,13
28,43,22,13
29,13,7,13
30,51,5,13
31,53,80,13
32,65,60,13
33,29,6,13
34,87,6,13
35,95,84,13
36,8,22,13
37,46,3,13
38,25,47,13
39,77,58,13
40,58,99,13
41,66,91,13
42,7,87,13
43,30,48,13
1,73,92,14
2,78,2,14
3,94,70,14
4,89,43,14
5,76,54,14
6,94,55,14
7,16,75,14
8,44,25,14
9,0,98,14
10,58,47,14
11,16,12,14
12,63,74,14
13,65,77,14
14,84,62,14
15,14,1,14
16,2,69,14
17,98,25,14
18,97,52,14
19,61,20,14
20,24,4,14
21,86,86,14
22,31,42,14
23,14,84,14
24,4,30,14
25,26,83,14
26,67,19,14
27,91,87,14
28,42,23,14
29,14,8,14
30,51,4,14
31,52,81,14
32,65,59,14
33,29,7,14
34,88,7,14
35,96,85,14
36,8,22,14
37,46,3,14
38,26,47,14
39,77,57,14
40,58,98,14
41,66,91,14
42,8,87,14
43,29,47,14
1,72,92,15
2,77,3,15
3,95,71,15
4,90,43,15
5,76,55,15
6,95,55,15
7,15,75,15
8,45,25,15
9,1,97,15
10,57,47,15
11,16,11,15
12,64,74,15
13,65,78,15
14,83,62,15
15,14,1,15
16,1,69,15
17,99,26,15
18,97,53,15
19,62,21,15
20,23,5,15
21,87,85,15
22,30,42,15
23,13,83,15
24,4,30,15
25,25,82,15
26,67,18,15
27,90,88,15
28,42,24,15
29,13,7,15
30,50,4,15
31,51,80,15
32,65,58,15
33,30,7,15
34,88,8,15
35,95,85,15
36,8,22,15
37,47,3,15
38,27,48,15
39,78,56,15
40,58,99,15
41,67,90,15
42,9,87,15
43,30,46,15
1,71,92,16
2,76,2,16
3,94,70,16
4,89,44,16
5,75,54,16
6,94,54,16
7,14,76,16
8,45,24,16
9,2,98,16
10,57,48,16
11,16,10,16
12,63,75,16
13,66,78,16
14,84,62,16
15,15,2,16
16,1,69,16
17,98,25,16
18,97,52,16
19,62,22,16
20,23,6,16
21,87,85,16
22,31,43,16
23,12,82,16
24,4,30,16
25,25,83,16
26,68,18,16
27,90,89,16
28,42,23,16
29,13,7,16
30,50,5,16
31,50,81,16
32,64,57,16
33,30,8,16
34,87,8,16
35,94,86,16
36,9,23,16
37,46,4,16
38,28,47,16
39,78,56,16
40,59,98,16
41,68,91,16
42,8,87,16
43,31,47,16
1,72,91,17
2,75,3,17
3,93,69,17
4,89,43,17
5,74,54,17
6,93,55,17
7,15,75,17
8,45,23,17
9,2,97,17
10,57,47,17
11,16,10,17
12,62,74,17
13,66,77,17
14,83,61,17
15,16,2,17
16,2,68,17
17,98,25,17
18,97,52,17
19,62,21,17
20,23,7,17
21,87,84,17
22,31,42,17
23,12,83,17
24,3,30,17
25,25,84,17
26,67,18,17
27,91,88,17
28,43,23,17
29,12,7,17
30,49,4,17
31,50,80,17
32,65,58,17
33,31,8,17
34,86,8,17
35,93,87,17
36,10,24,17
37,47,3,17
38,29,46,17
39,77,57,17
40,58,97,17
41,69,90,17
42,8,86,17
43,31,48,17
1,72,91,18
2,76,4,18
3,94,70,18
4,88,43,18
5,75,53,18
6,94,54,18
7,16,76,18
8,44,24,18
9,3,98,18
10,56,46,18
11,16,11,18
12,62,73,18
13,65,77,18
14,82,62,18
15,16,3,18
16,2,69,18
17,98,25,18
18,98,51,18
19,63,21,18
20,22,7,18
21,86,85,18
22,30,43,18
23,11,83,18
24,4,30,18
25,24,85,18
26,68,18,18
27,91,89,18
28,42,24,18
29,12,8,18
30,48,4,18
31,50,79,18
32,65,58,18
33,30,9,18
34,87,8,18
35,94,86,18
36,10,23,18
37,47,4,18
38,28,45,18
39,78,58,18
40,59,97,18
41,68,90,18
42,7,85,18
43,31,48,18
1,73,91,19
2,77,5,19
3,93,70,19
4,88,42,19
5,75,53,19
6,95,53,19
7,17,75,19
8,43,25,19
9,2,97,19
10,57,45,19
11,15,12,19
12,62,73,19
13,64,77,19
14,81,62,19
15,16,4,19
16,1,70,19
17,99,26,19
18,98,52,19
19,64,20,19
20,22,6,19
21,86,85,19
22,29,43,19
23,10,84,19
24,3,31,19
25,25,85,19
26,69,19,19
27,91,89,19
28,44,24,19
29,13,9,19
30,47,5,19
31,50,78,19
32,64,59,19
33,31,10,19
34,86,9,19
35,94,87,19
36,11,22,19
37,47,3,19
38,29,46,19
39,79,57,19
40,60,97,19
41,68,90,19
42,8,86,19
43,31,49,19
1,73,92,20
2,78,5,20
3,93,70,20
4,89,43,20
5,75,52,20
6,94,54,20
7,18,75,20
8,43,24,20
9,1,96,20
10,57,45,20
11,15,13,20
12,62,73,20
13,64,77,20
14,81,62,20
15,16,3,20
16,0,70,20
17,99,26,20
18,97,53,20
19,65,20,20
20,23,7,20
21,86,86,20
22,30,42,20
23,10,85,20
24,2,31,20
25,24,85,20
26,70,18,20
27,90,90,20
28,44,23,20
29,14,10,20
30,48,4,20
31,50,78,20
32,63,59,20
33,32,11,20
34,87,8,20
35,95,86,20
36,11,23,20
37,46,4,20
38,28,47,20
39,78,56,20
40,60,97,20
41,69,89,20
42,7,85,20
43,30,50,20
1,73,92,21
2,77,5,21
3,94,71,21
4,88,43,21
5,76,52,21
6,94,53,21
7,17,74,21
8,42,23,21
9,1,96,21
10,57,44,21
11,16,14,21
12,63,72,21
13,64,78,21
14,82,63,21
15,16,3,21
16,0,71,21
17,99,25,21
18,98,52,21
19,66,21,21
20,24,6,21
21,86,85,21
22,31,43,21
23,10,86,21
24,3,32,21
25,23,84,21
26,69,18,21
27,89,90,21
28,43,22,21
29,14,10,21
30,47,3,21
31,51,77,21
32,64,58,21
33,33,11,21
34,88,7,21
35,95,85,21
36,10,22,21
37,46,5,21
38,29,47,21
39,77,57,21
40,59,98,21
41,69,89,21
42,6,85,21
43,30,51,21
1,74,93,22
2,76,5,22
3,94,72,22
4,89,42,22
5,76,53,22
6,95,53,22
7,16,73,22
8,41,23,22
9,1,97,22
10,57,43,22
11,16,13,22
12,64,71,22
13,63,78,22
14,83,62,22
15,16,3,22
16,1,71,22
17,98,25,22
18,97,52,22
19,65,22,22
20,24,7,22
21,85,85,22
22,31,42,22
23,10,86,22
24,4,32,22
25,22,85,22
26,69,19,22
27,90,89,22
28,42,21,22
29,15,10,22
30,46,3,22
31,50,76,22
32,65,59,22
33,32,12,22
34,89,6,22
35,96,85,22
36,10,22,22
37,47,4,22
38,29,47,22
39,77,57,22
40,60,99,22
41,69,89,22
42,7,84,22
43,31,50,22
1,74,94,23
2,75,5,23
3,95,71,23
4,90,42,23
5,77,54,23
6,94,52,23
7,16,74,23
8,40,22,23
9,0,97,23
10,56,43,23
11,17,14,23
12,65,72,23
13,63,77,23
14,83,62,23
15,16,3,23
16,2,71,23
17,99,26,23
18,96,53,23
19,64,22,23
20,23,7,23
21,86,84,23
22,30,41,23
23,10,87,23
24,5,31,23
25,22,86,23
26,69,18,23
27,89,90,23
28,43,21,23
29,15,10,23
30,47,3,23
31,50,76,23
32,65,60,23
33,32,11,23
34,90,7,23
35,97,86,23
36,11,21,23
37,48,4,23
38,28,46,23
39,78,57,23
40,60,98,23
41,69,89,23
42,8,84,23
43,31,50,23
1,75,93,24
2,76,5,24
3,94,71,24
4,89,41,24
5,78,54,24
6,93,52,24
7,15,75,24
8,40,22,24
9,0,97,24
10,57,42,24
11,17,15,24
12,64,72,24
13,63,78,24
14,83,63,24
15,16,2,24
16,2,71,24
17,99,27,24
18,97,53,24
19,64,23,24
20,22,8,24
21,85,83,24
22,31,42,24
23,9,86,24
24,5,32,24
25,21,87,24
26,68,18,24
27,88,91,24
28,43,21,24
29,15,10,24
30,47,4,24
31,51,77,24
32,64,61,24
33,32,10,24
34,91,7,24
35,97,87,24
36,10,21,24
37,48,3,24
38,27,45,24
39,79,56,24
40,59,97,24
41,68,89,24
42,7,85,24
43,31,49,24
1,76,92,25
2,77,6,25
3,95,72,25
4,89,42,25
5,77,53,25
6,94,53,25
7,15,75,25
8,40,22,25
9,1,98,25
10,56,41,25
11,16,14,25
12,64,73,25
13,64,79,25
14,83,63,25
15,16,2,25
16,1,72,25
17,99,26,25
18,98,54,25
19,65,22,25
20,21,9,25
21,84,82,25
22,30,43,25
23,10,86,25
24,6,33,25
25,21,87,25
26,69,19,25
27,88,92,25
28,43,20,25
29,16,11,25
30,46,5,25
31,50,77,25
32,64,60,25
33,33,11,25
34,90,8,25
35,97,87,25
36,11,21,25
37,48,4,25
38,28,44,25
39,79,56,25
40,60,98,25
41,67,88,25
42,6,84,25
43,30,48,25
1,77,93,26
2,77,6,26
3,96,73,26
4,89,41,26
5,77,52,26
6,95,53,26
7,16,76,26
8,40,23,26
9,2,97,26
10,56,41,26
11,16,15,26
12,65,73,26
13,65,79,26
14,82,63,26
15,15,2,26
16,2,71,26
17,99,27,26
18,99,53,26
19,64,21,26
20,22,9,26
21,83,81,26
22,31,43,26
23,11,87,26
24,7,34,26
25,20,86,26
26,68,18,26
27,89,92,26
28,43,20,26
29,15,11,26
30,47,5,26
31,49,76,26
32,65,61,26
33,32,12,26
34,91,7,26
35,98,86,26
36,11,22,26
37,48,5,26
38,28,45,26
39,79,56,26
40,60,98,26
41,66,88,26
42,5,85,26
43,29,48,26
1,76,94,27
2,78,6,27
3,97,73,27
4,90,42,27
5,77,52,27
6,96,52,27
7,15,77,27
8,40,22,27
9,2,98,27
10,55,41,27
11,16,14,27
12,65,72,27
13,64,80,27
14,83,64,27
15,15,2,27
16,1,72,27
17,99,26,27
18,99,54,27
19,64,22,27
20,22,8,27
21,84,82,27
22,32,43,27
23,10,88,27
24,6,35,27
25,19,87,27
26,69,19,27
27,88,92,27
28,42,19,27
29,15,10,27
30,48,6,27
31,48,77,27
32,65,61,27
33,33,12,27
34,91,6,27
35,97,87,27
36,12,23,27
37,48,5,27
38,28,46,27
39,79,55,27
40,59,98,27
41,67,89,27
42,6,84,27
43,30,49,27
1,77,93,28
2,77,5,28
3,96,72,28
4,90,42,28
5,76,52,28
6,97,52,28
7,15,78,28
8,39,22,28
9,2,98,28
10,54,40,28
11,15,15,28
12,66,73,28
13,65,80,28
14,84,63,28
15,14,1,28
16,2,71,28
17,98,25,28
18,99,53,28
19,65,22,28
20,22,7,28
21,84,81,28
22,33,44,28
23,9,88,28
24,5,35,28
25,18,86,28
26,68,18,28
27,87,91,28
28,43,18,28
29,16,11,28
30,49,6,28
31,49,78,28
32,64,60,28
33,34,13,28
34,90,7,28
35,96,86,28
36,13,22,28
37,48,6,28
38,28,46,28
39,78,56,28
40,59,98,28
41,66,90,28
42,6,84,28
43,31,50,28
1,76,94,29
2,76,4,29
3,97,72,29
4,91,42,29
5,77,52,29
6,97,53,29
7,15,77,29
8,40,23,29
9,1,98,29
10,53,41,29
11,16,14,29
12,66,74,29
13,64,80,29
14,84,62,29
15,13,0,29
16,2,70,29
17,99,26,29
18,98,54,29
19,65,22,29
20,22,8,29
21,83,80,29
22,34,43,29
23,10,89,29
24,4,35,29
25,19,86,29
26,68,17,29
27,88,91,29
28,44,18,29
29,15,11,29
30,50,7,29
31,50,79,29
32,65,59,29
33,35,12,29
34,90,7,29
35,97,86,29
36,12,21,29
37,48,6,29
38,28,46,29
39,77,55,29
40,60,97,29
41,67,91,29
42,7,84,29
43,31,49,29
1,76,94,30
2,75,5,30
3,96,72,30
4,91,43,30
5,77,53,30
6,99,54,30
7,15,78,30
8,39,22,30
9,1,99,30
10,54,41,30
11,15,14,30
12,66,75,30
13,65,79,30
14,85,61,30
15,14,1,30
16,1,69,30
17,98,27,30
18,97,53,30
19,65,23,30
20,22,7,30
21,83,80,30
22,35,44,30
23,11,90,30
24,5,35,30
25,19,86,30
26,69,18,30
27,88,92,30
28,44,19,30
29,15,10,30
30,51,7,30
31,50,80,30
32,64,58,30
33,35,11,30
34,91,7,30
35,97,87,30
36,12,20,30
37,49,5,30
38,27,46,30
39,76,56,30
40,59,96,30
41,68,92,30
42,8,84,30
43,32,49,30
1,77,94,31
2,75,5,31
3,95,71,31
4,91,44,31
5,77,54,31
6,98,55,31
7,14,77,31
8,38,21,31
9,2,99,31
10,55,42,31
11,16,14,31
12,65,76,31
13,64,78,31
14,84,61,31
15,15,2,31
16,0,68,31
17,97,27,31
18,97,53,31
19,65,23,31
20,21,8,31
21,82,79,31
22,35,44,31
23,12,89,31
24,6,36,31
25,18,87,31
26,68,17,31
27,88,91,31
28,43,18,31
29,16,9,31
30,51,6,31
31,51,81,31
32,63,58,31
33,35,10,31
34,91,7,31
35,98,87,31
36,12,21,31
37,50,5,31
38,27,47,31
39,77,57,31
40,60,96,31
41,67,92,31
42,9,85,31
43,33,49,31
1,76,95,32
2,76,5,32
3,94,70,32
4,91,44,32
5,77,55,32
6,98,56,32
7,14,78,32
8,38,20,32
9,2,98,32
10,54,41,32
11,17,13,32
12,65,77,32
13,65,78,32
14,84,60,32
15,16,3,32
16,1,68,32
17,97,28,32
18,98,52,32
19,64,22,32
20,21,8,32
21,82,79,32
22,36,45,32
23,12,90,32
24,7,35,32
25,19,88,32
26,67,16,32
27,88,92,32
28,43,17,32
29,17,9,32
30,52,5,32
31,52,80,32
32,63,58,32
33,36,9,32
34,90,6,32
35,99,86,32
36,12,21,32
37,51,5,32
38,27,46,32
39,76,56,32
40,59,95,32
41,66,92,32
42,8,84,32
43,32,48,32
1,76,96,33
2,75,4,33
3,93,71,33
4,90,45,33
5,77,56,33
6,99,57,33
7,13,77,33
8,39,20,33
9,2,97,33
10,53,40,33
11,16,13,33
12,65,77,33
13,64,78,33
14,84,61,33
15,17,3,33
16,1,69,33
17,98,27,33
18,97,52,33
19,64,23,33
20,22,8,33
21,81,79,33
22,36,45,33
23,11,90,33
24,8,35,33
25,20,89,33
26,67,17,33
27,88,91,33
28,42,18,33
29,16,10,33
30,52,4,33
31,52,81,33
32,63,59,33
33,36,10,33
34,90,7,33
35,99,86,33
36,12,20,33
37,50,5,33
38,28,45,33
39,78,56,33
40,60,96,33
41,67,91,33
42,9,84,33
43,31,49,33
1,77,95,34
2,75,4,34
3,92,71,34
4,91,45,34
5,77,56,34
6,98,57,34
7,13,77,34
8,40,21,34
9,1,98,34
10,53,39,34
11,15,14,34
12,64,77,34
13,63,79,34
14,83,62,34
15,18,4,34
16,0,70,34
17,99,27,34
18,98,53,34
19,63,23,34
20,21,8,34
21,80,78,34
22,36,46,34
23,12,90,34
24,7,36,34
25,21,89,34
26,66,16,34
27,89,92,34
28,42,18,34
29,17,10,34
30,53,3,34
31,53,82,34
32,62,58,34
33,37,9,34
34,91,6,34
35,99,86,34
36,12,21,34
37,49,5,34
38,29,45,34
39,78,57,34
40,61,96,34
41,66,91,34
42,10,84,34
43,31,50,34
1,78,95,35
2,74,4,35
3,93,72,35
4,92,44,35
5,78,56,35
6,97,58,35
7,13,76,35
8,40,22,35
9,0,97,35
10,54,39,35
11,15,15,35
12,64,77,35
13,64,80,35
14,82,63,35
15,18,3,35
16,0,69,35
17,99,27,35
18,98,52,35
19,63,24,35
20,21,9,35
21,80,79,35
22,36,45,35
23,12,90,35
24,8,37,35
25,22,89,35
26,67,17,35
27,90,92,35
28,43,19,35
29,17,9,35
30,52,2,35
31,53,81,35
32,63,59,35
33,37,10,35
34,91,7,35
35,98,86,35
36,12,21,35
37,49,4,35
38,30,45,35
39,77,58,35
40,62,97,35
41,67,90,35
42,9,84,35
43,30,49,35
1,77,94,36
2,73,5,36
3,94,73,36
4,92,43,36
5,78,57,36
6,98,57,36
7,13,77,36
8,41,23,36
9,0,97,36
10,55,40,36
11,15,15,36
12,63,78,36
13,64,80,36
14,82,64,36
15,17,3,36
16,1,70,36
17,98,26,36
18,99,52,36
19,62,24,36
20,20,8,36
21,79,78,36
22,36,44,36
23,12,90,36
24,9,36,36
25,23,90,36
26,66,18,36
27,90,91,36
28,44,18,36
29,17,8,36
30,52,2,36
31,52,80,36
32,64,60,36
33,37,11,36
34,92,6,36
35,97,86,36
36,11,20,36
37,49,4,36
38,31,46,36
39,76,59,36
40,62,96,36
41,66,89,36
42,9,83,36
43,29,48,36
1,77,95,37
2,72,4,37
3,95,72,37
4,91,42,37
5,79,57,37
6,98,57,37
7,12,76,37
8,40,22,37
9,0,96,37
10,56,40,37
11,14,16,37
12,63,77,37
13,65,80,37
14,82,63,37
15,16,2,37
16,0,70,37
17,98,26,37
18,98,53,37
19,61,23,37
20,20,7,37
21,79,78,37
22,36,44,37
23,11,90,37
24,10,35,37
25,23,91,37
26,66,18,37
27,91,90,37
28,44,18,37
29,18,7,37
30,51,2,37
31,53,79,37
32,65,59,37
33,38,11,37
34,92,6,37
35,96,86,37
36,10,21,37
37,49,3,37
38,30,45,37
39,75,58,37
40,62,97,37
41,65,88,37
42,8,84,37
43,28,49,37
1,77,96,38
2,73,5,38
3,95,73,38
4,90,42,38
5,78,56,38
6,98,56,38
7,13,77,38
8,41,22,38
9,0,96,38
10,56,41,38
11,15,15,38
12,64,76,38
13,65,81,38
14,82,64,38
15,17,3,38
16,0,71,38
17,97,25,38
18,97,53,38
19,62,22,38
20,20,6,38
21,78,77,38
22,37,44,38
23,11,91,38
24,11,36,38
25,22,91,38
26,67,18,38
27,91,89,38
28,45,18,38
29,19,7,38
30,52,3,38
31,53,80,38
32,64,58,38
33,38,12,38
34,92,6,38
35,95,87,38
36,9,20,38
37,50,3,38
38,31,45,38
39,75,58,38
40,61,98,38
41,64,87,38
42,9,84,38
43,29,48,38
1,77,96,39
2,72,6,39
3,95,74,39
4,91,43,39
5,78,56,39
6,97,55,39
7,14,76,39
8,40,21,39
9,1,95,39
10,57,41,39
11,15,15,39
12,65,75,39
13,65,81,39
14,81,64,39
15,16,3,39
16,1,70,39
17,98,26,39
18,98,54,39
19,61,21,39
20,19,8,39
21,78,77,39
22,38,45,39
23,11,90,39
24,10,37,39
25,22,90,39
26,68,18,39
27,90,89,39
28,45,18,39
29,19,6,39
30,53,2,39
31,52,79,39
32,63,59,39
33,39,13,39
34,91,7,39
35,95,88,39
36,9,20,39
37,51,2,39
38,31,44,39
39,76,58,39
40,61,97,39
41,63,88,39
42,9,84,39
43,28,47,39
1,76,95,40
2,73,5,40
3,94,74,40
4,90,44,40
5,79,57,40
6,98,56,40
7,15,77,40
8,41,22,40
9,0,95,40
10,56,41,40
11,14,16,40
12,64,75,40
13,65,81,40
14,81,63,40
15,17,2,40
16,1,69,40
17,98,27,40
18,98,54,40
19,61,21,40
20,19,7,40
21,77,77,40
22,37,44,40
23,12,90,40
24,11,37,40
25,23,89,40
26,68,17,40
27,89,90,40
28,46,18,40
29,18,5,40
30,53,2,40
31,52,80,40
32,64,59,40
33,39,12,40
34,92,6,40
35,94,89,40
36,10,21,40
37,50,3,40
38,31,45,40
39,77,58,40
40,62,96,40
41,64,89,40
42,10,84,40
43,28,47,40
1,75,94,41
2,73,6,41
3,93,75,41
4,89,45,41
5,79,58,41
6,98,57,41
7,14,78,41
8,41,21,41
9,0,95,41
10,57,41,41
11,14,17,41
12,64,76,41
13,64,81,41
14,82,64,41
15,16,3,41
16,1,69,41
17,97,28,41
18,97,55,41
19,61,21,41
20,19,8,41
21,78,76,41
22,36,44,41
23,11,89,41
24,11,38,41
25,23,89,41
26,67,16,41
27,88,90,41
28,47,17,41
29,18,6,41
30,54,2,41
31,51,79,41
32,64,60,41
33,38,13,41
34,91,6,41
35,95,90,41
36,10,21,41
37,49,3,41
38,31,44,41
39,77,57,41
40,62,95,41
41,65,90,41
42,11,84,41
43,29,47,41
1,74,94,42
2,74,6,42
3,93,76,42
4,89,44,42
5,78,57,42
6,97,56,42
7,13,78,42
8,40,20,42
9,0,95,42
10,58,40,42
11,13,18,42
12,65,76,42
13,65,80,42
14,83,64,42
15,17,3,42
16,1,68,42
17,98,29,42
18,96,54,42
19,62,21,42
20,20,9,42
21,78,75,42
22,37,43,42
23,10,88,42
24,10,39,42
25,24,88,42
26,67,15,42
27,88,89,42
28,47,18,42
29,19,6,42
30,54,3,42
31,52,80,42
32,65,60,42
33,37,13,42
34,92,5,42
35,94,89,42
36,9,22,42
37,48,4,42
38,31,45,42
39,77,58,42
40,62,94,42
41,66,89,42
42,10,85,42
43,28,48,42
1,74,94,43
2,75,5,43
3,93,75,43
4,88,45,43
5,79,57,43
6,96,55,43
7,14,77,43
8,41,21,43
9,1,96,43
10,57,41,43
11,14,19,43
12,66,77,43
13,66,81,43
14,83,63,43
15,17,3,43
16,2,69,43
17,97,29,43
18,96,54,43
19,62,22,43
20,21,8,43
21,78,76,43
22,38,44,43
23,9,87,43
24,11,38,43
25,24,89,43
26,68,15,43
27,89,90,43
28,47,18,43
29,19,5,43
30,54,3,43
31,53,79,43
32,64,61,43
33,36,14,43
34,93,5,43
35,95,88,43
36,9,23,43
37,47,5,43
38,31,44,43
39,78,58,43
40,62,95,43
41,67,90,43
42,10,85,43
43,28,49,43
1,74,94,44
2,75,4,44
3,92,76,44
4,87,45,44
5,77,57,44
6,97,54,44
7,15,76,44
8,41,22,44
9,0,97,44
10,56,41,44
11,13,18,44
12,66,77,44
13,66,80,44
14,83,64,44
15,17,2,44
16,1,69,44
17,97,28,44
18,96,54,44
19,61,23,44
20,22,7,44
21,79,77,44
22,39,43,44
23,8,86,44
24,10,37,44
25,24,89,44
26,68,14,44
27,90,89,44
28,47,17,44
29,19,6,44
30,54,4,44
31,52,79,44
32,63,60,44
33,37,15,44
34,93,5,44
35,95,88,44
36,9,23,44
37,48,4,44
38,30,43,44
39,78,58,44
40,62,95,44
41,68,91,44
42,11,86,44
43,29,48,44
1,75,94,45
2,76,4,45
3,92,75,45
4,88,45,45
5,78,57,45
6,95,53,45
7,15,76,45
8,42,21,45
9,0,97,45
10,55,42,45
11,14,17,45
12,67,77,45
13,65,79,45
14,83,64,45
15,16,3,45
16,2,68,45
17,96,27,45
18,96,53,45
19,62,22,45
20,23,8,45
21,78,76,45
22,39,43,45
23,9,86,45
24,9,38,45
25,24,88,45
26,67,15,45
27,89,90,45
28,46,17,45
29,20,5,45
30,55,5,45
31,53,78,45
32,63,59,45
33,36,16,45
34,94,4,45
35,95,89,45
36,8,24,45
37,47,3,45
38,31,43,45
39,78,59,45
40,61,96,45
41,68,91,45
42,11,87,45
43,30,49,45
1,74,94,46
2,75,3,46
3,91,74,46
4,87,46,46
5,78,58,46
6,97,54,46
7,15,77,46
8,42,21,46
9,1,96,46
10,55,41,46
11,13,18,46
12,66,78,46
13,64,78,46
14,84,64,46
15,16,2,46
16,3,67,46
17,96,26,46
18,95,53,46
19,63,23,46
20,23,9,46
21,78,75,46
22,38,42,46
23,9,87,46
24,8,37,46
25,23,87,46
26,66,16,46
27,90,90,46
28,45,18,46
29,21,5,46
30,55,6,46
31,52,78,46
32,62,59,46
33,37,16,46
34,93,4,46
35,95,90,46
36,8,23,46
37,48,2,46
38,32,44,46
39,77,60,46
40,61,96,46
41,69,91,46
42,10,87,46
43,29,49,46
1,75,94,47
2,76,2,47
3,90,74,47
4,87,45,47
5,78,57,47
6,96,54,47
7,15,77,47
8,41,21,47
9,2,97,47
10,54,40,47
11,14,17,47
12,67,79,47
13,63,78,47
14,83,65,47
15,17,2,47
16,3,67,47
17,96,27,47
18,96,52,47
19,62,22,47
20,22,8,47
21,77,75,47
22,39,42,47
23,8,88,47
24,9,38,47
25,23,86,47
26,65,17,47
27,90,89,47
28,44,18,47
29,20,5,47
30,55,5,47
31,52,79,47
32,62,59,47
33,36,15,47
34,92,4,47
35,96,91,47
36,9,23,47
37,48,1,47
38,31,45,47
39,76,59,47
40,61,95,47
41,70,92,47
42,10,87,47
43,30,48,47
1,75,95,48
2,76,3,48
3,89,73,48
4,86,45,48
5,78,58,48
6,97,53,48
7,15,78,48
8,42,20,48
9,1,96,48
10,54,39,48
11,14,16,48
12,66,80,48
13,62,77,48
14,84,65,48
15,18,1,48
16,2,67,48
17,97,27,48
18,96,52,48
19,62,23,48
20,21,9,48
21,78,75,48
22,39,41,48
23,9,87,48
24,9,39,48
25,23,86,48
26,64,17,48
27,89,88,48
28,44,18,48
29,19,4,48
30,55,4,48
31,52,79,48
32,61,59,48
33,37,15,48
34,93,4,48
35,96,91,48
36,8,24,48
37,48,2,48
38,32,44,48
39,77,60,48
40,60,95,48
41,70,93,48
42,10,86,48
43,30,48,48
1,75,96,49
2,77,3,49
3,89,72,49
4,86,46,49
5,78,58,49
6,98,52,49
7,15,77,49
8,42,21,49
9,1,95,49
10,54,39,49
11,14,15,49
12,65,80,49
13,62,77,49
14,84,65,49
15,19,1,49
16,2,67,49
17,98,28,49
18,95,52,49
19,63,24,49
20,21,10,49
21,79,74,49
22,39,41,49
23,8,86,49
24,10,38,49
25,22,87,49
26,64,18,49
27,88,89,49
28,43,18,49
29,19,4,49
30,54,3,49
31,53,79,49
32,61,60,49
33,36,16,49
34,94,5,49
35,95,92,49
36,8,23,49
37,47,1,49
38,33,45,49
39,77,61,49
40,60,95,49
41,69,92,49
42,10,87,49
43,30,48,49
1,74,97,50
2,76,4,50
3,90,71,50
4,86,47,50
5,77,59,50
6,97,51,50
7,15,76,50
8,43,20,50
9,1,95,50
10,53,39,50
11,14,14,50
12,66,79,50
13,61,78,50
14,83,66,50
15,20,1,50
16,1,68,50
17,97,29,50
18,94,52,50
19,64,23,50
20,22,9,50
21,79,74,50
22,38,40,50
23,9,85,50
24,10,39,50
25,21,88,50
26,64,18,50
27,89,89,50
28,44,17,50
29,20,5,50
30,54,3,50
31,52,78,50
32,62,60,50
33,35,16,50
34,93,5,50
35,96,92,50
36,8,22,50
37,47,0,50
38,33,46,50
39,77,61,50
40,59,95,50
41,70,92,50
42,11,88,50
43,30,48,50
1,73,96,51
2,76,4,51
3,89,71,51
4,87,47,51
5,76,60,51
6,97,51,51
7,14,77,51
8,42,19,51
9,1,96,51
10,53,38,51
11,13,14,51
12,66,79,51
13,60,78,51
14,82,67,51
15,19,2,51
16,0,68,51
17,98,28,51
18,93,53,51
19,64,23,51
20,22,9,51
21,80,74,51
22,38,41,51
23,9,84,51
24,11,39,51
25,20,89,51
26,63,19,51
27,90,90,51
28,44,18,51
29,21,5,51
30,55,4,51
31,53,78,51
32,61,60,51
33,35,16,51
34,92,5,51
35,96,91,51
36,7,22,51
37,46,1,51
38,34,46,51
39,77,61,51
40,58,94,51
41,71,92,51
42,12,89,51
43,29,49,51
1,72,97,52
2,75,5,52
3,88,71,52
4,86,48,52
5,77,59,52
6,98,51,52
7,15,78,52
8,43,19,52
9,1,95,52
10,52,37,52
11,14,14,52
12,65,78,52
13,59,78,52
14,83,66,52
15,18,3,52
16,1,67,52
17,99,28,52
18,93,54,52
19,65,23,52
20,21,10,52
21,79,75,52
22,37,40,52
23,9,83,52
24,10,38,52
25,21,89,52
26,64,20,52
27,90,90,52
28,44,19,52
29,21,6,52
30,54,4,52
31,53,77,52
32,61,60,52
33,36,16,52
34,91,5,52
35,97,92,52
36,8,22,52
37,46,2,52
38,35,47,52
39,76,62,52
40,58,95,52
41,72,92,52
42,12,88,52
43,29,49,52
1,72,97,53
2,76,6,53
3,87,72,53
4,86,47,53
5,76,59,53
6,98,50,53
7,16,78,53
8,42,20,53
9,0,94,53
10,51,38,53
11,14,14,53
12,64,78,53
13,58,77,53
14,83,66,53
15,19,2,53
16,1,67,53
17,99,28,53
18,94,54,53
19,64,22,53
20,22,9,53
21,78,75,53
22,37,39,53
23,9,84,53
24,11,39,53
25,20,90,53
26,63,19,53
27,90,91,53
28,43,19,53
29,20,6,53
30,53,4,53
31,52,76,53
32,62,60,53
33,37,15,53
34,91,6,53
35,96,93,53
36,8,22,53
37,46,2,53
38,36,46,53
39,76,62,53
40,57,96,53
41,71,93,53
42,13,88,53
43,30,50,53
1,73,97,54
2,76,5,54
3,87,72,54
4,86,47,54
5,77,60,54
6,99,49,54
7,15,78,54
8,42,21,54
9,1,95,54
10,50,37,54
11,13,13,54
12,65,79,54
13,59,77,54
14,84,66,54
15,18,1,54
16,0,66,54
17,99,29,54
18,93,55,54
19,65,22,54
20,22,9,54
21,79,76,54
22,37,39,54
23,8,84,54
24,12,40,54
25,19,91,54
26,63,18,54
27,89,92,54
28,43,18,54
29,19,5,54
30,52,5,54
31,52,77,54
32,61,60,54
33,37,15,54
34,90,7,54
35,97,92,54
36,7,22,54
37,45,3,54
38,35,46,54
39,75,63,54
40,57,96,54
41,72,94,54
42,13,87,54
43,29,51,54
1,74,98,55
2,76,5,55
3,86,73,55
4,86,46,55
5,78,61,55
6,98,50,55
7,15,77,55
8,41,20,55
9,1,94,55
10,50,38,55
11,14,14,55
12,64,79,55
13,59,77,55
14,83,65,55
15,18,1,55
16,1,67,55
17,99,28,55
18,94,55,55
19,65,23,55
20,22,8,55
21,80,77,55
22,38,38,55
23,7,83,55
24,13,39,55
25,19,92,55
26,64,18,55
27,90,91,55
28,43,18,55
29,18,5,55
30,53,5,55
31,52,77,55
32,61,61,55
33,38,16,55
34,90,6,55
35,96,92,55
36,6,23,55
37,46,4,55
38,34,46,55
39,76,62,55
40,56,95,55
41,71,95,55
42,14,86,55
43,30,52,55
1,75,98,56
2,76,4,56
3,87,72,56
4,86,45,56
5,78,62,56
6,98,51,56
7,14,78,56
8,41,19,56
9,1,93,56
10,49,38,56
11,14,15,56
12,64,80,56
13,60,76,56
14,84,64,56
15,19,2,56
16,0,67,56
17,99,29,56
18,94,55,56
19,66,22,56
20,22,7,56
21,80,77,56
22,39,38,56
23,8,82,56
24,14,38,56
25,20,92,56
26,65,18,56
27,90,91,56
28,42,18,56
29,17,4,56
30,52,4,56
31,53,77,56
32,62,60,56
33,39,17,56
34,91,7,56
35,97,92,56
36,6,24,56
37,46,3,56
38,34,47,56
39,75,62,56
40,55,96,56
41,71,94,56
42,15,86,56
43,31,52,56
1,75,98,57
2,77,3,57
3,88,71,57
4,86,45,57
5,77,61,57
6,98,50,57
7,15,77,57
8,41,19,57
9,0,94,57
10,50,37,57
11,14,15,57
12,63,81,57
13,59,75,57
14,83,65,57
15,20,3,57
16,1,68,57
17,98,30,57
18,95,54,57
19,67,23,57
20,22,6,57
21,81,78,57
22,38,37,57
23,7,83,57
24,13,37,57
25,21,91,57
26,66,18,57
27,90,91,57
28,43,18,57
29,18,5,57
30,52,3,57
31,53,78,57
32,61,59,57
33,38,17,57
34,90,7,57
35,97,92,57
36,5,24,57
37,45,4,57
38,34,47,57
39,75,62,57
40,56,95,57
41,72,95,57
42,15,86,57
43,31,52,57
1,76,97,58
2,77,3,58
3,88,70,58
4,86,45,58
5,78,62,58
6,98,50,58
7,16,78,58
8,41,18,58
9,1,94,58
10,50,37,58
11,13,14,58
12,63,81,58
13,59,74,58
14,84,65,58
15,19,2,58
16,2,68,58
17,99,30,58
18,96,55,58
19,68,23,58
20,22,6,58
21,82,78,58
22,37,38,58
23,6,83,58
24,14,36,58
25,22,91,58
26,66,19,58
27,91,92,58
28,43,19,58
29,18,5,58
30,51,2,58
31,52,79,58
32,62,58,58
33,37,17,58
34,91,8,58
35,97,93,58
36,4,25,58
37,45,5,58
38,35,48,58
39,74,63,58
40,56,96,58
41,72,96,58
42,16,85,58
43,30,52,58
1,77,98,59
2,77,4,59
3,89,71,59
4,85,45,59
5,79,61,59
6,97,51,59
7,17,78,59
8,40,17,59
9,1,94,59
10,49,36,59
11,12,13,59
12,63,81,59
13,59,73,59
14,85,64,59
15,19,3,59
16,2,69,59
17,99,31,59
18,95,54,59
19,69,22,59
20,23,7,59
21,82,77,59
22,36,38,59
23,5,82,59
24,15,35,59
25,21,92,59
26,65,20,59
27,91,92,59
28,43,18,59
29,18,6,59
30,51,3,59
31,51,80,59
32,62,58,59
33,36,18,59
34,90,7,59
35,96,93,59
36,3,24,59
37,45,5,59
38,36,47,59
39,73,64,59
40,56,95,59
41,73,95,59
42,15,85,59
43,31,53,59
1,76,97,60
2,76,5,60
3,88,71,60
4,86,45,60
5,79,62,60
6,96,52,60
7,16,78,60
8,39,16,60
9,0,95,60
10,48,35,60
11,11,12,60
12,64,81,60
13,59,74,60
14,85,65,60
15,18,2,60
16,3,70,60
17,98,32,60
18,96,55,60
19,68,21,60
20,23,7,60
21,82,78,60
22,36,37,60
23,4,82,60
24,15,35,60
25,22,93,60
26,64,20,60
27,92,93,60
28,43,18,60
29,17,7,60
30,51,2,60
31,52,79,60
32,62,58,60
33,37,17,60
34,91,8,60
35,95,94,60
36,4,23,60
37,44,5,60
38,35,47,60
39,72,63,60
40,57,96,60
41,74,96,60
42,14,85,60
43,30,53,60
1,76,97,61
2,76,4,61
3,87,72,61
4,86,45,61
5,78,61,61
6,96,53,61
7,15,78,61
8,38,17,61
9,0,94,61
10,49,34,61
11,12,11,61
12,63,81,61
13,58,73,61
14,86,66,61
15,18,1,61
16,2,70,61
17,97,31,61
18,97,54,61
19,68,20,61
20,23,6,61
21,82,77,61
22,35,38,61
23,4,81,61
24,16,36,61
25,22,93,61
26,64,20,61
27,91,94,61
28,43,17,61
29,16,7,61
30,51,2,61
31,52,79,61
32,63,57,61
33,37,16,61
34,92,7,61
35,96,93,61
36,4,23,61
37,44,6,61
38,34,47,61
39,73,62,61
40,56,95,61
41,75,97,61
42,13,85,61
43,31,53,61
1,77,98,62
2,75,4,62
3,87,71,62
4,85,46,62
5,78,60,62
6,95,52,62
7,15,78,62
8,38,17,62
9,0,95,62
10,49,34,62
11,11,10,62
12,62,81,62
13,57,74,62
14,87,66,62
15,18,0,62
16,3,71,62
17,97,30,62
18,97,53,62
19,69,20,62
20,24,7,62
21,83,76,62
22,34,37,62
23,4,80,62
24,15,37,62
25,22,94,62
26,63,19,62
27,90,95,62
28,43,18,62
29,15,6,62
30,51,3,62
31,51,80,62
32,63,56,62
33,36,15,62
34,92,7,62
35,97,93,62
36,4,24,62
37,45,7,62
38,33,48,62
39,73,61,62
40,57,96,62
41,75,97,62
42,12,85,62
43,30,53,62
1,76,99,63
2,74,4,63
3,86,72,63
4,84,47,63
5,78,60,63
6,96,53,63
7,14,79,63
8,38,17,63
9,0,94,63
10,49,34,63
11,12,11,63
12,61,80,63
13,57,75,63
14,86,67,63
15,17,1,63
16,4,71,63
17,97,31,63
18,96,52,63
19,68,19,63
20,24,8,63
21,82,77,63
22,33,38,63
23,5,81,63
24,15,37,63
25,23,93,63
26,62,19,63
27,90,96,63
28,44,19,63
29,14,7,63
30,52,4,63
31,50,81,63
32,63,55,63
33,36,16,63
34,92,7,63
35,98,94,63
36,4,25,63
37,46,7,63
38,33,49,63
39,72,62,63
40,56,95,63
41,74,98,63
42,11,85,63
43,30,54,63
1,76,99,64
2,73,5,64
3,87,73,64
4,83,48,64
5,79,59,64
6,97,54,64
7,15,78,64
8,39,16,64
9,0,94,64
10,48,35,64
11,13,11,64
12,62,80,64
13,56,76,64
14,86,67,64
15,16,2,64
16,5,71,64
17,96,32,64
18,96,52,64
19,67,20,64
20,23,7,64
21,83,77,64
22,32,39,64
23,4,82,64
24,14,37,64
25,22,93,64
26,62,19,64
27,91,97,64
28,43,18,64
29,13,7,64
30,52,3,64
31,51,81,64
32,62,55,64
33,35,16,64
34,91,6,64
35,98,93,64
36,3,25,64
37,46,6,64
38,34,49,64
39,73,61,64
40,56,96,64
41,75,98,64
42,11,84,64
43,31,53,64
1,77,98,65
2,72,4,65
3,87,74,65
4,82,48,65
5,80,60,65
6,97,54,65
7,14,79,65
8,39,16,65
9,0,95,65
10,47,35,65
11,13,12,65
12,62,79,65
13,55,76,65
14,86,67,65
15,15,1,65
16,4,70,65
17,97,31,65
18,97,51,65
19,66,21,65
20,23,7,65
21,83,77,65
22,32,39,65
23,3,81,65
24,15,38,65
25,21,93,65
26,62,19,65
27,90,96,65
28,44,17,65
29,12,7,65
30,52,2,65
31,52,80,65
32,62,54,65
33,35,17,65
34,91,7,65
35,98,94,65
36,2,24,65
37,46,6,65
38,34,49,65
39,74,60,65
40,55,97,65
41,76,99,65
42,10,85,65
43,32,54,65
1,77,98,66
2,71,5,66
3,88,73,66
4,82,48,66
5,79,59,66
6,98,54,66
7,15,79,66
8,40,17,66
9,1,95,66
10,48,35,66
11,14,13,66
12,62,79,66
13,56,75,66
14,85,66,66
15,16,2,66
16,5,70,66
17,96,31,66
18,97,50,66
19,66,21,66
20,24,7,66
21,82,77,66
22,32,38,66
23,2,80,66
24,16,39,66
25,20,92,66
26,63,19,66
27,89,97,66
28,43,17,66
29,11,7,66
30,52,1,66
31,53,81,66
32,61,54,66
33,35,17,66
34,90,8,66
35,98,93,66
36,3,25,66
37,45,5,66
38,33,49,66
39,75,60,66
40,55,96,66
41,75,99,66
42,10,85,66
43,33,54,66
1,76,99,67
2,71,5,67
3,87,73,67
4,82,49,67
5,79,58,67
6,98,54,67
7,15,78,67
8,40,17,67
9,1,95,67
10,49,35,67
11,15,14,67
12,61,78,67
13,55,75,67
14,84,65,67
15,17,3,67
16,4,70,67
17,95,30,67
18,98,51,67
19,67,20,67
20,25,6,67
21,82,77,67
22,31,39,67
23,1,80,67
24,15,38,67
25,21,91,67
26,62,19,67
27,89,97,67
28,43,16,67
29,12,8,67
30,52,2,67
31,54,80,67
32,61,54,67
33,34,17,67
34,89,8,67
35,98,94,67
36,2,24,67
37,46,5,67
38,34,48,67
39,74,59,67
40,56,97,67
41,75,98,67
42,10,85,67
43,32,55,67
1,76,98,68
2,70,5,68
3,87,74,68
4,81,48,68
5,79,58,68
6,98,54,68
7,16,78,68
8,39,17,68
9,0,95,68
10,49,34,68
11,15,13,68
12,62,78,68
13,55,75,68
14,83,65,68
15,17,3,68
16,3,70,68
17,96,30,68
18,99,50,68
19,66,19,68
20,25,6,68
21,81,76,68
22,32,39,68
23,0,81,68
24,14,38,68
25,20,91,68
26,63,18,68
27,89,96,68
28,42,15,68
29,13,9,68
30,53,1,68
31,54,80,68
32,61,55,68
33,33,18,68
34,89,9,68
35,97,95,68
36,2,25,68
37,46,5,68
38,35,47,68
39,74,59,68
40,57,97,68
41,76,99,68
42,11,84,68
43,31,55,68
1,77,97,69
2,69,5,69
3,87,73,69
4,80,47,69
5,78,58,69
6,99,55,69
7,17,78,69
8,39,17,69
9,1,96,69
10,48,34,69
11,15,12,69
12,63,79,69
13,56,75,69
14,84,64,69
15,16,2,69
16,3,69,69
17,96,29,69
18,98,49,69
19,67,19,69
20,26,7,69
21,80,76,69
22,32,38,69
23,0,81,69
24,14,37,69
25,21,92,69
26,63,19,69
27,90,96,69
28,41,15,69
29,14,8,69
30,52,0,69
31,54,80,69
32,62,54,69
33,34,17,69
34,88,8,69
35,97,96,69
36,2,24,69
37,45,4,69
38,36,48,69
39,75,58,69
40,58,98,69
41,76,99,69
42,12,84,69
43,30,54,69
1,76,97,70
2,69,6,70
3,87,72,70
4,80,48,70
5,79,59,70
6,98,54,70
7,16,79,70
8,39,16,70
9,1,96,70
10,48,35,70
11,16,13,70
12,63,78,70
13,56,76,70
14,85,63,70
15,16,3,70
16,2,69,70
17,96,29,70
18,97,50,70
19,68,20,70
20,26,7,70
21,81,77,70
22,33,38,70
23,0,80,70
24,15,36,70
25,21,91,70
26,62,19,70
27,91,97,70
28,42,15,70
29,15,7,70
30,52,0,70
31,55,80,70
32,62,53,70
33,35,17,70
34,89,9,70
35,98,95,70
36,3,25,70
37,46,4,70
38,37,49,70
39,75,59,70
40,57,98,70
41,76,99,70
42,13,83,70
43,30,54,70
1,75,97,71
2,70,5,71
3,86,72,71
4,81,48,71
5,78,59,71
6,98,54,71
7,17,79,71
8,40,17,71
9,0,97,71
10,49,35,71
11,16,14,71
12,63,79,71
13,57,75,71
14,85,62,71
15,16,4,71
16,2,70,71
17,96,29,71
18,97,50,71
19,69,21,71
20,25,8,71
21,80,76,71
22,34,38,71
23,0,79,71
24,14,37,71
25,21,90,71
26,63,19,71
27,90,97,71
28,41,14,71
29,16,8,71
30,53,0,71
31,56,79,71
32,62,52,71
33,34,17,71
34,89,9,71
35,99,96,71
36,3,25,71
37,45,5,71
38,38,50,71
39,76,59,71
40,57,98,71
41,76,99,71
42,14,84,71
43,30,53,71
1,76,97,72
2,70,4,72
3,86,72,72
4,81,49,72
5,79,60,72
6,99,53,72
7,16,80,72
8,41,16,72
9,0,96,72
10,48,34,72
11,17,14,72
12,63,80,72
13,56,74,72
14,86,61,72
15,17,4,72
16,2,71,72
17,95,28,72
18,98,49,72
19,68,20,72
20,25,8,72
21,80,77,72
22,34,38,72
23,0,80,72
24,14,36,72
25,21,89,72
26,63,19,72
27,89,96,72
28,42,14,72
29,17,8,72
30,54,1,72
31,55,80,72
32,62,53,72
33,34,17,72
34,88,10,72
35,99,97,72
36,4,26,72
37,46,5,72
38,37,51,72
39,76,58,72
40,57,98,72
41,75,98,72
42,15,84,72
43,30,52,72
1,76,99,73
2,70,5,73
3,85,72,73
4,81,48,73
5,78,59,73
6,98,53,73
7,17,80,73
8,41,17,73
9,0,95,73
10,48,34,73
11,16,14,73
12,62,79,73
13,57,74,73
14,86,62,73
15,17,5,73
16,1,72,73
17,95,27,73
18,97,48,73
19,68,20,73
20,26,8,73
21,80,78,73
22,35,38,73
23,0,79,73
24,13,35,73
25,22,88,73
26,63,20,73
27,88,95,73
28,41,15,73
29,18,9,73
30,54,2,73
31,55,79,73
32,63,53,73
33,35,18,73
34,89,9,73
35,98,98,73
36,3,27,73
37,46,5,73
38,36,50,73
39,77,59,73
40,58,98,73
41,75,98,73
42,15,85,73
43,29,52,73
1,77,99,74
2,71,6,74
3,84,71,74
4,81,48,74
5,77,58,74
6,97,54,74
7,18,79,74
8,41,16,74
9,1,94,74
10,49,33,74
11,15,13,74
12,61,78,74
13,56,74,74
14,86,62,74
15,17,6,74
16,1,71,74
17,94,26,74
18,97,48,74
19,67,19,74
20,27,9,74
21,79,79,74
22,34,39,74
23,0,80,74
24,12,34,74
25,22,88,74
26,62,19,74
27,89,96,74
28,42,14,74
29,17,9,74
30,55,3,74
31,54,78,74
32,62,52,74
33,34,18,74
34,90,10,74
35,97,98,74
36,4,27,74
37,46,6,74
38,37,51,74
39,77,60,74
40,59,97,74
41,74,99,74
42,16,84,74
43,30,53,74
1,77,98,75
2,72,5,75
3,85,70,75
4,80,49,75
5,76,58,75
6,98,55,75
7,17,79,75
8,41,16,75
9,0,95,75
10,50,34,75
11,14,13,75
12,61,78,75
13,55,73,75
14,87,62,75
15,18,7,75
16,0,72,75
17,93,26,75
18,97,49,75
19,68,20,75
20,27,8,75
21,80,78,75
22,35,39,75
23,0,81,75
24,11,35,75
25,21,88,75
26,63,20,75
27,89,95,75
28,43,15,75
29,18,8,75
30,54,2,75
31,53,77,75
32,63,51,75
33,33,18,75
34,91,10,75
35,98,98,75
36,5,28,75
37,46,6,75
38,38,52,75
39,78,60,75
40,59,96,75
41,73,99,75
42,16,83,75
43,29,52,75
1,78,99,76
2,71,6,76
3,86,70,76
4,79,49,76
5,76,59,76
6,98,55,76
7,18,80,76
8,40,16,76
9,1,96,76
10,49,34,76
11,15,12,76
12,61,78,76
13,55,73,76
14,86,62,76
15,17,8,76
16,0,72,76
17,94,25,76
18,98,50,76
19,68,20,76
20,28,7,76
21,79,77,76
22,35,39,76
23,1,80,76
24,10,34,76
25,21,87,76
26,62,19,76
27,90,94,76
28,42,15,76
29,19,7,76
30,55,2,76
31,53,78,76
32,64,52,76
33,33,17,76
34,92,11,76
35,98,97,76
36,6,27,76
37,46,6,76
38,39,52,76
39,77,61,76
40,60,96,76
41,74,98,76
42,15,83,76
43,28,53,76
1,79,98,77
2,70,7,77
3,86,69,77
4,80,50,77
5,77,58,77
6,97,54,77
7,18,80,77
8,40,16,77
9,1,97,77
10,50,34,77
11,16,12,77
12,61,79,77
13,54,73,77
14,87,61,77
15,17,9,77
16,0,72,77
17,93,24,77
18,99,51,77
19,68,20,77
20,28,8,77
21,80,78,77
22,34,39,77
23,0,80,77
24,9,34,77
25,20,87,77
26,61,20,77
27,91,93,77
28,42,14,77
29,20,7,77
30,56,3,77
31,53,77,77
32,64,52,77
33,34,18,77
34,91,11,77
35,97,98,77
36,7,26,77
37,47,5,77
38,39,53,77
39,78,61,77
40,61,95,77
41,75,98,77
42,14,82,77
43,27,54,77
1,78,98,78
2,71,8,78
3,86,70,78
4,81,49,78
5,76,59,78
6,98,54,78
7,17,79,78
8,40,16,78
9,2,96,78
10,49,33,78
11,16,12,78
12,60,78,78
13,53,72,78
14,86,61,78
15,17,9,78
16,0,73,78
17,93,25,78
18,98,52,78
19,69,20,78
20,28,9,78
21,81,79,78
22,35,38,78
23,1,80,78
24,10,35,78
25,19,88,78
26,60,19,78
27,90,92,78
28,43,13,78
29,21,7,78
30,56,4,78
31,52,78,78
32,64,52,78
33,33,19,78
34,92,10,78
35,97,97,78
36,8,25,78
37,47,6,78
38,39,53,78
39,77,61,78
40,61,94,78
41,76,99,78
42,14,81,78
43,26,53,78
1,79,97,79
2,70,8,79
3,86,69,79
4,81,48,79
5,75,60,79
6,99,55,79
7,16,79,79
8,40,15,79
9,2,97,79
10,49,32,79
11,16,11,79
12,59,77,79
13,54,73,79
14,85,60,79
15,18,9,79
16,0,72,79
17,94,24,79
18,98,53,79
19,69,19,79
20,28,10,79
21,80,79,79
22,35,37,79
23,1,80,79
24,10,36,79
25,19,87,79
26,59,18,79
27,90,93,79
28,43,13,79
29,22,8,79
30,55,4,79
31,51,79,79
32,64,51,79
33,32,18,79
34,91,9,79
35,96,98,79
36,7,24,79
37,46,7,79
38,38,54,79
39,76,61,79
40,61,94,79
41,77,99,79
42,13,81,79
43,26,54,79
1,80,96,80
2,69,7,80
3,85,70,80
4,80,48,80
5,74,61,80
6,99,54,80
7,15,79,80
8,40,16,80
9,3,97,80
10,48,31,80
11,15,11,80
12,60,76,80
13,54,72,80
14,85,59,80
15,19,9,80
16,1,73,80
17,95,23,80
18,98,54,80
19,70,20,80
20,28,11,80
21,81,79,80
22,35,37,80
23,1,80,80
24,10,37,80
25,18,87,80
26,58,19,80
27,90,94,80
28,42,12,80
29,23,9,80
30,55,4,80
31,52,79,80
32,65,52,80
33,31,18,80
34,90,9,80
35,95,98,80
36,7,23,80
37,46,6,80
38,37,54,80
39,77,60,80
40,60,95,80
41,76,98,80
42,13,82,80
43,25,53,80
1,80,96,81
2,70,8,81
3,86,71,81
4,79,49,81
5,73,60,81
6,99,54,81
7,15,80,81
8,39,16,81
9,3,98,81
10,47,32,81
11,14,12,81
12,59,76,81
13,55,73,81
14,86,59,81
15,20,9,81
16,1,74,81
17,96,22,81
18,98,54,81
19,71,21,81
20,28,12,81
21,81,78,81
22,35,36,81
23,1,79,81
24,9,38,81
25,17,88,81
26,59,18,81
27,90,95,81
28,41,13,81
29,23,8,81
30,55,4,81
31,53,80,81
32,65,52,81
33,30,18,81
34,90,10,81
35,94,99,81
36,6,24,81
37,45,6,81
38,38,53,81
39,76,59,81
40,59,96,81
41,77,99,81
42,12,83,81
43,25,52,81
1,80,97,82
2,69,9,82
3,87,71,82
4,78,49,82
5,73,59,82
6,99,54,82
7,15,80,82
8,38,17,82
9,4,98,82
10,48,31,82
11,15,12,82
12,58,75,82
13,55,73,82
14,85,60,82
15,19,10,82
16,2,74,82
17,95,22,82
18,98,54,82
19,71,22,82
20,29,12,82
21,81,78,82
22,36,37,82
23,1,79,82
24,8,37,82
25,17,87,82
26,59,17,82
27,91,94,82
28,40,12,82
29,22,8,82
30,56,3,82
31,53,81,82
32,65,53,82
33,29,18,82
34,89,10,82
35,94,98,82
36,5,25,82
37,45,7,82
38,37,52,82
39,75,60,82
40,60,95,82
41,78,99,82
42,11,82,82
43,24,53,82
1,79,97,83
2,69,9,83
3,87,72,83
4,79,49,83
5,73,58,83
6,99,55,83
7,15,80,83
8,38,17,83
9,3,97,83
10,48,32,83
11,14,13,83
12,59,75,83
13,55,72,83
14,84,60,83
15,20,11,83
16,3,74,83
17,96,21,83
18,97,55,83
19,71,21,83
20,28,12,83
21,82,78,83
22,35,38,83
23,2,79,83
24,8,38,83
25,18,86,83
26,60,18,83
27,90,94,83
28,41,12,83
29,22,9,83
30,57,2,83
31,53,82,83
32,65,52,83
33,29,19,83
34,88,11,83
35,93,97,83
36,6,25,83
37,46,7,83
38,37,53,83
39,74,61,83
40,60,95,83
41,78,98,83
42,12,81,83
43,23,54,83
1,79,96,84
2,68,8,84
3,87,72,84
4,78,50,84
5,72,59,84
6,98,54,84
7,15,81,84
8,39,17,84
9,3,98,84
10,48,33,84
11,15,13,84
12,60,76,84
13,56,73,84
14,85,60,84
15,20,11,84
16,4,75,84
17,95,20,84
18,96,56,84
19,72,20,84
20,27,12,84
21,82,77,84
22,34,39,84
23,3,79,84
24,8,37,84
25,19,85,84
26,59,19,84
27,90,94,84
28,40,12,84
29,23,10,84
30,57,1,84
31,53,83,84
32,64,53,84
33,30,19,84
34,87,12,84
35,93,98,84
36,7,26,84
37,46,8,84
38,36,54,84
39,74,61,84
40,59,94,84
41,78,97,84
42,11,80,84
43,24,55,84
1,78,95,85
2,69,7,85
3,87,73,85
4,77,49,85
5,72,60,85
6,98,53,85
7,14,81,85
8,39,16,85
9,3,99,85
10,49,34,85
11,14,13,85
12,59,76,85
13,55,73,85
14,84,59,85
15,21,11,85
16,4,76,85
17,94,19,85
18,96,57,85
19,73,21,85
20,26,12,85
21,83,76,85
22,34,39,85
23,3,80,85
24,9,37,85
25,19,84,85
26,60,19,85
27,91,93,85
28,41,13,85
29,22,10,85
30,56,2,85
31,53,84,85
32,63,53,85
33,29,18,85
34,88,11,85
35,93,99,85
36,6,27,85
37,46,9,85
38,35,55,85
39,74,62,85
40,58,93,85
41,77,96,85
42,10,81,85
43,23,56,85
1,79,95,86
2,70,6,86
3,88,74,86
4,78,48,86
5,72,59,86
6,97,52,86
7,15,80,86
8,38,16,86
9,4,98,86
10,48,35,86
11,15,13,86
12,58,76,86
13,54,72,86
14,84,59,86
15,20,12,86
16,4,75,86
17,94,18,86
18,95,56,86
19,74,20,86
20,26,12,86
21,84,75,86
22,33,40,86
23,2,80,86
24,9,36,86
25,18,83,86
26,59,19,86
27,90,94,86
28,41,13,86
29,21,11,86
30,57,3,86
31,54,85,86
32,64,52,86
33,28,17,86
34,87,10,86
35,92,98,86
36,6,26,86
37,47,8,86
38,34,54,86
39,73,63,86
40,59,93,86
41,77,96,86
42,11,82,86
43,23,56,86
1,80,95,87
2,71,7,87
3,88,74,87
4,79,49,87
5,73,60,87
6,97,52,87
7,14,79,87
8,38,16,87
9,5,99,87
10,49,35,87
11,16,13,87
12,57,75,87
13,54,73,87
14,83,59,87
15,19,11,87
16,4,76,87
17,94,18,87
18,95,55,87
19,75,20,87
20,26,13,87
21,84,74,87
22,34,40,87
23,1,79,87
24,8,37,87
25,19,82,87
26,58,20,87
27,90,93,87
28,41,13,87
29,20,10,87
30,57,2,87
31,53,85,87
32,63,53,87
33,29,16,87
34,88,11,87
35,92,98,87
36,5,26,87
37,47,9,87
38,33,53,87
39,73,63,87
40,60,92,87
41,77,96,87
42,10,83,87
43,23,57,87
1,81,95,88
2,72,7,88
3,88,73,88
4,79,48,88
5,74,59,88
6,97,51,88
7,13,78,88
8,39,17,88
9,4,99,88
10,49,36,88
11,16,14,88
12,56,74,88
13,54,72,88
14,84,58,88
15,18,11,88
16,3,75,88
17,95,18,88
18,96,54,88
19,74,21,88
20,26,14,88
21,85,73,88
22,35,39,88
23,2,80,88
24,7,38,88
25,18,82,88
26,59,19,88
27,89,94,88
28,41,14,88
29,21,11,88
30,58,2,88
31,52,84,88
32,63,53,88
33,29,17,88
34,87,12,88
35,93,98,88
36,5,26,88
37,47,8,88
38,34,54,88
39,74,62,88
40,59,92,88
41,76,96,88
42,10,82,88
43,22,56,88
1,82,94,89
2,71,6,89
3,89,74,89
4,79,47,89
5,75,58,89
6,97,50,89
7,12,77,89
8,38,17,89
9,4,99,89
10,50,36,89
11,16,14,89
12,56,74,89
13,54,71,89
14,85,58,89
15,19,11,89
16,2,75,89
17,96,17,89
18,97,55,89
19,73,20,89
20,27,13,89
21,86,74,89
22,36,38,89
23,1,80,89
24,7,39,89
25,19,83,89
26,60,19,89
27,90,94,89
28,41,13,89
29,21,12,89
30,57,1,89
31,51,83,89
32,64,52,89
33,29,17,89
34,88,13,89
35,92,99,89
36,4,27,89
37,46,7,89
38,33,53,89
39,74,62,89
40,58,93,89
41,76,96,89
42,9,81,89
43,21,55,89
1,83,95,90
2,71,5,90
3,89,75,90
4,80,47,90
5,75,58,90
6,96,51,90
7,13,78,90
8,38,16,90
9,4,99,90
10,49,36,90
11,17,14,90
12,55,74,90
13,54,70,90
14,84,59,90
15,20,12,90
16,1,75,90
17,97,17,90
18,97,55,90
19,74,20,90
20,27,12,90
21,86,75,90
22,36,37,90
23,0,79,90
24,6,38,90
25,19,83,90
26,61,18,90
27,91,93,90
28,40,13,90
29,20,13,90
30,57,1,90
31,50,83,90
32,65,53,90
33,30,17,90
34,89,14,90
35,93,98,90
36,5,26,90
37,47,7,90
38,34,52,90
39,73,63,90
40,58,93,90
41,76,96,90
42,8,82,90
43,20,56,90
1,84,94,91
2,70,6,91
3,89,75,91
4,80,48,91
5,76,57,91
6,96,52,91
7,12,78,91
8,38,15,91
9,3,98,91
10,50,36,91
11,17,14,91
12,56,73,91
13,55,71,91
14,83,60,91
15,21,13,91
16,1,75,91
17,97,17,91
18,96,56,91
19,75,19,91
20,27,13,91
21,87,75,91
22,35,38,91
23,0,78,91
24,6,39,91
25,20,83,91
26,61,18,91
27,91,94,91
28,41,12,91
29,19,13,91
30,58,0,91
31,49,84,91
32,66,54,91
33,29,18,91
34,88,14,91
35,93,99,91
36,6,25,91
37,46,8,91
38,33,51,91
39,73,63,91
40,57,93,91
41,75,95,91
42,7,83,91
43,21,57,91
1,85,93,92
2,71,6,92
3,88,74,92
4,79,47,92
5,77,57,92
6,96,51,92
7,12,78,92
8,37,15,92
9,4,99,92
10,51,37,92
11,17,14,92
12,55,74,92
13,54,70,92
14,84,60,92
15,20,13,92
16,0,76,92
17,98,17,92
18,97,56,92
19,74,20,92
20,26,13,92
21,86,74,92
22,35,37,92
23,0,79,92
24,5,39,92
25,20,84,92
26,61,19,92
27,91,95,92
28,40,12,92
29,19,12,92
30,58,0,92
31,49,85,92
32,66,55,92
33,28,17,92
34,89,13,92
35,93,99,92
36,6,26,92
37,47,7,92
38,33,52,92
39,74,62,92
40,58,93,92
41,75,94,92
42,7,83,92
43,21,58,92
1,86,94,93
2,70,7,93
3,87,74,93
4,78,47,93
5,78,56,93
6,97,52,93
7,13,79,93
8,36,14,93
9,5,98,93
10,51,37,93
11,16,14,93
12,54,73,93
13,54,69,93
14,85,60,93
15,20,13,93
16,0,76,93
17,99,17,93
18,96,56,93
19,74,21,93
20,26,14,93
21,87,75,93
22,35,37,93
23,0,78,93
24,4,40,93
25,20,85,93
26,60,20,93
27,90,94,93
28,39,13,93
29,18,12,93
30,59,1,93
31,49,84,93
32,67,56,93
33,29,17,93
34,89,14,93
35,92,98,93
36,6,27,93
37,47,6,93
38,32,51,93
39,75,61,93
40,58,92,93
41,74,95,93
42,6,82,93
43,21,58,93
1,85,94,94
2,69,8,94
3,88,74,94
4,77,46,94
5,77,57,94
6,97,53,94
7,14,78,94
8,37,13,94
9,5,99,94
10,50,38,94
11,16,13,94
12,55,73,94
13,55,69,94
14,85,60,94
15,21,12,94
16,1,77,94
17,99,18,94
18,97,57,94
19,74,20,94
20,26,14,94
21,87,75,94
22,36,36,94
23,0,78,94
24,5,40,94
25,20,85,94
26,61,19,94
27,89,95,94
28,39,14,94
29,19,12,94
30,58,0,94
31,48,83,94
32,68,55,94
33,28,16,94
34,89,14,94
35,92,98,94
36,5,27,94
37,46,6,94
38,31,52,94
39,74,62,94
40,59,91,94
41,73,95,94
42,6,83,94
43,22,58,94
1,85,93,95
2,69,9,95
3,88,76,95
4,77,45,95
5,77,56,95
6,96,52,95
7,13,78,95
8,38,12,95
9,4,99,95
10,50,38,95
11,17,12,95
12,54,73,95
13,56,69,95
14,84,60,95
15,22,11,95
16,1,77,95
17,98,18,95
18,98,57,95
19,73,19,95
20,25,14,95
21,87,75,95
22,37,36,95
23,1,78,95
24,4,41,95
25,21,86,95
26,62,19,95
27,88,96,95
28,39,14,95
29,18,11,95
30,59,1,95
31,48,84,95
32,68,54,95
33,28,15,95
34,90,13,95
35,93,97,95
36,4,26,95
37,47,5,95
38,32,51,95
39,73,61,95
40,58,91,95
41,74,96,95
42,6,82,95
43,23,58,95
1,86,94,96
2,68,10,96
3,89,75,96
4,78,46,96
5,76,57,96
6,97,52,96
7,13,79,96
8,37,12,96
9,4,98,96
10,51,37,96
11,17,11,96
12,53,73,96
13,56,68,96
14,84,59,96
15,22,11,96
16,2,76,96
17,99,17,96
18,99,58,96
19,73,18,96
20,25,15,96
21,88,75,96
22,37,35,96
23,0,79,96
24,3,40,96
25,20,87,96
26,62,20,96
27,89,95,96
28,40,13,96
29,18,12,96
30,60,2,96
31,47,83,96
32,69,55,96
33,29,14,96
34,90,12,96
35,94,98,96
36,4,27,96
37,47,5,96
38,32,51,96
39,74,62,96
40,58,90,96
41,73,95,96
42,6,83,96
43,23,59,96
1,85,94,97
2,67,11,97
3,90,74,97
4,78,47,97
5,76,56,97
6,96,51,97
7,12,78,97
8,37,11,97
9,3,98,97
10,51,38,97
11,18,11,97
12,53,73,97
13,55,67,97
14,85,58,97
15,23,12,97
16,3,76,97
17,99,17,97
18,99,57,97
19,74,17,97
20,26,15,97
21,89,75,97
22,38,34,97
23,1,80,97
24,2,39,97
25,19,87,97
26,62,21,97
27,90,94,97
28,39,13,97
29,17,13,97
30,61,3,97
31,48,82,97
32,70,54,97
33,28,13,97
34,90,13,97
35,95,98,97
36,5,26,97
37,48,4,97
38,31,52,97
39,74,63,97
40,57,90,97
41,73,95,97
42,5,84,97
43,22,59,97
1,85,94,98
2,67,12,98
3,91,74,98
4,79,48,98
5,77,57,98
6,97,50,98
7,11,78,98
8,38,10,98
9,3,99,98
10,52,39,98
11,19,10,98
12,52,74,98
13,55,66,98
14,85,57,98
15,22,11,98
16,3,76,98
17,98,17,98
18,99,57,98
19,73,17,98
20,26,16,98
21,89,74,98
22,39,33,98
23,0,80,98
24,2,39,98
25,19,87,98
26,62,22,98
27,90,95,98
28,39,12,98
29,17,13,98
30,61,2,98
31,48,83,98
32,69,53,98
33,29,14,98
34,89,12,98
35,95,99,98
36,6,27,98
37,48,5,98
38,31,51,98
39,74,62,98
40,58,90,98
41,72,96,98
42,6,85,98
43,22,58,98
1,86,94,99
2,67,11,99
3,91,74,99
4,80,48,99
5,78,56,99
6,97,51,99
7,11,79,99
8,37,11,99
9,4,99,99
10,51,38,99
11,19,10,99
12,51,73,99
13,55,66,99
14,86,57,99
15,21,12,99
16,4,76,99
17,98,16,99
18,98,57,99
19,74,17,99
20,26,17,99
21,90,74,99
22,39,34,99
23,1,79,99
24,1,38,99
25,19,87,99
26,61,21,99
27,89,96,99
28,38,13,99
29,17,12,99
30,61,2,99
31,47,82,99
32,70,52,99
33,29,15,99
34,89,13,99
35,94,98,99
36,5,28,99
37,48,5,99
38,31,52,99
39,74,61,99
40,58,89,99
41,72,96,99
42,6,84,99
43,22,59,99
1,85,94,100
2,67,11,100
3,92,74,100
4,79,47,100
5,78,56,100
6,98,50,100
7,12,79,100
8,38,10,100
9,4,99,100
10,52,38,100
11,20,10,100
12,50,74,100
13,56,67,100
14,87,58,100
15,21,13,100
16,3,77,100
17,99,15,100
18,97,58,100
19,73,16,100
20,25,17,100
21,89,75,100
22,38,35,100
23,2,80,100
24,0,37,100
25,20,87,100
26,61,20,100
27,89,96,100
28,38,13,100
29,16,12,100
30,61,3,100
31,47,82,100
32,70,52,100
33,29,14,100
34,88,12,100
35,95,98,100
36,4,27,100
37,49,5,100
38,32,51,100
39,73,62,100
40,59,90,100
41,71,96,100
42,6,84,100
43,23,58,100
