1,52,82,1
2,19,94,1
3,68,1,1
4,82,70,1
5,94,55,1
6,31,50,1
7,98,88,1
8,77,38,1
9,76,62,1
10,84,35,1
11,48,82,1
12,98,39,1
13,9,72,1
14,35,18,1
15,63,12,1
16,95,20,1
17,65,1,1
18,15,28,1
19,23,31,1
20,85,74,1
21,29,64,1
22,13,26,1
23,15,70,1
24,97,23,1
25,92,53,1
26,57,55,1
27,45,34,1
28,5,6,1
29,67,93,1
30,63,68,1
31,77,34,1
32,13,45,1
33,75,25,1
34,10,93,1
35,89,11,1
36,59,26,1
37,88,36,1
38,9,87,1
39,1,13,1
40,40,28,1
41,98,69,1
42,67,27,1
43,65,67,1
44,53,32,1
45,36,11,1
46,99,97,1
47,54,38,1
48,11,39,1
49,4,25,1
50,74,23,1
51,26,88,1
52,85,4,1
53,79,52,1
54,20,80,1
55,44,99,1
1,53,83,2
2,18,94,2
3,69,0,2
4,81,70,2
5,95,55,2
6,31,50,2
7,99,89,2
8,77,39,2
9,75,63,2
10,85,34,2
11,48,83,2
12,98,40,2
13,9,73,2
14,34,19,2
15,62,11,2
16,96,20,2
17,66,2,2
18,14,27,2
19,23,31,2
20,86,75,2
21,30,63,2
22,13,26,2
23,15,71,2
24,98,24,2
25,93,54,2
26,56,56,2
27,44,35,2
28,4,6,2
29,68,92,2
30,64,69,2
31,77,34,2
32,14,46,2
33,75,24,2
34,9,93,2
35,88,12,2
36,60,27,2
37,87,36,2
38,9,86,2
39,1,13,2
40,40,27,2
41,98,70,2
42,66,27,2
43,64,67,2
44,54,33,2
45,35,11,2
46,99,96,2
47,54,39,2
48,11,40,2
49,4,24,2
50,73,22,2
51,25,89,2
52,86,4,2
53,80,53,2
54,19,79,2
55,44,99,2
1,53,82,3
2,17,95,3
3,69,1,3
4,80,70,3
5,94,55,3
6,32,50,3
7,98,88,3
8,78,39,3
9,74,64,3
10,84,35,3
11,49,84,3
12,98,41,3
13,8,73,3
14,34,20,3
15,63,11,3
16,97,19,3
17,65,1,3
18,15,28,3
19,24,31,3
20,87,74,3
21,31,63,3
22,14,25,3
23,15,72,3
24,99,24,3
25,95,55,3
26,57,56,3
27,44,36,3
28,3,6,3
29,68,93,3
30,64,69,3
31,76,34,3
32,14,47,3
33,75,24,3
34,9,94,3
35,88,12,3
36,60,28,3
37,87,35,3
38,9,86,3
39,0,13,3
40,41,26,3
41,97,71,3
42,66,26,3
43,64,68,3
44,53,32,3
45,34,11,3
46,99,95,3
47,55,40,3
48,10,41,3
49,3,23,3
50,73,23,3
51,26,88,3
52,86,5,3
53,80,52,3
54,20,80,3
55,44,98,3
1,53,81,4
2,16,96,4
3,68,1,4
4,81,71,4
5,94,55,4
6,31,49,4
7,97,88,4
8,78,39,4
9,74,65,4
10,84,34,4
11,50,84,4
12,98,40,4
13,8,74,4
14,35,21,4
15,62,10,4
16,96,18,4
17,64,1,4
18,16,28,4
19,24,32,4
20,88,73,4
21,30,63,4
22,13,24,4
23,16,71,4
24,99,23,4
25,95,55,4
26,58,57,4
27,45,36,4
28,3,7,4
29,69,94,4
30,64,70,4
31,76,35,4
32,13,46,4
33,74,25,4
34,8,95,4
35,89,12,4
36,59,29,4
37,87,34,4
38,9,86,4
39,0,14,4
40,42,27,4
41,97,72,4
42,66,25,4
43,65,67,4
44,53,32,4
45,35,12,4
46,99,95,4
47,54,39,4
48,11,42,4
49,4,22,4
50,72,23,4
51,25,88,4
52,87,4,4
53,79,51,4
54,21,79,4
55,43,98,4
1,52,82,5
2,15,95,5
3,69,0,5
4,80,70,5
5,94,54,5
6,31,49,5
7,97,89,5
8,79,39,5
9,74,64,5
10,83,35,5
11,51,83,5
12,97,40,5
13,8,73,5
14,36,21,5
15,61,9,5
16,97,17,5
17,63,1,5
18,16,29,5
19,23,33,5
20,88,72,5
21,29,62,5
22,12,24,5
23,15,70,5
24,99,23,5
25,95,54,5
26,59,56,5
27,44,35,5
28,2,8,5
29,68,94,5
30,64,70,5
31,76,35,5
32,14,47,5
33,75,24,5
34,8,94,5
35,88,13,5
36,59,29,5
37,87,35,5
38,9,87,5
39,0,14,5
40,43,26,5
41,96,73,5
42,66,24,5
43,66,66,5
44,53,33,5
45,35,11,5
46,98,94,5
47,54,40,5
48,11,41,5
49,3,22,5
50,71,24,5
51,25,89,5
52,88,3,5
53,80,51,5
54,20,78,5
55,42,98,5
1,52,83,6
2,14,94,6
3,69,1,6
4,79,70,6
5,95,55,6
6,32,48,6
7,98,88,6
8,80,39,6
9,74,64,6
10,82,34,6
11,52,84,6
12,96,41,6
13,9,72,6
14,36,20,6
15,61,10,6
16,97,18,6
17,64,1,6
18,16,28,6
19,23,34,6
20,87,73,6
21,29,63,6
22,13,23,6
23,15,71,6
24,99,23,6
25,96,55,6
26,58,57,6
27,44,36,6
28,1,9,6
29,69,93,6
30,65,70,6
31,77,36,6
32,14,48,6
33,76,24,6
34,8,94,6
35,88,12,6
36,60,28,6
37,88,34,6
38,10,87,6
39,1,13,6
40,43,25,6
41,96,73,6
42,66,24,6
43,67,66,6
44,53,33,6
45,36,12,6
46,99,93,6
47,55,40,6
48,12,41,6
49,4,22,6
50,72,23,6
51,26,88,6
52,89,2,6
53,80,51,6
54,19,79,6
55,43,99,6
1,53,84,7
2,13,95,7
3,68,0,7
4,80,71,7
5,95,54,7
6,31,48,7
7,97,89,7
8,80,38,7
9,73,64,7
10,83,34,7
11,53,83,7
12,96,42,7
13,8,71,7
14,35,20,7
15,62,10,7
16,97,19,7
17,63,2,7
18,17,28,7
19,23,34,7
20,87,74,7
21,28,62,7
22,13,24,7
23,14,72,7
24,99,22,7
25,97,54,7
26,59,57,7
27,43,36,7
28,2,10,7
29,70,92,7
30,65,69,7
31,78,35,7
32,14,47,7
33,76,25,7
34,8,93,7
35,89,11,7
36,60,28,7
37,87,35,7
38,11,86,7
39,1,12,7
40,43,26,7
41,95,74,7
42,65,24,7
43,67,67,7
44,52,32,7
45,37,13,7
46,98,94,7
47,56,40,7
48,11,42,7
49,3,22,7
50,72,23,7
51,27,87,7
52,90,1,7
53,81,50,7
54,19,80,7
55,43,99,7
1,52,85,8
2,14,95,8
3,67,0,8
4,80,70,8
5,96,55,8
6,31,47,8
7,98,89,8
8,79,37,8
9,74,64,8
10,84,33,8
11,52,84,8
12,95,42,8
13,8,72,8
14,35,19,8
15,63,10,8
16,98,20,8
17,63,2,8
18,16,29,8
19,22,33,8
20,87,74,8
21,29,62,8
22,12,23,8
23,15,71,8
24,99,22,8
25,98,53,8
26,58,58,8
27,44,35,8
28,3,10,8
29,69,93,8
30,66,68,8
31,77,35,8
32,13,48,8
33,77,24,8
34,8,93,8
35,90,10,8
36,59,27,8
37,87,36,8
38,11,85,8
39,2,13,8
40,43,26,8
41,94,74,8
42,64,24,8
43,67,68,8
44,52,31,8
45,36,13,8
46,99,95,8
47,56,40,8
48,12,41,8
49,3,21,8
50,72,23,8
51,28,88,8
52,89,1,8
53,80,50,8
54,19,80,8
55,43,98,8
1,52,85,9
2,14,95,9
3,66,1,9
4,79,70,9
5,96,55,9
6,30,48,9
7,98,88,9
8,78,37,9
9,74,65,9
10,84,32,9
11,51,86,9
12,94,43,9
13,7,72,9
14,36,18,9
15,62,9,9
16,97,19,9
17,62,3,9
18,15,28,9
19,23,33,9
20,87,75,9
21,28,61,9
22,12,22,9
23,15,71,9
24,98,23,9
25,99,53,9
26,57,57,9
27,44,36,9
28,3,11,9
29,68,93,9
30,67,69,9
31,76,36,9
32,12,48,9
33,77,24,9
34,8,93,9
35,89,9,9
36,58,26,9
37,88,35,9
38,11,85,9
39,2,12,9
40,43,27,9
41,94,75,9
42,64,23,9
43,66,67,9
44,52,30,9
45,35,12,9
46,98,94,9
47,57,40,9
48,13,40,9
49,4,21,9
50,71,22,9
51,29,87,9
52,90,2,9
53,80,50,9
54,18,81,9
55,42,98,9
1,52,86,10
2,15,96,10
3,67,1,10
4,80,71,10
5,95,54,10
6,29,47,10
7,98,87,10
8,79,36,10
9,75,65,10
10,84,31,10
11,52,85,10
12,95,42,10
13,8,72,10
14,37,17,10
15,61,9,10
16,98,18,10
17,61,4,10
18,15,27,10
19,22,32,10
20,86,75,10
21,29,61,10
22,12,22,10
23,16,71,10
24,97,24,10
25,98,53,10
26,57,56,10
27,45,36,10
28,2,13,10
29,69,93,10
30,68,68,10
31,77,37,10
32,13,47,10
33,77,25,10
34,7,94,10
35,90,8,10
36,59,27,10
37,89,35,10
38,11,85,10
39,3,13,10
40,44,28,10
41,93,74,10
42,65,23,10
43,65,66,10
44,51,31,10
45,35,13,10
46,99,94,10
47,57,40,10
48,12,40,10
49,3,21,10
50,71,22,10
51,30,88,10
52,90,1,10
53,81,50,10
54,18,82,10
55,42,97,10
1,51,87,11
2,14,96,11
3,66,2,11
4,80,70,11
5,95,54,11
6,30,48,11
7,97,88,11
8,78,36,11
9,75,65,11
10,85,30,11
11,53,86,11
12,95,41,11
13,9,73,11
14,38,16,11
15,62,9,11
16,98,19,11
17,61,3,11
18,15,26,11
19,21,31,11
20,86,75,11
21,28,61,11
22,11,23,11
23,17,70,11
24,96,24,11
25,99,53,11
26,58,55,11
27,45,37,11
28,2,13,11
29,70,93,11
30,68,67,11
31,78,38,11
32,13,47,11
33,76,26,11
34,6,95,11
35,89,7,11
36,58,26,11
37,89,35,11
38,11,85,11
39,2,14,11
40,45,29,11
41,93,74,11
42,64,24,11
43,64,65,11
44,50,31,11
45,36,13,11
46,98,93,11
47,58,39,11
48,13,39,11
49,4,20,11
50,72,22,11
51,29,89,11
52,90,1,11
53,81,49,11
54,18,82,11
55,43,96,11
1,51,87,12
2,13,96,12
3,65,3,12
4,80,71,12
5,96,55,12
6,30,49,12
7,96,87,12
8,77,37,12
9,74,65,12
10,84,29,12
11,52,85,12
12,94,42,12
13,10,72,12
14,37,17,12
15,62,9,12
16,98,18,12
17,62,4,12
18,14,27,12
19,20,32,12
20,87,74,12
21,29,61,12
22,12,24,12
23,16,70,12
24,97,23,12
25,99,52,12
26,58,55,12
27,45,37,12
28,3,12,12
29,69,93,12
30,69,66,12
31,76,37,12
32,12,47,12
33,77,27,12
34,6,94,12
35,88,8,12
36,58,27,12
37,88,36,12
38,12,84,12
39,2,13,12
40,46,29,12
41,94,73,12
42,65,23,12
43,65,64,12
44,49,31,12
45,37,12,12
46,98,93,12
47,59,40,12
48,14,39,12
49,4,21,12
50,71,22,12
51,30,88,12
52,91,0,12
53,80,48,12
54,18,83,12
55,42,96,12
1,51,87,13
2,14,95,13
3,66,4,13
4,81,70,13
5,95,55,13
6,31,48,13
7,95,86,13
8,78,38,13
9,73,65,13
10,84,29,13
11,51,85,13
12,95,42,13
13,11,72,13
14,38,17,13
15,63,8,13
16,98,19,13
17,61,4,13
18,15,27,13
19,21,33,13
20,86,75,13
21,28,61,13
22,12,24,13
23,17,69,13
24,97,23,13
25,98,51,13
26,58,54,13
27,45,38,13
28,2,12,13
29,69,94,13
30,70,67,13
31,76,36,13
32,13,48,13
33,78,27,13
34,5,93,13
35,87,7,13
36,57,27,13
37,88,35,13
38,11,85,13
39,2,13,13
40,45,29,13
41,94,72,13
42,65,22,13
43,65,63,13
44,48,31,13
45,37,11,13
46,99,94,13
47,58,40,13
48,13,40,13
49,3,22,13
50,70,21,13
51,30,88,13
52,92,0,13
53,81,48,13
54,17,83,13
55,42,96,13
1,51,86,14
2,13,96,14
3,66,3,14
4,81,71,14
5,94,56,14
6,30,48,14
7,95,86,14
8,78,37,14
9,73,64,14
10,84,28,14
11,50,85,14
12,94,42,14
13,10,72,14
14,37,18,14
15,62,9,14
16,98,19,14
17,62,3,14
18,15,27,14
19,21,32,14
20,85,74,14
21,29,62,14
22,13,25,14
23,16,69,14
24,98,24,14
25,99,52,14
26,58,53,14
27,44,38,14
28,1,11,14
29,68,93,14
30,70,68,14
31,77,35,14
32,13,48,14
33,78,27,14
34,4,93,14
35,87,7,14
36,56,26,14
37,89,36,14
38,11,86,14
39,3,12,14
40,46,30,14
41,95,73,14
42,65,21,14
43,64,63,14
44,47,31,14
45,37,10,14
46,99,93,14
47,59,39,14
48,12,39,14
49,2,21,14
50,71,20,14
51,30,88,14
52,93,1,14
53,80,47,14
54,17,82,14
55,43,96,14
1,52,87,15
2,14,95,15
3,66,2,15
4,80,71,15
5,93,57,15
6,29,48,15
7,95,87,15
8,79,38,15
9,73,63,15
10,84,27,15
11,51,85,15
12,93,41,15
13,10,72,15
14,38,17,15
15,62,9,15
16,99,20,15
17,63,4,15
18,14,26,15
19,22,33,15
20,84,74,15
21,30,62,15
22,13,26,15
23,16,68,15
24,99,25,15
25,98,51,15
26,57,53,15
27,45,38,15
28,2,10,15
29,68,92,15
30,70,68,15
31,77,36,15
32,13,47,15
33,78,27,15
34,3,93,15
35,86,8,15
36,56,26,15
37,89,36,15
38,10,86,15
39,4,13,15
40,45,30,15
41,95,74,15
42,65,21,15
43,63,62,15
44,46,32,15
45,37,10,15
46,98,93,15
47,60,39,15
48,12,38,15
49,3,21,15
50,71,21,15
51,31,88,15
52,92,2,15
53,81,47,15
54,16,81,15
55,44,96,15
1,51,86,16
2,14,95,16
3,65,3,16
4,79,72,16
5,93,56,16
6,29,47,16
7,95,87,16
8,80,38,16
9,73,63,16
10,83,27,16
11,50,85,16
12,92,40,16
13,11,71,16
14,38,17,16
15,61,10,16
16,98,19,16
17,64,4,16
18,13,25,16
19,22,34,16
20,83,74,16
21,29,63,16
22,12,25,16
23,15,68,16
24,99,26,16
25,99,51,16
26,56,54,16
27,45,39,16
28,3,10,16
29,69,93,16
30,70,69,16
31,78,37,16
32,13,48,16
33,77,27,16
34,3,93,16
35,85,9,16
36,55,25,16
37,88,35,16
38,10,86,16
39,4,13,16
40,45,31,16
41,96,73,16
42,66,20,16
43,62,63,16
44,46,33,16
45,37,10,16
46,99,93,16
47,61,38,16
48,11,38,16
49,3,21,16
50,71,21,16
51,30,88,16
52,93,3,16
53,82,47,16
54,15,80,16
55,43,97,16
1,51,86,17
2,14,96,17
3,66,3,17
4,79,73,17
5,92,55,17
6,29,47,17
7,96,86,17
8,79,37,17
9,73,62,17
10,83,27,17
11,51,84,17
12,92,40,17
13,10,71,17
14,39,17,17
15,62,9,17
16,98,19,17
17,63,5,17
18,11,25,17
19,22,34,17
20,82,75,17
21,28,64,17
22,12,25,17
23,16,69,17
24,98,26,17
25,99,51,17
26,56,54,17
27,44,39,17
28,2,11,17
29,68,92,17
30,69,70,17
31,78,36,17
32,13,47,17
33,77,26,17
34,2,94,17
35,85,10,17
36,54,24,17
37,87,34,17
38,10,86,17
39,5,14,17
40,45,32,17
41,95,72,17
42,65,21,17
43,62,63,17
44,45,33,17
45,37,10,17
46,98,94,17
47,62,39,17
48,11,38,17
49,3,21,17
50,71,21,17
51,31,87,17
52,92,4,17
53,81,48,17
54,16,79,17
55,43,98,17
1,51,87,18
2,15,95,18
3,66,3,18
4,80,73,18
5,92,54,18
6,28,48,18
7,95,87,18
8,80,37,18
9,74,62,18
10,83,27,18
11,51,85,18
12,92,40,18
13,10,70,18
14,39,16,18
15,61,10,18
16,97,18,18
17,64,4,18
18,10,24,18
19,21,35,18
20,81,76,18
21,27,64,18
22,12,25,18
23,15,70,18
24,97,26,18
25,99,51,18
26,57,53,18
27,45,38,18
28,1,12,18
29,68,91,18
30,69,71,18
31,79,36,18
32,14,48,18
33,77,25,18
34,1,93,18
35,85,9,18
36,54,24,18
37,87,35,18
38,10,86,18
39,6,15,18
40,46,31,18
41,94,73,18
42,65,20,18
43,62,64,18
44,46,33,18
45,38,11,18
46,98,95,18
47,63,39,18
48,10,38,18
49,3,22,18
50,72,21,18
51,32,87,18
52,91,4,18
53,81,49,18
54,15,78,18
55,44,99,18
1,51,87,19
2,14,95,19
3,67,3,19
4,80,73,19
5,92,53,19
6,29,49,19
7,95,86,19
8,80,36,19
9,73,61,19
10,82,27,19
11,51,84,19
12,91,40,19
13,9,69,19
14,39,15,19
15,61,11,19
16,98,18,19
17,63,4,19
18,9,23,19
19,20,34,19
20,80,76,19
21,27,63,19
22,12,25,19
23,15,69,19
24,96,26,19
25,99,52,19
26,57,52,19
27,44,37,19
28,2,12,19
29,67,91,19
30,68,71,19
31,79,36,19
32,13,49,19
33,77,26,19
34,0,94,19
35,85,10,19
36,54,23,19
37,87,36,19
38,11,87,19
39,6,14,19
40,46,30,19
41,95,74,19
42,64,19,19
43,62,64,19
44,46,33,19
45,37,11,19
46,99,95,19
47,62,40,19
48,11,38,19
49,2,23,19
50,72,21,19
51,33,88,19
52,91,5,19
53,81,50,19
54,14,77,19
55,43,98,19
1,52,87,20
2,13,95,20
3,68,2,20
4,80,72,20
5,93,53,20
6,28,50,20
7,95,87,20
8,79,35,20
9,72,62,20
10,81,26,20
11,51,85,20
12,90,40,20
13,9,70,20
14,40,16,20
15,60,10,20
16,99,17,20
17,64,3,20
18,9,24,20
19,19,35,20
20,79,76,20
21,28,64,20
22,13,25,20
23,14,70,20
24,95,27,20
25,99,51,20
26,58,52,20
27,43,36,20
28,3,11,20
29,66,92,20
30,69,70,20
31,79,37,20
32,14,48,20
33,76,26,20
34,0,93,20
35,84,9,20
36,55,24,20
37,86,35,20
38,12,86,20
39,5,13,20
40,46,30,20
41,94,75,20
42,64,18,20
43,61,63,20
44,47,34,20
45,36,10,20
46,99,94,20
47,63,40,20
48,12,38,20
49,1,24,20
50,73,22,20
51,32,89,20
52,91,4,20
53,80,50,20
54,14,78,20
55,44,97,20
1,51,86,21
2,12,96,21
3,67,3,21
4,81,72,21
5,93,54,21
6,28,51,21
7,95,86,21
8,78,34,21
9,73,63,21
10,80,25,21
11,52,86,21
12,91,41,21
13,8,71,21
14,40,16,21
15,60,10,21
16,98,17,21
17,63,2,21
18,10,25,21
19,18,36,21
20,78,75,21
21,29,65,21
22,12,24,21
23,15,71,21
24,95,28,21
25,98,51,21
26,58,51,21
27,42,37,21
28,3,10,21
29,65,93,21
30,70,69,21
31,78,36,21
32,15,48,21
33,77,27,21
34,0,92,21
35,83,10,21
36,55,24,21
37,85,35,21
38,12,86,21
39,4,13,21
40,46,31,21
41,95,74,21
42,65,18,21
43,61,64,21
44,48,33,21
45,35,9,21
46,99,95,21
47,63,41,21
48,13,38,21
49,2,23,21
50,74,23,21
51,32,89,21
52,92,5,21
53,79,50,21
54,13,77,21
55,45,98,21
1,51,85,22
2,12,97,22
3,66,4,22
4,82,72,22
5,93,53,22
6,29,50,22
7,95,86,22
8,77,33,22
9,72,64,22
10,80,26,22
11,52,87,22
12,92,40,22
13,7,72,22
14,39,16,22
15,61,11,22
16,98,18,22
17,63,3,22
18,9,25,22
19,17,36,22
20,77,74,22
21,28,66,22
22,13,25,22
23,16,70,22
24,96,29,22
25,99,52,22
26,58,51,22
27,42,36,22
28,3,11,22
29,64,94,22
30,71,70,22
31,78,35,22
32,15,47,22
33,77,26,22
34,0,92,22
35,83,9,22
36,56,23,22
37,86,35,22
38,12,85,22
39,4,14,22
40,45,31,22
41,94,73,22
42,64,18,22
43,60,65,22
44,49,32,22
45,34,8,22
46,99,95,22
47,62,40,22
48,12,38,22
49,2,23,22
50,74,23,22
51,32,88,22
52,93,4,22
53,80,49,22
54,13,76,22
55,46,97,22
1,50,85,23
2,13,96,23
3,66,5,23
4,81,72,23
5,92,54,23
6,28,50,23
7,94,85,23
8,78,34,23
9,72,63,23
10,81,26,23
11,51,86,23
12,93,41,23
13,7,71,23
14,38,16,23
15,61,10,23
16,98,19,23
17,63,4,23
18,10,26,23
19,17,37,23
20,76,73,23
21,28,65,23
22,12,24,23
23,16,71,23
24,97,28,23
25,98,53,23
26,57,52,23
27,42,35,23
28,2,11,23
29,63,95,23
30,70,71,23
31,77,34,23
32,15,48,23
33,77,27,23
34,1,92,23
35,83,10,23
36,56,24,23
37,87,34,23
38,12,86,23
39,4,13,23
40,44,31,23
41,93,74,23
42,63,19,23
43,59,65,23
44,49,33,23
45,35,9,23
46,98,94,23
47,62,41,23
48,13,38,23
49,1,22,23
50,74,24,23
51,33,87,23
52,93,4,23
53,80,49,23
54,13,75,23
55,47,96,23
1,51,85,24
2,14,95,24
3,65,6,24
4,81,73,24
5,91,55,24
6,28,49,24
7,94,86,24
8,78,35,24
9,71,63,24
10,82,27,24
11,51,87,24
12,94,40,24
13,7,70,24
14,39,17,24
15,62,9,24
16,97,18,24
17,63,3,24
18,10,25,24
19,16,37,24
20,75,74,24
21,27,65,24
22,11,23,24
23,16,71,24
24,97,29,24
25,98,54,24
26,58,53,24
27,43,35,24
28,2,11,24
29,62,94,24
30,71,71,24
31,77,34,24
32,15,47,24
33,76,27,24
34,1,92,24
35,82,9,24
36,56,24,24
37,86,35,24
38,11,86,24
39,4,14,24
40,43,30,24
41,94,73,24
42,64,20,24
43,58,65,24
44,50,34,24
45,36,9,24
46,97,93,24
47,63,40,24
48,13,39,24
49,1,21,24
50,74,24,24
51,34,86,24
52,92,5,24
53,81,49,24
54,13,74,24
55,47,96,24
1,50,84,25
2,14,96,25
3,64,7,25
4,81,72,25
5,92,56,25
6,28,50,25
7,95,86,25
8,78,35,25
9,71,62,25
10,83,28,25
11,52,87,25
12,95,40,25
13,8,70,25
14,40,18,25
15,62,8,25
16,97,17,25
17,63,3,25
18,11,26,25
19,16,38,25
20,76,73,25
21,28,66,25
22,12,24,25
23,15,70,25
24,96,29,25
25,98,54,25
26,59,54,25
27,42,35,25
28,3,10,25
29,61,94,25
30,72,72,25
31,77,35,25
32,15,46,25
33,77,28,25
34,2,92,25
35,82,9,25
36,56,25,25
37,87,36,25
38,11,86,25
39,4,13,25
40,44,31,25
41,93,72,25
42,65,21,25
43,57,64,25
44,49,33,25
45,35,9,25
46,98,93,25
47,62,41,25
48,13,38,25
49,2,21,25
50,73,23,25
51,33,85,25
52,92,5,25
53,80,48,25
54,12,75,25
55,46,97,25
1,50,83,26
2,13,96,26
3,65,7,26
4,80,71,26
5,93,57,26
6,27,50,26
7,96,87,26
8,77,36,26
9,71,63,26
10,82,28,26
11,53,86,26
12,94,40,26
13,7,69,26
14,40,18,26
15,63,7,26
16,97,17,26
17,64,3,26
18,11,27,26
19,16,39,26
20,77,73,26
21,27,66,26
22,13,23,26
23,15,70,26
24,97,28,26
25,99,53,26
26,58,54,26
27,42,36,26
28,4,11,26
29,62,94,26
30,71,73,26
31,78,36,26
32,14,47,26
33,78,28,26
34,3,91,26
35,81,8,26
36,55,26,26
37,88,37,26
38,11,87,26
39,5,14,26
40,43,32,26
41,93,73,26
42,64,20,26
43,57,64,26
44,48,34,26
45,35,10,26
46,99,92,26
47,62,42,26
48,14,37,26
49,3,20,26
50,73,22,26
51,32,85,26
52,93,4,26
53,80,49,26
54,11,74,26
55,45,96,26
1,50,84,27
2,13,95,27
3,66,8,27
4,80,72,27
5,93,56,27
6,28,51,27
7,95,88,27
8,78,37,27
9,70,63,27
10,83,28,27
11,53,85,27
12,95,40,27
13,6,69,27
14,40,17,27
15,64,7,27
16,98,18,27
17,65,4,27
18,10,28,27
19,16,40,27
20,77,73,27
21,27,67,27
22,13,24,27
23,15,71,27
24,97,28,27
25,98,53,27
26,57,53,27
27,43,37,27
28,3,11,27
29,63,95,27
30,71,73,27
31,77,37,27
32,15,46,27
33,79,28,27
34,4,90,27
35,82,8,27
36,56,27,27
37,88,38,27
38,10,87,27
39,6,13,27
40,43,32,27
41,92,72,27
42,63,20,27
43,58,65,27
44,48,35,27
45,36,10,27
46,99,91,27
47,62,43,27
48,15,38,27
49,2,20,27
50,72,22,27
51,33,86,27
52,92,4,27
53,80,49,27
54,12,73,27
55,46,95,27
1,51,84,28
2,13,95,28
3,65,8,28
4,81,72,28
5,93,56,28
6,27,51,28
7,95,89,28
8,79,38,28
9,69,64,28
10,83,29,28
11,53,84,28
12,96,40,28
13,7,70,28
14,39,17,28
15,64,6,28
16,97,19,28
17,66,3,28
18,9,28,28
19,17,39,28
20,76,73,28
21,26,66,28
22,14,24,28
23,14,70,28
24,96,28,28
25,99,54,28
26,57,54,28
27,43,36,28
28,4,10,28
29,62,94,28
30,72,73,28
31,78,38,28
32,16,46,28
33,78,28,28
34,4,89,28
35,81,7,28
36,55,28,28
37,87,37,28
38,10,88,28
39,7,13,28
40,43,31,28
41,93,72,28
42,62,21,28
43,57,66,28
44,47,36,28
45,35,10,28
46,98,92,28
47,62,42,28
48,15,37,28
49,1,21,28
50,73,23,28
51,32,87,28
52,92,3,28
53,81,50,28
54,12,73,28
55,46,95,28
1,50,83,29
2,14,94,29
3,64,7,29
4,80,73,29
5,93,57,29
6,26,51,29
7,96,90,29
8,80,38,29
9,69,63,29
10,82,30,29
11,53,84,29
12,97,39,29
13,7,70,29
14,39,16,29
15,64,5,29
16,96,20,29
17,67,4,29
18,9,27,29
19,18,38,29
20,76,72,29
21,25,67,29
22,14,25,29
23,14,69,29
24,95,28,29
25,99,54,29
26,57,55,29
27,44,37,29
28,4,10,29
29,62,93,29
30,72,72,29
31,77,38,29
32,17,47,29
33,77,28,29
34,5,90,29
35,81,7,29
36,55,27,29
37,86,37,29
38,9,89,29
39,8,12,29
40,42,32,29
41,92,72,29
42,62,20,29
43,57,67,29
44,48,35,29
45,36,10,29
46,99,91,29
47,62,42,29
48,15,36,29
49,2,22,29
50,74,22,29
51,32,86,29
52,91,2,29
53,82,49,29
54,12,74,29
55,45,95,29
1,50,84,30
2,15,93,30
3,65,7,30
4,81,74,30
5,92,56,30
6,26,51,30
7,96,90,30
8,80,39,30
9,70,63,30
10,81,31,30
11,54,84,30
12,96,39,30
13,6,71,30
14,39,17,30
15,64,5,30
16,97,20,30
17,66,5,30
18,8,28,30
19,17,37,30
20,77,71,30
21,26,66,30
22,15,25,30
23,13,69,30
24,94,28,30
25,99,55,30
26,58,56,30
27,43,36,30
28,4,9,30
29,62,94,30
30,72,71,30
31,78,37,30
32,18,48,30
33,77,29,30
34,6,89,30
35,81,7,30
36,55,27,30
37,87,36,30
38,10,89,30
39,9,13,30
40,43,31,30
41,93,73,30
42,61,21,30
43,56,66,30
44,47,36,30
45,35,10,30
46,98,90,30
47,63,42,30
48,15,37,30
49,1,22,30
50,74,23,30
51,31,87,30
52,91,3,30
53,83,50,30
54,13,73,30
55,45,94,30
1,49,83,31
2,16,92,31
3,66,6,31
4,82,73,31
5,93,56,31
6,26,50,31
7,96,89,31
8,79,39,31
9,69,63,31
10,82,32,31
11,54,84,31
12,97,38,31
13,5,70,31
14,39,18,31
15,64,6,31
16,97,19,31
17,66,5,31
18,9,29,31
19,16,36,31
20,77,70,31
21,26,65,31
22,15,26,31
23,13,68,31
24,95,27,31
25,99,54,31
26,57,55,31
27,43,36,31
28,4,9,31
29,63,94,31
30,71,71,31
31,78,37,31
32,17,48,31
33,77,30,31
34,6,88,31
35,81,7,31
36,55,26,31
37,86,35,31
38,9,88,31
39,9,14,31
40,44,30,31
41,92,74,31
42,60,20,31
43,55,67,31
44,46,37,31
45,36,11,31
46,97,89,31
47,62,42,31
48,15,37,31
49,1,21,31
50,74,22,31
51,32,88,31
52,92,2,31
53,84,50,31
54,14,74,31
55,45,95,31
1,49,82,32
2,17,93,32
3,65,6,32
4,81,72,32
5,92,56,32
6,25,49,32
7,97,90,32
8,80,39,32
9,70,62,32
10,82,32,32
11,55,84,32
12,96,39,32
13,5,71,32
14,39,18,32
15,63,5,32
16,98,20,32
17,66,5,32
18,10,28,32
19,16,37,32
20,76,71,32
21,26,64,32
22,16,26,32
23,14,68,32
24,95,28,32
25,98,54,32
26,58,55,32
27,43,35,32
28,5,9,32
29,63,94,32
30,70,72,32
31,78,36,32
32,16,48,32
33,78,30,32
34,6,89,32
35,82,7,32
36,56,27,32
37,87,35,32
38,8,88,32
39,10,15,32
40,45,30,32
41,91,74,32
42,59,20,32
43,56,68,32
44,46,38,32
45,37,10,32
46,98,88,32
47,63,42,32
48,16,36,32
49,0,22,32
50,74,22,32
51,33,89,32
52,92,3,32
53,83,51,32
54,14,74,32
55,45,95,32
1,50,83,33
2,16,92,33
3,66,4,33
4,82,73,33
5,91,55,33
6,24,49,33
7,98,90,33
8,79,38,33
9,69,63,33
10,82,33,33
11,55,84,33
12,97,38,33
13,4,70,33
14,40,19,33
15,64,6,33
16,97,19,33
17,67,5,33
18,10,28,33
19,17,37,33
20,77,70,33
21,27,63,33
22,16,25,33
23,14,68,33
24,95,29,33
25,97,54,33
26,57,56,33
27,43,35,33
28,6,10,33
29,62,94,33
30,69,73,33
31,77,37,33
32,17,49,33
33,77,29,33
34,5,88,33
35,81,8,33
36,55,26,33
37,86,35,33
38,7,89,33
39,9,14,33
40,46,30,33
41,91,75,33
42,59,21,33
43,55,67,33
44,46,38,33
45,38,11,33
46,97,87,33
47,62,41,33
48,16,35,33
49,1,21,33
50,74,23,33
51,32,90,33
52,91,3,33
53,83,50,33
54,13,74,33
55,45,96,33
1,51,84,34
2,15,93,34
3,65,4,34
4,83,73,34
5,92,54,34
6,25,49,34
7,98,89,34
8,80,38,34
9,68,63,34
10,83,34,34
11,55,85,34
12,98,37,34
13,5,70,34
14,41,18,34
15,64,5,34
16,97,20,34
17,67,6,34
18,9,29,34
19,17,38,34
20,78,69,34
21,27,64,34
22,17,26,34
23,13,69,34
24,96,29,34
25,96,55,34
26,58,56,34
27,44,36,34
28,6,10,34
29,62,95,34
30,70,72,34
31,76,38,34
32,18,48,34
33,76,28,34
34,6,87,34
35,81,7,34
36,55,25,34
37,87,36,34
38,6,90,34
39,9,14,34
40,46,31,34
41,90,74,34
42,58,22,34
43,56,68,34
44,45,37,34
45,37,12,34
46,97,86,34
47,62,40,34
48,15,34,34
49,1,22,34
50,75,24,34
51,33,89,34
52,92,4,34
53,82,49,34
54,14,73,34
55,45,97,34
1,51,84,35
2,14,93,35
3,64,3,35
4,82,72,35
5,91,55,35
6,24,49,35
7,97,88,35
8,80,37,35
9,67,63,35
10,83,35,35
11,54,84,35
12,97,38,35
13,6,70,35
14,40,17,35
15,64,4,35
16,97,19,35
17,67,6,35
18,10,30,35
19,18,39,35
20,79,70,35
21,26,64,35
22,16,26,35
23,13,69,35
24,96,29,35
25,96,54,35
26,59,57,35
27,44,37,35
28,5,9,35
29,63,94,35
30,71,73,35
31,75,39,35
32,17,47,35
33,77,29,35
34,6,88,35
35,80,8,35
36,54,24,35
37,86,36,35
38,6,91,35
39,8,13,35
40,46,31,35
41,91,74,35
42,57,21,35
43,56,68,35
44,45,38,35
45,38,11,35
46,97,87,35
47,63,40,35
48,15,35,35
49,0,23,35
50,75,25,35
51,32,90,35
52,91,4,35
53,82,48,35
54,13,72,35
55,45,97,35
1,51,85,36
2,15,92,36
3,64,2,36
4,82,72,36
5,90,56,36
6,23,48,36
7,98,88,36
8,79,38,36
9,68,63,36
10,84,35,36
11,53,85,36
12,97,38,36
13,5,70,36
14,39,17,36
15,64,4,36
16,98,20,36
17,66,6,36
18,9,31,36
19,19,40,36
20,80,71,36
21,26,65,36
22,16,27,36
23,13,69,36
24,95,29,36
25,96,54,36
26,60,58,36
27,43,38,36
28,6,8,36
29,63,94,36
30,72,74,36
31,76,38,36
32,18,47,36
33,76,29,36
34,6,87,36
35,80,7,36
36,54,24,36
37,86,35,36
38,6,91,36
39,7,12,36
40,46,31,36
41,92,75,36
42,58,21,36
43,56,68,36
44,45,38,36
45,39,10,36
46,96,88,36
47,63,40,36
48,16,36,36
49,1,23,36
50,75,24,36
51,33,90,36
52,90,3,36
53,83,48,36
54,14,71,36
55,44,98,36
1,50,84,37
2,15,91,37
3,63,2,37
4,83,73,37
5,89,56,37
6,24,47,37
7,98,89,37
8,79,38,37
9,69,64,37
10,84,35,37
11,54,86,37
12,96,38,37
13,4,70,37
14,39,18,37
15,65,3,37
16,97,20,37
17,65,5,37
18,9,31,37
19,18,40,37
20,80,71,37
21,26,66,37
22,15,28,37
23,12,70,37
24,96,30,37
25,95,53,37
26,59,58,37
27,43,37,37
28,6,9,37
29,63,95,37
30,72,74,37
31,76,37,37
32,18,48,37
33,76,29,37
34,5,88,37
35,79,8,37
36,54,25,37
37,86,34,37
38,5,91,37
39,6,13,37
40,46,30,37
41,91,74,37
42,58,22,37
43,56,68,37
44,44,37,37
45,39,9,37
46,97,87,37
47,62,40,37
48,16,36,37
49,2,22,37
50,76,24,37
51,32,91,37
52,90,4,37
53,83,49,37
54,14,71,37
55,45,97,37
1,49,83,38
2,16,91,38
3,64,2,38
4,84,73,38
5,89,56,38
6,24,46,38
7,99,90,38
8,80,39,38
9,70,63,38
10,83,35,38
11,55,85,38
12,97,37,38
13,3,69,38
14,39,17,38
15,65,4,38
16,96,19,38
17,64,6,38
18,9,30,38
19,17,39,38
20,81,72,38
21,25,65,38
22,16,28,38
23,11,70,38
24,97,31,38
25,96,53,38
26,59,59,38
27,44,36,38
28,7,9,38
29,62,94,38
30,71,75,38
31,75,36,38
32,18,47,38
33,77,28,38
34,4,89,38
35,80,9,38
36,55,26,38
37,86,35,38
38,6,92,38
39,5,12,38
40,45,30,38
41,91,75,38
42,58,22,38
43,56,68,38
44,44,35,38
45,38,9,38
46,96,87,38
47,61,39,38
48,16,36,38
49,3,22,38
50,75,23,38
51,32,91,38
52,91,5,38
53,84,50,38
54,14,71,38
55,44,97,38
1,50,82,39
2,17,91,39
3,65,3,39
4,85,74,39
5,88,57,39
6,24,46,39
7,98,90,39
8,81,39,39
9,71,62,39
10,82,34,39
11,56,84,39
12,97,36,39
13,2,70,39
14,39,18,39
15,66,4,39
16,97,18,39
17,64,6,39
18,9,31,39
19,18,40,39
20,81,73,39
21,24,65,39
22,15,27,39
23,12,71,39
24,96,30,39
25,95,53,39
26,60,59,39
27,45,35,39
28,8,10,39
29,61,93,39
30,72,75,39
31,76,36,39
32,19,46,39
33,77,28,39
34,3,90,39
35,81,8,39
36,54,27,39
37,87,34,39
38,7,91,39
39,5,11,39
40,44,30,39
41,90,75,39
42,58,21,39
43,57,68,39
44,44,34,39
45,39,9,39
46,95,87,39
47,61,39,39
48,15,36,39
49,2,21,39
50,75,22,39
51,31,90,39
52,90,6,39
53,83,50,39
54,14,72,39
55,45,97,39
1,51,83,40
2,18,91,40
3,64,3,40
4,85,73,40
5,88,57,40
6,24,46,40
7,97,89,40
8,80,39,40
9,70,61,40
10,81,33,40
11,56,83,40
12,98,36,40
13,1,70,40
14,39,17,40
15,65,4,40
16,97,19,40
17,63,7,40
18,10,32,40
19,17,41,40
20,81,72,40
21,23,65,40
22,14,28,40
23,13,71,40
24,96,31,40
25,96,52,40
26,61,59,40
27,45,34,40
28,8,11,40
29,61,92,40
30,72,74,40
31,76,37,40
32,19,45,40
33,77,27,40
34,2,91,40
35,82,8,40
36,55,27,40
37,88,33,40
38,6,90,40
39,6,12,40
40,43,31,40
41,90,75,40
42,57,22,40
43,56,67,40
44,44,34,40
45,39,8,40
46,96,88,40
47,62,39,40
48,15,37,40
49,3,20,40
50,76,22,40
51,30,91,40
52,89,7,40
53,83,51,40
54,15,73,40
55,45,98,40
1,51,84,41
2,18,90,41
3,65,3,41
4,84,72,41
5,89,57,41
6,23,46,41
7,96,89,41
8,81,39,41
9,70,62,41
10,82,32,41
11,55,83,41
12,99,37,41
13,0,69,41
14,40,18,41
15,64,5,41
16,97,19,41
17,63,7,41
18,10,31,41
19,16,41,41
20,81,73,41
21,23,65,41
22,13,29,41
23,13,70,41
24,96,32,41
25,97,51,41
26,62,59,41
27,45,34,41
28,9,11,41
29,62,92,41
30,73,75,41
31,76,38,41
32,19,46,41
33,76,27,41
34,2,90,41
35,82,8,41
36,55,28,41
37,88,33,41
38,6,90,41
39,5,11,41
40,43,30,41
41,90,74,41
42,56,23,41
43,57,66,41
44,43,33,41
45,39,9,41
46,95,88,41
47,62,39,41
48,14,38,41
49,4,20,41
50,77,22,41
51,29,91,41
52,90,6,41
53,84,51,41
54,15,72,41
55,44,98,41
1,52,84,42
2,19,91,42
3,64,2,42
4,84,71,42
5,90,58,42
6,24,46,42
7,95,87,42
8,80,38,42
9,69,62,42
10,83,31,42
11,55,84,42
12,99,36,42
13,0,70,42
14,41,17,42
15,63,5,42
16,98,19,42
17,63,6,42
18,10,32,42
19,17,40,42
20,82,72,42
21,23,64,42
22,12,28,42
23,14,70,42
24,97,31,42
25,96,50,42
26,61,59,42
27,45,34,42
28,8,12,42
29,63,92,42
30,73,76,42
31,75,39,42
32,18,45,42
33,75,28,42
34,2,91,42
35,83,9,42
36,55,29,42
37,88,34,42
38,7,89,42
39,6,11,42
40,44,31,42
41,90,73,42
42,57,23,42
43,57,67,42
44,42,34,42
45,38,10,42
46,95,89,42
47,61,38,42
48,13,37,42
49,3,20,42
50,78,21,42
51,30,91,42
52,91,6,42
53,83,50,42
54,16,73,42
55,43,98,42
1,53,85,43
2,19,92,43
3,65,1,43
4,85,71,43
5,89,57,43
6,25,46,43
7,95,86,43
8,79,38,43
9,68,62,43
10,82,31,43
11,55,83,43
12,99,37,43
13,1,71,43
14,42,17,43
15,63,4,43
16,99,18,43
17,64,7,43
18,9,33,43
19,17,40,43
20,81,73,43
21,22,63,43
22,12,28,43
23,14,70,43
24,96,32,43
25,96,49,43
26,61,59,43
27,44,34,43
28,8,13,43
29,64,91,43
30,72,75,43
31,74,38,43
32,19,44,43
33,76,28,43
34,1,91,43
35,83,10,43
36,54,30,43
37,89,34,43
38,6,88,43
39,5,11,43
40,44,31,43
41,90,73,43
42,56,22,43
43,58,67,43
44,42,35,43
45,39,10,43
46,94,90,43
47,60,38,43
48,12,38,43
49,4,19,43
50,77,21,43
51,30,91,43
52,91,7,43
53,82,50,43
54,17,72,43
55,43,99,43
1,52,86,44
2,19,93,44
3,66,1,44
4,86,72,44
5,88,56,44
6,24,45,44
7,95,87,44
8,78,37,44
9,69,62,44
10,83,32,44
11,54,84,44
12,98,38,44
13,1,72,44
14,42,16,44
15,64,3,44
16,98,18,44
17,63,7,44
18,10,33,44
19,16,41,44
20,80,74,44
21,22,64,44
22,11,29,44
23,13,70,44
24,95,32,44
25,95,49,44
26,62,58,44
27,45,34,44
28,9,14,44
29,65,91,44
30,72,76,44
31,74,38,44
32,18,44,44
33,75,27,44
34,1,90,44
35,82,11,44
36,53,31,44
37,88,35,44
38,6,89,44
39,6,11,44
40,45,30,44
41,90,72,44
42,57,22,44
43,58,67,44
44,43,35,44
45,40,10,44
46,94,91,44
47,59,39,44
48,12,37,44
49,4,20,44
50,77,20,44
51,30,90,44
52,90,6,44
53,81,51,44
54,18,73,44
55,44,99,44
1,52,85,45
2,19,92,45
3,66,0,45
4,87,71,45
5,89,57,45
6,24,46,45
7,96,87,45
8,79,37,45
9,69,62,45
10,82,32,45
11,54,84,45
12,97,37,45
13,0,71,45
14,42,15,45
15,65,2,45
16,97,18,45
17,63,6,45
18,9,32,45
19,16,42,45
20,80,73,45
21,22,65,45
22,11,28,45
23,14,70,45
24,96,31,45
25,95,50,45
26,63,58,45
27,44,33,45
28,8,15,45
29,65,91,45
30,71,76,45
31,75,39,45
32,19,45,45
33,74,27,45
34,2,90,45
35,81,12,45
36,53,32,45
37,88,34,45
38,6,89,45
39,5,12,45
40,44,30,45
41,90,73,45
42,56,21,45
43,59,67,45
44,43,35,45
45,41,11,45
46,95,91,45
47,58,38,45
48,12,37,45
49,3,21,45
50,76,21,45
51,31,91,45
52,90,5,45
53,82,51,45
54,17,73,45
55,44,98,45
1,52,85,46
2,20,91,46
3,65,0,46
4,88,70,46
5,88,56,46
6,23,47,46
7,95,87,46
8,80,37,46
9,70,63,46
10,83,33,46
11,55,84,46
12,98,36,46
13,0,70,46
14,43,16,46
15,64,1,46
16,97,19,46
17,64,5,46
18,10,33,46
19,16,43,46
20,81,73,46
21,22,66,46
22,12,29,46
23,14,71,46
24,95,32,46
25,96,50,46
26,62,57,46
27,44,33,46
28,7,15,46
29,65,92,46
30,70,77,46
31,76,40,46
32,19,46,46
33,74,26,46
34,3,89,46
35,81,12,46
36,52,33,46
37,89,33,46
38,5,88,46
39,6,11,46
40,43,31,46
41,90,74,46
42,57,21,46
43,60,67,46
44,43,35,46
45,42,12,46
46,96,90,46
47,58,38,46
48,13,36,46
49,4,21,46
50,76,21,46
51,32,91,46
52,91,4,46
53,82,52,46
54,18,73,46
55,43,97,46
1,51,86,47
2,19,92,47
3,65,1,47
4,89,69,47
5,89,56,47
6,23,46,47
7,94,88,47
8,80,36,47
9,69,64,47
10,83,32,47
11,56,85,47
12,97,35,47
13,1,69,47
14,44,17,47
15,64,0,47
16,98,18,47
17,64,6,47
18,9,34,47
19,16,44,47
20,80,73,47
21,21,67,47
22,11,30,47
23,13,71,47
24,94,33,47
25,97,49,47
26,61,57,47
27,45,33,47
28,7,16,47
29,65,93,47
30,69,78,47
31,77,40,47
32,20,46,47
33,73,27,47
34,2,90,47
35,81,11,47
36,52,34,47
37,89,33,47
38,6,87,47
39,6,10,47
40,42,32,47
41,90,73,47
42,56,22,47
43,59,68,47
44,43,34,47
45,43,12,47
46,97,89,47
47,59,38,47
48,13,37,47
49,3,22,47
50,77,22,47
51,33,91,47
52,92,3,47
53,81,53,47
54,19,72,47
55,43,98,47
1,51,86,48
2,20,92,48
3,65,0,48
4,88,69,48
5,89,55,48
6,22,47,48
7,93,89,48
8,79,37,48
9,68,64,48
10,83,32,48
11,56,85,48
12,97,34,48
13,2,68,48
14,43,16,48
15,65,1,48
16,97,18,48
17,63,5,48
18,9,34,48
19,16,43,48
20,79,74,48
21,22,66,48
22,10,31,48
23,12,70,48
24,93,34,48
25,96,48,48
26,60,57,48
27,46,34,48
28,6,17,48
29,64,93,48
30,69,77,48
31,76,39,48
32,21,47,48
33,72,28,48
34,1,91,48
35,82,10,48
36,53,34,48
37,90,33,48
38,6,87,48
39,6,10,48
40,42,31,48
41,90,72,48
42,56,23,48
43,58,69,48
44,44,33,48
45,43,13,48
46,98,88,48
47,60,37,48
48,12,38,48
49,4,21,48
50,76,22,48
51,33,90,48
52,92,4,48
53,80,54,48
54,19,73,48
55,43,98,48
1,50,87,49
2,19,93,49
3,66,1,49
4,89,70,49
5,90,55,49
6,23,48,49
7,94,90,49
8,79,37,49
9,67,64,49
10,84,33,49
11,56,85,49
12,98,34,49
13,3,67,49
14,42,15,49
15,66,0,49
16,98,17,49
17,63,5,49
18,10,33,49
19,16,42,49
20,78,75,49
21,22,67,49
22,11,31,49
23,12,69,49
24,93,35,49
25,95,49,49
26,60,56,49
27,46,33,49
28,6,17,49
29,64,93,49
30,68,76,49
31,75,40,49
32,21,46,49
33,72,27,49
34,0,90,49
35,82,11,49
36,54,33,49
37,90,34,49
38,6,87,49
39,6,11,49
40,41,31,49
41,90,71,49
42,57,23,49
43,57,70,49
44,44,33,49
45,44,12,49
46,98,88,49
47,59,36,49
48,13,37,49
49,4,20,49
50,77,21,49
51,34,89,49
52,91,5,49
53,79,55,49
54,20,74,49
55,42,97,49
1,51,87,50
2,18,92,50
3,67,0,50
4,90,69,50
5,90,56,50
6,23,47,50
7,94,91,50
8,78,38,50
9,67,65,50
10,85,33,50
11,57,86,50
12,99,35,50
13,4,66,50
14,43,14,50
15,65,0,50
16,98,17,50
17,64,4,50
18,10,33,50
19,16,41,50
20,79,76,50
21,22,66,50
22,10,32,50
23,13,69,50
24,94,34,50
25,94,48,50
26,59,57,50
27,45,34,50
28,7,17,50
29,65,93,50
30,68,77,50
31,76,40,50
32,22,47,50
33,72,28,50
34,0,89,50
35,82,11,50
36,54,33,50
37,90,33,50
38,5,87,50
39,7,11,50
40,40,32,50
41,89,72,50
42,57,22,50
43,57,69,50
44,44,32,50
45,43,11,50
46,97,87,50
47,60,37,50
48,12,37,50
49,3,20,50
50,76,20,50
51,34,89,50
52,91,6,50
53,80,55,50
54,19,75,50
55,41,98,50
1,52,86,51
2,18,91,51
3,68,1,51
4,89,69,51
5,89,55,51
6,21,48,51
7,95,91,51
8,77,39,51
9,66,66,51
10,86,32,51
11,57,86,51
12,98,34,51
13,5,66,51
14,42,14,51
15,64,0,51
16,99,17,51
17,65,4,51
18,11,34,51
19,15,41,51
20,78,76,51
21,22,67,51
22,9,33,51
23,14,70,51
24,95,35,51
25,93,49,51
26,59,56,51
27,45,34,51
28,8,17,51
29,65,94,51
30,69,77,51
31,77,41,51
32,23,47,51
33,73,28,51
34,1,88,51
35,82,12,51
36,55,33,51
37,90,33,51
38,4,87,51
39,7,11,51
40,40,33,51
41,89,71,51
42,57,23,51
43,56,70,51
44,45,31,51
45,44,11,51
46,96,88,51
47,61,37,51
48,13,36,51
49,3,19,51
50,77,19,51
51,34,88,51
52,90,5,51
53,81,56,51
54,18,76,51
55,42,98,51
1,51,87,52
2,17,91,52
3,69,1,52
4,89,68,52
5,89,54,52
6,22,48,52
7,96,92,52
8,76,39,52
9,67,65,52
10,87,33,52
11,56,85,52
12,99,33,52
13,5,65,52
14,41,13,52
15,65,1,52
16,99,16,52
17,65,4,52
18,12,34,52
19,16,41,52
20,79,77,52
21,23,68,52
22,8,32,52
23,14,70,52
24,96,36,52
25,94,50,52
26,58,56,52
27,45,33,52
28,8,18,52
29,65,93,52
30,68,77,52
31,76,41,52
32,24,46,52
33,74,29,52
34,2,87,52
35,83,12,52
36,54,32,52
37,91,34,52
38,3,86,52
39,7,11,52
40,41,34,52
41,88,72,52
42,57,24,52
43,55,71,52
44,45,30,52
45,44,12,52
46,95,88,52
47,60,38,52
48,12,36,52
49,2,19,52
50,76,20,52
51,35,88,52
52,90,4,52
53,82,56,52
54,18,75,52
55,41,99,52
1,52,88,53
2,16,92,53
3,68,2,53
4,88,69,53
5,89,53,53
6,21,48,53
7,95,93,53
8,77,39,53
9,67,66,53
10,88,34,53
11,56,86,53
12,99,32,53
13,5,66,53
14,41,14,53
15,64,2,53
16,98,15,53
17,66,3,53
18,13,34,53
19,16,41,53
20,78,78,53
21,24,69,53
22,8,32,53
23,15,71,53
24,96,37,53
25,93,50,53
26,57,57,53
27,44,32,53
28,8,17,53
29,66,94,53
30,67,78,53
31,75,42,53
32,24,46,53
33,74,29,53
34,2,87,53
35,83,13,53
36,54,33,53
37,90,35,53
38,4,86,53
39,7,11,53
40,41,33,53
41,89,72,53
42,58,23,53
43,55,71,53
44,44,30,53
45,43,13,53
46,94,87,53
47,59,38,53
48,12,37,53
49,1,18,53
50,77,21,53
51,35,88,53
52,89,5,53
53,81,56,53
54,19,75,53
55,42,98,53
1,53,88,54
2,16,91,54
3,68,1,54
4,87,68,54
5,88,54,54
6,22,47,54
7,95,94,54
8,76,38,54
9,67,66,54
10,88,34,54
11,57,86,54
12,99,31,54
13,6,66,54
14,41,15,54
15,64,1,54
16,98,14,54
17,67,3,54
18,12,34,54
19,17,40,54
20,79,78,54
21,23,70,54
22,9,31,54
23,16,72,54
24,95,38,54
25,94,50,54
26,57,57,54
27,44,33,54
28,7,18,54
29,65,95,54
30,67,79,54
31,75,42,54
32,23,45,54
33,75,30,54
34,1,86,54
35,84,12,54
36,53,32,54
37,91,35,54
38,4,85,54
39,8,12,54
40,40,32,54
41,90,72,54
42,57,24,54
43,55,70,54
44,45,31,54
45,42,14,54
46,95,86,54
47,59,38,54
48,13,38,54
49,2,18,54
50,77,20,54
51,36,88,54
52,89,6,54
53,80,57,54
54,18,75,54
55,43,99,54
1,54,87,55
2,17,92,55
3,67,1,55
4,86,69,55
5,89,53,55
6,23,47,55
7,95,95,55
8,77,38,55
9,68,65,55
10,89,33,55
11,57,87,55
12,99,30,55
13,5,66,55
14,40,15,55
15,64,1,55
16,97,14,55
17,68,3,55
18,13,34,55
19,17,41,55
20,78,79,55
21,23,69,55
22,9,31,55
23,15,71,55
24,94,37,55
25,94,49,55
26,56,57,55
27,43,33,55
28,7,18,55
29,64,96,55
30,66,78,55
31,76,43,55
32,23,46,55
33,74,31,55
34,1,86,55
35,85,13,55
36,54,33,55
37,92,36,55
38,3,84,55
39,9,12,55
40,39,33,55
41,90,72,55
42,58,23,55
43,55,71,55
44,44,30,55
45,43,13,55
46,96,86,55
47,60,37,55
48,12,39,55
49,1,17,55
50,77,21,55
51,36,89,55
52,90,5,55
53,81,56,55
54,19,75,55
55,44,98,55
1,55,86,56
2,17,91,56
3,67,1,56
4,86,70,56
5,89,54,56
6,22,47,56
7,95,95,56
8,78,38,56
9,69,66,56
10,89,33,56
11,56,86,56
12,98,31,56
13,5,65,56
14,39,14,56
15,64,2,56
16,97,13,56
17,69,3,56
18,12,33,56
19,16,40,56
20,77,78,56
21,22,70,56
22,10,30,56
23,14,70,56
24,95,36,56
25,94,49,56
26,55,58,56
27,42,34,56
28,8,17,56
29,65,96,56
30,65,78,56
31,77,43,56
32,24,47,56
33,73,30,56
34,0,85,56
35,85,12,56
36,55,33,56
37,93,37,56
38,4,84,56
39,8,11,56
40,38,34,56
41,89,71,56
42,57,22,56
43,56,71,56
44,43,29,56
45,44,13,56
46,95,86,56
47,61,38,56
48,11,40,56
49,0,18,56
50,76,22,56
51,36,88,56
52,89,6,56
53,80,56,56
54,19,75,56
55,43,98,56
1,54,86,57
2,18,92,57
3,67,0,57
4,85,69,57
5,89,54,57
6,23,48,57
7,95,94,57
8,77,37,57
9,70,67,57
10,89,32,57
11,57,85,57
12,98,32,57
13,4,66,57
14,39,13,57
15,63,3,57
16,98,14,57
17,70,2,57
18,13,34,57
19,16,40,57
20,78,79,57
21,21,70,57
22,11,29,57
23,14,70,57
24,95,35,57
25,95,49,57
26,55,58,57
27,43,34,57
28,8,18,57
29,64,97,57
30,64,78,57
31,77,43,57
32,25,47,57
33,74,30,57
34,1,86,57
35,86,13,57
36,56,34,57
37,92,36,57
38,4,83,57
39,8,12,57
40,39,35,57
41,89,71,57
42,57,23,57
43,55,71,57
44,44,29,57
45,44,14,57
46,95,86,57
47,60,38,57
48,12,41,57
49,0,18,57
50,76,22,57
51,36,87,57
52,88,6,57
53,81,55,57
54,19,74,57
55,43,99,57
1,54,86,58
2,18,92,58
3,68,1,58
4,86,70,58
5,88,54,58
6,24,49,58
7,94,94,58
8,78,38,58
9,71,68,58
10,89,32,58
11,58,84,58
12,99,31,58
13,3,66,58
14,38,12,58
15,64,4,58
16,98,15,58
17,71,2,58
18,12,35,58
19,17,40,58
20,79,80,58
21,22,70,58
22,11,30,58
23,15,69,58
24,94,35,58
25,94,50,58
26,54,58,58
27,44,34,58
28,7,17,58
29,63,98,58
30,65,77,58
31,78,44,58
32,24,46,58
33,74,30,58
34,2,86,58
35,86,14,58
36,55,33,58
37,92,36,58
38,3,83,58
39,8,13,58
40,39,34,58
41,88,71,58
42,57,22,58
43,54,71,58
44,45,28,58
45,44,15,58
46,94,86,58
47,59,37,58
48,12,41,58
49,0,17,58
50,76,22,58
51,35,88,58
52,88,5,58
53,82,56,58
54,19,73,58
55,42,98,58
1,53,85,59
2,17,93,59
3,68,0,59
4,85,69,59
5,89,55,59
6,23,48,59
7,95,95,59
8,79,39,59
9,71,68,59
10,90,31,59
11,58,83,59
12,98,31,59
13,4,67,59
14,39,12,59
15,64,4,59
16,98,15,59
17,71,1,59
18,13,34,59
19,16,41,59
20,79,80,59
21,23,69,59
22,10,31,59
23,14,68,59
24,95,35,59
25,93,49,59
26,55,57,59
27,45,33,59
28,7,16,59
29,62,97,59
30,66,77,59
31,77,43,59
32,24,45,59
33,75,30,59
34,2,87,59
35,87,13,59
36,55,34,59
37,93,35,59
38,2,83,59
39,8,12,59
40,38,35,59
41,87,70,59
42,57,21,59
43,53,72,59
44,46,28,59
45,43,15,59
46,94,87,59
47,60,38,59
48,13,40,59
49,1,16,59
50,75,23,59
51,34,88,59
52,88,6,59
53,83,56,59
54,19,74,59
55,41,97,59
1,52,84,60
2,17,93,60
3,67,1,60
4,86,69,60
5,90,56,60
6,23,47,60
7,95,94,60
8,80,39,60
9,71,67,60
10,90,31,60
11,59,84,60
12,98,31,60
13,3,68,60
14,40,13,60
15,64,3,60
16,99,15,60
17,70,0,60
18,12,35,60
19,16,41,60
20,80,80,60
21,24,68,60
22,10,30,60
23,13,67,60
24,94,36,60
25,94,49,60
26,55,56,60
27,45,34,60
28,6,15,60
29,63,98,60
30,66,76,60
31,76,42,60
32,25,44,60
33,75,30,60
34,2,87,60
35,86,13,60
36,56,35,60
37,94,34,60
38,2,82,60
39,8,12,60
40,37,35,60
41,86,71,60
42,58,20,60
43,53,73,60
44,45,29,60
45,43,14,60
46,93,86,60
47,59,39,60
48,12,39,60
49,1,17,60
50,75,24,60
51,35,89,60
52,87,7,60
53,82,57,60
54,18,74,60
55,42,97,60
1,51,83,61
2,18,93,61
3,67,2,61
4,87,70,61
5,89,55,61
6,23,48,61
7,94,93,61
8,81,40,61
9,71,66,61
10,89,30,61
11,58,84,61
12,98,30,61
13,3,67,61
14,41,12,61
15,63,4,61
16,99,15,61
17,71,0,61
18,13,36,61
19,16,42,61
20,81,80,61
21,24,67,61
22,10,29,61
23,14,67,61
24,95,36,61
25,94,50,61
26,56,56,61
27,44,35,61
28,5,15,61
29,62,99,61
30,67,77,61
31,77,43,61
32,24,44,61
33,74,30,61
34,3,88,61
35,86,14,61
36,55,34,61
37,95,35,61
38,2,81,61
39,9,11,61
40,37,34,61
41,87,72,61
42,59,19,61
43,54,73,61
44,45,29,61
45,43,14,61
46,94,87,61
47,59,38,61
48,11,39,61
49,2,18,61
50,74,24,61
51,36,89,61
52,88,7,61
53,81,57,61
54,18,74,61
55,42,96,61
1,50,83,62
2,17,92,62
3,68,2,62
4,87,70,62
5,89,55,62
6,23,47,62
7,93,94,62
8,80,41,62
9,71,66,62
10,89,29,62
11,58,85,62
12,99,30,62
13,2,68,62
14,40,11,62
15,64,5,62
16,98,14,62
17,72,0,62
18,12,37,62
19,15,42,62
20,82,81,62
21,25,67,62
22,11,28,62
23,14,67,62
24,95,34,62
25,95,51,62
26,56,57,62
27,44,36,62
28,5,14,62
29,61,99,62
30,66,77,62
31,78,43,62
32,23,43,62
33,75,31,62
34,4,87,62
35,86,13,62
36,54,34,62
37,95,36,62
38,3,80,62
39,8,10,62
40,36,33,62
41,87,72,62
42,60,20,62
43,55,73,62
44,44,30,62
45,44,13,62
46,93,88,62
47,59,39,62
48,10,39,62
49,3,17,62
50,73,25,62
51,37,89,62
52,87,6,62
53,82,56,62
54,17,75,62
55,43,96,62
1,49,83,63
2,16,93,63
3,68,1,63
4,88,71,63
5,88,56,63
6,22,48,63
7,94,95,63
8,80,41,63
9,70,67,63
10,90,28,63
11,58,85,63
12,99,30,63
13,3,67,63
14,41,10,63
15,64,5,63
16,97,15,63
17,73,0,63
18,11,37,63
19,14,41,63
20,82,81,63
21,26,68,63
22,12,29,63
23,14,66,63
24,95,35,63
25,94,51,63
26,56,58,63
27,45,37,63
28,5,15,63
29,60,98,63
30,66,78,63
31,78,42,63
32,24,42,63
33,76,30,63
34,3,87,63
35,86,12,63
36,53,33,63
37,96,35,63
38,2,80,63
39,7,11,63
40,36,34,63
41,86,72,63
42,60,19,63
43,54,73,63
44,43,29,63
45,44,13,63
46,94,89,63
47,60,39,63
48,9,39,63
49,3,18,63
50,72,26,63
51,37,88,63
52,86,7,63
53,83,56,63
54,16,74,63
55,44,96,63
1,48,84,64
2,17,92,64
3,68,1,64
4,88,72,64
5,88,56,64
6,21,49,64
7,95,94,64
8,79,42,64
9,71,66,64
10,91,28,64
11,57,86,64
12,99,29,64
13,4,66,64
14,41,11,64
15,63,4,64
16,98,15,64
17,74,0,64
18,12,37,64
19,14,40,64
20,82,80,64
21,26,69,64
22,12,29,64
23,14,65,64
24,96,34,64
25,95,51,64
26,57,57,64
27,44,37,64
28,5,14,64
29,61,97,64
30,66,79,64
31,77,42,64
32,24,43,64
33,75,29,64
34,2,86,64
35,87,11,64
36,53,33,64
37,97,35,64
38,3,80,64
39,7,12,64
40,35,35,64
41,85,73,64
42,61,19,64
43,54,73,64
44,43,30,64
45,44,14,64
46,95,89,64
47,60,40,64
48,9,39,64
49,4,17,64
50,72,26,64
51,37,87,64
52,85,8,64
53,83,55,64
54,15,73,64
55,45,95,64
1,49,84,65
2,18,92,65
3,69,1,65
4,87,71,65
5,87,57,65
6,22,50,65
7,95,93,65
8,79,42,65
9,70,67,65
10,90,28,65
11,57,86,65
12,99,30,65
13,4,66,65
14,42,12,65
15,64,5,65
16,97,14,65
17,74,0,65
18,11,36,65
19,14,39,65
20,81,80,65
21,27,68,65
22,13,29,65
23,14,66,65
24,96,33,65
25,96,51,65
26,58,58,65
27,44,36,65
28,4,13,65
29,60,97,65
30,65,80,65
31,76,42,65
32,23,42,65
33,76,29,65
34,3,86,65
35,88,12,65
36,54,34,65
37,96,36,65
38,2,81,65
39,7,12,65
40,36,35,65
41,86,73,65
42,62,19,65
43,54,73,65
44,44,30,65
45,44,14,65
46,96,88,65
47,59,39,65
48,8,38,65
49,3,18,65
50,71,26,65
51,36,86,65
52,86,8,65
53,83,55,65
54,14,73,65
55,44,95,65
1,50,85,66
2,18,91,66
3,69,2,66
4,87,71,66
5,86,56,66
6,21,50,66
7,94,94,66
8,79,41,66
9,69,68,66
10,90,27,66
11,57,86,66
12,98,29,66
13,5,67,66
14,41,12,66
15,64,5,66
16,98,13,66
17,75,0,66
18,10,35,66
19,15,40,66
20,81,81,66
21,26,68,66
22,12,30,66
23,14,66,66
24,95,34,66
25,95,50,66
26,58,59,66
27,45,36,66
28,3,13,66
29,60,98,66
30,64,80,66
31,75,42,66
32,24,42,66
33,77,28,66
34,4,85,66
35,87,11,66
36,55,33,66
37,97,37,66
38,3,81,66
39,8,13,66
40,37,36,66
41,87,73,66
42,62,20,66
43,54,72,66
44,44,31,66
45,43,14,66
46,96,87,66
47,60,39,66
48,9,37,66
49,4,17,66
50,72,27,66
51,37,86,66
52,87,8,66
53,83,55,66
54,15,72,66
55,43,95,66
1,51,85,67
2,17,92,67
3,69,3,67
4,86,72,67
5,86,55,67
6,21,50,67
7,93,93,67
8,80,42,67
9,68,67,67
10,89,27,67
11,56,85,67
12,97,30,67
13,4,66,67
14,41,11,67
15,63,5,67
16,97,13,67
17,74,1,67
18,9,35,67
19,15,41,67
20,81,81,67
21,25,67,67
22,13,30,67
23,15,67,67
24,94,35,67
25,96,49,67
26,57,60,67
27,45,35,67
28,2,13,67
29,60,97,67
30,64,81,67
31,76,43,67
32,24,43,67
33,76,28,67
34,4,86,67
35,86,10,67
36,55,33,67
37,97,36,67
38,2,82,67
39,8,12,67
40,38,37,67
41,88,74,67
42,61,19,67
43,54,71,67
44,43,31,67
45,44,15,67
46,96,87,67
47,60,40,67
48,10,36,67
49,3,16,67
50,72,26,67
51,36,86,67
52,87,8,67
53,82,56,67
54,15,72,67
55,43,94,67
1,50,86,68
2,16,91,68
3,68,4,68
4,85,71,68
5,85,56,68
6,22,49,68
7,94,92,68
8,81,43,68
9,67,68,68
10,90,26,68
11,56,86,68
12,98,30,68
13,5,66,68
14,40,10,68
15,63,5,68
16,98,13,68
17,75,0,68
18,10,34,68
19,14,42,68
20,82,80,68
21,24,66,68
22,12,29,68
23,14,68,68
24,95,34,68
25,97,49,68
26,58,61,68
27,45,34,68
28,1,13,68
29,59,97,68
30,64,81,68
31,76,43,68
32,23,42,68
33,75,29,68
34,3,85,68
35,87,11,68
36,56,34,68
37,97,35,68
38,2,81,68
39,7,11,68
40,39,37,68
41,87,73,68
42,60,18,68
43,55,70,68
44,43,32,68
45,43,14,68
46,95,86,68
47,61,40,68
48,10,35,68
49,3,15,68
50,72,25,68
51,37,87,68
52,88,7,68
53,81,56,68
54,15,72,68
55,42,95,68
1,50,85,69
2,15,91,69
3,69,5,69
4,85,70,69
5,86,57,69
6,22,50,69
7,94,92,69
8,80,44,69
9,66,68,69
10,89,25,69
11,55,85,69
12,98,31,69
13,4,65,69
14,41,11,69
15,63,4,69
16,97,14,69
17,75,1,69
18,9,35,69
19,14,41,69
20,82,80,69
21,25,67,69
22,11,28,69
23,13,68,69
24,96,35,69
25,98,50,69
26,58,61,69
27,44,34,69
28,2,12,69
29,59,96,69
30,65,80,69
31,76,44,69
32,23,43,69
33,75,28,69
34,2,84,69
35,86,12,69
36,57,35,69
37,96,34,69
38,1,81,69
39,7,12,69
40,39,36,69
41,86,73,69
42,59,18,69
43,54,71,69
44,42,32,69
45,44,13,69
46,95,86,69
47,61,40,69
48,9,36,69
49,4,15,69
50,71,25,69
51,37,88,69
52,89,6,69
53,81,55,69
54,15,72,69
55,43,96,69
1,50,86,70
2,15,90,70
3,70,6,70
4,85,71,70
5,86,57,70
6,22,51,70
7,95,92,70
8,80,45,70
9,65,68,70
10,89,24,70
11,55,86,70
12,98,31,70
13,5,65,70
14,42,10,70
15,64,5,70
16,97,15,70
17,76,2,70
18,8,36,70
19,15,42,70
20,82,79,70
21,26,68,70
22,10,29,70
23,12,67,70
24,96,36,70
25,99,51,70
26,59,62,70
27,43,35,70
28,3,11,70
29,58,96,70
30,64,79,70
31,75,45,70
32,24,43,70
33,74,29,70
34,2,85,70
35,87,11,70
36,58,34,70
37,97,33,70
38,1,81,70
39,6,11,70
40,38,37,70
41,86,74,70
42,59,17,70
43,54,72,70
44,42,31,70
45,43,13,70
46,95,86,70
47,61,40,70
48,10,35,70
49,5,16,70
50,72,26,70
51,38,87,70
52,89,7,70
53,80,54,70
54,14,71,70
55,44,96,70
1,50,87,71
2,16,90,71
3,71,7,71
4,84,72,71
5,86,58,71
6,21,51,71
7,94,93,71
8,80,45,71
9,64,67,71
10,89,23,71
11,56,85,71
12,99,30,71
13,6,65,71
14,42,9,71
15,65,4,71
16,96,15,71
17,76,3,71
18,9,36,71
19,16,41,71
20,83,78,71
21,26,69,71
22,9,30,71
23,11,67,71
24,96,35,71
25,99,51,71
26,59,62,71
27,42,35,71
28,2,12,71
29,57,95,71
30,65,78,71
31,76,44,71
32,24,42,71
33,75,28,71
34,3,85,71
35,88,11,71
36,57,35,71
37,98,32,71
38,2,82,71
39,5,12,71
40,39,37,71
41,85,74,71
42,59,17,71
43,53,73,71
44,41,30,71
45,43,13,71
46,95,86,71
47,62,41,71
48,10,35,71
49,5,15,71
50,72,26,71
51,39,87,71
52,90,6,71
53,79,53,71
54,14,72,71
55,44,95,71
1,50,87,72
2,15,91,72
3,72,7,72
4,85,72,72
5,85,58,72
6,20,51,72
7,95,94,72
8,79,44,72
9,65,67,72
10,90,22,72
11,55,86,72
12,98,29,72
13,7,66,72
14,42,9,72
15,64,3,72
16,95,15,72
17,75,2,72
18,8,35,72
19,15,40,72
20,83,79,72
21,26,70,72
22,8,30,72
23,12,67,72
24,95,36,72
25,98,51,72
26,59,61,72
27,43,34,72
28,3,12,72
29,57,95,72
30,64,77,72
31,75,45,72
32,25,42,72
33,76,27,72
34,2,85,72
35,88,11,72
36,57,35,72
37,98,31,72
38,1,83,72
39,4,11,72
40,39,36,72
41,85,75,72
42,60,17,72
43,52,73,72
44,42,30,72
45,42,14,72
46,96,87,72
47,62,40,72
48,11,35,72
49,5,14,72
50,73,27,72
51,38,88,72
52,91,6,72
53,79,54,72
54,13,73,72
55,44,96,72
1,51,88,73
2,15,91,73
3,71,7,73
4,85,71,73
5,84,58,73
6,20,52,73
7,95,95,73
8,80,45,73
9,66,67,73
10,90,22,73
11,54,87,73
12,97,30,73
13,7,65,73
14,43,10,73
15,65,2,73
16,96,16,73
17,76,1,73
18,9,36,73
19,16,40,73
20,84,80,73
21,26,71,73
22,7,30,73
23,12,68,73
24,95,35,73
25,97,50,73
26,58,61,73
27,42,33,73
28,2,12,73
29,57,95,73
30,64,77,73
31,76,44,73
32,26,42,73
33,76,27,73
34,3,84,73
35,87,12,73
36,58,34,73
37,98,31,73
38,1,82,73
39,5,11,73
40,40,35,73
41,84,75,73
42,61,18,73
43,53,74,73
44,43,30,73
45,41,13,73
46,95,88,73
47,62,39,73
48,10,36,73
49,6,15,73
50,73,28,73
51,38,89,73
52,92,7,73
53,80,53,73
54,13,73,73
55,44,97,73
1,52,88,74
2,14,91,74
3,70,7,74
4,86,71,74
5,84,58,74
6,19,52,74
7,94,95,74
8,80,45,74
9,66,66,74
10,90,21,74
11,54,86,74
12,97,30,74
13,8,65,74
14,43,11,74
15,65,2,74
16,97,17,74
17,76,2,74
18,9,35,74
19,17,41,74
20,83,81,74
21,25,71,74
22,8,31,74
23,13,69,74
24,96,36,74
25,96,51,74
26,57,60,74
27,43,33,74
28,1,13,74
29,57,95,74
30,64,78,74
31,76,45,74
32,25,41,74
33,77,27,74
34,2,84,74
35,88,12,74
36,59,35,74
37,99,30,74
38,0,82,74
39,5,11,74
40,39,36,74
41,84,74,74
42,60,18,74
43,52,74,74
44,42,31,74
45,40,13,74
46,96,88,74
47,62,40,74
48,10,35,74
49,7,16,74
50,72,27,74
51,39,90,74
52,91,8,74
53,79,54,74
54,12,72,74
55,44,96,74
1,52,89,75
2,14,90,75
3,70,6,75
4,87,72,75
5,83,59,75
6,20,51,75
7,95,95,75
8,81,44,75
9,66,66,75
10,91,21,75
11,53,87,75
12,96,30,75
13,7,64,75
14,43,11,75
15,64,1,75
16,96,17,75
17,75,3,75
18,10,36,75
19,17,40,75
20,83,80,75
21,26,72,75
22,8,32,75
23,13,68,75
24,97,37,75
25,97,50,75
26,56,61,75
27,42,32,75
28,1,12,75
29,58,96,75
30,63,79,75
31,76,45,75
32,25,42,75
33,77,26,75
34,3,83,75
35,88,11,75
36,60,35,75
37,99,31,75
38,0,82,75
39,5,10,75
40,39,37,75
41,83,75,75
42,60,18,75
43,52,74,75
44,43,32,75
45,40,13,75
46,96,88,75
47,63,39,75
48,10,34,75
49,7,16,75
50,71,27,75
51,40,91,75
52,92,7,75
53,78,53,75
54,12,72,75
55,43,97,75
1,51,90,76
2,13,91,76
3,71,6,76
4,88,73,76
5,83,58,76
6,21,50,76
7,94,95,76
8,82,43,76
9,67,66,76
10,91,20,76
11,52,88,76
12,96,30,76
13,6,63,76
14,44,10,76
15,64,2,76
16,96,17,76
17,74,2,76
18,11,35,76
19,17,41,76
20,82,80,76
21,27,72,76
22,7,31,76
23,14,68,76
24,96,36,76
25,98,49,76
26,56,62,76
27,42,33,76
28,2,11,76
29,59,96,76
30,64,79,76
31,75,46,76
32,25,43,76
33,76,26,76
34,3,83,76
35,89,10,76
36,61,35,76
37,98,30,76
38,0,82,76
39,6,9,76
40,40,37,76
41,83,74,76
42,59,17,76
43,53,73,76
44,43,31,76
45,40,14,76
46,96,89,76
47,64,40,76
48,9,34,76
49,6,17,76
50,70,28,76
51,40,92,76
52,93,8,76
53,77,54,76
54,12,73,76
55,44,98,76
1,50,89,77
2,13,92,77
3,70,7,77
4,87,72,77
5,84,58,77
6,20,49,77
7,95,95,77
8,83,43,77
9,68,65,77
10,92,20,77
11,53,88,77
12,97,31,77
13,5,64,77
14,44,10,77
15,64,2,77
16,96,18,77
17,73,3,77
18,11,36,77
19,16,42,77
20,81,79,77
21,28,71,77
22,7,31,77
23,15,68,77
24,96,36,77
25,98,50,77
26,57,63,77
27,41,33,77
28,1,12,77
29,59,97,77
30,65,78,77
31,74,46,77
32,24,42,77
33,75,26,77
34,2,84,77
35,90,9,77
36,61,34,77
37,97,30,77
38,1,81,77
39,5,9,77
40,39,37,77
41,83,74,77
42,59,17,77
43,52,74,77
44,43,31,77
45,40,13,77
46,96,89,77
47,65,39,77
48,9,34,77
49,5,17,77
50,70,27,77
51,40,93,77
52,92,8,77
53,76,54,77
54,13,74,77
55,45,98,77
1,49,90,78
2,12,92,78
3,71,7,78
4,88,72,78
5,83,58,78
6,20,50,78
7,94,94,78
8,84,44,78
9,67,64,78
10,91,21,78
11,54,88,78
12,97,31,78
13,6,63,78
14,44,11,78
15,63,1,78
16,95,17,78
17,73,2,78
18,11,37,78
19,16,41,78
20,82,80,78
21,27,72,78
22,6,30,78
23,14,69,78
24,95,37,78
25,98,50,78
26,58,62,78
27,40,32,78
28,1,11,78
29,60,96,78
30,65,77,78
31,73,47,78
32,24,43,78
33,76,26,78
34,1,83,78
35,90,9,78
36,61,34,78
37,96,31,78
38,2,81,78
39,6,9,78
40,38,36,78
41,82,75,78
42,59,18,78
43,51,74,78
44,44,30,78
45,39,13,78
46,96,88,78
47,64,40,78
48,10,34,78
49,6,16,78
50,70,28,78
51,39,94,78
52,91,9,78
53,77,53,78
54,14,73,78
55,44,99,78
1,50,91,79
2,13,93,79
3,71,8,79
4,87,72,79
5,83,59,79
6,20,49,79
7,93,94,79
8,84,45,79
9,66,63,79
10,92,20,79
11,55,89,79
12,98,32,79
13,5,64,79
14,44,10,79
15,62,2,79
16,94,17,79
17,72,2,79
18,11,36,79
19,16,41,79
20,83,81,79
21,28,71,79
22,6,29,79
23,13,68,79
24,95,37,79
25,98,51,79
26,58,62,79
27,41,31,79
28,1,12,79
29,59,96,79
30,66,76,79
31,73,46,79
32,23,42,79
33,75,26,79
34,2,84,79
35,89,10,79
36,61,33,79
37,97,31,79
38,2,81,79
39,5,8,79
40,39,36,79
41,81,76,79
42,58,18,79
43,51,74,79
44,43,29,79
45,38,12,79
46,97,89,79
47,63,41,79
48,10,35,79
49,7,16,79
50,70,27,79
51,40,94,79
52,90,10,79
53,77,53,79
54,14,72,79
55,45,99,79
1,49,91,80
2,13,93,80
3,71,8,80
4,86,72,80
5,84,58,80
6,21,48,80
7,93,94,80
8,83,46,80
9,67,63,80
10,91,19,80
11,55,88,80
12,99,31,80
13,5,65,80
14,45,9,80
15,62,2,80
16,94,17,80
17,71,1,80
18,10,36,80
19,17,41,80
20,82,81,80
21,28,70,80
22,7,29,80
23,14,67,80
24,96,38,80
25,99,50,80
26,57,63,80
27,42,31,80
28,1,11,80
29,58,97,80
30,66,75,80
31,73,46,80
32,23,43,80
33,76,26,80
34,1,84,80
35,90,9,80
36,60,32,80
37,96,31,80
38,2,82,80
39,5,8,80
40,40,35,80
41,81,77,80
42,57,19,80
43,50,75,80
44,43,28,80
45,38,12,80
46,97,89,80
47,64,42,80
48,9,34,80
49,7,16,80
50,70,26,80
51,40,95,80
52,89,10,80
53,77,52,80
54,13,71,80
55,44,99,80
1,50,90,81
2,14,92,81
3,71,9,81
4,86,73,81
5,85,58,81
6,21,48,81
7,94,94,81
8,82,45,81
9,67,64,81
10,92,19,81
11,54,89,81
12,98,32,81
13,4,64,81
14,45,8,81
15,63,1,81
16,95,18,81
17,72,1,81
18,9,36,81
19,18,41,81
20,83,82,81
21,29,69,81
22,7,30,81
23,13,68,81
24,96,38,81
25,99,50,81
26,57,64,81
27,42,30,81
28,2,10,81
29,58,97,81
30,66,76,81
31,72,45,81
32,22,44,81
33,77,27,81
34,0,85,81
35,90,10,81
36,59,33,81
37,96,31,81
38,2,81,81
39,4,9,81
40,40,34,81
41,80,78,81
42,58,18,81
43,49,76,81
44,43,28,81
45,38,11,81
46,98,88,81
47,65,41,81
48,8,35,81
49,8,15,81
50,71,27,81
51,39,96,81
52,91,11,81
53,78,52,81
54,13,70,81
55,44,99,81
1,50,89,82
2,13,93,82
3,70,9,82
4,86,73,82
5,84,57,82
6,22,47,82
7,95,93,82
8,82,45,82
9,68,65,82
10,91,18,82
11,53,89,82
12,99,31,82
13,5,64,82
14,44,7,82
15,64,0,82
16,94,19,82
17,71,0,82
18,10,36,82
19,18,41,82
20,82,83,82
21,29,68,82
22,6,30,82
23,14,68,82
24,97,37,82
25,98,51,82
26,58,64,82
27,41,31,82
28,2,9,82
29,57,96,82
30,66,77,82
31,71,46,82
32,21,43,82
33,77,28,82
34,1,84,82
35,90,10,82
36,59,32,82
37,95,32,82
38,3,80,82
39,4,10,82
40,41,35,82
41,80,78,82
42,59,19,82
43,49,77,82
44,43,27,82
45,39,11,82
46,98,89,82
47,64,41,82
48,8,35,82
49,9,15,82
50,71,27,82
51,39,95,82
52,92,10,82
53,79,51,82
54,12,69,82
55,43,99,82
1,49,88,83
2,12,93,83
3,70,8,83
4,86,72,83
5,83,56,83
6,22,48,83
7,94,92,83
8,83,45,83
9,69,64,83
10,92,18,83
11,53,88,83
12,98,32,83
13,5,65,83
14,44,6,83
15,64,1,83
16,95,19,83
17,71,0,83
18,10,35,83
19,18,41,83
20,83,82,83
21,30,67,83
22,5,30,83
23,15,67,83
24,96,38,83
25,98,50,83
26,58,65,83
27,40,30,83
28,2,10,83
29,56,96,83
30,65,76,83
31,72,45,83
32,22,43,83
33,77,27,83
34,1,83,83
35,91,9,83
36,58,31,83
37,95,32,83
38,3,80,83
39,5,11,83
40,41,35,83
41,81,78,83
42,59,18,83
43,50,77,83
44,43,27,83
45,38,12,83
46,98,89,83
47,64,42,83
48,9,36,83
49,10,14,83
50,71,28,83
51,39,96,83
52,92,10,83
53,80,50,83
54,13,70,83
55,42,98,83
1,50,88,84
2,13,94,84
3,70,8,84
4,86,71,84
5,83,57,84
6,23,49,84
7,93,92,84
8,84,44,84
9,68,63,84
10,92,17,84
11,53,89,84
12,97,32,84
13,6,66,84
14,45,6,84
15,63,1,84
16,96,18,84
17,70,1,84
18,11,34,84
19,18,40,84
20,84,83,84
21,29,66,84
22,6,29,84
23,15,67,84
24,95,39,84
25,98,49,84
26,58,66,84
27,41,30,84
28,3,9,84
29,56,97,84
30,65,75,84
31,73,46,84
32,22,42,84
33,76,26,84
34,2,82,84
35,92,9,84
36,58,31,84
37,95,31,84
38,4,80,84
39,5,10,84
40,42,35,84
41,80,79,84
42,59,17,84
43,50,78,84
44,44,28,84
45,38,11,84
46,99,88,84
47,63,42,84
48,9,37,84
49,10,13,84
50,70,29,84
51,38,95,84
52,93,9,84
53,81,51,84
54,12,71,84
55,41,98,84
1,50,88,85
2,14,93,85
3,71,9,85
4,85,72,85
5,84,56,85
6,22,50,85
7,93,91,85
8,84,45,85
9,68,62,85
10,91,17,85
11,52,89,85
12,96,33,85
13,5,66,85
14,45,6,85
15,63,2,85
16,97,17,85
17,69,0,85
18,11,34,85
19,18,40,85
20,85,83,85
21,30,66,85
22,6,29,85
23,14,68,85
24,94,38,85
25,97,50,85
26,58,66,85
27,40,30,85
28,3,8,85
29,57,98,85
30,64,76,85
31,74,47,85
32,21,41,85
33,77,27,85
34,1,82,85
35,91,8,85
36,57,30,85
37,94,31,85
38,4,79,85
39,6,11,85
40,42,34,85
41,79,80,85
42,60,18,85
43,50,78,85
44,44,27,85
45,37,11,85
46,98,87,85
47,64,41,85
48,10,36,85
49,11,14,85
50,69,28,85
51,39,95,85
52,93,9,85
53,81,50,85
54,12,71,85
55,41,99,85
1,49,88,86
2,13,94,86
3,70,8,86
4,84,72,86
5,83,55,86
6,23,51,86
7,92,90,86
8,84,44,86
9,68,63,86
10,90,16,86
11,52,90,86
12,97,34,86
13,6,65,86
14,46,5,86
15,64,1,86
16,98,17,86
17,69,0,86
18,12,33,86
19,19,39,86
20,84,84,86
21,30,67,86
22,6,28,86
23,13,69,86
24,93,38,86
25,97,49,86
26,57,66,86
27,39,31,86
28,2,7,86
29,57,97,86
30,63,75,86
31,73,48,86
32,22,40,86
33,76,26,86
34,2,82,86
35,90,9,86
36,57,30,86
37,95,32,86
38,5,79,86
39,7,11,86
40,42,35,86
41,80,81,86
42,59,19,86
43,49,79,86
44,44,28,86
45,36,12,86
46,99,88,86
47,64,41,86
48,9,37,86
49,10,13,86
50,70,29,86
51,38,95,86
52,93,9,86
53,80,51,86
54,11,70,86
55,42,99,86
1,48,88,87
2,14,95,87
3,70,8,87
4,84,72,87
5,84,54,87
6,23,51,87
7,92,89,87
8,84,45,87
9,68,63,87
10,89,15,87
11,52,89,87
12,97,34,87
13,6,64,87
14,47,5,87
15,65,1,87
16,99,17,87
17,68,1,87
18,12,32,87
19,18,39,87
20,84,85,87
21,29,68,87
22,7,29,87
23,12,68,87
24,94,37,87
25,96,50,87
26,58,67,87
27,38,32,87
28,3,7,87
29,58,97,87
30,62,76,87
31,73,49,87
32,21,39,87
33,77,26,87
34,2,82,87
35,90,10,87
36,57,29,87
37,95,32,87
38,4,80,87
39,6,11,87
40,41,35,87
41,81,80,87
42,60,20,87
43,48,78,87
44,43,28,87
45,37,12,87
46,98,87,87
47,64,40,87
48,9,36,87
49,10,12,87
50,69,29,87
51,38,94,87
52,93,10,87
53,80,52,87
54,11,71,87
55,43,99,87
1,47,87,88
2,13,95,88
3,70,8,88
4,84,71,88
5,85,53,88
6,23,50,88
7,91,90,88
8,83,44,88
9,67,64,88
10,90,16,88
11,51,90,88
12,97,34,88
13,6,63,88
14,48,6,88
15,65,2,88
16,98,16,88
17,67,1,88
18,11,33,88
19,19,39,88
20,85,84,88
21,30,68,88
22,8,30,88
23,11,69,88
24,95,38,88
25,95,50,88
26,59,68,88
27,37,33,88
28,3,6,88
29,59,96,88
30,63,76,88
31,74,50,88
32,22,39,88
33,76,25,88
34,3,82,88
35,89,9,88
36,58,30,88
37,95,32,88
38,4,79,88
39,6,11,88
40,42,34,88
41,82,81,88
42,59,21,88
43,48,77,88
44,44,29,88
45,37,13,88
46,98,87,88
47,64,41,88
48,8,36,88
49,11,11,88
50,70,28,88
51,37,93,88
52,94,9,88
53,79,53,88
54,11,70,88
55,42,98,88
1,48,86,89
2,14,96,89
3,71,8,89
4,85,70,89
5,85,54,89
6,23,49,89
7,92,89,89
8,83,45,89
9,67,65,89
10,91,17,89
11,51,91,89
12,98,33,89
13,5,63,89
14,49,7,89
15,64,2,89
16,97,17,89
17,67,0,89
18,10,32,89
19,19,40,89
20,84,84,89
21,30,68,89
22,9,29,89
23,12,68,89
24,94,37,89
25,96,51,89
26,58,68,89
27,37,34,89
28,2,6,89
29,60,97,89
30,62,77,89
31,75,49,89
32,23,38,89
33,76,24,89
34,2,83,89
35,88,9,89
36,58,29,89
37,94,31,89
38,5,79,89
39,5,11,89
40,43,33,89
41,81,82,89
42,60,21,89
43,47,78,89
44,44,28,89
45,36,12,89
46,99,86,89
47,65,41,89
48,7,35,89
49,11,11,89
50,69,27,89
51,37,92,89
52,94,8,89
53,80,53,89
54,11,69,89
55,42,99,89
1,49,87,90
2,14,95,90
3,70,8,90
4,86,70,90
5,85,53,90
6,22,50,90
7,91,90,90
8,82,45,90
9,68,65,90
10,91,17,90
11,51,90,90
12,98,34,90
13,4,63,90
14,49,8,90
15,64,2,90
16,98,18,90
17,68,0,90
18,10,33,90
19,18,39,90
20,83,85,90
21,29,69,90
22,9,28,90
23,12,68,90
24,93,36,90
25,97,52,90
26,59,68,90
27,38,35,90
28,2,5,90
29,61,96,90
30,62,77,90
31,74,49,90
32,23,38,90
33,76,25,90
34,2,83,90
35,89,10,90
36,58,28,90
37,94,30,90
38,6,78,90
39,4,12,90
40,43,34,90
41,81,82,90
42,61,20,90
43,46,78,90
44,44,27,90
45,36,11,90
46,99,86,90
47,65,42,90
48,7,36,90
49,11,10,90
50,68,28,90
51,36,91,90
52,94,9,90
53,80,53,90
54,11,69,90
55,42,98,90
1,50,86,91
2,14,95,91
3,69,8,91
4,87,69,91
5,86,54,91
6,21,50,91
7,91,89,91
8,81,44,91
9,69,64,91
10,91,16,91
11,50,90,91
12,99,34,91
13,5,63,91
14,48,7,91
15,63,1,91
16,97,18,91
17,67,1,91
18,10,33,91
19,18,39,91
20,84,84,91
21,30,69,91
22,8,29,91
23,13,68,91
24,93,37,91
25,96,51,91
26,60,69,91
27,37,36,91
28,3,4,91
29,61,95,91
30,62,78,91
31,73,49,91
32,22,37,91
33,77,25,91
34,3,83,91
35,90,9,91
36,58,29,91
37,95,29,91
38,6,78,91
39,4,11,91
40,42,33,91
41,80,83,91
42,62,20,91
43,46,77,91
44,43,26,91
45,37,10,91
46,98,87,91
47,66,42,91
48,7,37,91
49,11,10,91
50,69,29,91
51,36,92,91
52,95,10,91
53,80,54,91
54,11,70,91
55,43,99,91
1,51,86,92
2,14,94,92
3,70,8,92
4,86,70,92
5,86,53,92
6,21,51,92
7,91,89,92
8,80,45,92
9,69,65,92
10,91,16,92
11,49,91,92
12,99,33,92
13,5,63,92
14,48,8,92
15,64,0,92
16,97,19,92
17,68,2,92
18,11,33,92
19,18,40,92
20,85,84,92
21,31,69,92
22,9,29,92
23,14,69,92
24,93,36,92
25,97,52,92
26,60,69,92
27,37,35,92
28,3,5,92
29,62,94,92
30,61,77,92
31,74,49,92
32,21,38,92
33,78,24,92
34,4,84,92
35,89,10,92
36,58,28,92
37,95,30,92
38,7,79,92
39,5,12,92
40,43,34,92
41,81,83,92
42,63,20,92
43,47,78,92
44,42,26,92
45,38,10,92
46,98,86,92
47,67,43,92
48,8,36,92
49,11,10,92
50,69,29,92
51,35,93,92
52,94,11,92
53,79,55,92
54,12,70,92
55,43,99,92
1,52,86,93
2,15,95,93
3,71,8,93
4,87,69,93
5,87,54,93
6,21,51,93
7,91,89,93
8,81,46,93
9,69,66,93
10,90,17,93
11,48,91,93
12,99,33,93
13,5,63,93
14,49,8,93
15,65,1,93
16,96,18,93
17,67,1,93
18,11,32,93
19,19,39,93
20,84,85,93
21,32,68,93
22,10,28,93
23,15,70,93
24,94,37,93
25,98,51,93
26,61,70,93
27,38,36,93
28,2,6,93
29,63,93,93
30,60,77,93
31,73,48,93
32,20,38,93
33,78,23,93
34,4,84,93
35,89,11,93
36,59,28,93
37,95,30,93
38,8,78,93
39,5,12,93
40,43,34,93
41,81,82,93
42,62,21,93
43,47,78,93
44,41,26,93
45,38,9,93
46,97,87,93
47,66,42,93
48,7,37,93
49,12,11,93
50,69,29,93
51,36,94,93
52,93,12,93
53,78,54,93
54,11,71,93
55,44,99,93
1,51,85,94
2,16,94,94
3,70,8,94
4,88,70,94
5,87,55,94
6,20,50,94
7,92,90,94
8,82,45,94
9,68,67,94
10,91,18,94
11,49,90,94
12,98,34,94
13,5,62,94
14,48,9,94
15,64,1,94
16,97,17,94
17,68,0,94
18,12,32,94
19,19,40,94
20,84,85,94
21,32,69,94
22,10,29,94
23,14,69,94
24,95,36,94
25,99,50,94
26,61,71,94
27,38,37,94
28,3,5,94
29,63,93,94
30,61,77,94
31,73,47,94
32,20,37,94
33,79,23,94
34,3,85,94
35,89,12,94
36,60,27,94
37,94,31,94
38,7,79,94
39,5,11,94
40,44,34,94
41,80,81,94
42,62,20,94
43,47,77,94
44,41,25,94
45,39,10,94
46,97,88,94
47,67,43,94
48,6,36,94
49,11,10,94
50,69,30,94
51,36,94,94
52,93,11,94
53,79,53,94
54,11,70,94
55,43,98,94
1,50,84,95
2,17,95,95
3,71,8,95
4,87,69,95
5,87,55,95
6,20,49,95
7,91,90,95
8,81,45,95
9,68,67,95
10,91,19,95
11,48,89,95
12,98,33,95
13,5,63,95
14,47,8,95
15,64,1,95
16,97,16,95
17,69,1,95
18,12,32,95
19,18,40,95
20,84,85,95
21,31,70,95
22,9,30,95
23,14,68,95
24,95,37,95
25,98,49,95
26,62,70,95
27,38,37,95
28,4,5,95
29,64,94,95
30,60,76,95
31,73,46,95
32,21,38,95
33,80,23,95
34,4,84,95
35,90,12,95
36,60,26,95
37,94,30,95
38,7,79,95
39,5,10,95
40,45,35,95
41,79,82,95
42,62,19,95
43,46,78,95
44,40,26,95
45,38,11,95
46,96,87,95
47,67,43,95
48,5,37,95
49,10,9,95
50,70,30,95
51,35,94,95
52,93,10,95
53,79,54,95
54,11,70,95
55,44,98,95
1,49,85,96
2,18,95,96
3,71,8,96
4,86,68,96
5,86,56,96
6,20,48,96
7,91,90,96
8,80,46,96
9,67,67,96
10,91,20,96
11,49,88,96
12,97,32,96
13,6,63,96
14,48,7,96
15,65,0,96
16,97,16,96
17,70,1,96
18,11,33,96
19,17,40,96
20,84,84,96
21,32,71,96
22,10,30,96
23,15,68,96
24,94,36,96
25,98,49,96
26,62,70,96
27,37,38,96
28,5,6,96
29,65,94,96
30,60,75,96
31,74,45,96
32,22,37,96
33,80,22,96
34,3,83,96
35,91,12,96
36,59,26,96
37,95,30,96
38,7,80,96
39,5,9,96
40,44,34,96
41,80,83,96
42,61,20,96
43,47,78,96
44,41,27,96
45,39,11,96
46,95,86,96
47,66,43,96
48,6,37,96
49,11,10,96
50,69,29,96
51,34,94,96
52,93,10,96
53,80,55,96
54,10,69,96
55,45,98,96
1,49,85,97
2,17,95,97
3,71,7,97
4,86,69,97
5,85,56,97
6,20,49,97
7,90,89,97
8,79,45,97
9,66,66,97
10,90,19,97
11,48,88,97
12,97,32,97
13,5,64,97
14,48,6,97
15,64,0,97
16,98,17,97
17,69,2,97
18,10,34,97
19,18,41,97
20,85,83,97
21,33,72,97
22,10,30,97
23,16,67,97
24,95,35,97
25,98,50,97
26,63,71,97
27,37,38,97
28,6,5,97
29,64,94,97
30,59,74,97
31,75,46,97
32,23,36,97
33,79,23,97
34,3,82,97
35,92,11,97
36,58,27,97
37,94,31,97
38,6,80,97
39,4,9,97
40,44,35,97
41,79,82,97
42,61,21,97
43,46,77,97
44,42,28,97
45,39,11,97
46,96,87,97
47,66,42,97
48,7,36,97
49,12,9,97
50,70,30,97
51,34,93,97
52,93,11,97
53,79,54,97
54,10,70,97
55,44,98,97
1,50,85,98
2,16,96,98
3,71,8,98
4,86,69,98
5,85,57,98
6,20,48,98
7,90,89,98
8,78,45,98
9,65,67,98
10,90,20,98
11,49,88,98
12,96,33,98
13,4,63,98
14,49,6,98
15,65,1,98
16,98,16,98
17,69,3,98
18,9,34,98
19,19,40,98
20,84,84,98
21,34,71,98
22,11,29,98
23,16,68,98
24,94,34,98
25,97,50,98
26,63,70,98
27,38,39,98
28,7,4,98
29,64,95,98
30,58,73,98
31,76,46,98
32,22,36,98
33,79,23,98
34,2,83,98
35,92,11,98
36,58,26,98
37,93,30,98
38,5,80,98
39,3,8,98
40,44,36,98
41,79,83,98
42,62,20,98
43,47,76,98
44,42,27,98
45,40,12,98
46,96,86,98
47,65,42,98
48,6,35,98
49,13,8,98
50,71,31,98
51,35,92,98
52,94,11,98
53,80,55,98
54,10,71,98
55,43,98,98
1,50,86,99
2,17,97,99
3,71,9,99
4,87,68,99
5,85,58,99
6,21,49,99
7,91,88,99
8,78,44,99
9,66,68,99
10,89,19,99
11,49,88,99
12,97,34,99
13,3,62,99
14,49,5,99
15,64,1,99
16,97,17,99
17,70,3,99
18,8,34,99
19,20,41,99
20,83,84,99
21,35,72,99
22,11,29,99
23,17,68,99
24,94,34,99
25,96,50,99
26,62,69,99
27,37,38,99
28,6,3,99
29,63,94,99
30,58,72,99
31,75,47,99
32,22,36,99
33,80,23,99
34,3,84,99
35,93,12,99
36,59,27,99
37,93,30,99
38,5,80,99
39,3,7,99
40,43,36,99
41,79,84,99
42,61,20,99
43,46,75,99
44,41,27,99
45,39,11,99
46,96,85,99
47,65,41,99
48,6,35,99
49,13,8,99
50,72,31,99
51,34,93,99
52,94,11,99
53,79,55,99
54,9,71,99
55,42,98,99
1,50,87,100
2,16,97,100
3,72,10,100
4,86,67,100
5,84,58,100
6,20,48,100
7,92,88,100
8,77,45,100
9,67,68,100
10,88,18,100
11,48,87,100
12,97,33,100
13,4,63,100
14,50,4,100
15,65,2,100
16,97,18,100
17,70,4,100
18,8,35,100
19,19,40,100
20,82,85,100
21,36,73,100
22,10,29,100
23,17,67,100
24,93,33,100
25,97,50,100
26,61,70,100
27,38,39,100
28,7,3,100
29,64,95,100
30,59,73,100
31,74,46,100
32,21,36,100
33,80,23,100
34,3,85,100
35,93,11,100
36,59,27,100
37,92,29,100
38,4,80,100
39,2,7,100
40,43,35,100
41,80,84,100
42,60,20,100
43,47,74,100
44,42,27,100
45,40,11,100
46,96,84,100
47,66,40,100
48,6,36,100
49,14,8,100
50,72,31,100
51,33,93,100
52,94,11,100
53,79,54,100
54,8,70,100
55,42,99,100
