1,6,31,1
2,75,64,1
3,60,79,1
4,95,71,1
5,16,63,1
6,35,78,1
7,99,95,1
8,12,26,1
9,57,95,1
10,13,32,1
11,94,91,1
12,81,27,1
13,34,91,1
14,18,74,1
15,55,79,1
16,2,36,1
17,43,68,1
18,66,56,1
19,14,12,1
20,50,82,1
21,26,26,1
22,58,72,1
23,95,37,1
24,96,90,1
25,4,38,1
26,20,72,1
27,44,12,1
28,66,72,1
29,93,16,1
30,30,73,1
31,55,30,1
32,2,61,1
33,99,79,1
34,87,24,1
35,78,52,1
36,57,25,1
37,89,52,1
38,86,1,1
39,19,4,1
40,64,19,1
41,36,16,1
42,32,50,1
43,11,64,1
44,94,17,1
45,28,54,1
46,88,50,1
47,14,18,1
48,71,27,1
49,42,99,1
50,5,25,1
51,20,27,1
52,5,39,1
1,5,30,2
2,74,65,2
3,59,80,2
4,95,72,2
5,17,64,2
6,35,78,2
7,98,94,2
8,13,26,2
9,57,94,2
10,13,31,2
11,93,90,2
12,82,26,2
13,33,90,2
14,17,75,2
15,56,79,2
16,1,35,2
17,43,69,2
18,67,56,2
19,13,13,2
20,49,83,2
21,26,27,2
22,59,72,2
23,95,38,2
24,95,90,2
25,5,37,2
26,19,73,2
27,45,11,2
28,65,71,2
29,93,17,2
30,29,73,2
31,56,30,2
32,2,62,2
33,99,79,2
34,86,24,2
35,77,52,2
36,57,26,2
37,90,52,2
38,86,2,2
39,20,5,2
40,65,18,2
41,35,17,2
42,33,50,2
43,11,63,2
44,95,16,2
45,28,54,2
46,87,49,2
47,14,17,2
48,70,26,2
49,41,99,2
50,6,26,2
51,21,27,2
52,5,38,2
1,5,29,3
2,74,66,3
3,58,79,3
4,94,71,3
5,17,64,3
6,34,79,3
7,97,94,3
8,14,25,3
9,57,94,3
10,13,30,3
11,92,91,3
12,81,26,3
13,32,89,3
14,18,74,3
15,57,79,3
16,2,34,3
17,44,68,3
18,66,56,3
19,12,14,3
20,49,83,3
21,27,27,3
22,59,73,3
23,94,39,3
24,94,91,3
25,5,36,3
26,17,75,3
27,45,10,3
28,65,71,3
29,92,17,3
30,29,72,3
31,57,29,3
32,2,61,3
33,98,80,3
34,86,23,3
35,76,51,3
36,58,27,3
37,91,52,3
38,85,2,3
39,20,5,3
40,65,19,3
41,36,17,3
42,33,50,3
43,11,62,3
44,95,15,3
45,27,53,3
46,87,50,3
47,13,17,3
48,70,25,3
49,41,99,3
50,7,27,3
51,21,26,3
52,4,38,3
1,5,28,4
2,74,67,4
3,59,80,4
4,95,71,4
5,17,64,4
6,33,78,4
7,98,95,4
8,14,24,4
9,58,95,4
10,14,29,4
11,93,90,4
12,82,25,4
13,32,90,4
14,19,73,4
15,56,80,4
16,2,33,4
17,44,69,4
18,66,57,4
19,13,14,4
20,50,84,4
21,26,27,4
22,59,72,4
23,94,39,4
24,94,91,4
25,4,37,4
26,17,74,4
27,45,10,4
28,64,72,4
29,92,18,4
30,28,71,4
31,57,30,4
32,1,60,4
33,99,80,4
34,85,23,4
35,75,51,4
36,57,26,4
37,91,53,4
38,85,3,4
39,20,6,4
40,65,20,4
41,36,18,4
42,34,49,4
43,10,63,4
44,96,16,4
45,28,53,4
46,86,49,4
47,13,16,4
48,70,25,4
49,40,98,4
50,8,27,4
51,21,25,4
52,5,38,4
1,4,29,5
2,74,68,5
3,58,80,5
4,95,71,5
5,17,65,5
6,33,78,5
7,98,95,5
8,13,25,5
9,58,96,5
10,14,29,5
11,93,89,5
12,83,24,5
13,31,90,5
14,19,72,5
15,56,81,5
16,1,33,5
17,43,70,5
18,66,57,5
19,12,14,5
20,50,83,5
21,26,27,5
22,58,72,5
23,93,38,5
24,95,92,5
25,3,37,5
26,17,75,5
27,44,11,5
28,63,73,5
29,92,17,5
30,28,70,5
31,58,30,5
32,0,59,5
33,98,79,5
34,86,22,5
35,75,50,5
36,58,27,5
37,90,54,5
38,86,3,5
39,21,5,5
40,66,19,5
41,35,18,5
42,34,49,5
43,10,64,5
44,95,17,5
45,28,53,5
46,85,49,5
47,12,15,5
48,71,24,5
49,39,99,5
50,7,27,5
51,20,26,5
52,6,39,5
1,3,29,6
2,75,68,6
3,57,79,6
4,95,70,6
5,16,66,6
6,32,77,6
7,98,96,6
8,14,26,6
9,57,97,6
10,13,28,6
11,94,88,6
12,84,25,6
13,30,89,6
14,18,72,6
15,56,80,6
16,1,33,6
17,43,69,6
18,66,57,6
19,12,14,6
20,49,82,6
21,26,27,6
22,57,71,6
23,92,37,6
24,95,91,6
25,3,36,6
26,17,75,6
27,44,11,6
28,62,72,6
29,91,17,6
30,29,70,6
31,57,29,6
32,0,58,6
33,99,80,6
34,85,22,6
35,74,50,6
36,57,26,6
37,90,53,6
38,87,4,6
39,21,4,6
40,67,19,6
41,34,19,6
42,33,49,6
43,11,65,6
44,95,17,6
45,27,52,6
46,84,50,6
47,11,15,6
48,72,25,6
49,38,98,6
50,6,26,6
51,19,26,6
52,7,40,6
1,4,30,7
2,76,69,7
3,58,79,7
4,96,71,7
5,17,67,7
6,32,76,7
7,98,96,7
8,13,27,7
9,58,96,7
10,13,28,7
11,94,89,7
12,84,25,7
13,31,89,7
14,19,71,7
15,56,80,7
16,0,34,7
17,42,68,7
18,67,58,7
19,13,13,7
20,48,83,7
21,25,27,7
22,58,71,7
23,93,36,7
24,96,91,7
25,2,35,7
26,18,75,7
27,44,11,7
28,62,73,7
29,90,16,7
30,30,70,7
31,57,28,7
32,0,58,7
33,99,80,7
34,86,23,7
35,75,50,7
36,58,27,7
37,89,53,7
38,88,5,7
39,20,3,7
40,66,20,7
41,34,18,7
42,34,48,7
43,11,64,7
44,96,16,7
45,26,51,7
46,85,49,7
47,12,16,7
48,72,25,7
49,37,97,7
50,6,26,7
51,20,27,7
52,8,39,7
1,5,29,8
2,77,70,8
3,57,80,8
4,96,72,8
5,18,67,8
6,31,76,8
7,97,95,8
8,13,26,8
9,59,96,8
10,12,27,8
11,93,90,8
12,85,25,8
13,32,90,8
14,19,72,8
15,57,79,8
16,0,34,8
17,41,69,8
18,67,59,8
19,13,13,8
20,48,83,8
21,25,26,8
22,58,70,8
23,94,35,8
24,97,90,8
25,2,35,8
26,19,76,8
27,44,11,8
28,61,74,8
29,90,15,8
30,31,70,8
31,57,26,8
32,0,58,8
33,98,80,8
34,85,23,8
35,75,50,8
36,56,26,8
37,90,52,8
38,87,6,8
39,20,4,8
40,66,19,8
41,34,19,8
42,33,48,8
43,11,65,8
44,95,17,8
45,25,50,8
46,86,48,8
47,12,17,8
48,72,25,8
49,37,98,8
50,6,27,8
51,20,27,8
52,8,38,8
1,5,30,9
2,77,70,9
3,58,80,9
4,96,73,9
5,17,67,9
6,31,77,9
7,98,96,9
8,13,26,9
9,59,95,9
10,12,27,9
11,93,89,9
12,86,25,9
13,31,89,9
14,20,71,9
15,58,79,9
16,1,34,9
17,40,70,9
18,66,59,9
19,13,14,9
20,48,83,9
21,25,25,9
22,58,70,9
23,93,34,9
24,98,90,9
25,1,35,9
26,20,76,9
27,44,12,9
28,60,73,9
29,89,15,9
30,32,69,9
31,58,25,9
32,0,59,9
33,98,81,9
34,86,23,9
35,76,49,9
36,55,27,9
37,91,52,9
38,88,6,9
39,21,4,9
40,65,18,9
41,34,20,9
42,32,49,9
43,12,64,9
44,96,17,9
45,24,50,9
46,86,49,9
47,13,17,9
48,71,24,9
49,37,97,9
50,7,26,9
51,19,27,9
52,7,38,9
1,6,31,10
2,76,71,10
3,59,80,10
4,97,73,10
5,16,66,10
6,32,78,10
7,99,96,10
8,13,26,10
9,60,94,10
10,12,27,10
11,94,89,10
12,87,26,10
13,30,90,10
14,19,70,10
15,59,78,10
16,2,34,10
17,39,69,10
18,67,59,10
19,12,13,10
20,49,82,10
21,25,25,10
22,59,71,10
23,94,34,10
24,98,90,10
25,0,36,10
26,21,77,10
27,44,11,10
28,60,74,10
29,88,16,10
30,32,68,10
31,58,26,10
32,0,58,10
33,97,80,10
34,87,22,10
35,76,50,10
36,56,27,10
37,91,51,10
38,87,6,10
39,20,4,10
40,66,18,10
41,33,21,10
42,33,50,10
43,13,63,10
44,96,17,10
45,25,51,10
46,87,49,10
47,12,17,10
48,71,23,10
49,36,97,10
50,7,27,10
51,19,26,10
52,8,37,10
1,5,30,11
2,76,72,11
3,59,80,11
4,96,74,11
5,15,66,11
6,33,77,11
7,99,96,11
8,11,26,11
9,60,95,11
10,11,27,11
11,95,90,11
12,86,25,11
13,31,89,11
14,20,71,11
15,60,78,11
16,3,33,11
17,39,68,11
18,68,59,11
19,11,12,11
20,48,82,11
21,26,26,11
22,59,72,11
23,95,34,11
24,97,89,11
25,0,35,11
26,20,77,11
27,45,12,11
28,60,74,11
29,87,17,11
30,33,69,11
31,57,25,11
32,1,59,11
33,98,79,11
34,88,22,11
35,77,51,11
36,55,26,11
37,90,51,11
38,87,5,11
39,21,4,11
40,67,18,11
41,33,22,11
42,34,49,11
43,12,63,11
44,97,17,11
45,25,52,11
46,88,50,11
47,12,16,11
48,71,23,11
49,37,97,11
50,6,28,11
51,20,26,11
52,8,36,11
1,6,30,12
2,77,71,12
3,59,80,12
4,95,74,12
5,14,66,12
6,33,77,12
7,98,95,12
8,10,26,12
9,60,94,12
10,11,28,12
11,94,89,12
12,85,24,12
13,30,88,12
14,20,70,12
15,61,79,12
16,3,32,12
17,38,68,12
18,67,58,12
19,10,11,12
20,48,81,12
21,25,26,12
22,59,71,12
23,95,33,12
24,98,88,12
25,1,35,12
26,19,78,12
27,45,11,12
28,60,73,12
29,88,16,12
30,33,68,12
31,58,24,12
32,2,60,12
33,97,80,12
34,89,23,12
35,77,50,12
36,55,26,12
37,89,52,12
38,86,6,12
39,21,4,12
40,66,19,12
41,32,22,12
42,35,48,12
43,12,64,12
44,97,18,12
45,24,52,12
46,88,49,12
47,12,17,12
48,72,22,12
49,37,97,12
50,6,28,12
51,19,27,12
52,7,37,12
1,7,31,13
2,76,70,13
3,59,79,13
4,96,75,13
5,14,66,13
6,33,76,13
7,97,94,13
8,9,25,13
9,61,94,13
10,11,29,13
11,94,90,13
12,84,23,13
13,31,87,13
14,20,71,13
15,60,78,13
16,2,33,13
17,38,67,13
18,68,57,13
19,9,10,13
20,47,80,13
21,24,25,13
22,60,72,13
23,95,34,13
24,99,88,13
25,2,36,13
26,20,77,13
27,45,10,13
28,59,74,13
29,87,15,13
30,34,68,13
31,58,25,13
32,3,61,13
33,96,79,13
34,89,24,13
35,78,49,13
36,56,27,13
37,88,52,13
38,85,7,13
39,22,3,13
40,67,18,13
41,31,22,13
42,36,48,13
43,12,65,13
44,97,19,13
45,24,52,13
46,88,50,13
47,11,16,13
48,73,21,13
49,38,98,13
50,6,29,13
51,18,27,13
52,8,37,13
1,6,31,14
2,76,69,14
3,58,80,14
4,97,74,14
5,14,66,14
6,33,75,14
7,96,94,14
8,10,24,14
9,60,95,14
10,12,30,14
11,93,90,14
12,85,22,14
13,32,86,14
14,20,70,14
15,59,78,14
16,1,33,14
17,39,68,14
18,67,57,14
19,8,9,14
20,46,81,14
21,25,26,14
22,61,72,14
23,95,33,14
24,99,88,14
25,3,36,14
26,20,78,14
27,44,9,14
28,59,73,14
29,86,16,14
30,34,67,14
31,58,26,14
32,3,60,14
33,95,79,14
34,90,24,14
35,77,49,14
36,56,26,14
37,89,52,14
38,86,8,14
39,21,3,14
40,68,17,14
41,30,21,14
42,35,48,14
43,12,65,14
44,96,20,14
45,23,52,14
46,89,51,14
47,10,16,14
48,72,20,14
49,38,98,14
50,5,28,14
51,18,28,14
52,8,36,14
1,5,32,15
2,75,68,15
3,57,80,15
4,97,73,15
5,14,65,15
6,34,74,15
7,97,95,15
8,10,25,15
9,61,95,15
10,13,30,15
11,94,91,15
12,84,23,15
13,32,86,15
14,19,69,15
15,59,78,15
16,2,32,15
17,40,68,15
18,66,58,15
19,7,10,15
20,47,80,15
21,24,26,15
22,60,71,15
23,96,33,15
24,99,88,15
25,2,37,15
26,19,78,15
27,45,9,15
28,60,73,15
29,86,16,15
30,35,66,15
31,58,25,15
32,4,61,15
33,95,80,15
34,91,25,15
35,77,49,15
36,55,27,15
37,90,52,15
38,86,8,15
39,22,4,15
40,68,18,15
41,29,20,15
42,35,48,15
43,11,66,15
44,96,19,15
45,23,53,15
46,89,52,15
47,9,15,15
48,71,21,15
49,37,98,15
50,6,28,15
51,17,28,15
52,8,37,15
1,6,32,16
2,74,69,16
3,58,80,16
4,96,73,16
5,13,66,16
6,34,73,16
7,97,94,16
8,11,25,16
9,61,95,16
10,13,29,16
11,95,90,16
12,83,22,16
13,32,85,16
14,20,68,16
15,58,77,16
16,2,32,16
17,39,67,16
18,65,57,16
19,6,10,16
20,46,81,16
21,23,27,16
22,61,71,16
23,96,34,16
24,98,88,16
25,2,37,16
26,20,79,16
27,45,10,16
28,59,74,16
29,86,15,16
30,35,67,16
31,57,25,16
32,5,60,16
33,96,79,16
34,91,26,16
35,78,49,16
36,56,26,16
37,90,51,16
38,86,7,16
39,23,5,16
40,67,18,16
41,29,21,16
42,34,49,16
43,10,65,16
44,95,19,16
45,24,53,16
46,88,52,16
47,10,16,16
48,71,20,16
49,37,98,16
50,7,27,16
51,16,29,16
52,7,37,16
1,5,32,17
2,75,70,17
3,58,79,17
4,97,74,17
5,12,66,17
6,34,73,17
7,97,94,17
8,11,24,17
9,60,96,17
10,13,28,17
11,95,89,17
12,82,23,17
13,32,85,17
14,19,69,17
15,57,76,17
16,3,33,17
17,38,67,17
18,65,57,17
19,7,11,17
20,46,82,17
21,22,27,17
22,60,71,17
23,96,35,17
24,98,88,17
25,1,37,17
26,19,80,17
27,44,10,17
28,60,75,17
29,87,14,17
30,34,68,17
31,58,24,17
32,4,60,17
33,96,80,17
34,90,26,17
35,77,48,17
36,57,26,17
37,89,50,17
38,86,6,17
39,23,4,17
40,67,19,17
41,29,21,17
42,33,50,17
43,10,64,17
44,95,19,17
45,25,52,17
46,87,51,17
47,9,17,17
48,70,20,17
49,36,99,17
50,7,28,17
51,16,30,17
52,8,38,17
1,6,32,18
2,76,71,18
3,59,78,18
4,97,74,18
5,11,65,18
6,34,72,18
7,96,93,18
8,12,23,18
9,61,95,18
10,12,27,18
11,96,90,18
12,82,24,18
13,33,84,18
14,20,70,18
15,57,77,18
16,3,33,18
17,39,66,18
18,65,56,18
19,8,11,18
20,46,83,18
21,22,26,18
22,60,72,18
23,95,35,18
24,98,89,18
25,0,38,18
26,18,80,18
27,44,9,18
28,60,75,18
29,87,14,18
30,34,68,18
31,58,25,18
32,3,60,18
33,95,79,18
34,91,25,18
35,77,48,18
36,58,26,18
37,89,51,18
38,86,6,18
39,24,4,18
40,66,18,18
41,29,21,18
42,34,51,18
43,10,64,18
44,94,19,18
45,26,51,18
46,86,51,18
47,10,17,18
48,71,20,18
49,35,99,18
50,6,28,18
51,17,31,18
52,7,37,18
1,7,31,19
2,76,71,19
3,60,79,19
4,98,73,19
5,12,65,19
6,34,71,19
7,97,94,19
8,11,22,19
9,60,94,19
10,13,26,19
11,95,89,19
12,82,24,19
13,32,85,19
14,21,70,19
15,57,76,19
16,2,34,19
17,39,65,19
18,64,56,19
19,8,12,19
20,45,84,19
21,23,25,19
22,59,72,19
23,95,36,19
24,99,88,19
25,0,38,19
26,18,80,19
27,44,10,19
28,59,75,19
29,88,15,19
30,34,67,19
31,59,25,19
32,4,60,19
33,96,78,19
34,92,24,19
35,78,48,19
36,58,25,19
37,90,52,19
38,87,5,19
39,23,5,19
40,66,18,19
41,29,22,19
42,34,51,19
43,9,64,19
44,93,19,19
45,25,51,19
46,86,52,19
47,10,17,19
48,71,19,19
49,36,99,19
50,7,27,19
51,18,30,19
52,8,38,19
1,8,31,20
2,75,72,20
3,61,79,20
4,99,74,20
5,13,65,20
6,34,71,20
7,96,95,20
8,10,21,20
9,61,95,20
10,14,25,20
11,96,90,20
12,82,23,20
13,33,85,20
14,22,71,20
15,56,77,20
16,2,34,20
17,38,64,20
18,64,57,20
19,8,11,20
20,44,85,20
21,22,26,20
22,58,73,20
23,95,37,20
24,98,89,20
25,0,39,20
26,18,80,20
27,44,11,20
28,59,74,20
29,89,15,20
30,34,68,20
31,58,26,20
32,5,59,20
33,95,79,20
34,91,25,20
35,78,48,20
36,57,25,20
37,91,51,20
38,88,5,20
39,24,4,20
40,65,17,20
41,29,21,20
42,34,52,20
43,8,63,20
44,94,18,20
45,24,51,20
46,86,51,20
47,10,18,20
48,72,20,20
49,37,98,20
50,8,27,20
51,17,31,20
52,8,38,20
1,7,32,21
2,74,72,21
3,60,79,21
4,99,74,21
5,12,65,21
6,33,71,21
7,97,96,21
8,9,20,21
9,61,94,21
10,15,26,21
11,97,90,21
12,82,23,21
13,33,86,21
14,21,72,21
15,55,77,21
16,1,35,21
17,39,63,21
18,65,57,21
19,7,12,21
20,44,84,21
21,23,25,21
22,60,73,21
23,94,37,21
24,98,89,21
25,1,40,21
26,18,81,21
27,44,10,21
28,58,74,21
29,89,15,21
30,33,69,21
31,57,27,21
32,6,59,21
33,96,78,21
34,90,24,21
35,79,48,21
36,56,24,21
37,90,51,21
38,87,4,21
39,25,5,21
40,65,17,21
41,30,22,21
42,35,53,21
43,9,63,21
44,94,18,21
45,25,51,21
46,87,52,21
47,9,17,21
48,71,20,21
49,36,99,21
50,7,26,21
51,16,31,21
52,8,37,21
1,6,32,22
2,75,72,22
3,60,80,22
4,99,73,22
5,12,65,22
6,32,72,22
7,96,96,22
8,9,20,22
9,60,93,22
10,14,27,22
11,97,90,22
12,83,24,22
13,34,87,22
14,22,72,22
15,55,78,22
16,1,36,22
17,38,63,22
18,66,58,22
19,6,12,22
20,44,85,22
21,24,25,22
22,59,74,22
23,95,38,22
24,99,89,22
25,2,40,22
26,17,80,22
27,45,9,22
28,58,74,22
29,88,15,22
30,34,68,22
31,57,28,22
32,6,58,22
33,95,78,22
34,89,24,22
35,78,49,22
36,56,25,22
37,89,50,22
38,88,5,22
39,26,4,22
40,65,17,22
41,31,21,22
42,35,54,22
43,8,64,22
44,95,19,22
45,25,52,22
46,86,53,22
47,9,16,22
48,71,21,22
49,37,98,22
50,8,26,22
51,17,30,22
52,7,37,22
1,5,32,23
2,75,71,23
3,60,79,23
4,99,72,23
5,12,64,23
6,32,71,23
7,95,95,23
8,10,20,23
9,60,93,23
10,13,28,23
11,96,89,23
12,82,24,23
13,34,86,23
14,23,71,23
15,55,77,23
16,1,37,23
17,39,63,23
18,66,59,23
19,5,12,23
20,44,85,23
21,25,25,23
22,58,73,23
23,96,37,23
24,98,90,23
25,2,41,23
26,16,80,23
27,45,8,23
28,59,73,23
29,88,16,23
30,33,67,23
31,56,27,23
32,6,59,23
33,94,79,23
34,90,24,23
35,78,50,23
36,57,26,23
37,89,50,23
38,87,5,23
39,26,4,23
40,66,18,23
41,32,20,23
42,35,53,23
43,7,64,23
44,95,18,23
45,25,53,23
46,87,53,23
47,10,17,23
48,72,20,23
49,36,99,23
50,9,26,23
51,17,31,23
52,6,37,23
1,6,32,24
2,75,72,24
3,61,80,24
4,98,72,24
5,12,65,24
6,32,71,24
7,95,95,24
8,11,21,24
9,60,92,24
10,14,28,24
11,95,88,24
12,82,25,24
13,34,86,24
14,24,72,24
15,55,77,24
16,2,36,24
17,39,62,24
18,67,58,24
19,4,11,24
20,45,85,24
21,25,24,24
22,59,74,24
23,95,36,24
24,98,90,24
25,2,40,24
26,17,79,24
27,45,9,24
28,59,72,24
29,89,16,24
30,33,67,24
31,55,28,24
32,5,60,24
33,95,80,24
34,89,25,24
35,79,51,24
36,57,27,24
37,88,49,24
38,88,4,24
39,26,4,24
40,65,18,24
41,33,20,24
42,36,54,24
43,6,63,24
44,95,19,24
45,26,52,24
46,88,53,24
47,9,17,24
48,73,20,24
49,37,98,24
50,8,27,24
51,17,30,24
52,6,37,24
1,5,31,25
2,75,73,25
3,60,81,25
4,97,73,25
5,12,65,25
6,33,71,25
7,95,96,25
8,10,20,25
9,60,93,25
10,13,28,25
11,95,87,25
12,82,26,25
13,35,86,25
14,23,71,25
15,55,77,25
16,1,36,25
17,39,63,25
18,68,59,25
19,5,12,25
20,45,84,25
21,24,23,25
22,59,75,25
23,96,35,25
24,99,91,25
25,3,41,25
26,17,78,25
27,44,8,25
28,60,71,25
29,90,17,25
30,32,67,25
31,55,27,25
32,5,59,25
33,95,80,25
34,90,24,25
35,78,52,25
36,58,26,25
37,88,50,25
38,89,4,25
39,26,3,25
40,64,19,25
41,34,19,25
42,37,53,25
43,7,62,25
44,95,18,25
45,26,51,25
46,87,52,25
47,10,17,25
48,72,20,25
49,36,99,25
50,8,28,25
51,16,31,25
52,5,38,25
1,4,30,26
2,74,73,26
3,60,80,26
4,96,72,26
5,12,64,26
6,32,71,26
7,96,95,26
8,10,21,26
9,59,92,26
10,13,29,26
11,95,86,26
12,82,26,26
13,35,87,26
14,23,72,26
15,54,78,26
16,1,36,26
17,39,64,26
18,68,59,26
19,4,11,26
20,45,83,26
21,24,22,26
22,60,76,26
23,95,34,26
24,99,92,26
25,3,42,26
26,16,77,26
27,43,8,26
28,59,70,26
29,91,18,26
30,31,68,26
31,54,27,26
32,5,60,26
33,94,80,26
34,90,25,26
35,79,53,26
36,57,25,26
37,89,49,26
38,89,4,26
39,27,3,26
40,64,20,26
41,33,18,26
42,36,53,26
43,8,61,26
44,96,17,26
45,25,50,26
46,86,51,26
47,10,18,26
48,72,20,26
49,35,99,26
50,8,27,26
51,15,30,26
52,5,39,26
1,4,29,27
2,74,73,27
3,60,80,27
4,97,73,27
5,12,63,27
6,33,71,27
7,96,94,27
8,9,22,27
9,59,93,27
10,14,30,27
11,96,87,27
12,83,27,27
13,36,88,27
14,24,72,27
15,55,78,27
16,1,35,27
17,39,63,27
18,67,58,27
19,5,11,27
20,44,83,27
21,24,23,27
22,61,75,27
23,96,33,27
24,98,91,27
25,2,42,27
26,17,77,27
27,44,8,27
28,58,70,27
29,90,18,27
30,31,68,27
31,55,26,27
32,5,59,27
33,95,81,27
34,91,26,27
35,79,53,27
36,57,24,27
37,88,49,27
38,89,3,27
39,28,4,27
40,63,19,27
41,33,18,27
42,36,54,27
43,8,60,27
44,97,18,27
45,24,49,27
46,85,52,27
47,11,19,27
48,73,19,27
49,34,99,27
50,9,28,27
51,14,29,27
52,4,39,27
1,5,29,28
2,75,72,28
3,61,79,28
4,96,73,28
5,12,62,28
6,32,71,28
7,95,94,28
8,9,21,28
9,60,92,28
10,14,31,28
11,97,86,28
12,84,27,28
13,35,88,28
14,23,72,28
15,54,78,28
16,1,36,28
17,39,62,28
18,68,57,28
19,6,12,28
20,43,82,28
21,23,23,28
22,61,75,28
23,97,33,28
24,97,92,28
25,1,41,28
26,17,78,28
27,44,9,28
28,58,71,28
29,89,18,28
30,30,69,28
31,56,26,28
32,5,59,28
33,95,81,28
34,90,26,28
35,80,53,28
36,57,25,28
37,87,48,28
38,90,2,28
39,27,3,28
40,63,19,28
41,33,19,28
42,35,53,28
43,8,59,28
44,96,19,28
45,24,50,28
46,84,51,28
47,12,18,28
48,72,19,28
49,35,99,28
50,9,27,28
51,14,29,28
52,3,39,28
1,4,30,29
2,74,71,29
3,61,80,29
4,96,73,29
5,12,61,29
6,33,71,29
7,96,95,29
8,9,22,29
9,60,92,29
10,13,31,29
11,97,85,29
12,85,27,29
13,35,89,29
14,22,71,29
15,53,77,29
16,1,36,29
17,38,61,29
18,67,58,29
19,7,13,29
20,43,83,29
21,24,24,29
22,62,76,29
23,97,33,29
24,97,92,29
25,0,41,29
26,18,79,29
27,44,10,29
28,57,70,29
29,90,17,29
30,29,68,29
31,56,27,29
32,4,59,29
33,96,82,29
34,91,26,29
35,79,53,29
36,56,24,29
37,88,48,29
38,91,1,29
39,28,2,29
40,64,18,29
41,34,20,29
42,34,52,29
43,8,60,29
44,97,18,29
45,25,49,29
46,84,52,29
47,11,19,29
48,72,19,29
49,34,99,29
50,9,27,29
51,14,29,29
52,4,39,29
1,3,31,30
2,73,70,30
3,60,80,30
4,97,74,30
5,12,62,30
6,33,71,30
7,97,96,30
8,8,21,30
9,60,92,30
10,12,31,30
11,96,86,30
12,84,28,30
13,36,89,30
14,22,71,30
15,54,78,30
16,1,35,30
17,37,60,30
18,68,57,30
19,8,13,30
20,42,82,30
21,24,23,30
22,61,75,30
23,96,34,30
24,96,93,30
25,1,40,30
26,18,80,30
27,45,10,30
28,57,71,30
29,89,17,30
30,28,69,30
31,57,27,30
32,5,59,30
33,97,82,30
34,92,25,30
35,80,52,30
36,57,25,30
37,89,48,30
38,92,2,30
39,29,2,30
40,63,17,30
41,35,20,30
42,34,52,30
43,8,59,30
44,98,17,30
45,26,48,30
46,83,51,30
47,11,18,30
48,73,20,30
49,33,98,30
50,10,28,30
51,14,28,30
52,5,39,30
1,3,32,31
2,73,69,31
3,61,81,31
4,97,74,31
5,13,61,31
6,32,70,31
7,98,97,31
8,7,22,31
9,61,92,31
10,13,32,31
11,96,86,31
12,83,27,31
13,36,88,31
14,23,72,31
15,53,78,31
16,1,35,31
17,37,60,31
18,67,57,31
19,8,13,31
20,43,82,31
21,25,24,31
22,61,74,31
23,95,34,31
24,97,93,31
25,1,39,31
26,17,80,31
27,45,11,31
28,56,71,31
29,88,17,31
30,27,69,31
31,56,27,31
32,4,60,31
33,98,83,31
34,92,25,31
35,81,52,31
36,58,25,31
37,90,47,31
38,93,2,31
39,30,3,31
40,62,16,31
41,36,20,31
42,35,53,31
43,8,60,31
44,98,16,31
45,25,48,31
46,84,52,31
47,10,19,31
48,73,20,31
49,33,97,31
50,9,27,31
51,15,28,31
52,5,40,31
1,3,31,32
2,74,68,32
3,62,81,32
4,98,75,32
5,13,60,32
6,31,69,32
7,97,96,32
8,8,23,32
9,60,93,32
10,12,32,32
11,96,86,32
12,84,28,32
13,37,88,32
14,22,73,32
15,52,79,32
16,2,34,32
17,37,61,32
18,66,58,32
19,7,14,32
20,42,81,32
21,24,25,32
22,61,74,32
23,94,33,32
24,96,94,32
25,2,39,32
26,18,81,32
27,44,10,32
28,57,70,32
29,87,17,32
30,28,69,32
31,57,26,32
32,3,61,32
33,98,83,32
34,92,25,32
35,82,52,32
36,58,24,32
37,90,47,32
38,94,1,32
39,29,2,32
40,62,15,32
41,37,19,32
42,35,53,32
43,8,61,32
44,97,17,32
45,24,48,32
46,85,52,32
47,9,20,32
48,74,19,32
49,33,97,32
50,10,27,32
51,14,27,32
52,4,40,32
1,3,32,33
2,75,68,33
3,61,80,33
4,99,74,33
5,14,59,33
6,31,70,33
7,98,96,33
8,9,22,33
9,59,94,33
10,12,32,33
11,97,87,33
12,83,28,33
13,36,88,33
14,22,72,33
15,51,78,33
16,3,35,33
17,37,62,33
18,65,59,33
19,6,13,33
20,43,81,33
21,23,25,33
22,60,74,33
23,93,32,33
24,97,95,33
25,2,39,33
26,17,81,33
27,45,10,33
28,56,70,33
29,88,16,33
30,29,69,33
31,58,25,33
32,4,61,33
33,98,84,33
34,92,24,33
35,81,51,33
36,59,23,33
37,89,46,33
38,94,1,33
39,30,1,33
40,62,16,33
41,38,18,33
42,34,52,33
43,7,60,33
44,97,16,33
45,25,47,33
46,85,53,33
47,10,19,33
48,73,19,33
49,33,96,33
50,9,26,33
51,15,27,33
52,3,41,33
1,4,32,34
2,76,69,34
3,61,79,34
4,98,73,34
5,14,59,34
6,31,71,34
7,97,96,34
8,10,23,34
9,60,93,34
10,12,32,34
11,97,87,34
12,84,28,34
13,37,88,34
14,22,71,34
15,52,78,34
16,4,35,34
17,37,61,34
18,66,60,34
19,6,14,34
20,43,82,34
21,22,26,34
22,61,75,34
23,93,33,34
24,96,96,34
25,2,40,34
26,16,81,34
27,45,9,34
28,56,70,34
29,87,17,34
30,28,70,34
31,59,26,34
32,4,62,34
33,98,84,34
34,91,23,34
35,82,50,34
36,60,22,34
37,88,47,34
38,94,0,34
39,30,2,34
40,63,15,34
41,38,17,34
42,33,52,34
43,7,60,34
44,96,17,34
45,26,47,34
46,86,52,34
47,10,20,34
48,74,20,34
49,33,96,34
50,10,27,34
51,16,26,34
52,2,41,34
1,3,33,35
2,77,68,35
3,60,78,35
4,97,74,35
5,13,58,35
6,32,71,35
7,98,96,35
8,11,22,35
9,61,93,35
10,13,32,35
11,97,88,35
12,83,28,35
13,38,89,35
14,21,70,35
15,52,78,35
16,5,35,35
17,36,60,35
18,65,61,35
19,6,15,35
20,44,82,35
21,23,27,35
22,60,74,35
23,92,34,35
24,95,97,35
25,1,40,35
26,17,81,35
27,44,8,35
28,56,71,35
29,88,18,35
30,29,70,35
31,58,25,35
32,4,62,35
33,97,84,35
34,91,22,35
35,83,49,35
36,61,22,35
37,87,46,35
38,93,1,35
39,30,2,35
40,64,14,35
41,39,16,35
42,33,51,35
43,8,61,35
44,96,16,35
45,26,46,35
46,86,53,35
47,9,20,35
48,73,20,35
49,32,96,35
50,10,28,35
51,17,27,35
52,1,41,35
1,3,32,36
2,77,67,36
3,61,78,36
4,98,75,36
5,13,58,36
6,32,71,36
7,98,97,36
8,10,23,36
9,60,94,36
10,14,31,36
11,97,89,36
12,82,29,36
13,37,89,36
14,22,71,36
15,53,78,36
16,4,36,36
17,37,60,36
18,65,60,36
19,6,16,36
20,44,82,36
21,22,27,36
22,59,74,36
23,93,35,36
24,96,97,36
25,1,39,36
26,18,80,36
27,44,9,36
28,55,71,36
29,89,18,36
30,30,71,36
31,59,25,36
32,4,63,36
33,97,83,36
34,92,22,36
35,84,50,36
36,62,23,36
37,87,47,36
38,94,2,36
39,29,2,36
40,65,14,36
41,39,15,36
42,32,51,36
43,8,62,36
44,97,17,36
45,27,46,36
46,86,54,36
47,9,20,36
48,73,20,36
49,33,97,36
50,9,28,36
51,18,28,36
52,2,40,36
1,3,33,37
2,76,67,37
3,62,79,37
4,97,76,37
5,12,57,37
6,31,71,37
7,99,97,37
8,9,22,37
9,61,93,37
10,15,31,37
11,97,88,37
12,82,29,37
13,36,90,37
14,21,71,37
15,54,77,37
16,3,35,37
17,38,61,37
18,65,61,37
19,5,17,37
20,44,83,37
21,21,26,37
22,58,75,37
23,92,35,37
24,95,97,37
25,0,38,37
26,19,81,37
27,44,9,37
28,55,70,37
29,89,17,37
30,31,72,37
31,60,25,37
32,3,63,37
33,98,84,37
34,91,23,37
35,83,51,37
36,61,24,37
37,86,46,37
38,95,2,37
39,29,3,37
40,64,13,37
41,39,15,37
42,33,50,37
43,8,63,37
44,97,17,37
45,27,47,37
46,86,54,37
47,9,20,37
48,73,19,37
49,34,97,37
50,9,29,37
51,19,29,37
52,2,41,37
1,2,32,38
2,77,68,38
3,61,78,38
4,97,77,38
5,11,56,38
6,31,70,38
7,99,97,38
8,9,22,38
9,62,93,38
10,14,31,38
11,97,87,38
12,81,29,38
13,36,91,38
14,21,72,38
15,55,78,38
16,2,36,38
17,39,61,38
18,64,61,38
19,4,17,38
20,45,83,38
21,22,26,38
22,57,76,38
23,93,35,38
24,96,96,38
25,1,37,38
26,18,82,38
27,44,8,38
28,56,69,38
29,88,16,38
30,31,73,38
31,59,24,38
32,2,64,38
33,99,85,38
34,90,23,38
35,84,51,38
36,61,25,38
37,85,47,38
38,96,3,38
39,30,3,38
40,65,14,38
41,40,15,38
42,34,50,38
43,8,64,38
44,98,16,38
45,26,47,38
46,85,55,38
47,8,20,38
48,72,20,38
49,34,98,38
50,8,29,38
51,20,29,38
52,2,42,38
1,1,33,39
2,76,68,39
3,62,79,39
4,97,78,39
5,11,57,39
6,32,71,39
7,98,96,39
8,8,23,39
9,61,94,39
10,14,32,39
11,97,87,39
12,80,30,39
13,35,91,39
14,21,73,39
15,56,79,39
16,1,36,39
17,38,62,39
18,65,62,39
19,4,17,39
20,45,83,39
21,22,25,39
22,58,75,39
23,92,35,39
24,97,96,39
25,1,37,39
26,18,83,39
27,44,7,39
28,56,68,39
29,88,17,39
30,32,72,39
31,58,24,39
32,3,63,39
33,98,85,39
34,91,23,39
35,84,52,39
36,62,24,39
37,85,47,39
38,97,2,39
39,31,4,39
40,66,13,39
41,40,14,39
42,34,49,39
43,7,65,39
44,99,16,39
45,25,47,39
46,86,55,39
47,7,20,39
48,73,21,39
49,35,97,39
50,9,28,39
51,21,29,39
52,2,42,39
1,1,33,40
2,76,67,40
3,62,79,40
4,96,79,40
5,11,58,40
6,31,70,40
7,98,97,40
8,8,22,40
9,61,95,40
10,13,32,40
11,97,87,40
12,81,30,40
13,35,90,40
14,21,73,40
15,57,78,40
16,2,35,40
17,37,61,40
18,64,62,40
19,3,17,40
20,46,82,40
21,21,26,40
22,58,75,40
23,93,35,40
24,99,97,40
25,0,37,40
26,18,84,40
27,45,6,40
28,57,69,40
29,89,18,40
30,32,71,40
31,57,25,40
32,4,63,40
33,97,85,40
34,90,23,40
35,84,53,40
36,62,25,40
37,86,46,40
38,97,1,40
39,32,3,40
40,65,13,40
41,41,14,40
42,33,49,40
43,7,65,40
44,99,15,40
45,26,46,40
46,86,55,40
47,7,19,40
48,73,20,40
49,36,97,40
50,9,27,40
51,21,29,40
52,3,43,40
1,0,32,41
2,76,66,41
3,63,78,41
4,96,80,41
5,12,58,41
6,32,70,41
7,99,98,41
8,8,22,41
9,60,94,41
10,14,33,41
11,97,86,41
12,81,29,41
13,34,91,41
14,20,73,41
15,58,78,41
16,1,36,41
17,37,61,41
18,65,63,41
19,3,16,41
20,47,82,41
21,22,27,41
22,57,74,41
23,92,35,41
24,98,96,41
25,1,37,41
26,17,85,41
27,46,6,41
28,56,70,41
29,88,19,41
30,31,72,41
31,58,24,41
32,3,63,41
33,96,84,41
34,91,24,41
35,85,54,41
36,61,26,41
37,86,45,41
38,97,1,41
39,31,4,41
40,64,13,41
41,41,13,41
42,34,49,41
43,6,66,41
44,99,14,41
45,25,45,41
46,87,55,41
47,8,19,41
48,72,19,41
49,36,98,41
50,8,26,41
51,21,30,41
52,3,44,41
1,0,31,42
2,76,67,42
3,62,78,42
4,97,81,42
5,12,57,42
6,31,71,42
7,99,99,42
8,8,23,42
9,61,94,42
10,13,32,42
11,98,87,42
12,80,30,42
13,34,92,42
14,21,73,42
15,58,79,42
16,0,36,42
17,37,62,42
18,65,63,42
19,4,16,42
20,47,81,42
21,23,26,42
22,58,74,42
23,93,36,42
24,99,96,42
25,0,38,42
26,16,84,42
27,46,7,42
28,57,71,42
29,89,19,42
30,30,71,42
31,58,23,42
32,2,62,42
33,97,83,42
34,90,24,42
35,86,53,42
36,61,27,42
37,86,46,42
38,96,2,42
39,32,5,42
40,64,13,42
41,40,14,42
42,34,50,42
43,6,67,42
44,98,13,42
45,26,44,42
46,88,54,42
47,8,18,42
48,73,20,42
49,35,99,42
50,8,25,42
51,21,30,42
52,2,43,42
1,1,32,43
2,75,68,43
3,63,77,43
4,98,80,43
5,11,57,43
6,32,70,43
7,98,99,43
8,8,23,43
9,60,94,43
10,12,33,43
11,98,86,43
12,79,31,43
13,33,91,43
14,22,74,43
15,57,80,43
16,1,35,43
17,37,62,43
18,65,63,43
19,3,16,43
20,48,82,43
21,23,26,43
22,59,74,43
23,92,36,43
24,98,96,43
25,1,38,43
26,16,84,43
27,45,6,43
28,57,70,43
29,88,19,43
30,29,70,43
31,58,23,43
32,1,63,43
33,96,84,43
34,91,23,43
35,86,53,43
36,60,28,43
37,86,45,43
38,96,3,43
39,31,5,43
40,63,13,43
41,39,14,43
42,35,51,43
43,5,66,43
44,99,14,43
45,27,45,43
46,89,55,43
47,7,17,43
48,73,21,43
49,34,99,43
50,8,26,43
51,20,30,43
52,2,42,43
1,1,32,44
2,74,68,44
3,62,76,44
4,98,80,44
5,12,56,44
6,31,70,44
7,97,98,44
8,9,23,44
9,59,94,44
10,12,32,44
11,99,85,44
12,79,31,44
13,32,92,44
14,22,73,44
15,57,80,44
16,2,36,44
17,38,61,44
18,66,62,44
19,4,15,44
20,49,81,44
21,24,27,44
22,60,73,44
23,93,37,44
24,99,97,44
25,1,37,44
26,17,84,44
27,46,6,44
28,56,70,44
29,88,20,44
30,29,70,44
31,58,23,44
32,1,64,44
33,97,83,44
34,90,23,44
35,87,54,44
36,61,29,44
37,85,44,44
38,96,4,44
39,30,6,44
40,63,12,44
41,40,13,44
42,34,51,44
43,4,65,44
44,98,13,44
45,27,45,44
46,88,54,44
47,7,17,44
48,73,20,44
49,33,99,44
50,7,27,44
51,21,29,44
52,1,43,44
1,2,32,45
2,75,68,45
3,63,76,45
4,99,81,45
5,12,56,45
6,32,71,45
7,96,97,45
8,10,23,45
9,60,95,45
10,12,32,45
11,99,84,45
12,78,30,45
13,31,92,45
14,21,72,45
15,57,79,45
16,1,36,45
17,38,60,45
18,67,62,45
19,5,14,45
20,48,81,45
21,24,27,45
22,60,73,45
23,94,38,45
24,99,96,45
25,1,38,45
26,17,84,45
27,46,7,45
28,56,70,45
29,87,20,45
30,30,71,45
31,59,24,45
32,1,64,45
33,97,84,45
34,90,22,45
35,87,55,45
36,60,30,45
37,86,45,45
38,95,3,45
39,30,7,45
40,63,11,45
41,40,12,45
42,34,52,45
43,5,65,45
44,98,14,45
45,27,44,45
46,87,54,45
47,7,18,45
48,73,19,45
49,32,99,45
50,8,28,45
51,21,29,45
52,2,43,45
1,3,32,46
2,74,67,46
3,64,75,46
4,98,80,46
5,12,57,46
6,33,72,46
7,95,98,46
8,10,24,46
9,61,94,46
10,11,32,46
11,99,83,46
12,79,31,46
13,30,93,46
14,20,71,46
15,57,80,46
16,0,35,46
17,37,61,46
18,68,63,46
19,6,13,46
20,48,81,46
21,24,27,46
22,61,73,46
23,94,39,46
24,99,95,46
25,0,39,46
26,17,83,46
27,47,7,46
28,55,71,46
29,88,21,46
30,31,70,46
31,58,24,46
32,0,64,46
33,96,83,46
34,91,21,46
35,88,56,46
36,61,31,46
37,87,44,46
38,94,3,46
39,31,6,46
40,64,12,46
41,40,11,46
42,34,53,46
43,6,64,46
44,99,13,46
45,26,44,46
46,86,54,46
47,6,18,46
48,73,19,46
49,31,98,46
50,9,27,46
51,22,28,46
52,3,44,46
1,4,31,47
2,75,66,47
3,63,75,47
4,98,81,47
5,11,57,47
6,33,71,47
7,95,97,47
8,10,25,47
9,62,95,47
10,12,32,47
11,99,83,47
12,79,32,47
13,30,93,47
14,21,72,47
15,57,79,47
16,0,36,47
17,37,61,47
18,67,63,47
19,5,14,47
20,49,80,47
21,25,28,47
22,61,74,47
23,94,38,47
24,99,94,47
25,0,40,47
26,18,82,47
27,48,8,47
28,56,72,47
29,88,22,47
30,30,69,47
31,59,23,47
32,1,64,47
33,96,83,47
34,92,21,47
35,89,57,47
36,61,30,47
37,86,45,47
38,95,3,47
39,31,6,47
40,63,11,47
41,39,11,47
42,33,53,47
43,6,63,47
44,98,13,47
45,26,43,47
46,87,53,47
47,6,19,47
48,73,18,47
49,30,99,47
50,10,28,47
51,23,29,47
52,3,44,47
1,5,30,48
2,74,67,48
3,62,75,48
4,99,81,48
5,11,56,48
6,34,70,48
7,94,97,48
8,9,26,48
9,62,95,48
10,13,33,48
11,98,82,48
12,80,33,48
13,30,92,48
14,20,73,48
15,58,79,48
16,0,35,48
17,37,60,48
18,66,63,48
19,6,15,48
20,49,80,48
21,24,29,48
22,62,74,48
23,95,39,48
24,98,95,48
25,1,39,48
26,17,81,48
27,47,8,48
28,57,73,48
29,88,22,48
30,31,70,48
31,58,22,48
32,2,63,48
33,96,83,48
34,93,22,48
35,88,56,48
36,62,30,48
37,86,44,48
38,96,4,48
39,30,6,48
40,63,12,48
41,38,10,48
42,33,53,48
43,6,62,48
44,97,13,48
45,27,44,48
46,86,54,48
47,7,18,48
48,73,17,48
49,31,99,48
50,11,29,48
51,22,29,48
52,2,43,48
1,4,29,49
2,74,66,49
3,61,74,49
4,98,80,49
5,11,56,49
6,35,70,49
7,95,97,49
8,10,27,49
9,61,95,49
10,14,32,49
11,97,81,49
12,79,33,49
13,29,92,49
14,20,72,49
15,59,78,49
16,0,36,49
17,38,60,49
18,65,63,49
19,5,14,49
20,50,81,49
21,23,28,49
22,63,73,49
23,95,39,49
24,97,95,49
25,0,39,49
26,17,80,49
27,48,9,49
28,56,74,49
29,87,23,49
30,30,69,49
31,57,21,49
32,2,64,49
33,95,82,49
34,92,21,49
35,89,55,49
36,62,29,49
37,87,44,49
38,96,4,49
39,29,6,49
40,62,11,49
41,37,11,49
42,34,54,49
43,6,62,49
44,97,14,49
45,27,44,49
46,85,54,49
47,6,19,49
48,73,18,49
49,31,98,49
50,12,29,49
51,22,28,49
52,2,44,49
1,3,29,50
2,75,67,50
3,61,73,50
4,97,79,50
5,12,56,50
6,36,71,50
7,94,96,50
8,10,26,50
9,60,96,50
10,15,31,50
11,96,82,50
12,80,32,50
13,29,91,50
14,21,72,50
15,60,78,50
16,0,35,50
17,37,59,50
18,66,64,50
19,5,13,50
20,49,80,50
21,23,27,50
22,63,74,50
23,94,39,50
24,97,94,50
25,1,38,50
26,18,81,50
27,47,8,50
28,56,74,50
29,86,24,50
30,31,70,50
31,58,21,50
32,2,63,50
33,95,82,50
34,91,22,50
35,88,54,50
36,62,30,50
37,88,43,50
38,97,4,50
39,29,6,50
40,61,12,50
41,38,10,50
42,34,54,50
43,6,61,50
44,97,13,50
45,28,45,50
46,86,53,50
47,6,19,50
48,72,18,50
49,31,99,50
50,12,29,50
51,21,28,50
52,2,43,50
1,4,29,51
2,75,66,51
3,60,74,51
4,97,80,51
5,11,57,51
6,35,70,51
7,94,96,51
8,9,26,51
9,60,95,51
10,15,31,51
11,96,82,51
12,79,31,51
13,28,91,51
14,22,73,51
15,60,79,51
16,1,34,51
17,38,59,51
18,66,63,51
19,4,14,51
20,49,79,51
21,24,27,51
22,64,75,51
23,95,39,51
24,98,94,51
25,2,38,51
26,17,82,51
27,47,7,51
28,55,73,51
29,86,24,51
30,32,69,51
31,58,22,51
32,2,64,51
33,95,81,51
34,90,22,51
35,89,53,51
36,62,30,51
37,89,43,51
38,98,5,51
39,28,6,51
40,61,13,51
41,39,9,51
42,35,53,51
43,5,60,51
44,98,14,51
45,29,44,51
46,85,52,51
47,6,19,51
48,73,17,51
49,31,98,51
50,11,29,51
51,20,28,51
52,2,43,51
1,4,29,52
2,74,66,52
3,60,75,52
4,96,80,52
5,11,57,52
6,34,70,52
7,95,95,52
8,8,26,52
9,60,94,52
10,15,30,52
11,95,83,52
12,78,32,52
13,29,91,52
14,22,73,52
15,61,79,52
16,1,33,52
17,37,60,52
18,65,64,52
19,5,14,52
20,48,78,52
21,24,26,52
22,63,76,52
23,94,38,52
24,98,93,52
25,1,39,52
26,18,83,52
27,47,7,52
28,56,74,52
29,87,23,52
30,33,68,52
31,58,23,52
32,3,63,52
33,94,82,52
34,91,23,52
35,90,53,52
36,62,30,52
37,89,43,52
38,99,4,52
39,29,7,52
40,60,14,52
41,38,10,52
42,35,54,52
43,5,61,52
44,98,15,52
45,29,43,52
46,84,51,52
47,7,19,52
48,73,18,52
49,31,99,52
50,12,30,52
51,20,29,52
52,2,44,52
1,5,28,53
2,74,66,53
3,60,74,53
4,97,81,53
5,10,57,53
6,35,71,53
7,95,94,53
8,9,26,53
9,61,93,53
10,16,29,53
11,94,83,53
12,77,31,53
13,29,92,53
14,23,73,53
15,60,78,53
16,0,33,53
17,37,60,53
18,64,64,53
19,5,14,53
20,49,79,53
21,25,26,53
22,64,77,53
23,94,39,53
24,98,94,53
25,1,39,53
26,19,84,53
27,47,7,53
28,55,73,53
29,87,24,53
30,33,69,53
31,59,23,53
32,3,62,53
33,95,81,53
34,90,24,53
35,91,54,53
36,62,30,53
37,89,43,53
38,99,3,53
39,30,6,53
40,60,14,53
41,39,9,53
42,36,54,53
43,5,62,53
44,98,15,53
45,30,44,53
46,83,51,53
47,6,18,53
48,73,17,53
49,30,99,53
50,11,30,53
51,19,28,53
52,1,43,53
1,4,27,54
2,75,67,54
3,59,74,54
4,98,81,54
5,11,57,54
6,35,72,54
7,96,93,54
8,10,27,54
9,60,93,54
10,16,30,54
11,93,83,54
12,77,30,54
13,30,93,54
14,23,74,54
15,59,77,54
16,1,34,54
17,38,61,54
18,65,65,54
19,6,13,54
20,49,78,54
21,25,26,54
22,63,76,54
23,93,38,54
24,99,93,54
25,2,38,54
26,19,83,54
27,48,6,54
28,56,73,54
29,87,24,54
30,34,69,54
31,58,22,54
32,3,62,54
33,96,81,54
34,89,25,54
35,91,54,54
36,63,29,54
37,89,44,54
38,99,2,54
39,29,7,54
40,60,13,54
41,40,9,54
42,37,55,54
43,5,62,54
44,98,16,54
45,30,43,54
46,82,51,54
47,5,17,54
48,74,17,54
49,29,99,54
50,11,30,54
51,18,29,54
52,2,43,54
1,4,27,55
2,76,66,55
3,60,75,55
4,98,80,55
5,12,57,55
6,36,71,55
7,95,93,55
8,11,28,55
9,60,94,55
10,16,30,55
11,93,82,55
12,76,31,55
13,30,94,55
14,23,74,55
15,60,76,55
16,1,35,55
17,38,62,55
18,65,66,55
19,5,13,55
20,49,77,55
21,26,26,55
22,63,75,55
23,94,38,55
24,98,94,55
25,3,38,55
26,20,83,55
27,47,5,55
28,57,74,55
29,86,24,55
30,34,68,55
31,57,21,55
32,4,63,55
33,97,82,55
34,90,24,55
35,91,54,55
36,62,29,55
37,90,45,55
38,98,2,55
39,30,7,55
40,61,13,55
41,41,10,55
42,37,56,55
43,5,63,55
44,97,16,55
45,31,43,55
46,83,50,55
47,6,16,55
48,74,17,55
49,28,99,55
50,12,29,55
51,18,29,55
52,3,42,55
1,3,27,56
2,75,66,56
3,61,74,56
4,97,79,56
5,12,57,56
6,37,71,56
7,96,94,56
8,12,28,56
9,61,95,56
10,16,29,56
11,92,81,56
12,75,31,56
13,29,94,56
14,24,75,56
15,59,77,56
16,1,34,56
17,38,63,56
18,64,67,56
19,5,14,56
20,49,77,56
21,26,27,56
22,63,76,56
23,94,39,56
24,97,94,56
25,3,37,56
26,20,84,56
27,46,6,56
28,58,73,56
29,87,25,56
30,34,69,56
31,58,21,56
32,4,62,56
33,98,83,56
34,89,23,56
35,92,53,56
36,62,30,56
37,89,46,56
38,98,2,56
39,30,6,56
40,60,12,56
41,40,9,56
42,37,56,56
43,6,63,56
44,98,16,56
45,30,44,56
46,83,51,56
47,7,16,56
48,75,16,56
49,29,98,56
50,11,28,56
51,19,29,56
52,2,41,56
1,4,27,57
2,75,66,57
3,60,74,57
4,97,80,57
5,11,58,57
6,38,71,57
7,97,95,57
8,13,29,57
9,62,94,57
10,15,28,57
11,91,80,57
12,74,30,57
13,28,93,57
14,25,75,57
15,60,76,57
16,0,33,57
17,39,64,57
18,63,67,57
19,5,13,57
20,48,76,57
21,25,28,57
22,64,76,57
23,94,40,57
24,98,95,57
25,4,36,57
26,19,83,57
27,47,7,57
28,59,73,57
29,87,25,57
30,35,70,57
31,59,21,57
32,5,63,57
33,99,82,57
34,88,23,57
35,93,52,57
36,61,30,57
37,88,47,57
38,97,1,57
39,29,7,57
40,60,11,57
41,41,8,57
42,38,57,57
43,7,62,57
44,97,17,57
45,30,45,57
46,82,51,57
47,6,15,57
48,75,16,57
49,28,99,57
50,12,27,57
51,18,30,57
52,1,40,57
1,5,27,58
2,76,65,58
3,59,74,58
4,97,81,58
5,12,58,58
6,37,71,58
7,97,94,58
8,14,30,58
9,62,94,58
10,16,28,58
11,91,79,58
12,73,30,58
13,28,92,58
14,25,75,58
15,60,75,58
16,1,34,58
17,39,65,58
18,63,66,58
19,6,12,58
20,47,75,58
21,26,29,58
22,64,76,58
23,93,40,58
24,97,95,58
25,3,36,58
26,20,82,58
27,48,6,58
28,60,74,58
29,86,24,58
30,36,70,58
31,58,21,58
32,6,63,58
33,98,83,58
34,89,23,58
35,93,53,58
36,61,29,58
37,88,48,58
38,97,0,58
39,30,8,58
40,59,11,58
41,40,8,58
42,37,56,58
43,8,62,58
44,97,17,58
45,31,44,58
46,82,51,58
47,7,14,58
48,75,15,58
49,29,98,58
50,13,27,58
51,17,30,58
52,1,41,58
1,5,27,59
2,77,64,59
3,58,73,59
4,96,80,59
5,11,59,59
6,36,72,59
7,98,93,59
8,15,31,59
9,61,95,59
10,17,29,59
11,90,78,59
12,74,31,59
13,28,93,59
14,26,74,59
15,59,76,59
16,1,33,59
17,39,65,59
18,64,67,59
19,7,13,59
20,47,76,59
21,25,30,59
22,63,77,59
23,92,40,59
24,96,94,59
25,3,35,59
26,20,82,59
27,48,5,59
28,60,74,59
29,87,25,59
30,35,70,59
31,59,20,59
32,6,62,59
33,97,83,59
34,89,24,59
35,92,54,59
36,62,30,59
37,89,47,59
38,96,0,59
39,31,7,59
40,60,10,59
41,40,9,59
42,38,55,59
43,7,61,59
44,97,18,59
45,32,43,59
46,81,50,59
47,8,14,59
48,74,15,59
49,28,98,59
50,12,27,59
51,16,29,59
52,2,41,59
1,6,26,60
2,76,64,60
3,58,73,60
4,95,81,60
5,11,59,60
6,35,72,60
7,98,93,60
8,15,30,60
9,61,96,60
10,16,28,60
11,90,77,60
12,75,30,60
13,28,94,60
14,26,74,60
15,60,77,60
16,1,33,60
17,38,64,60
18,65,68,60
19,7,13,60
20,48,75,60
21,26,29,60
22,62,78,60
23,93,40,60
24,95,94,60
25,2,36,60
26,21,83,60
27,47,6,60
28,61,73,60
29,86,25,60
30,34,71,60
31,58,19,60
32,6,62,60
33,97,84,60
34,89,24,60
35,91,55,60
36,63,31,60
37,90,46,60
38,97,1,60
39,30,7,60
40,61,11,60
41,39,10,60
42,38,55,60
43,7,61,60
44,98,19,60
45,33,42,60
46,81,51,60
47,9,13,60
48,73,16,60
49,27,98,60
50,11,28,60
51,17,28,60
52,1,42,60
1,7,26,61
2,76,65,61
3,59,73,61
4,95,80,61
5,12,60,61
6,35,71,61
7,99,93,61
8,14,29,61
9,61,97,61
10,16,27,61
11,89,77,61
12,75,29,61
13,27,95,61
14,26,75,61
15,60,76,61
16,0,33,61
17,37,63,61
18,64,67,61
19,6,14,61
20,48,76,61
21,25,29,61
22,63,77,61
23,94,39,61
24,94,94,61
25,2,36,61
26,20,84,61
27,48,5,61
28,60,74,61
29,87,25,61
30,34,70,61
31,59,20,61
32,5,62,61
33,98,83,61
34,88,23,61
35,92,55,61
36,64,32,61
37,91,45,61
38,96,2,61
39,31,8,61
40,62,12,61
41,40,9,61
42,38,56,61
43,8,60,61
44,98,18,61
45,33,43,61
46,81,52,61
47,9,13,61
48,73,17,61
49,26,97,61
50,10,27,61
51,18,29,61
52,2,43,61
1,8,27,62
2,77,66,62
3,60,73,62
4,95,79,62
5,12,60,62
6,35,70,62
7,99,92,62
8,14,28,62
9,60,97,62
10,15,26,62
11,89,77,62
12,76,28,62
13,28,95,62
14,27,75,62
15,60,77,62
16,1,32,62
17,38,63,62
18,63,68,62
19,6,14,62
20,48,76,62
21,26,30,62
22,64,78,62
23,95,38,62
24,93,93,62
25,3,37,62
26,20,85,62
27,48,5,62
28,61,75,62
29,87,26,62
30,35,69,62
31,58,20,62
32,4,61,62
33,99,84,62
34,87,22,62
35,92,55,62
36,63,33,62
37,91,45,62
38,96,1,62
39,30,8,62
40,61,12,62
41,40,9,62
42,38,56,62
43,9,59,62
44,99,17,62
45,33,42,62
46,82,53,62
47,9,12,62
48,74,18,62
49,27,98,62
50,9,27,62
51,19,29,62
52,1,44,62
1,7,27,63
2,77,66,63
3,59,74,63
4,94,80,63
5,12,59,63
6,34,71,63
7,99,92,63
8,13,29,63
9,61,97,63
10,16,27,63
11,89,76,63
12,75,28,63
13,28,94,63
14,28,75,63
15,59,78,63
16,2,33,63
17,37,62,63
18,62,67,63
19,6,15,63
20,47,75,63
21,25,31,63
22,63,77,63
23,95,39,63
24,92,94,63
25,4,36,63
26,20,84,63
27,48,4,63
28,61,75,63
29,87,25,63
30,34,70,63
31,59,19,63
32,4,60,63
33,98,85,63
34,86,22,63
35,93,56,63
36,64,34,63
37,91,46,63
38,97,1,63
39,30,8,63
40,62,13,63
41,39,9,63
42,39,55,63
43,10,58,63
44,99,18,63
45,32,42,63
46,81,53,63
47,8,12,63
48,75,17,63
49,26,99,63
50,10,27,63
51,19,28,63
52,1,45,63
1,6,26,64
2,78,67,64
3,58,73,64
4,95,80,64
5,12,59,64
6,33,70,64
7,98,93,64
8,12,30,64
9,60,97,64
10,16,26,64
11,90,75,64
12,76,27,64
13,28,95,64
14,28,74,64
15,60,79,64
16,3,33,64
17,38,62,64
18,62,67,64
19,6,14,64
20,48,75,64
21,25,30,64
22,62,78,64
23,94,38,64
24,91,93,64
25,5,37,64
26,21,84,64
27,49,4,64
28,61,76,64
29,88,24,64
30,35,70,64
31,59,20,64
32,4,60,64
33,97,84,64
34,85,22,64
35,94,57,64
36,64,33,64
37,91,45,64
38,98,0,64
39,30,7,64
40,63,12,64
41,40,10,64
42,40,55,64
43,10,57,64
44,98,17,64
45,31,42,64
46,81,53,64
47,8,13,64
48,74,18,64
49,25,98,64
50,9,27,64
51,18,28,64
52,0,44,64
1,7,27,65
2,77,67,65
3,57,74,65
4,94,81,65
5,11,59,65
6,33,70,65
7,98,94,65
8,11,31,65
9,61,98,65
10,15,26,65
11,91,74,65
12,76,26,65
13,29,96,65
14,28,73,65
15,59,80,65
16,2,33,65
17,38,61,65
18,61,67,65
19,7,14,65
20,49,76,65
21,26,30,65
22,63,77,65
23,94,37,65
24,90,92,65
25,5,36,65
26,20,85,65
27,50,5,65
28,60,77,65
29,87,25,65
30,35,71,65
31,59,19,65
32,4,61,65
33,96,85,65
34,85,23,65
35,93,56,65
36,65,34,65
37,90,44,65
38,97,1,65
39,29,7,65
40,64,12,65
41,41,11,65
42,39,55,65
43,11,58,65
44,97,18,65
45,32,41,65
46,81,53,65
47,8,13,65
48,73,18,65
49,24,98,65
50,10,28,65
51,18,28,65
52,1,43,65
1,6,26,66
2,76,66,66
3,56,75,66
4,95,82,66
5,10,58,66
6,33,71,66
7,97,93,66
8,10,30,66
9,61,99,66
10,16,26,66
11,90,74,66
12,76,27,66
13,29,95,66
14,28,74,66
15,60,80,66
16,1,34,66
17,39,60,66
18,61,66,66
19,6,15,66
20,49,75,66
21,25,29,66
22,64,78,66
23,95,38,66
24,90,91,66
25,6,37,66
26,21,84,66
27,51,4,66
28,61,76,66
29,88,26,66
30,34,70,66
31,59,18,66
32,5,61,66
33,97,86,66
34,86,24,66
35,94,55,66
36,64,33,66
37,89,43,66
38,97,0,66
39,30,7,66
40,63,13,66
41,40,10,66
42,38,54,66
43,11,59,66
44,98,17,66
45,31,42,66
46,80,53,66
47,9,14,66
48,73,18,66
49,25,97,66
50,9,27,66
51,19,27,66
52,2,44,66
1,7,27,67
2,75,67,67
3,56,76,67
4,95,83,67
5,10,59,67
6,33,70,67
7,96,92,67
8,9,30,67
9,61,98,67
10,15,25,67
11,90,75,67
12,77,26,67
13,28,95,67
14,29,75,67
15,61,81,67
16,2,33,67
17,40,60,67
18,61,67,67
19,7,16,67
20,48,75,67
21,26,29,67
22,65,78,67
23,96,37,67
24,90,90,67
25,7,36,67
26,20,85,67
27,50,3,67
28,62,76,67
29,87,26,67
30,35,69,67
31,59,19,67
32,6,61,67
33,98,85,67
34,86,23,67
35,95,55,67
36,65,34,67
37,89,42,67
38,96,1,67
39,30,6,67
40,62,14,67
41,39,10,67
42,39,53,67
43,10,60,67
44,98,17,67
45,32,43,67
46,79,54,67
47,10,14,67
48,73,19,67
49,25,97,67
50,9,27,67
51,20,26,67
52,2,44,67
1,7,27,68
2,76,66,68
3,55,77,68
4,94,83,68
5,11,60,68
6,33,69,68
7,95,92,68
8,8,30,68
9,60,98,68
10,14,26,68
11,91,74,68
12,76,26,68
13,29,95,68
14,28,74,68
15,60,82,68
16,1,33,68
17,40,61,68
18,60,68,68
19,7,16,68
20,49,74,68
21,26,30,68
22,64,78,68
23,97,36,68
24,89,90,68
25,8,36,68
26,19,86,68
27,51,3,68
28,61,77,68
29,88,25,68
30,35,68,68
31,58,19,68
32,7,60,68
33,98,86,68
34,86,24,68
35,96,56,68
36,65,33,68
37,88,42,68
38,96,2,68
39,31,6,68
40,63,13,68
41,40,10,68
42,39,53,68
43,10,59,68
44,97,18,68
45,33,42,68
46,79,53,68
47,10,14,68
48,74,20,68
49,25,96,68
50,10,26,68
51,20,25,68
52,2,44,68
1,7,26,69
2,76,66,69
3,55,76,69
4,93,82,69
5,12,61,69
6,34,68,69
7,94,93,69
8,8,30,69
9,60,98,69
10,13,27,69
11,92,73,69
12,75,25,69
13,29,94,69
14,29,73,69
15,59,82,69
16,2,33,69
17,40,62,69
18,61,68,69
19,6,17,69
20,49,74,69
21,27,31,69
22,64,77,69
23,97,36,69
24,88,89,69
25,7,35,69
26,20,85,69
27,52,2,69
28,62,78,69
29,88,25,69
30,34,69,69
31,57,20,69
32,8,61,69
33,98,87,69
34,85,23,69
35,96,56,69
36,66,32,69
37,88,42,69
38,97,1,69
39,30,6,69
40,62,14,69
41,39,9,69
42,38,53,69
43,11,59,69
44,98,19,69
45,33,42,69
46,79,53,69
47,10,14,69
48,73,20,69
49,25,97,69
50,9,25,69
51,21,25,69
52,1,43,69
1,6,25,70
2,76,66,70
3,55,76,70
4,92,83,70
5,11,62,70
6,33,68,70
7,94,93,70
8,8,30,70
9,60,97,70
10,13,28,70
11,93,73,70
12,76,25,70
13,28,94,70
14,28,72,70
15,58,81,70
16,1,32,70
17,41,61,70
18,61,67,70
19,7,16,70
20,48,75,70
21,26,32,70
22,64,76,70
23,98,36,70
24,89,88,70
25,8,35,70
26,20,85,70
27,52,3,70
28,63,79,70
29,88,26,70
30,35,69,70
31,57,19,70
32,9,60,70
33,99,86,70
34,86,22,70
35,96,56,70
36,67,31,70
37,87,43,70
38,97,2,70
39,29,7,70
40,61,13,70
41,40,10,70
42,37,52,70
43,11,59,70
44,98,18,70
45,33,42,70
46,80,52,70
47,11,14,70
48,74,20,70
49,25,96,70
50,10,25,70
51,21,26,70
52,2,44,70
1,7,24,71
2,77,66,71
3,55,76,71
4,93,84,71
5,12,63,71
6,32,69,71
7,95,93,71
8,8,29,71
9,59,98,71
10,14,27,71
11,93,73,71
12,76,24,71
13,27,95,71
14,27,73,71
15,58,81,71
16,2,32,71
17,40,62,71
18,62,67,71
19,6,17,71
20,47,76,71
21,25,31,71
22,64,76,71
23,98,35,71
24,89,88,71
25,8,36,71
26,21,84,71
27,52,3,71
28,64,78,71
29,88,25,71
30,36,69,71
31,58,19,71
32,10,61,71
33,99,87,71
34,86,23,71
35,95,56,71
36,67,32,71
37,86,42,71
38,98,1,71
39,29,6,71
40,62,14,71
41,40,11,71
42,38,52,71
43,10,59,71
44,99,17,71
45,32,42,71
46,81,52,71
47,12,15,71
48,74,20,71
49,26,95,71
50,10,25,71
51,20,27,71
52,2,43,71
1,6,25,72
2,77,65,72
3,55,75,72
4,94,84,72
5,11,63,72
6,31,70,72
7,94,93,72
8,9,30,72
9,58,99,72
10,15,26,72
11,94,74,72
12,76,25,72
13,27,94,72
14,28,74,72
15,58,80,72
16,1,31,72
17,39,61,72
18,63,68,72
19,5,18,72
20,47,77,72
21,24,32,72
22,64,76,72
23,98,34,72
24,89,88,72
25,7,36,72
26,21,83,72
27,52,4,72
28,63,79,72
29,87,25,72
30,37,68,72
31,59,20,72
32,10,60,72
33,98,86,72
34,87,24,72
35,96,57,72
36,68,33,72
37,86,43,72
38,99,0,72
39,28,6,72
40,62,13,72
41,40,11,72
42,39,51,72
43,9,60,72
44,99,16,72
45,33,41,72
46,80,52,72
47,11,16,72
48,73,19,72
49,26,94,72
50,9,24,72
51,21,27,72
52,2,43,72
1,7,25,73
2,76,64,73
3,55,76,73
4,93,85,73
5,12,63,73
6,32,69,73
7,94,92,73
8,9,29,73
9,57,98,73
10,14,26,73
11,94,75,73
12,77,26,73
13,27,95,73
14,27,75,73
15,58,80,73
16,1,32,73
17,39,62,73
18,64,69,73
19,6,17,73
20,47,78,73
21,23,32,73
22,63,75,73
23,98,33,73
24,89,88,73
25,8,35,73
26,20,82,73
27,51,4,73
28,62,78,73
29,86,24,73
30,38,69,73
31,58,19,73
32,10,60,73
33,98,87,73
34,87,23,73
35,96,56,73
36,68,32,73
37,85,44,73
38,98,0,73
39,27,6,73
40,61,13,73
41,40,12,73
42,39,50,73
43,9,60,73
44,99,16,73
45,34,40,73
46,81,52,73
47,11,16,73
48,73,18,73
49,25,94,73
50,8,23,73
51,22,27,73
52,1,42,73
1,7,25,74
2,75,65,74
3,55,76,74
4,94,84,74
5,13,62,74
6,32,68,74
7,94,91,74
8,8,28,74
9,56,99,74
10,13,27,74
11,93,74,74
12,77,25,74
13,26,95,74
14,28,74,74
15,58,80,74
16,2,31,74
17,40,63,74
18,64,70,74
19,7,16,74
20,48,79,74
21,23,33,74
22,63,75,74
23,97,34,74
24,89,87,74
25,9,34,74
26,20,82,74
27,51,3,74
28,63,77,74
29,87,24,74
30,37,70,74
31,58,18,74
32,10,59,74
33,99,87,74
34,86,22,74
35,96,56,74
36,67,32,74
37,84,44,74
38,98,0,74
39,27,6,74
40,60,13,74
41,41,11,74
42,38,49,74
43,9,61,74
44,99,16,74
45,34,40,74
46,81,51,74
47,12,15,74
48,73,18,74
49,25,93,74
50,7,22,74
51,21,26,74
52,2,42,74
1,6,25,75
2,75,64,75
3,55,75,75
4,94,83,75
5,12,61,75
6,33,69,75
7,94,92,75
8,7,27,75
9,55,98,75
10,14,27,75
11,92,74,75
12,78,24,75
13,25,95,75
14,27,75,75
15,57,81,75
16,3,31,75
17,39,62,75
18,64,70,75
19,8,17,75
20,49,80,75
21,23,34,75
22,62,75,75
23,97,34,75
24,88,86,75
25,9,34,75
26,21,81,75
27,51,4,75
28,63,78,75
29,88,23,75
30,36,70,75
31,58,17,75
32,11,60,75
33,99,87,75
34,87,22,75
35,96,55,75
36,68,32,75
37,84,43,75
38,97,1,75
39,27,6,75
40,61,14,75
41,41,12,75
42,37,49,75
43,8,60,75
44,99,15,75
45,33,40,75
46,81,52,75
47,12,15,75
48,72,19,75
49,25,94,75
50,8,22,75
51,21,26,75
52,3,43,75
1,5,26,76
2,76,63,76
3,55,76,76
4,95,83,76
5,13,61,76
6,32,69,76
7,94,93,76
8,8,27,76
9,55,98,76
10,15,26,76
11,93,73,76
12,79,23,76
13,26,96,76
14,26,75,76
15,58,82,76
16,2,31,76
17,39,63,76
18,64,71,76
19,9,17,76
20,49,81,76
21,22,35,76
22,61,76,76
23,98,33,76
24,89,85,76
25,8,34,76
26,20,80,76
27,50,3,76
28,63,79,76
29,89,23,76
30,36,70,76
31,58,18,76
32,11,61,76
33,99,88,76
34,87,21,76
35,95,55,76
36,67,32,76
37,84,42,76
38,97,2,76
39,26,7,76
40,60,14,76
41,42,11,76
42,38,48,76
43,8,61,76
44,99,14,76
45,32,41,76
46,82,51,76
47,12,16,76
48,71,18,76
49,26,93,76
50,7,22,76
51,21,26,76
52,2,44,76
1,6,27,77
2,75,63,77
3,56,77,77
4,94,83,77
5,14,60,77
6,33,69,77
7,93,93,77
8,9,28,77
9,54,98,77
10,16,26,77
11,92,74,77
12,79,22,77
13,26,95,77
14,26,75,77
15,58,82,77
16,1,32,77
17,40,62,77
18,64,72,77
19,10,17,77
20,50,80,77
21,22,34,77
22,61,75,77
23,98,34,77
24,89,86,77
25,7,35,77
26,20,81,77
27,51,2,77
28,63,80,77
29,88,24,77
30,36,69,77
31,57,17,77
32,11,61,77
33,98,88,77
34,86,22,77
35,95,54,77
36,68,33,77
37,83,43,77
38,97,1,77
39,26,7,77
40,59,14,77
41,42,11,77
42,37,48,77
43,8,60,77
44,98,13,77
45,32,42,77
46,81,50,77
47,13,15,77
48,71,18,77
49,27,92,77
50,6,22,77
51,21,26,77
52,2,43,77
1,5,26,78
2,76,63,78
3,57,76,78
4,93,82,78
5,13,60,78
6,34,70,78
7,94,93,78
8,10,29,78
9,53,99,78
10,15,25,78
11,91,73,78
12,79,23,78
13,27,94,78
14,26,76,78
15,58,82,78
16,2,32,78
17,39,61,78
18,63,73,78
19,11,17,78
20,49,79,78
21,22,33,78
22,60,75,78
23,99,35,78
24,89,87,78
25,7,34,78
26,19,80,78
27,52,3,78
28,64,79,78
29,88,23,78
30,37,70,78
31,58,18,78
32,11,62,78
33,99,87,78
34,87,21,78
35,94,54,78
36,67,34,78
37,83,43,78
38,98,1,78
39,27,7,78
40,60,14,78
41,43,12,78
42,37,49,78
43,9,59,78
44,97,13,78
45,33,41,78
46,82,50,78
47,14,15,78
48,70,18,78
49,26,92,78
50,5,22,78
51,22,25,78
52,2,42,78
1,5,26,79
2,76,64,79
3,58,77,79
4,92,82,79
5,14,61,79
6,34,69,79
7,94,92,79
8,11,28,79
9,53,99,79
10,14,24,79
11,91,73,79
12,78,23,79
13,28,93,79
14,25,75,79
15,57,82,79
16,1,31,79
17,39,62,79
18,63,73,79
19,12,17,79
20,48,80,79
21,21,33,79
22,61,76,79
23,99,36,79
24,90,87,79
25,8,34,79
26,19,81,79
27,51,2,79
28,63,78,79
29,87,23,79
30,37,71,79
31,58,18,79
32,10,62,79
33,99,87,79
34,87,20,79
35,94,55,79
36,68,34,79
37,83,44,79
38,99,1,79
39,26,8,79
40,60,15,79
41,43,13,79
42,36,49,79
43,9,58,79
44,96,13,79
45,32,40,79
46,81,51,79
47,13,16,79
48,69,18,79
49,25,92,79
50,5,23,79
51,23,26,79
52,2,42,79
1,4,25,80
2,75,64,80
3,57,77,80
4,92,82,80
5,13,60,80
6,33,68,80
7,94,93,80
8,12,27,80
9,54,98,80
10,15,23,80
11,92,72,80
12,78,24,80
13,28,92,80
14,25,75,80
15,58,82,80
16,2,30,80
17,38,61,80
18,64,74,80
19,11,16,80
20,47,79,80
21,21,34,80
22,61,76,80
23,98,36,80
24,91,86,80
25,9,34,80
26,20,81,80
27,50,3,80
28,63,78,80
29,87,24,80
30,38,70,80
31,57,18,80
32,11,63,80
33,99,87,80
34,87,20,80
35,94,54,80
36,68,35,80
37,83,43,80
38,98,0,80
39,27,9,80
40,60,16,80
41,42,12,80
42,37,48,80
43,10,58,80
44,95,13,80
45,33,40,80
46,81,50,80
47,13,15,80
48,69,17,80
49,25,92,80
50,4,23,80
51,23,26,80
52,2,43,80
1,5,24,81
2,74,63,81
3,58,78,81
4,92,82,81
5,12,60,81
6,32,67,81
7,95,94,81
8,11,27,81
9,55,99,81
10,15,22,81
11,92,71,81
12,77,23,81
13,29,93,81
14,25,74,81
15,58,83,81
16,3,31,81
17,38,60,81
18,65,73,81
19,10,16,81
20,46,79,81
21,21,34,81
22,61,75,81
23,98,37,81
24,92,85,81
25,8,34,81
26,21,82,81
27,51,2,81
28,63,79,81
29,88,25,81
30,38,71,81
31,56,19,81
32,12,63,81
33,99,86,81
34,87,19,81
35,94,55,81
36,69,34,81
37,82,42,81
38,97,1,81
39,27,9,81
40,60,15,81
41,43,13,81
42,36,47,81
43,10,59,81
44,95,12,81
45,33,40,81
46,81,51,81
47,12,15,81
48,69,16,81
49,24,91,81
50,5,22,81
51,24,25,81
52,3,44,81
1,5,23,82
2,73,62,82
3,57,77,82
4,91,81,82
5,12,59,82
6,31,68,82
7,94,94,82
8,11,27,82
9,55,99,82
10,16,21,82
11,93,70,82
12,76,22,82
13,29,93,82
14,26,74,82
15,59,83,82
16,3,32,82
17,37,59,82
18,64,74,82
19,11,15,82
20,47,80,82
21,22,34,82
22,61,74,82
23,97,38,82
24,93,84,82
25,7,34,82
26,21,81,82
27,51,3,82
28,64,80,82
29,89,26,82
30,38,70,82
31,55,20,82
32,11,63,82
33,99,86,82
34,88,18,82
35,93,54,82
36,68,34,82
37,81,42,82
38,96,0,82
39,28,8,82
40,60,15,82
41,44,14,82
42,35,48,82
43,9,59,82
44,95,11,82
45,34,41,82
46,81,51,82
47,12,14,82
48,69,15,82
49,25,92,82
50,5,21,82
51,24,25,82
52,4,44,82
1,5,23,83
2,74,63,83
3,57,76,83
4,92,82,83
5,13,58,83
6,30,68,83
7,93,94,83
8,12,26,83
9,56,99,83
10,17,20,83
11,94,71,83
12,76,21,83
13,28,92,83
14,27,73,83
15,60,82,83
16,3,32,83
17,37,58,83
18,64,75,83
19,10,14,83
20,48,80,83
21,21,35,83
22,61,75,83
23,97,38,83
24,93,84,83
25,7,34,83
26,21,81,83
27,50,3,83
28,64,79,83
29,89,27,83
30,38,71,83
31,54,19,83
32,11,63,83
33,99,86,83
34,89,17,83
35,94,54,83
36,67,33,83
37,81,41,83
38,97,1,83
39,27,7,83
40,59,15,83
41,44,15,83
42,35,49,83
43,10,59,83
44,96,11,83
45,35,41,83
46,80,50,83
47,12,15,83
48,69,16,83
49,26,92,83
50,6,22,83
51,24,25,83
52,3,43,83
1,5,23,84
2,74,63,84
3,58,75,84
4,91,83,84
5,13,59,84
6,31,67,84
7,92,94,84
8,11,25,84
9,56,99,84
10,16,20,84
11,94,71,84
12,77,22,84
13,27,93,84
14,27,73,84
15,59,81,84
16,3,31,84
17,37,58,84
18,63,75,84
19,10,13,84
20,47,80,84
21,22,35,84
22,61,74,84
23,98,39,84
24,94,83,84
25,8,35,84
26,21,82,84
27,50,3,84
28,63,78,84
29,90,28,84
30,39,70,84
31,54,18,84
32,12,63,84
33,98,85,84
34,88,17,84
35,93,55,84
36,68,34,84
37,80,41,84
38,96,2,84
39,26,6,84
40,60,15,84
41,45,16,84
42,36,48,84
43,9,60,84
44,95,12,84
45,36,41,84
46,81,51,84
47,12,16,84
48,69,16,84
49,26,94,84
50,5,22,84
51,23,25,84
52,2,42,84
1,5,23,85
2,73,64,85
3,57,76,85
4,91,83,85
5,12,58,85
6,31,67,85
7,93,95,85
8,10,25,85
9,57,99,85
10,17,19,85
11,93,70,85
12,78,22,85
13,27,93,85
14,28,72,85
15,58,81,85
16,4,30,85
17,37,58,85
18,62,76,85
19,9,14,85
20,47,81,85
21,23,36,85
22,60,74,85
23,97,40,85
24,95,84,85
25,8,35,85
26,21,83,85
27,50,3,85
28,64,79,85
29,89,29,85
30,38,70,85
31,55,19,85
32,12,62,85
33,97,84,85
34,89,18,85
35,93,54,85
36,69,34,85
37,81,42,85
38,96,2,85
39,27,5,85
40,61,15,85
41,44,17,85
42,37,48,85
43,9,61,85
44,96,13,85
45,36,42,85
46,82,52,85
47,12,16,85
48,68,17,85
49,25,94,85
50,4,22,85
51,22,25,85
52,2,42,85
1,5,21,86
2,72,65,86
3,58,77,86
4,90,82,86
5,13,59,86
6,31,66,86
7,93,96,86
8,9,25,86
9,58,99,86
10,16,19,86
11,94,69,86
12,77,23,86
13,28,92,86
14,29,71,86
15,58,80,86
16,5,30,86
17,36,59,86
18,61,77,86
19,9,14,86
20,48,82,86
21,22,37,86
22,60,74,86
23,96,39,86
24,95,84,86
25,7,34,86
26,21,83,86
27,49,2,86
28,65,80,86
29,88,29,86
30,38,69,86
31,55,18,86
32,11,62,86
33,98,84,86
34,90,17,86
35,93,55,86
36,70,33,86
37,81,42,86
38,97,2,86
39,28,4,86
40,60,16,86
41,45,17,86
42,37,47,86
43,8,61,86
44,95,12,86
45,36,42,86
46,81,51,86
47,13,16,86
48,69,17,86
49,24,95,86
50,3,23,86
51,21,25,86
52,1,41,86
1,6,21,87
2,73,66,87
3,59,77,87
4,91,81,87
5,14,59,87
6,32,67,87
7,93,95,87
8,10,25,87
9,57,98,87
10,15,19,87
11,95,70,87
12,76,24,87
13,28,93,87
14,28,72,87
15,57,81,87
16,4,29,87
17,35,59,87
18,62,76,87
19,8,15,87
20,49,83,87
21,22,37,87
22,61,73,87
23,95,39,87
24,95,84,87
25,7,35,87
26,22,82,87
27,48,1,87
28,65,80,87
29,89,28,87
30,38,70,87
31,54,17,87
32,11,61,87
33,97,85,87
34,89,17,87
35,92,56,87
36,69,33,87
37,81,42,87
38,96,2,87
39,29,4,87
40,60,15,87
41,44,17,87
42,36,48,87
43,7,62,87
44,95,12,87
45,37,43,87
46,81,51,87
47,12,17,87
48,70,18,87
49,24,94,87
50,3,24,87
51,20,26,87
52,1,41,87
1,5,20,88
2,72,65,88
3,59,76,88
4,91,81,88
5,15,59,88
6,33,66,88
7,93,94,88
8,10,24,88
9,57,98,88
10,16,18,88
11,94,70,88
12,76,23,88
13,28,94,88
14,29,72,88
15,57,82,88
16,3,30,88
17,35,60,88
18,63,77,88
19,8,16,88
20,50,83,88
21,23,38,88
22,62,72,88
23,95,39,88
24,94,83,88
25,8,34,88
26,21,81,88
27,48,0,88
28,64,80,88
29,89,27,88
30,39,69,88
31,53,17,88
32,11,60,88
33,98,86,88
34,88,16,88
35,92,57,88
36,69,33,88
37,81,41,88
38,95,3,88
39,30,4,88
40,61,16,88
41,43,18,88
42,35,47,88
43,8,62,88
44,96,11,88
45,37,43,88
46,80,51,88
47,12,17,88
48,70,19,88
49,23,95,88
50,3,23,88
51,19,26,88
52,0,41,88
1,5,21,89
2,72,66,89
3,59,76,89
4,90,82,89
5,16,60,89
6,32,65,89
7,94,93,89
8,9,24,89
9,56,97,89
10,15,19,89
11,94,69,89
12,76,23,89
13,29,95,89
14,30,73,89
15,58,83,89
16,2,30,89
17,34,60,89
18,62,77,89
19,9,17,89
20,50,84,89
21,23,37,89
22,62,71,89
23,96,38,89
24,94,82,89
25,8,35,89
26,20,81,89
27,47,1,89
28,63,79,89
29,89,28,89
30,38,70,89
31,53,18,89
32,10,59,89
33,98,85,89
34,88,16,89
35,92,57,89
36,68,34,89
37,81,41,89
38,95,4,89
39,31,4,89
40,60,15,89
41,42,18,89
42,34,48,89
43,9,61,89
44,97,11,89
45,38,44,89
46,80,51,89
47,11,17,89
48,70,20,89
49,22,95,89
50,4,22,89
51,20,25,89
52,1,41,89
1,3,21,90
2,72,65,90
3,59,75,90
4,90,81,90
5,15,60,90
6,33,64,90
7,94,93,90
8,9,24,90
9,56,97,90
10,14,18,90
11,94,70,90
12,77,24,90
13,28,94,90
14,31,72,90
15,58,82,90
16,3,29,90
17,34,61,90
18,62,76,90
19,10,17,90
20,50,85,90
21,24,37,90
22,62,72,90
23,97,39,90
24,93,81,90
25,8,36,90
26,20,80,90
27,48,2,90
28,64,79,90
29,88,29,90
30,38,69,90
31,54,17,90
32,11,59,90
33,99,84,90
34,87,16,90
35,92,56,90
36,69,33,90
37,81,42,90
38,95,4,90
39,31,4,90
40,61,16,90
41,42,19,90
42,35,47,90
43,9,62,90
44,97,12,90
45,37,45,90
46,79,50,90
47,12,17,90
48,71,21,90
49,23,94,90
50,4,21,90
51,21,24,90
52,0,40,90
1,3,21,91
2,71,64,91
3,59,75,91
4,89,81,91
5,15,59,91
6,34,65,91
7,95,94,91
8,10,24,91
9,56,96,91
10,13,19,91
11,93,70,91
12,78,25,91
13,27,95,91
14,31,71,91
15,57,81,91
16,4,28,91
17,34,62,91
18,61,75,91
19,9,17,91
20,50,85,91
21,25,37,91
22,63,73,91
23,97,38,91
24,92,80,91
25,9,36,91
26,21,81,91
27,49,3,91
28,64,78,91
29,89,29,91
30,38,68,91
31,53,16,91
32,12,60,91
33,99,85,91
34,87,15,91
35,91,57,91
36,70,34,91
37,80,43,91
38,96,4,91
39,32,3,91
40,61,17,91
41,43,19,91
42,34,46,91
43,10,63,91
44,96,12,91
45,36,45,91
46,78,51,91
47,12,17,91
48,70,22,91
49,23,93,91
50,5,22,91
51,20,24,91
52,0,41,91
1,3,22,92
2,70,63,92
3,58,74,92
4,90,81,92
5,14,58,92
6,35,64,92
7,95,95,92
8,10,23,92
9,56,95,92
10,14,20,92
11,94,69,92
12,79,26,92
13,28,94,92
14,31,71,92
15,58,81,92
16,4,29,92
17,33,61,92
18,61,76,92
19,9,17,92
20,50,85,92
21,25,37,92
22,63,72,92
23,97,38,92
24,91,81,92
25,9,36,92
26,20,80,92
27,49,4,92
28,64,79,92
29,90,30,92
30,38,69,92
31,53,16,92
32,11,59,92
33,99,85,92
34,87,16,92
35,91,58,92
36,70,34,92
37,80,44,92
38,96,4,92
39,31,4,92
40,61,18,92
41,43,19,92
42,34,45,92
43,9,62,92
44,97,11,92
45,37,44,92
46,79,52,92
47,13,16,92
48,70,22,92
49,24,94,92
50,4,21,92
51,20,24,92
52,0,41,92
1,3,21,93
2,69,64,93
3,59,75,93
4,91,82,93
5,15,57,93
6,36,64,93
7,94,95,93
8,9,22,93
9,57,94,93
10,14,21,93
11,94,68,93
12,80,27,93
13,27,95,93
14,32,72,93
15,58,82,93
16,3,28,93
17,34,60,93
18,62,76,93
19,10,17,93
20,51,86,93
21,26,38,93
22,64,73,93
23,96,38,93
24,90,82,93
25,9,37,93
26,21,80,93
27,48,3,93
28,64,80,93
29,90,29,93
30,38,70,93
31,53,15,93
32,12,58,93
33,99,85,93
34,86,15,93
35,92,57,93
36,71,33,93
37,81,43,93
38,95,3,93
39,32,3,93
40,60,17,93
41,44,19,93
42,35,44,93
43,8,61,93
44,97,10,93
45,37,45,93
46,79,51,93
47,13,15,93
48,71,21,93
49,23,94,93
50,4,21,93
51,20,23,93
52,0,42,93
1,2,22,94
2,70,65,94
3,60,74,94
4,91,81,94
5,15,58,94
6,35,63,94
7,95,95,94
8,8,23,94
9,56,94,94
10,14,22,94
11,95,68,94
12,80,27,94
13,27,96,94
14,33,71,94
15,58,81,94
16,4,29,94
17,34,59,94
18,62,76,94
19,11,18,94
20,50,85,94
21,26,38,94
22,64,74,94
23,95,37,94
24,90,83,94
25,8,38,94
26,20,81,94
27,47,4,94
28,63,80,94
29,90,30,94
30,37,71,94
31,52,15,94
32,13,57,94
33,99,85,94
34,87,15,94
35,92,58,94
36,72,32,94
37,80,44,94
38,94,4,94
39,31,2,94
40,60,17,94
41,45,19,94
42,35,43,94
43,8,62,94
44,96,11,94
45,36,45,94
46,78,51,94
47,14,15,94
48,71,22,94
49,24,95,94
50,5,20,94
51,20,24,94
52,0,43,94
1,2,21,95
2,71,64,95
3,59,73,95
4,92,80,95
5,16,59,95
6,36,63,95
7,96,95,95
8,8,23,95
9,56,93,95
10,15,21,95
11,95,68,95
12,81,26,95
13,28,96,95
14,32,70,95
15,57,80,95
16,3,29,95
17,33,59,95
18,61,75,95
19,12,17,95
20,49,85,95
21,25,39,95
22,65,75,95
23,94,38,95
24,90,83,95
25,8,37,95
26,21,80,95
27,47,5,95
28,62,80,95
29,91,31,95
30,38,70,95
31,53,15,95
32,13,56,95
33,99,85,95
34,88,15,95
35,91,57,95
36,72,33,95
37,79,44,95
38,95,4,95
39,32,3,95
40,59,16,95
41,45,18,95
42,36,42,95
43,9,62,95
44,96,12,95
45,37,44,95
46,78,52,95
47,13,16,95
48,71,23,95
49,24,96,95
50,6,21,95
51,19,23,95
52,1,43,95
1,2,20,96
2,70,63,96
3,60,73,96
4,91,81,96
5,17,59,96
6,36,63,96
7,96,96,96
8,9,23,96
9,56,92,96
10,14,20,96
11,95,67,96
12,81,27,96
13,29,95,96
14,31,69,96
15,56,79,96
16,3,29,96
17,34,59,96
18,60,76,96
19,11,17,96
20,49,85,96
21,24,38,96
22,65,74,96
23,94,37,96
24,90,84,96
25,9,37,96
26,21,80,96
27,47,4,96
28,62,80,96
29,91,32,96
30,38,69,96
31,53,15,96
32,12,55,96
33,99,86,96
34,89,15,96
35,92,57,96
36,72,32,96
37,80,43,96
38,95,4,96
39,31,4,96
40,60,17,96
41,46,18,96
42,36,42,96
43,8,61,96
44,97,11,96
45,36,43,96
46,78,51,96
47,12,17,96
48,72,24,96
49,24,97,96
50,6,21,96
51,19,22,96
52,2,43,96
1,2,21,97
2,69,62,97
3,59,72,97
4,92,82,97
5,16,58,97
6,37,62,97
7,97,96,97
8,9,24,97
9,55,93,97
10,15,20,97
11,94,66,97
12,81,26,97
13,29,95,97
14,31,70,97
15,56,80,97
16,4,28,97
17,33,59,97
18,60,77,97
19,13,17,97
20,48,84,97
21,25,37,97
22,64,74,97
23,93,38,97
24,89,83,97
25,10,38,97
26,21,81,97
27,48,5,97
28,62,81,97
29,91,32,97
30,37,69,97
31,52,16,97
32,12,55,97
33,98,86,97
34,88,16,97
35,92,58,97
36,72,31,97
37,81,44,97
38,96,4,97
39,30,4,97
40,60,18,97
41,45,19,97
42,37,42,97
43,9,62,97
44,96,10,97
45,35,42,97
46,77,52,97
47,11,18,97
48,71,23,97
49,23,97,97
50,5,22,97
51,18,21,97
52,2,43,97
1,1,20,98
2,68,63,98
3,60,73,98
4,93,83,98
5,15,57,98
6,38,63,98
7,98,95,98
8,10,25,98
9,55,93,98
10,15,20,98
11,95,67,98
12,81,25,98
13,30,94,98
14,32,71,98
15,55,80,98
16,5,28,98
17,33,58,98
18,59,76,98
19,13,18,98
20,48,85,98
21,26,37,98
22,64,74,98
23,94,38,98
24,90,84,98
25,11,39,98
26,21,82,98
27,48,5,98
28,63,80,98
29,92,33,98
30,36,69,98
31,51,17,98
32,11,54,98
33,98,87,98
34,89,17,98
35,92,59,98
36,73,32,98
37,82,44,98
38,96,3,98
39,31,3,98
40,59,19,98
41,45,20,98
42,36,41,98
43,10,62,98
44,97,10,98
45,34,43,98
46,76,52,98
47,10,18,98
48,72,24,98
49,22,96,98
50,5,22,98
51,17,20,98
52,3,44,98
1,1,19,99
2,68,64,99
3,59,73,99
4,94,82,99
5,16,57,99
6,39,63,99
7,97,95,99
8,9,26,99
9,55,92,99
10,15,19,99
11,96,68,99
12,81,25,99
13,30,93,99
14,32,72,99
15,54,81,99
16,4,29,99
17,32,57,99
18,58,77,99
19,13,17,99
20,48,84,99
21,26,37,99
22,63,74,99
23,93,38,99
24,89,85,99
25,10,38,99
26,20,83,99
27,47,6,99
28,64,79,99
29,93,32,99
30,36,69,99
31,52,18,99
32,10,54,99
33,97,86,99
34,88,16,99
35,93,59,99
36,74,32,99
37,81,44,99
38,96,3,99
39,31,4,99
40,58,20,99
41,45,20,99
42,35,42,99
43,11,61,99
44,96,10,99
45,34,43,99
46,77,51,99
47,10,18,99
48,73,24,99
49,23,96,99
50,5,22,99
51,16,19,99
52,4,43,99
1,2,19,100
2,68,64,100
3,58,72,100
4,95,82,100
5,17,58,100
6,38,63,100
7,98,96,100
8,8,27,100
9,56,92,100
10,14,20,100
11,96,69,100
12,82,26,100
13,29,94,100
14,33,73,100
15,53,81,100
16,5,30,100
17,32,58,100
18,58,76,100
19,12,16,100
20,49,83,100
21,26,38,100
22,64,75,100
23,94,39,100
24,89,84,100
25,9,37,100
26,21,84,100
27,47,6,100
28,64,79,100
29,92,32,100
30,37,70,100
31,51,19,100
32,10,53,100
33,96,85,100
34,87,16,100
35,93,60,100
36,73,31,100
37,80,43,100
38,95,2,100
39,32,5,100
40,59,19,100
41,44,20,100
42,34,42,100
43,12,62,100
44,95,11,100
45,35,44,100
46,76,52,100
47,11,18,100
48,74,25,100
49,23,96,100
50,6,22,100
51,15,18,100
52,5,44,100
