1,50,77,1
2,63,85,1
3,15,99,1
4,10,36,1
5,91,19,1
6,32,28,1
7,16,7,1
8,40,28,1
9,44,60,1
10,90,1,1
11,76,76,1
12,94,70,1
13,55,9,1
14,80,29,1
15,23,76,1
16,51,53,1
17,45,7,1
18,38,47,1
19,45,75,1
20,86,34,1
21,5,20,1
22,70,43,1
23,5,16,1
24,98,68,1
25,3,97,1
26,60,93,1
27,92,61,1
28,65,80,1
29,64,69,1
30,38,18,1
31,78,60,1
32,21,32,1
33,32,38,1
34,30,65,1
35,6,85,1
36,94,79,1
37,68,34,1
38,86,97,1
39,38,40,1
40,93,21,1
41,91,3,1
42,64,71,1
43,63,17,1
44,22,64,1
45,57,74,1
46,27,54,1
47,10,65,1
48,52,64,1
49,20,86,1
50,43,48,1
51,98,72,1
52,37,50,1
53,55,20,1
54,31,50,1
55,21,23,1
56,70,30,1
57,56,95,1
58,39,72,1
59,42,67,1
60,59,88,1
61,36,26,1
62,82,68,1
63,99,97,1
64,78,95,1
65,22,11,1
66,25,75,1
67,54,26,1
68,63,86,1
69,2,41,1
70,54,24,1
71,36,97,1
72,27,95,1
73,53,39,1
74,19,11,1
75,43,26,1
76,14,89,1
77,80,28,1
78,11,37,1
79,19,42,1
80,76,52,1
81,95,27,1
82,63,54,1
83,61,89,1
1,49,78,2
2,64,84,2
3,14,98,2
4,11,36,2
5,90,20,2
6,31,29,2
7,15,6,2
8,41,27,2
9,45,59,2
10,91,0,2
11,77,77,2
12,94,69,2
13,55,8,2
14,81,29,2
15,23,77,2
16,51,53,2
17,45,8,2
18,38,47,2
19,46,76,2
20,85,35,2
21,5,20,2
22,70,43,2
23,6,17,2
24,97,67,2
25,4,98,2
26,60,92,2
27,92,60,2
28,64,80,2
29,64,70,2
30,38,17,2
31,78,59,2
32,21,31,2
33,33,39,2
34,31,66,2
35,7,84,2
36,95,80,2
37,69,33,2
38,86,98,2
39,39,41,2
40,92,21,2
41,92,2,2
42,65,72,2
43,64,18,2
44,21,64,2
45,56,74,2
46,26,54,2
47,10,64,2
48,51,63,2
49,20,87,2
50,43,48,2
51,99,73,2
52,37,51,2
53,56,19,2
54,32,49,2
55,22,23,2
56,69,30,2
57,56,94,2
58,40,72,2
59,43,66,2
60,59,88,2
61,35,27,2
62,81,68,2
63,98,96,2
64,77,96,2
65,22,12,2
66,26,76,2
67,53,25,2
68,64,85,2
69,1,40,2
70,54,23,2
71,37,97,2
72,27,94,2
73,52,39,2
74,18,11,2
75,44,25,2
76,14,89,2
77,79,28,2
78,12,36,2
79,19,43,2
80,77,53,2
81,94,27,2
82,62,53,2
83,62,90,2
1,50,78,3
2,64,84,3
3,13,97,3
4,12,37,3
5,89,19,3
6,30,30,3
7,16,5,3
8,41,27,3
9,46,59,3
10,92,0,3
11,78,78,3
12,93,69,3
13,55,9,3
14,81,28,3
15,24,77,3
16,51,53,3
17,46,9,3
18,38,48,3
19,47,76,3
20,86,35,3
21,4,19,3
22,69,43,3
23,6,16,3
24,98,67,3
25,4,98,3
26,61,92,3
27,92,60,3
28,65,81,3
29,65,71,3
30,39,16,3
31,77,59,3
32,22,32,3
33,32,38,3
34,32,65,3
35,8,85,3
36,96,80,3
37,69,32,3
38,86,98,3
39,40,42,3
40,92,21,3
41,92,1,3
42,66,72,3
43,65,19,3
44,22,64,3
45,56,73,3
46,25,53,3
47,10,64,3
48,51,63,3
49,19,87,3
50,44,48,3
51,98,72,3
52,37,51,3
53,55,19,3
54,32,48,3
55,23,22,3
56,69,30,3
57,56,93,3
58,39,72,3
59,44,67,3
60,58,87,3
61,36,27,3
62,80,68,3
63,97,97,3
64,77,95,3
65,23,11,3
66,26,77,3
67,52,24,3
68,63,86,3
69,2,39,3
70,54,24,3
71,37,97,3
72,28,94,3
73,52,40,3
74,19,11,3
75,45,25,3
76,15,89,3
77,80,29,3
78,13,36,3
79,20,42,3
80,76,54,3
81,95,27,3
82,62,54,3
83,61,91,3
1,51,77,4
2,63,85,4
3,12,97,4
4,13,38,4
5,88,18,4
6,30,29,4
7,16,5,4
8,42,28,4
9,45,59,4
10,93,1,4
11,79,78,4
12,94,68,4
13,54,8,4
14,80,28,4
15,25,77,4
16,52,52,4
17,45,10,4
18,37,49,4
19,47,76,4
20,86,35,4
21,4,20,4
22,68,44,4
23,5,17,4
24,99,68,4
25,4,99,4
26,62,90,4
27,93,59,4
28,66,81,4
29,65,70,4
30,38,15,4
31,76,58,4
32,21,31,4
33,33,37,4
34,31,64,4
35,9,86,4
36,97,81,4
37,68,32,4
38,87,99,4
39,40,42,4
40,92,22,4
41,91,0,4
42,65,72,4
43,66,19,4
44,21,63,4
45,55,72,4
46,26,52,4
47,11,65,4
48,50,62,4
49,20,86,4
50,45,48,4
51,97,72,4
52,37,50,4
53,56,18,4
54,33,47,4
55,24,23,4
56,70,31,4
57,55,93,4
58,39,71,4
59,45,66,4
60,58,87,4
61,37,26,4
62,79,68,4
63,96,98,4
64,77,95,4
65,22,10,4
66,27,76,4
67,51,24,4
68,64,86,4
69,2,39,4
70,54,25,4
71,36,97,4
72,29,95,4
73,52,40,4
74,19,10,4
75,45,26,4
76,14,90,4
77,79,29,4
78,12,36,4
79,20,41,4
80,75,53,4
81,95,26,4
82,63,55,4
83,60,92,4
1,52,78,5
2,64,85,5
3,13,97,5
4,12,39,5
5,88,18,5
6,30,30,5
7,15,6,5
8,43,29,5
9,44,59,5
10,92,1,5
11,80,78,5
12,94,67,5
13,55,7,5
14,80,29,5
15,25,77,5
16,53,53,5
17,46,10,5
18,36,49,5
19,47,77,5
20,86,36,5
21,4,21,5
22,69,44,5
23,4,18,5
24,99,68,5
25,3,98,5
26,63,91,5
27,92,58,5
28,66,82,5
29,65,70,5
30,37,14,5
31,77,58,5
32,22,30,5
33,32,36,5
34,32,64,5
35,8,86,5
36,98,82,5
37,68,33,5
38,87,98,5
39,40,42,5
40,93,21,5
41,91,0,5
42,64,73,5
43,67,19,5
44,21,63,5
45,56,73,5
46,26,53,5
47,12,64,5
48,51,63,5
49,19,86,5
50,46,48,5
51,97,73,5
52,36,50,5
53,55,17,5
54,33,46,5
55,25,22,5
56,71,32,5
57,56,94,5
58,40,70,5
59,45,67,5
60,57,87,5
61,37,27,5
62,79,67,5
63,95,99,5
64,77,96,5
65,21,11,5
66,27,77,5
67,52,23,5
68,64,87,5
69,2,39,5
70,54,26,5
71,35,97,5
72,29,94,5
73,52,41,5
74,18,11,5
75,44,26,5
76,14,89,5
77,79,28,5
78,13,35,5
79,20,42,5
80,75,53,5
81,94,25,5
82,64,56,5
83,61,91,5
1,52,79,6
2,64,84,6
3,14,98,6
4,13,38,6
5,87,19,6
6,29,31,6
7,14,7,6
8,43,28,6
9,43,60,6
10,92,2,6
11,79,79,6
12,93,66,6
13,56,7,6
14,80,28,6
15,26,78,6
16,54,52,6
17,45,11,6
18,36,49,6
19,47,78,6
20,86,35,6
21,4,22,6
22,68,44,6
23,5,19,6
24,99,67,6
25,3,98,6
26,64,92,6
27,91,58,6
28,66,82,6
29,65,70,6
30,37,13,6
31,77,58,6
32,21,30,6
33,33,35,6
34,31,63,6
35,9,86,6
36,98,83,6
37,69,34,6
38,88,97,6
39,40,41,6
40,92,22,6
41,92,0,6
42,65,74,6
43,68,19,6
44,20,63,6
45,56,74,6
46,27,53,6
47,11,65,6
48,51,62,6
49,20,85,6
50,46,47,6
51,96,74,6
52,36,50,6
53,55,16,6
54,33,46,6
55,24,22,6
56,70,31,6
57,56,94,6
58,41,71,6
59,44,68,6
60,56,88,6
61,38,27,6
62,80,66,6
63,95,98,6
64,78,97,6
65,20,12,6
66,28,76,6
67,53,23,6
68,63,86,6
69,1,40,6
70,54,25,6
71,36,97,6
72,29,93,6
73,53,41,6
74,19,10,6
75,43,26,6
76,14,89,6
77,80,27,6
78,14,36,6
79,19,42,6
80,74,52,6
81,95,25,6
82,65,57,6
83,60,92,6
1,53,78,7
2,64,85,7
3,14,98,7
4,13,37,7
5,88,19,7
6,28,31,7
7,15,6,7
8,43,28,7
9,44,60,7
10,91,2,7
11,79,79,7
12,94,67,7
13,55,6,7
14,81,27,7
15,27,78,7
16,54,51,7
17,45,12,7
18,37,48,7
19,47,78,7
20,85,34,7
21,5,21,7
22,67,43,7
23,5,20,7
24,99,68,7
25,3,99,7
26,64,93,7
27,91,57,7
28,65,82,7
29,64,70,7
30,37,14,7
31,78,59,7
32,21,31,7
33,34,36,7
34,30,63,7
35,9,87,7
36,97,84,7
37,70,33,7
38,88,97,7
39,40,41,7
40,92,21,7
41,92,1,7
42,66,75,7
43,69,20,7
44,21,64,7
45,56,74,7
46,27,53,7
47,12,65,7
48,51,63,7
49,20,85,7
50,47,46,7
51,95,73,7
52,35,51,7
53,56,17,7
54,32,45,7
55,25,23,7
56,69,32,7
57,56,93,7
58,40,71,7
59,44,67,7
60,56,88,7
61,37,26,7
62,80,67,7
63,96,98,7
64,78,96,7
65,21,13,7
66,29,75,7
67,54,23,7
68,63,87,7
69,2,41,7
70,53,26,7
71,35,98,7
72,28,94,7
73,54,40,7
74,18,9,7
75,42,26,7
76,15,90,7
77,80,27,7
78,15,37,7
79,18,43,7
80,73,52,7
81,95,25,7
82,64,58,7
83,60,93,7
1,53,78,8
2,65,84,8
3,14,97,8
4,13,38,8
5,88,20,8
6,29,30,8
7,15,5,8
8,42,28,8
9,43,61,8
10,91,2,8
11,79,78,8
12,94,67,8
13,55,6,8
14,80,28,8
15,26,77,8
16,54,50,8
17,46,12,8
18,37,48,8
19,46,79,8
20,84,33,8
21,4,21,8
22,67,42,8
23,6,19,8
24,98,67,8
25,3,99,8
26,65,94,8
27,92,58,8
28,65,81,8
29,63,70,8
30,36,14,8
31,78,60,8
32,22,32,8
33,33,35,8
34,31,64,8
35,9,87,8
36,97,85,8
37,69,33,8
38,87,97,8
39,40,40,8
40,93,20,8
41,91,0,8
42,67,74,8
43,69,20,8
44,22,65,8
45,56,74,8
46,26,52,8
47,11,65,8
48,52,62,8
49,20,86,8
50,48,45,8
51,95,74,8
52,34,51,8
53,57,18,8
54,33,45,8
55,26,24,8
56,70,31,8
57,55,94,8
58,39,71,8
59,44,68,8
60,55,89,8
61,36,25,8
62,79,68,8
63,96,99,8
64,77,96,8
65,20,13,8
66,30,75,8
67,53,22,8
68,63,86,8
69,3,42,8
70,53,26,8
71,34,99,8
72,27,95,8
73,55,39,8
74,17,10,8
75,43,25,8
76,14,89,8
77,81,28,8
78,14,37,8
79,17,43,8
80,73,53,8
81,95,26,8
82,63,58,8
83,59,94,8
1,52,79,9
2,66,84,9
3,13,97,9
4,15,36,9
5,88,21,9
6,29,30,9
7,16,5,9
8,43,27,9
9,44,61,9
10,92,2,9
11,80,78,9
12,94,67,9
13,55,7,9
14,79,29,9
15,27,77,9
16,53,49,9
17,45,11,9
18,36,49,9
19,46,80,9
20,85,33,9
21,5,21,9
22,68,43,9
23,5,19,9
24,99,66,9
25,3,99,9
26,65,94,9
27,92,57,9
28,65,80,9
29,62,71,9
30,36,13,9
31,77,60,9
32,21,32,9
33,34,34,9
34,31,65,9
35,10,88,9
36,96,85,9
37,69,32,9
38,87,98,9
39,41,40,9
40,94,20,9
41,90,1,9
42,66,75,9
43,68,19,9
44,22,64,9
45,57,74,9
46,26,51,9
47,12,65,9
48,53,61,9
49,21,85,9
50,48,46,9
51,94,74,9
52,34,51,9
53,58,19,9
54,34,46,9
55,27,25,9
56,69,30,9
57,56,95,9
58,38,72,9
59,43,69,9
60,56,90,9
61,35,24,9
62,79,67,9
63,96,99,9
64,77,97,9
65,19,12,9
66,31,75,9
67,52,22,9
68,62,86,9
69,4,41,9
70,53,26,9
71,34,98,9
72,27,94,9
73,55,40,9
74,16,11,9
75,42,24,9
76,13,88,9
77,82,29,9
78,13,36,9
79,16,43,9
80,73,52,9
81,95,26,9
82,63,57,9
83,58,95,9
1,51,79,10
2,65,84,10
3,12,96,10
4,16,37,10
5,89,21,10
6,29,31,10
7,16,6,10
8,43,28,10
9,45,62,10
10,91,1,10
11,79,77,10
12,94,66,10
13,55,7,10
14,80,30,10
15,26,77,10
16,54,48,10
17,46,10,10
18,37,49,10
19,47,79,10
20,85,34,10
21,5,21,10
22,67,42,10
23,6,18,10
24,99,67,10
25,3,99,10
26,66,93,10
27,92,56,10
28,66,81,10
29,61,70,10
30,35,12,10
31,76,61,10
32,20,31,10
33,35,34,10
34,32,65,10
35,9,89,10
36,95,85,10
37,68,33,10
38,87,97,10
39,41,39,10
40,93,20,10
41,89,2,10
42,66,74,10
43,67,18,10
44,21,64,10
45,58,73,10
46,27,52,10
47,13,66,10
48,54,62,10
49,20,84,10
50,48,46,10
51,95,75,10
52,35,50,10
53,58,18,10
54,33,46,10
55,27,25,10
56,69,31,10
57,56,96,10
58,39,72,10
59,44,70,10
60,57,91,10
61,36,25,10
62,80,66,10
63,96,99,10
64,76,98,10
65,19,11,10
66,31,76,10
67,51,23,10
68,61,87,10
69,3,42,10
70,52,26,10
71,33,99,10
72,28,94,10
73,54,41,10
74,16,12,10
75,43,24,10
76,12,89,10
77,82,30,10
78,12,36,10
79,15,43,10
80,73,53,10
81,95,27,10
82,63,56,10
83,59,94,10
1,51,78,11
2,64,83,11
3,12,96,11
4,17,37,11
5,89,20,11
6,28,30,11
7,17,7,11
8,43,29,11
9,46,61,11
10,90,2,11
11,80,77,11
12,93,65,11
13,55,6,11
14,80,31,11
15,27,76,11
16,53,48,11
17,45,10,11
18,38,48,11
19,47,79,11
20,84,35,11
21,5,21,11
22,66,41,11
23,5,17,11
24,99,66,11
25,2,98,11
26,65,94,11
27,92,57,11
28,66,81,11
29,62,70,11
30,35,12,11
31,75,61,11
32,20,31,11
33,34,35,11
34,32,65,11
35,9,89,11
36,94,86,11
37,68,34,11
38,86,98,11
39,42,39,11
40,94,20,11
41,88,2,11
42,66,73,11
43,66,18,11
44,21,65,11
45,58,73,11
46,28,52,11
47,13,66,11
48,55,63,11
49,21,83,11
50,48,45,11
51,94,75,11
52,35,50,11
53,57,17,11
54,33,47,11
55,28,25,11
56,70,31,11
57,55,95,11
58,38,73,11
59,43,70,11
60,56,91,11
61,36,24,11
62,81,66,11
63,95,98,11
64,77,97,11
65,19,10,11
66,30,75,11
67,51,24,11
68,62,87,11
69,3,42,11
70,51,25,11
71,32,99,11
72,28,94,11
73,55,40,11
74,17,11,11
75,42,25,11
76,12,88,11
77,81,30,11
78,11,37,11
79,15,43,11
80,74,52,11
81,96,28,11
82,62,57,11
83,59,93,11
1,50,77,12
2,63,83,12
3,12,96,12
4,16,38,12
5,90,19,12
6,28,31,12
7,17,8,12
8,43,29,12
9,45,60,12
10,89,1,12
11,81,78,12
12,93,66,12
13,54,5,12
14,80,32,12
15,28,75,12
16,53,49,12
17,46,11,12
18,37,47,12
19,46,79,12
20,83,36,12
21,6,21,12
22,65,42,12
23,6,17,12
24,98,66,12
25,2,97,12
26,65,95,12
27,91,57,12
28,67,80,12
29,62,70,12
30,35,12,12
31,74,62,12
32,20,32,12
33,33,35,12
34,33,65,12
35,10,89,12
36,93,85,12
37,69,33,12
38,86,99,12
39,41,38,12
40,93,19,12
41,89,3,12
42,66,74,12
43,67,18,12
44,22,64,12
45,57,72,12
46,29,51,12
47,12,66,12
48,54,64,12
49,22,83,12
50,48,46,12
51,95,74,12
52,36,50,12
53,56,18,12
54,32,47,12
55,28,24,12
56,70,30,12
57,56,96,12
58,38,74,12
59,43,71,12
60,57,92,12
61,35,24,12
62,81,67,12
63,96,98,12
64,77,97,12
65,20,11,12
66,31,76,12
67,52,25,12
68,62,86,12
69,3,41,12
70,52,26,12
71,32,98,12
72,29,95,12
73,56,39,12
74,16,12,12
75,41,25,12
76,13,87,12
77,82,29,12
78,10,36,12
79,14,44,12
80,74,53,12
81,95,29,12
82,61,57,12
83,59,92,12
1,50,78,13
2,63,83,13
3,11,95,13
4,16,38,13
5,89,19,13
6,28,32,13
7,16,8,13
8,43,30,13
9,45,59,13
10,89,1,13
11,80,77,13
12,93,66,13
13,53,4,13
14,79,31,13
15,29,76,13
16,53,50,13
17,45,12,13
18,37,47,13
19,45,79,13
20,84,35,13
21,6,20,13
22,65,42,13
23,6,18,13
24,99,66,13
25,1,97,13
26,64,94,13
27,91,58,13
28,67,79,13
29,62,71,13
30,34,11,13
31,74,62,13
32,19,31,13
33,33,35,13
34,32,66,13
35,11,90,13
36,92,84,13
37,68,33,13
38,85,99,13
39,42,37,13
40,92,20,13
41,89,2,13
42,65,75,13
43,67,19,13
44,22,64,13
45,56,73,13
46,28,52,13
47,11,66,13
48,55,63,13
49,22,83,13
50,47,45,13
51,96,75,13
52,35,51,13
53,55,18,13
54,31,48,13
55,28,24,13
56,70,30,13
57,56,97,13
58,37,73,13
59,43,70,13
60,56,91,13
61,36,23,13
62,82,66,13
63,97,99,13
64,77,97,13
65,20,12,13
66,32,76,13
67,53,26,13
68,61,85,13
69,2,40,13
70,54,26,13
71,32,98,13
72,28,94,13
73,56,39,13
74,16,11,13
75,42,25,13
76,14,87,13
77,81,28,13
78,9,36,13
79,15,43,13
80,74,54,13
81,95,29,13
82,60,56,13
83,60,92,13
1,50,77,14
2,63,83,14
3,11,96,14
4,17,39,14
5,89,18,14
6,29,32,14
7,16,8,14
8,42,29,14
9,46,58,14
10,88,1,14
11,81,78,14
12,94,67,14
13,53,5,14
14,80,30,14
15,30,75,14
16,54,50,14
17,46,12,14
18,38,48,14
19,46,79,14
20,85,35,14
21,5,20,14
22,65,43,14
23,5,19,14
24,98,66,14
25,2,96,14
26,65,95,14
27,92,59,14
28,66,78,14
29,63,70,14
30,34,11,14
31,75,63,14
32,19,31,14
33,32,35,14
34,33,66,14
35,12,91,14
36,93,83,14
37,68,33,14
38,86,99,14
39,43,36,14
40,92,20,14
41,90,2,14
42,66,75,14
43,66,20,14
44,23,64,14
45,55,74,14
46,28,52,14
47,10,65,14
48,55,62,14
49,23,83,14
50,48,45,14
51,97,74,14
52,36,50,14
53,55,19,14
54,31,48,14
55,29,25,14
56,71,29,14
57,57,98,14
58,37,74,14
59,43,69,14
60,56,91,14
61,35,23,14
62,83,67,14
63,97,98,14
64,78,98,14
65,19,12,14
66,33,77,14
67,54,27,14
68,60,84,14
69,2,39,14
70,55,27,14
71,32,98,14
72,27,94,14
73,56,39,14
74,15,10,14
75,43,25,14
76,13,87,14
77,81,28,14
78,9,36,14
79,16,42,14
80,74,55,14
81,95,30,14
82,60,57,14
83,60,93,14
1,51,77,15
2,62,84,15
3,10,95,15
4,17,38,15
5,88,17,15
6,30,32,15
7,17,8,15
8,43,28,15
9,45,57,15
10,89,0,15
11,81,79,15
12,95,68,15
13,52,5,15
14,81,31,15
15,29,74,15
16,54,51,15
17,45,13,15
18,39,48,15
19,46,80,15
20,85,35,15
21,4,20,15
22,65,42,15
23,4,18,15
24,98,65,15
25,1,95,15
26,64,95,15
27,92,60,15
28,66,77,15
29,62,70,15
30,33,12,15
31,76,63,15
32,19,30,15
33,33,34,15
34,32,66,15
35,11,91,15
36,94,83,15
37,67,32,15
38,85,99,15
39,42,36,15
40,93,21,15
41,90,1,15
42,66,76,15
43,65,20,15
44,23,64,15
45,54,73,15
46,29,52,15
47,9,64,15
48,55,63,15
49,24,83,15
50,47,46,15
51,98,75,15
52,36,49,15
53,56,20,15
54,30,47,15
55,29,26,15
56,72,28,15
57,56,98,15
58,36,75,15
59,44,68,15
60,57,90,15
61,36,23,15
62,84,68,15
63,97,99,15
64,77,98,15
65,20,12,15
66,32,76,15
67,54,28,15
68,59,85,15
69,3,40,15
70,55,27,15
71,33,97,15
72,26,94,15
73,55,39,15
74,15,10,15
75,42,26,15
76,13,88,15
77,81,27,15
78,8,35,15
79,17,43,15
80,73,56,15
81,95,31,15
82,59,56,15
83,59,92,15
1,51,76,16
2,61,85,16
3,11,94,16
4,18,37,16
5,89,18,16
6,29,31,16
7,18,9,16
8,43,28,16
9,45,56,16
10,91,1,16
11,81,79,16
12,95,67,16
13,51,6,16
14,82,31,16
15,28,73,16
16,55,51,16
17,46,13,16
18,40,48,16
19,47,81,16
20,86,36,16
21,3,20,16
22,65,43,16
23,3,19,16
24,99,64,16
25,2,96,16
26,63,94,16
27,92,60,16
28,66,77,16
29,63,71,16
30,32,11,16
31,77,64,16
32,18,29,16
33,33,35,16
34,32,65,16
35,11,90,16
36,95,83,16
37,66,32,16
38,86,98,16
39,42,36,16
40,92,21,16
41,89,2,16
42,67,75,16
43,66,19,16
44,22,65,16
45,55,73,16
46,29,51,16
47,9,65,16
48,54,62,16
49,23,82,16
50,46,45,16
51,97,75,16
52,36,49,16
53,57,19,16
54,29,48,16
55,29,27,16
56,73,28,16
57,57,99,16
58,36,75,16
59,44,68,16
60,57,90,16
61,37,24,16
62,83,69,16
63,98,98,16
64,78,98,16
65,21,13,16
66,32,77,16
67,53,28,16
68,60,85,16
69,3,39,16
70,54,26,16
71,32,96,16
72,26,94,16
73,54,38,16
74,16,11,16
75,42,25,16
76,12,89,16
77,82,27,16
78,9,36,16
79,16,44,16
80,72,56,16
81,95,30,16
82,59,57,16
83,59,92,16
1,50,76,17
2,60,86,17
3,10,94,17
4,18,36,17
5,90,18,17
6,30,30,17
7,17,8,17
8,44,29,17
9,44,55,17
10,92,1,17
11,81,79,17
12,95,68,17
13,50,6,17
14,81,32,17
15,29,74,17
16,54,52,17
17,45,12,17
18,41,47,17
19,48,80,17
20,86,37,17
21,2,18,17
22,66,43,17
23,3,19,17
24,99,65,17
25,2,96,17
26,62,95,17
27,92,61,17
28,66,77,17
29,62,70,17
30,31,10,17
31,77,64,17
32,17,30,17
33,33,34,17
34,33,65,17
35,11,90,17
36,94,83,17
37,67,33,17
38,87,98,17
39,42,37,17
40,92,21,17
41,89,2,17
42,67,75,17
43,66,18,17
44,21,65,17
45,56,74,17
46,30,51,17
47,9,64,17
48,54,63,17
49,22,81,17
50,46,45,17
51,98,75,17
52,37,49,17
53,58,20,17
54,30,49,17
55,28,27,17
56,72,27,17
57,56,98,17
58,37,76,17
59,45,67,17
60,58,89,17
61,37,25,17
62,83,68,17
63,98,97,17
64,77,97,17
65,22,12,17
66,31,78,17
67,52,28,17
68,61,86,17
69,3,38,17
70,54,27,17
71,31,95,17
72,25,93,17
73,55,38,17
74,17,12,17
75,42,26,17
76,12,91,17
77,81,28,17
78,10,36,17
79,15,44,17
80,72,57,17
81,94,30,17
82,58,57,17
83,58,91,17
1,50,76,18
2,61,87,18
3,9,94,18
4,17,36,18
5,90,18,18
6,30,31,18
7,18,8,18
8,44,28,18
9,43,56,18
10,92,2,18
11,80,79,18
12,95,68,18
13,51,5,18
14,82,33,18
15,29,74,18
16,55,53,18
17,46,12,18
18,41,48,18
19,49,81,18
20,87,38,18
21,2,19,18
22,67,44,18
23,3,19,18
24,99,66,18
25,3,96,18
26,63,96,18
27,92,61,18
28,66,77,18
29,63,71,18
30,32,11,18
31,76,65,18
32,18,29,18
33,33,34,18
34,32,65,18
35,11,91,18
36,95,82,18
37,67,32,18
38,87,97,18
39,43,36,18
40,93,21,18
41,90,3,18
42,66,74,18
43,67,17,18
44,20,65,18
45,55,73,18
46,29,50,18
47,10,65,18
48,53,64,18
49,23,82,18
50,46,46,18
51,99,76,18
52,37,50,18
53,57,20,18
54,29,48,18
55,29,27,18
56,72,27,18
57,57,99,18
58,37,75,18
59,45,67,18
60,57,88,18
61,36,26,18
62,83,67,18
63,99,97,18
64,77,96,18
65,21,13,18
66,31,77,18
67,51,29,18
68,62,87,18
69,4,37,18
70,54,27,18
71,32,95,18
72,26,92,18
73,56,39,18
74,16,12,18
75,41,25,18
76,13,91,18
77,82,29,18
78,9,36,18
79,14,43,18
80,72,57,18
81,94,30,18
82,59,56,18
83,59,91,18
1,51,77,19
2,61,88,19
3,10,95,19
4,16,35,19
5,89,17,19
6,29,30,19
7,19,7,19
8,43,29,19
9,42,56,19
10,91,1,19
11,79,80,19
12,94,68,19
13,50,5,19
14,82,34,19
15,30,73,19
16,54,53,19
17,45,13,19
18,42,48,19
19,49,81,19
20,88,39,19
21,2,18,19
22,67,44,19
23,2,19,19
24,99,67,19
25,3,95,19
26,64,97,19
27,91,60,19
28,65,78,19
29,64,71,19
30,32,10,19
31,77,65,19
32,19,29,19
33,33,33,19
34,32,64,19
35,11,90,19
36,94,81,19
37,67,31,19
38,87,96,19
39,44,36,19
40,92,22,19
41,91,2,19
42,66,75,19
43,68,18,19
44,19,65,19
45,56,72,19
46,28,49,19
47,9,65,19
48,53,65,19
49,22,82,19
50,46,47,19
51,99,75,19
52,37,50,19
53,56,19,19
54,30,49,19
55,28,27,19
56,73,26,19
57,56,99,19
58,36,76,19
59,45,66,19
60,57,88,19
61,36,27,19
62,82,67,19
63,98,96,19
64,78,95,19
65,20,12,19
66,31,78,19
67,51,28,19
68,63,86,19
69,5,36,19
70,55,26,19
71,32,96,19
72,26,91,19
73,55,39,19
74,17,11,19
75,41,24,19
76,12,90,19
77,81,29,19
78,10,35,19
79,14,44,19
80,73,57,19
81,93,29,19
82,58,57,19
83,58,92,19
1,51,76,20
2,60,87,20
3,10,95,20
4,16,35,20
5,89,17,20
6,28,29,20
7,19,6,20
8,43,28,20
9,41,57,20
10,90,1,20
11,78,79,20
12,93,69,20
13,50,6,20
14,81,34,20
15,31,72,20
16,54,53,20
17,44,13,20
18,43,49,20
19,49,82,20
20,89,39,20
21,2,18,20
22,68,44,20
23,3,19,20
24,99,66,20
25,3,95,20
26,64,98,20
27,90,59,20
28,64,77,20
29,63,72,20
30,31,11,20
31,77,64,20
32,20,30,20
33,33,33,20
34,31,64,20
35,12,89,20
36,94,80,20
37,66,31,20
38,87,95,20
39,45,35,20
40,91,23,20
41,90,2,20
42,65,74,20
43,67,18,20
44,19,65,20
45,55,72,20
46,29,50,20
47,8,65,20
48,54,66,20
49,22,82,20
50,45,47,20
51,99,75,20
52,38,50,20
53,56,18,20
54,31,50,20
55,29,26,20
56,72,25,20
57,55,98,20
58,37,75,20
59,44,67,20
60,56,87,20
61,37,27,20
62,83,68,20
63,99,96,20
64,78,95,20
65,20,11,20
66,31,78,20
67,51,27,20
68,63,86,20
69,6,37,20
70,56,25,20
71,33,95,20
72,25,90,20
73,54,39,20
74,18,11,20
75,41,23,20
76,13,90,20
77,82,28,20
78,9,34,20
79,15,43,20
80,72,56,20
81,94,28,20
82,58,56,20
83,57,93,20
1,52,77,21
2,59,88,21
3,9,96,21
4,16,36,21
5,89,16,21
6,29,29,21
7,20,5,21
8,44,29,21
9,41,58,21
10,90,0,21
11,79,78,21
12,92,69,21
13,50,6,21
14,80,34,21
15,30,71,21
16,53,53,21
17,45,13,21
18,43,50,21
19,50,82,21
20,88,38,21
21,1,19,21
22,68,45,21
23,2,20,21
24,98,65,21
25,3,95,21
26,63,99,21
27,90,59,21
28,65,78,21
29,64,71,21
30,32,10,21
31,77,63,21
32,21,31,21
33,33,33,21
34,31,65,21
35,13,89,21
36,95,80,21
37,66,31,21
38,87,95,21
39,45,34,21
40,90,24,21
41,90,2,21
42,66,75,21
43,66,17,21
44,19,66,21
45,54,72,21
46,28,50,21
47,9,65,21
48,54,66,21
49,22,81,21
50,46,47,21
51,98,75,21
52,38,51,21
53,55,19,21
54,30,50,21
55,28,27,21
56,71,24,21
57,54,98,21
58,36,74,21
59,43,67,21
60,55,87,21
61,38,28,21
62,83,67,21
63,99,97,21
64,79,95,21
65,20,12,21
66,32,78,21
67,51,27,21
68,64,85,21
69,7,36,21
70,56,26,21
71,33,95,21
72,24,91,21
73,55,40,21
74,17,11,21
75,41,24,21
76,12,90,21
77,83,28,21
78,8,33,21
79,16,44,21
80,73,55,21
81,94,28,21
82,59,56,21
83,58,93,21
1,52,78,22
2,60,88,22
3,8,96,22
4,15,36,22
5,88,17,22
6,28,30,22
7,20,6,22
8,43,30,22
9,40,59,22
10,89,1,22
11,80,79,22
12,91,68,22
13,49,5,22
14,79,35,22
15,31,70,22
16,54,53,22
17,45,13,22
18,44,51,22
19,50,83,22
20,88,39,22
21,0,18,22
22,67,45,22
23,2,20,22
24,99,65,22
25,2,95,22
26,63,98,22
27,91,58,22
28,66,77,22
29,63,70,22
30,32,9,22
31,76,63,22
32,22,31,22
33,33,34,22
34,32,64,22
35,13,89,22
36,94,80,22
37,65,31,22
38,86,94,22
39,45,35,22
40,89,25,22
41,88,0,22
42,66,76,22
43,66,17,22
44,19,67,22
45,55,72,22
46,27,50,22
47,8,65,22
48,54,66,22
49,21,82,22
50,46,47,22
51,98,74,22
52,37,51,22
53,55,20,22
54,30,51,22
55,27,27,22
56,72,23,22
57,53,98,22
58,36,74,22
59,44,68,22
60,54,87,22
61,39,29,22
62,83,66,22
63,98,97,22
64,80,95,22
65,20,13,22
66,32,77,22
67,51,27,22
68,64,86,22
69,6,36,22
70,56,25,22
71,34,94,22
72,23,90,22
73,55,40,22
74,17,10,22
75,42,24,22
76,11,91,22
77,82,27,22
78,8,34,22
79,15,43,22
80,72,56,22
81,94,29,22
82,58,55,22
83,58,93,22
1,53,78,23
2,59,89,23
3,9,96,23
4,16,37,23
5,88,17,23
6,28,29,23
7,20,7,23
8,44,29,23
9,39,58,23
10,89,0,23
11,79,80,23
12,91,68,23
13,48,5,23
14,78,36,23
15,32,71,23
16,54,54,23
17,45,14,23
18,45,51,23
19,50,83,23
20,89,39,23
21,0,19,23
22,68,44,23
23,3,20,23
24,98,65,23
25,3,94,23
26,62,99,23
27,92,59,23
28,65,77,23
29,62,71,23
30,32,8,23
31,75,63,23
32,21,32,23
33,32,35,23
34,31,63,23
35,13,89,23
36,93,79,23
37,65,32,23
38,86,93,23
39,46,36,23
40,89,26,23
41,88,0,23
42,65,75,23
43,66,18,23
44,20,66,23
45,54,73,23
46,28,51,23
47,7,66,23
48,54,66,23
49,21,83,23
50,47,47,23
51,98,73,23
52,38,50,23
53,55,21,23
54,30,51,23
55,27,26,23
56,71,22,23
57,52,97,23
58,35,73,23
59,44,67,23
60,55,86,23
61,38,30,23
62,83,66,23
63,99,97,23
64,79,95,23
65,20,13,23
66,32,78,23
67,52,28,23
68,64,86,23
69,6,36,23
70,55,26,23
71,33,93,23
72,24,89,23
73,56,40,23
74,18,11,23
75,42,24,23
76,11,90,23
77,83,28,23
78,7,33,23
79,16,44,23
80,71,57,23
81,93,29,23
82,57,56,23
83,59,94,23
1,53,78,24
2,58,88,24
3,8,95,24
4,17,37,24
5,89,16,24
6,29,29,24
7,21,8,24
8,44,30,24
9,39,58,24
10,90,1,24
11,78,80,24
12,91,67,24
13,47,4,24
14,78,37,24
15,31,72,24
16,54,54,24
17,46,13,24
18,45,50,24
19,49,84,24
20,88,38,24
21,1,19,24
22,67,43,24
23,3,19,24
24,99,64,24
25,3,94,24
26,63,98,24
27,93,58,24
28,64,78,24
29,61,71,24
30,32,9,24
31,75,62,24
32,20,31,24
33,32,36,24
34,32,64,24
35,14,90,24
36,94,80,24
37,65,32,24
38,86,93,24
39,47,35,24
40,89,25,24
41,89,1,24
42,66,74,24
43,67,17,24
44,20,65,24
45,54,73,24
46,27,50,24
47,6,67,24
48,53,67,24
49,22,82,24
50,46,48,24
51,98,72,24
52,39,50,24
53,55,22,24
54,31,50,24
55,28,27,24
56,72,21,24
57,53,97,24
58,35,73,24
59,43,67,24
60,56,86,24
61,37,31,24
62,83,65,24
63,98,96,24
64,79,94,24
65,21,14,24
66,32,79,24
67,52,27,24
68,64,87,24
69,6,36,24
70,56,26,24
71,32,93,24
72,25,88,24
73,56,39,24
74,18,12,24
75,42,23,24
76,11,90,24
77,83,27,24
78,8,32,24
79,15,44,24
80,72,58,24
81,93,30,24
82,56,55,24
83,60,95,24
1,53,78,25
2,57,87,25
3,9,96,25
4,17,38,25
5,88,17,25
6,30,30,25
7,20,8,25
8,43,30,25
9,39,59,25
10,89,2,25
11,79,81,25
12,91,68,25
13,48,5,25
14,78,36,25
15,32,72,25
16,53,55,25
17,46,12,25
18,45,49,25
19,49,83,25
20,88,37,25
21,1,19,25
22,68,43,25
23,4,19,25
24,98,65,25
25,3,95,25
26,63,97,25
27,92,57,25
28,63,77,25
29,61,71,25
30,32,10,25
31,76,63,25
32,20,32,25
33,31,36,25
34,31,63,25
35,13,89,25
36,93,79,25
37,66,33,25
38,85,93,25
39,46,34,25
40,89,24,25
41,90,1,25
42,65,75,25
43,67,17,25
44,19,66,25
45,55,73,25
46,28,51,25
47,6,66,25
48,54,67,25
49,21,82,25
50,47,49,25
51,98,73,25
52,39,49,25
53,56,22,25
54,30,50,25
55,27,28,25
56,71,20,25
57,52,97,25
58,34,73,25
59,42,66,25
60,55,85,25
61,38,32,25
62,84,66,25
63,99,95,25
64,79,95,25
65,22,15,25
66,32,80,25
67,52,27,25
68,65,87,25
69,7,36,25
70,55,25,25
71,32,94,25
72,25,87,25
73,57,38,25
74,18,12,25
75,41,24,25
76,12,89,25
77,82,27,25
78,7,31,25
79,15,43,25
80,73,58,25
81,92,29,25
82,57,56,25
83,59,96,25
1,52,79,26
2,56,88,26
3,10,97,26
4,17,39,26
5,87,17,26
6,30,29,26
7,19,7,26
8,42,29,26
9,40,59,26
10,89,2,26
11,78,82,26
12,91,67,26
13,47,4,26
14,77,37,26
15,33,72,26
16,54,54,26
17,46,12,26
18,44,48,26
19,49,84,26
20,89,37,26
21,0,19,26
22,69,42,26
23,3,18,26
24,97,64,26
25,4,94,26
26,62,96,26
27,91,56,26
28,64,78,26
29,60,72,26
30,33,11,26
31,77,63,26
32,20,31,26
33,32,36,26
34,32,63,26
35,12,90,26
36,92,78,26
37,67,33,26
38,84,93,26
39,45,35,26
40,88,23,26
41,89,1,26
42,66,76,26
43,66,18,26
44,18,66,26
45,56,73,26
46,27,52,26
47,6,65,26
48,54,68,26
49,21,83,26
50,46,50,26
51,98,72,26
52,38,48,26
53,56,22,26
54,29,50,26
55,28,29,26
56,70,20,26
57,52,97,26
58,33,73,26
59,41,66,26
60,54,86,26
61,37,31,26
62,84,65,26
63,98,96,26
64,79,95,26
65,22,16,26
66,33,81,26
67,53,28,26
68,66,86,26
69,7,36,26
70,55,25,26
71,33,93,26
72,26,86,26
73,57,37,26
74,19,12,26
75,41,23,26
76,11,89,26
77,81,27,26
78,8,32,26
79,14,43,26
80,72,58,26
81,92,29,26
82,58,56,26
83,58,97,26
1,52,78,27
2,56,89,27
3,9,97,27
4,18,38,27
5,88,16,27
6,30,28,27
7,19,6,27
8,42,29,27
9,41,58,27
10,89,3,27
11,78,81,27
12,92,67,27
13,48,4,27
14,78,37,27
15,34,73,27
16,53,54,27
17,47,12,27
18,45,48,27
19,50,85,27
20,89,38,27
21,1,18,27
22,70,41,27
23,3,18,27
24,96,65,27
25,4,94,27
26,62,97,27
27,91,55,27
28,65,78,27
29,60,71,27
30,34,11,27
31,77,62,27
32,21,30,27
33,33,36,27
34,32,62,27
35,13,90,27
36,93,79,27
37,66,34,27
38,85,92,27
39,44,36,27
40,87,22,27
41,90,0,27
42,65,77,27
43,66,19,27
44,17,67,27
45,55,73,27
46,26,51,27
47,7,65,27
48,55,67,27
49,21,82,27
50,47,49,27
51,97,72,27
52,39,48,27
53,57,22,27
54,28,49,27
55,29,29,27
56,71,19,27
57,52,96,27
58,33,74,27
59,42,67,27
60,54,85,27
61,36,31,27
62,84,66,27
63,99,95,27
64,79,96,27
65,22,15,27
66,34,82,27
67,52,29,27
68,65,87,27
69,8,35,27
70,54,25,27
71,32,94,27
72,26,86,27
73,58,37,27
74,19,13,27
75,40,22,27
76,10,90,27
77,80,26,27
78,9,31,27
79,15,42,27
80,72,58,27
81,91,28,27
82,57,57,27
83,57,98,27
1,53,78,28
2,56,90,28
3,9,96,28
4,19,37,28
5,88,15,28
6,28,29,28
7,20,5,28
8,43,29,28
9,40,58,28
10,88,4,28
11,79,82,28
12,93,66,28
13,49,5,28
14,78,36,28
15,34,73,28
16,53,54,28
17,47,12,28
18,45,47,28
19,49,84,28
20,89,37,28
21,1,19,28
22,71,40,28
23,2,17,28
24,96,65,28
25,5,93,28
26,61,98,28
27,90,56,28
28,65,78,28
29,59,71,28
30,35,11,28
31,78,63,28
32,20,29,28
33,33,36,28
34,31,63,28
35,13,89,28
36,94,78,28
37,65,35,28
38,84,91,28
39,43,36,28
40,88,23,28
41,89,1,28
42,64,78,28
43,67,20,28
44,16,68,28
45,56,74,28
46,25,51,28
47,8,65,28
48,54,68,28
49,21,81,28
50,47,50,28
51,98,73,28
52,39,47,28
53,57,21,28
54,28,50,28
55,28,28,28
56,71,19,28
57,51,95,28
58,32,74,28
59,41,66,28
60,53,85,28
61,35,32,28
62,83,66,28
63,98,96,28
64,80,95,28
65,23,15,28
66,34,82,28
67,51,29,28
68,64,87,28
69,9,34,28
70,53,26,28
71,32,95,28
72,25,87,28
73,57,38,28
74,20,12,28
75,40,21,28
76,9,91,28
77,80,27,28
78,8,31,28
79,16,41,28
80,72,58,28
81,90,29,28
82,58,57,28
83,58,97,28
1,52,77,29
2,57,90,29
3,8,97,29
4,20,37,29
5,88,15,29
6,29,28,29
7,21,6,29
8,43,30,29
9,39,57,29
10,87,3,29
11,79,83,29
12,94,66,29
13,48,5,29
14,79,36,29
15,35,73,29
16,52,53,29
17,46,12,29
18,44,46,29
19,49,85,29
20,89,36,29
21,2,18,29
22,71,41,29
23,1,18,29
24,96,64,29
25,6,92,29
26,62,97,29
27,91,57,29
28,65,78,29
29,59,70,29
30,36,11,29
31,78,62,29
32,19,30,29
33,34,36,29
34,32,63,29
35,14,90,29
36,95,77,29
37,66,34,29
38,85,91,29
39,43,36,29
40,89,24,29
41,89,0,29
42,63,78,29
43,66,21,29
44,17,67,29
45,57,75,29
46,25,52,29
47,7,64,29
48,53,68,29
49,20,81,29
50,46,51,29
51,98,74,29
52,38,47,29
53,56,22,29
54,29,49,29
55,30,28,29
56,70,20,29
57,51,95,29
58,31,73,29
59,42,66,29
60,54,85,29
61,35,31,29
62,84,66,29
63,97,95,29
64,79,96,29
65,23,14,29
66,34,81,29
67,50,29,29
68,64,87,29
69,10,35,29
70,52,26,29
71,31,95,29
72,26,88,29
73,57,37,29
74,19,12,29
75,40,20,29
76,10,92,29
77,79,26,29
78,7,30,29
79,17,40,29
80,72,57,29
81,90,28,29
82,57,56,29
83,59,96,29
1,51,78,30
2,57,90,30
3,7,96,30
4,20,36,30
5,89,16,30
6,29,27,30
7,21,7,30
8,44,30,30
9,38,56,30
10,88,2,30
11,79,83,30
12,95,66,30
13,49,4,30
14,80,37,30
15,36,74,30
16,52,53,30
17,46,11,30
18,44,45,30
19,48,85,30
20,90,35,30
21,1,19,30
22,71,42,30
23,0,17,30
24,95,65,30
25,6,91,30
26,61,97,30
27,90,56,30
28,64,78,30
29,58,70,30
30,35,11,30
31,77,63,30
32,18,29,30
33,34,35,30
34,32,64,30
35,13,91,30
36,95,78,30
37,67,34,30
38,86,92,30
39,44,37,30
40,88,25,30
41,90,1,30
42,63,77,30
43,67,22,30
44,16,68,30
45,56,76,30
46,25,52,30
47,8,64,30
48,52,69,30
49,19,82,30
50,47,52,30
51,97,73,30
52,38,46,30
53,57,23,30
54,30,48,30
55,30,28,30
56,70,20,30
57,50,95,30
58,30,72,30
59,41,66,30
60,55,84,30
61,35,32,30
62,84,65,30
63,97,95,30
64,78,97,30
65,24,13,30
66,33,81,30
67,49,29,30
68,64,88,30
69,11,34,30
70,52,27,30
71,30,94,30
72,27,87,30
73,56,38,30
74,19,12,30
75,40,20,30
76,10,93,30
77,79,27,30
78,7,30,30
79,16,41,30
80,73,58,30
81,89,28,30
82,58,55,30
83,60,95,30
1,52,78,31
2,58,89,31
3,6,95,31
4,19,37,31
5,88,17,31
6,28,27,31
7,21,8,31
8,44,30,31
9,39,57,31
10,88,2,31
11,80,84,31
12,96,64,31
13,50,5,31
14,80,36,31
15,37,75,31
16,51,53,31
17,46,11,31
18,43,44,31
19,48,84,31
20,89,34,31
21,2,19,31
22,70,42,31
23,0,16,31
24,95,65,31
25,6,92,31
26,60,98,31
27,90,56,31
28,63,78,31
29,59,70,31
30,36,12,31
31,76,62,31
32,18,30,31
33,35,36,31
34,31,65,31
35,12,91,31
36,95,77,31
37,68,34,31
38,86,93,31
39,45,36,31
40,88,26,31
41,89,1,31
42,62,77,31
43,67,23,31
44,17,69,31
45,55,77,31
46,24,51,31
47,8,63,31
48,53,68,31
49,20,81,31
50,46,53,31
51,97,74,31
52,39,45,31
53,57,24,31
54,30,49,31
55,29,27,31
56,69,19,31
57,51,96,31
58,29,73,31
59,40,67,31
60,54,85,31
61,34,33,31
62,83,64,31
63,98,95,31
64,78,98,31
65,24,12,31
66,33,80,31
67,50,28,31
68,63,87,31
69,11,35,31
70,51,28,31
71,29,95,31
72,28,88,31
73,57,37,31
74,19,13,31
75,41,20,31
76,9,92,31
77,78,28,31
78,8,30,31
79,15,41,31
80,73,58,31
81,90,28,31
82,57,54,31
83,59,96,31
1,52,77,32
2,59,90,32
3,5,96,32
4,19,36,32
5,89,16,32
6,27,27,32
7,21,7,32
8,43,29,32
9,40,57,32
10,88,1,32
11,81,85,32
12,95,63,32
13,51,5,32
14,80,36,32
15,38,74,32
16,50,52,32
17,47,12,32
18,42,44,32
19,49,84,32
20,90,35,32
21,3,19,32
22,71,43,32
23,1,17,32
24,95,64,32
25,7,93,32
26,61,98,32
27,89,57,32
28,64,79,32
29,60,71,32
30,35,13,32
31,76,61,32
32,17,30,32
33,36,35,32
34,30,65,32
35,13,91,32
36,94,76,32
37,69,34,32
38,87,93,32
39,44,37,32
40,88,26,32
41,89,0,32
42,62,78,32
43,66,24,32
44,18,70,32
45,55,77,32
46,25,51,32
47,9,64,32
48,54,67,32
49,19,82,32
50,47,53,32
51,97,74,32
52,38,46,32
53,58,24,32
54,31,50,32
55,29,28,32
56,70,19,32
57,51,95,32
58,30,73,32
59,41,68,32
60,53,84,32
61,33,33,32
62,84,63,32
63,98,96,32
64,79,97,32
65,25,11,32
66,32,79,32
67,51,27,32
68,63,87,32
69,12,34,32
70,50,27,32
71,28,95,32
72,28,88,32
73,57,38,32
74,19,14,32
75,41,21,32
76,10,91,32
77,78,29,32
78,7,29,32
79,16,42,32
80,74,57,32
81,89,29,32
82,58,53,32
83,60,96,32
1,53,77,33
2,59,91,33
3,4,95,33
4,19,36,33
5,88,17,33
6,27,26,33
7,22,7,33
8,44,29,33
9,41,58,33
10,88,0,33
11,81,85,33
12,95,63,33
13,52,6,33
14,80,37,33
15,38,73,33
16,49,53,33
17,47,13,33
18,43,45,33
19,49,83,33
20,91,34,33
21,4,19,33
22,70,42,33
23,2,17,33
24,96,63,33
25,6,94,33
26,62,97,33
27,89,57,33
28,64,78,33
29,61,72,33
30,35,12,33
31,77,61,33
32,18,30,33
33,35,36,33
34,31,65,33
35,12,90,33
36,94,75,33
37,68,34,33
38,88,92,33
39,43,38,33
40,87,26,33
41,88,1,33
42,63,79,33
43,67,23,33
44,19,69,33
45,55,76,33
46,25,52,33
47,10,64,33
48,55,67,33
49,18,82,33
50,46,52,33
51,98,74,33
52,37,47,33
53,58,25,33
54,31,51,33
55,28,29,33
56,70,18,33
57,51,94,33
58,31,74,33
59,42,68,33
60,53,84,33
61,33,34,33
62,85,64,33
63,99,96,33
64,80,96,33
65,26,11,33
66,32,79,33
67,52,26,33
68,64,88,33
69,13,34,33
70,49,28,33
71,27,94,33
72,29,87,33
73,56,37,33
74,20,15,33
75,42,21,33
76,9,91,33
77,79,29,33
78,7,29,33
79,15,42,33
80,74,57,33
81,90,30,33
82,59,53,33
83,59,97,33
1,54,78,34
2,58,92,34
3,5,96,34
4,19,37,34
5,88,18,34
6,26,27,34
7,22,8,34
8,45,28,34
9,40,58,34
10,89,0,34
11,81,86,34
12,94,64,34
13,53,7,34
14,80,36,34
15,38,73,34
16,50,52,34
17,46,13,34
18,44,44,34
19,50,83,34
20,91,35,34
21,4,18,34
22,70,43,34
23,1,16,34
24,95,64,34
25,6,93,34
26,63,97,34
27,90,56,34
28,63,78,34
29,62,71,34
30,35,13,34
31,76,62,34
32,17,30,34
33,35,35,34
34,32,64,34
35,12,91,34
36,93,76,34
37,67,35,34
38,88,91,34
39,44,38,34
40,86,26,34
41,87,0,34
42,64,79,34
43,66,24,34
44,18,69,34
45,55,75,34
46,25,53,34
47,10,64,34
48,55,67,34
49,18,81,34
50,47,53,34
51,98,74,34
52,36,46,34
53,58,25,34
54,32,52,34
55,28,28,34
56,69,17,34
57,50,93,34
58,31,74,34
59,43,68,34
60,54,84,34
61,32,35,34
62,86,64,34
63,98,96,34
64,81,95,34
65,26,12,34
66,31,79,34
67,52,26,34
68,64,87,34
69,12,34,34
70,49,28,34
71,26,93,34
72,28,87,34
73,56,38,34
74,19,14,34
75,43,22,34
76,10,92,34
77,80,30,34
78,8,28,34
79,16,41,34
80,74,56,34
81,90,31,34
82,58,52,34
83,59,98,34
1,53,79,35
2,59,91,35
3,6,96,35
4,20,36,35
5,87,19,35
6,26,28,35
7,23,9,35
8,44,28,35
9,40,59,35
10,89,0,35
11,82,85,35
12,95,63,35
13,53,8,35
14,80,36,35
15,38,72,35
16,51,52,35
17,45,13,35
18,45,45,35
19,49,84,35
20,92,35,35
21,3,19,35
22,71,43,35
23,0,16,35
24,96,63,35
25,5,94,35
26,64,98,35
27,91,56,35
28,63,77,35
29,61,70,35
30,35,14,35
31,76,63,35
32,18,31,35
33,35,35,35
34,31,65,35
35,11,91,35
36,94,75,35
37,66,36,35
38,89,90,35
39,45,38,35
40,86,27,35
41,88,1,35
42,65,80,35
43,65,24,35
44,18,69,35
45,56,75,35
46,24,53,35
47,9,63,35
48,54,66,35
49,17,80,35
50,47,52,35
51,97,75,35
52,35,45,35
53,57,26,35
54,32,53,35
55,27,29,35
56,69,17,35
57,50,93,35
58,30,74,35
59,44,67,35
60,54,84,35
61,31,36,35
62,86,63,35
63,97,97,35
64,81,94,35
65,26,12,35
66,30,79,35
67,51,27,35
68,65,87,35
69,12,35,35
70,49,28,35
71,26,94,35
72,27,86,35
73,56,38,35
74,20,15,35
75,44,22,35
76,10,92,35
77,81,30,35
78,7,28,35
79,15,41,35
80,75,57,35
81,90,30,35
82,57,53,35
83,60,98,35
1,54,78,36
2,58,91,36
3,7,96,36
4,19,35,36
5,86,18,36
6,25,28,36
7,24,9,36
8,43,28,36
9,40,60,36
10,89,2,36
11,82,86,36
12,97,62,36
13,54,9,36
14,80,35,36
15,39,72,36
16,51,52,36
17,45,13,36
18,44,46,36
19,49,84,36
20,93,34,36
21,3,18,36
22,71,43,36
23,0,16,36
24,96,64,36
25,5,94,36
26,65,97,36
27,92,57,36
28,62,77,36
29,62,69,36
30,34,15,36
31,76,63,36
32,18,31,36
33,36,35,36
34,32,64,36
35,12,91,36
36,95,75,36
37,66,35,36
38,90,90,36
39,45,38,36
40,87,26,36
41,88,0,36
42,66,81,36
43,65,24,36
44,19,70,36
45,57,75,36
46,25,52,36
47,9,64,36
48,55,66,36
49,18,81,36
50,46,53,36
51,96,74,36
52,36,44,36
53,56,26,36
54,31,53,36
55,26,29,36
56,69,18,36
57,50,93,36
58,29,75,36
59,45,67,36
60,54,83,36
61,30,36,36
62,87,63,36
63,96,96,36
64,81,94,36
65,26,12,36
66,29,80,36
67,51,27,36
68,66,87,36
69,13,36,36
70,49,27,36
71,27,94,36
72,28,85,36
73,56,37,36
74,20,15,36
75,43,23,36
76,10,93,36
77,80,30,36
78,6,28,36
79,14,41,36
80,74,57,36
81,90,30,36
82,58,53,36
83,59,98,36
1,53,78,37
2,57,91,37
3,7,96,37
4,18,36,37
5,87,18,37
6,24,27,37
7,23,8,37
8,42,29,37
9,39,61,37
10,90,3,37
11,83,85,37
12,96,62,37
13,53,9,37
14,80,35,37
15,38,72,37
16,52,52,37
17,45,12,37
18,43,47,37
19,49,83,37
20,93,34,37
21,3,18,37
22,71,42,37
23,0,16,37
24,96,64,37
25,4,93,37
26,64,96,37
27,93,57,37
28,61,78,37
29,61,69,37
30,33,16,37
31,75,62,37
32,17,31,37
33,37,36,37
34,32,64,37
35,12,91,37
36,95,75,37
37,66,36,37
38,90,91,37
39,46,38,37
40,86,25,37
41,87,1,37
42,65,80,37
43,65,24,37
44,18,70,37
45,57,76,37
46,24,51,37
47,9,65,37
48,56,67,37
49,17,82,37
50,46,53,37
51,96,74,37
52,37,43,37
53,56,27,37
54,32,52,37
55,26,30,37
56,70,19,37
57,49,92,37
58,30,76,37
59,46,68,37
60,53,82,37
61,29,35,37
62,86,62,37
63,96,96,37
64,82,94,37
65,26,13,37
66,28,79,37
67,52,26,37
68,67,87,37
69,12,36,37
70,48,27,37
71,27,95,37
72,27,86,37
73,57,37,37
74,19,14,37
75,42,24,37
76,10,92,37
77,81,29,37
78,7,28,37
79,13,41,37
80,75,58,37
81,89,30,37
82,59,54,37
83,58,97,37
1,54,79,38
2,58,92,38
3,7,97,38
4,19,36,38
5,88,17,38
6,23,26,38
7,22,7,38
8,42,28,38
9,40,62,38
10,91,4,38
11,84,85,38
12,95,61,38
13,53,9,38
14,81,35,38
15,39,73,38
16,53,52,38
17,44,11,38
18,42,47,38
19,49,84,38
20,94,33,38
21,4,17,38
22,70,42,38
23,0,16,38
24,95,63,38
25,5,93,38
26,65,96,38
27,92,56,38
28,61,77,38
29,60,68,38
30,32,16,38
31,76,61,38
32,17,30,38
33,38,35,38
34,33,65,38
35,12,92,38
36,95,74,38
37,67,35,38
38,90,90,38
39,45,38,38
40,87,25,38
41,86,0,38
42,66,79,38
43,65,24,38
44,18,71,38
45,57,77,38
46,24,52,38
47,9,64,38
48,55,66,38
49,17,82,38
50,46,52,38
51,97,75,38
52,36,44,38
53,57,27,38
54,32,53,38
55,27,31,38
56,69,20,38
57,49,92,38
58,30,76,38
59,45,68,38
60,54,81,38
61,30,35,38
62,87,61,38
63,97,97,38
64,81,94,38
65,27,12,38
66,28,79,38
67,53,25,38
68,66,88,38
69,11,37,38
70,48,26,38
71,27,96,38
72,26,85,38
73,57,37,38
74,20,15,38
75,43,24,38
76,9,91,38
77,80,28,38
78,6,28,38
79,13,42,38
80,74,58,38
81,88,31,38
82,58,54,38
83,57,98,38
1,54,78,39
2,58,93,39
3,6,97,39
4,20,35,39
5,88,17,39
6,24,27,39
7,22,8,39
8,42,27,39
9,39,61,39
10,92,4,39
11,84,84,39
12,96,60,39
13,54,8,39
14,82,36,39
15,38,72,39
16,52,52,39
17,43,11,39
18,41,48,39
19,50,85,39
20,95,32,39
21,3,17,39
22,69,42,39
23,1,15,39
24,94,64,39
25,5,94,39
26,64,95,39
27,91,57,39
28,62,78,39
29,60,67,39
30,33,15,39
31,75,60,39
32,17,31,39
33,39,34,39
34,32,66,39
35,11,92,39
36,95,73,39
37,68,36,39
38,89,89,39
39,44,39,39
40,87,24,39
41,87,0,39
42,65,78,39
43,66,24,39
44,19,70,39
45,58,76,39
46,24,53,39
47,9,63,39
48,54,67,39
49,17,82,39
50,45,53,39
51,97,74,39
52,36,45,39
53,56,27,39
54,31,54,39
55,28,32,39
56,69,19,39
57,49,91,39
58,31,77,39
59,44,68,39
60,55,81,39
61,29,35,39
62,88,62,39
63,97,98,39
64,80,95,39
65,27,13,39
66,29,80,39
67,53,26,39
68,66,89,39
69,10,36,39
70,48,27,39
71,27,95,39
72,25,85,39
73,57,38,39
74,21,15,39
75,44,24,39
76,10,90,39
77,81,27,39
78,7,27,39
79,12,42,39
80,74,59,39
81,89,31,39
82,59,55,39
83,57,98,39
1,54,77,40
2,57,94,40
3,7,96,40
4,21,34,40
5,87,18,40
6,24,26,40
7,23,7,40
8,43,26,40
9,39,60,40
10,92,5,40
11,84,84,40
12,97,61,40
13,54,8,40
14,82,37,40
15,38,73,40
16,53,53,40
17,43,12,40
18,41,47,40
19,51,85,40
20,94,31,40
21,4,17,40
22,68,43,40
23,2,14,40
24,93,63,40
25,6,94,40
26,63,96,40
27,92,58,40
28,61,77,40
29,60,67,40
30,33,15,40
31,75,59,40
32,16,30,40
33,39,33,40
34,31,67,40
35,12,93,40
36,95,73,40
37,69,35,40
38,90,90,40
39,43,38,40
40,87,25,40
41,86,0,40
42,64,79,40
43,67,24,40
44,20,69,40
45,59,75,40
46,25,53,40
47,10,62,40
48,55,67,40
49,16,83,40
50,44,52,40
51,97,74,40
52,36,46,40
53,56,28,40
54,32,54,40
55,27,31,40
56,68,20,40
57,49,92,40
58,30,76,40
59,44,67,40
60,54,82,40
61,28,36,40
62,87,63,40
63,96,98,40
64,81,95,40
65,28,13,40
66,28,81,40
67,53,26,40
68,66,90,40
69,10,35,40
70,49,27,40
71,28,94,40
72,25,86,40
73,58,39,40
74,21,15,40
75,45,23,40
76,9,91,40
77,80,28,40
78,7,26,40
79,12,43,40
80,73,59,40
81,88,32,40
82,58,56,40
83,58,98,40
1,53,77,41
2,58,94,41
3,6,95,41
4,20,33,41
5,86,18,41
6,23,25,41
7,23,6,41
8,44,26,41
9,38,59,41
10,93,5,41
11,83,84,41
12,98,62,41
13,55,8,41
14,83,37,41
15,38,73,41
16,52,54,41
17,43,13,41
18,41,47,41
19,52,86,41
20,93,31,41
21,3,16,41
22,69,44,41
23,1,13,41
24,93,62,41
25,5,93,41
26,64,96,41
27,91,58,41
28,60,77,41
29,59,67,41
30,34,15,41
31,74,58,41
32,16,30,41
33,39,34,41
34,30,67,41
35,13,94,41
36,96,72,41
37,69,34,41
38,89,91,41
39,42,37,41
40,87,25,41
41,85,1,41
42,63,79,41
43,66,23,41
44,19,69,41
45,60,75,41
46,25,52,41
47,11,62,41
48,56,67,41
49,15,84,41
50,45,51,41
51,98,74,41
52,36,46,41
53,55,29,41
54,32,54,41
55,26,31,41
56,68,21,41
57,50,92,41
58,29,76,41
59,45,66,41
60,54,82,41
61,27,35,41
62,88,62,41
63,95,97,41
64,82,95,41
65,29,12,41
66,28,82,41
67,53,26,41
68,65,90,41
69,11,36,41
70,48,28,41
71,29,95,41
72,25,86,41
73,59,40,41
74,22,16,41
75,44,23,41
76,9,91,41
77,80,27,41
78,6,25,41
79,11,42,41
80,73,58,41
81,88,32,41
82,57,56,41
83,59,97,41
1,54,76,42
2,59,93,42
3,6,95,42
4,19,34,42
5,85,17,42
6,22,25,42
7,24,7,42
8,43,26,42
9,38,58,42
10,92,4,42
11,84,83,42
12,99,63,42
13,56,8,42
14,83,36,42
15,38,74,42
16,53,54,42
17,43,12,42
18,41,46,42
19,52,87,42
20,92,30,42
21,4,15,42
22,69,43,42
23,0,12,42
24,92,62,42
25,4,92,42
26,65,97,42
27,92,58,42
28,60,76,42
29,59,67,42
30,33,14,42
31,75,58,42
32,16,29,42
33,40,35,42
34,29,68,42
35,12,94,42
36,97,73,42
37,69,35,42
38,89,91,42
39,43,38,42
40,86,25,42
41,84,0,42
42,63,80,42
43,66,24,42
44,19,70,42
45,61,74,42
46,25,53,42
47,11,63,42
48,57,66,42
49,16,84,42
50,46,51,42
51,98,75,42
52,37,45,42
53,54,28,42
54,33,54,42
55,25,32,42
56,68,22,42
57,51,91,42
58,28,77,42
59,45,66,42
60,53,82,42
61,28,36,42
62,87,63,42
63,95,97,42
64,81,94,42
65,28,13,42
66,29,81,42
67,52,27,42
68,66,91,42
69,10,36,42
70,49,28,42
71,30,96,42
72,24,87,42
73,60,39,42
74,22,15,42
75,43,23,42
76,9,92,42
77,80,27,42
78,5,25,42
79,10,41,42
80,73,59,42
81,89,31,42
82,56,57,42
83,59,98,42
1,55,76,43
2,58,94,43
3,7,96,43
4,19,33,43
5,86,16,43
6,21,25,43
7,24,8,43
8,42,25,43
9,38,58,43
10,91,3,43
11,85,84,43
12,98,62,43
13,55,9,43
14,82,37,43
15,38,75,43
16,54,55,43
17,42,11,43
18,42,45,43
19,51,88,43
20,93,31,43
21,3,15,43
22,70,43,43
23,1,13,43
24,91,61,43
25,3,93,43
26,66,97,43
27,93,59,43
28,59,77,43
29,60,67,43
30,34,14,43
31,76,59,43
32,17,28,43
33,41,35,43
34,29,69,43
35,12,95,43
36,96,73,43
37,68,36,43
38,89,90,43
39,44,37,43
40,86,25,43
41,84,1,43
42,62,79,43
43,65,23,43
44,18,71,43
45,62,75,43
46,26,52,43
47,12,64,43
48,56,67,43
49,16,84,43
50,46,51,43
51,97,74,43
52,38,45,43
53,55,27,43
54,32,55,43
55,25,33,43
56,68,23,43
57,51,90,43
58,27,77,43
59,45,66,43
60,53,82,43
61,27,35,43
62,88,64,43
63,94,97,43
64,81,93,43
65,27,13,43
66,28,82,43
67,51,27,43
68,65,92,43
69,11,35,43
70,49,29,43
71,30,96,43
72,24,86,43
73,61,39,43
74,21,14,43
75,43,24,43
76,9,93,43
77,80,26,43
78,5,24,43
79,9,41,43
80,74,59,43
81,89,31,43
82,55,57,43
83,59,99,43
1,54,77,44
2,59,95,44
3,6,95,44
4,19,33,44
5,86,16,44
6,20,25,44
7,23,8,44
8,43,25,44
9,38,57,44
10,90,4,44
11,84,83,44
12,99,61,44
13,54,8,44
14,83,37,44
15,37,75,44
16,55,56,44
17,42,12,44
18,43,44,44
19,52,89,44
20,93,31,44
21,2,15,44
22,71,43,44
23,1,13,44
24,91,60,44
25,2,94,44
26,67,96,44
27,92,59,44
28,60,77,44
29,60,68,44
30,34,14,44
31,75,59,44
32,18,29,44
33,40,34,44
34,29,69,44
35,11,96,44
36,96,72,44
37,69,35,44
38,89,91,44
39,44,37,44
40,86,24,44
41,85,1,44
42,61,79,44
43,64,23,44
44,19,72,44
45,63,76,44
46,27,53,44
47,11,65,44
48,55,66,44
49,16,83,44
50,46,52,44
51,98,75,44
52,37,44,44
53,55,26,44
54,33,55,44
55,24,33,44
56,69,23,44
57,51,90,44
58,28,78,44
59,46,66,44
60,53,81,44
61,26,35,44
62,88,63,44
63,95,97,44
64,80,93,44
65,26,13,44
66,29,82,44
67,50,26,44
68,64,91,44
69,11,36,44
70,48,29,44
71,31,97,44
72,24,85,44
73,60,38,44
74,22,15,44
75,44,25,44
76,9,93,44
77,80,25,44
78,4,23,44
79,8,42,44
80,74,58,44
81,89,31,44
82,55,58,44
83,59,99,44
1,54,76,45
2,58,95,45
3,7,94,45
4,18,33,45
5,85,15,45
6,19,25,45
7,22,8,45
8,44,24,45
9,38,58,45
10,90,4,45
11,83,83,45
12,98,60,45
13,53,9,45
14,84,37,45
15,37,75,45
16,54,55,45
17,42,13,45
18,42,43,45
19,52,88,45
20,93,30,45
21,1,16,45
22,71,42,45
23,2,13,45
24,92,61,45
25,1,94,45
26,66,95,45
27,92,60,45
28,60,77,45
29,59,67,45
30,33,15,45
31,76,59,45
32,18,30,45
33,39,34,45
34,30,68,45
35,12,95,45
36,97,73,45
37,70,34,45
38,88,90,45
39,44,38,45
40,85,25,45
41,84,0,45
42,60,79,45
43,65,23,45
44,19,73,45
45,62,76,45
46,27,52,45
47,10,64,45
48,55,66,45
49,15,82,45
50,47,52,45
51,99,74,45
52,38,45,45
53,56,25,45
54,32,56,45
55,24,33,45
56,69,22,45
57,52,89,45
58,27,78,45
59,45,66,45
60,54,80,45
61,27,35,45
62,87,63,45
63,94,97,45
64,79,94,45
65,27,12,45
66,30,81,45
67,50,26,45
68,63,92,45
69,12,35,45
70,49,29,45
71,32,97,45
72,24,85,45
73,59,39,45
74,21,14,45
75,44,25,45
76,8,93,45
77,81,25,45
78,4,22,45
79,7,41,45
80,73,58,45
81,90,32,45
82,54,58,45
83,59,99,45
1,54,76,46
2,59,95,46
3,6,94,46
4,18,34,46
5,86,16,46
6,19,25,46
7,22,9,46
8,43,25,46
9,38,59,46
10,90,4,46
11,82,84,46
12,98,59,46
13,54,9,46
14,84,37,46
15,37,74,46
16,55,56,46
17,43,13,46
18,41,44,46
19,51,87,46
20,93,29,46
21,0,17,46
22,70,43,46
23,2,14,46
24,93,62,46
25,2,94,46
26,65,95,46
27,91,60,46
28,61,76,46
29,58,67,46
30,32,15,46
31,75,58,46
32,19,29,46
33,38,35,46
34,30,67,46
35,11,94,46
36,98,74,46
37,69,35,46
38,88,91,46
39,43,38,46
40,84,26,46
41,85,0,46
42,60,79,46
43,64,23,46
44,18,74,46
45,63,75,46
46,26,53,46
47,9,65,46
48,56,66,46
49,14,83,46
50,48,52,46
51,99,74,46
52,39,44,46
53,57,24,46
54,31,57,46
55,23,32,46
56,68,23,46
57,53,89,46
58,28,79,46
59,44,66,46
60,54,80,46
61,27,35,46
62,87,62,46
63,95,98,46
64,78,94,46
65,27,11,46
66,30,80,46
67,50,26,46
68,64,91,46
69,13,35,46
70,50,29,46
71,31,96,46
72,25,86,46
73,59,39,46
74,20,13,46
75,43,26,46
76,9,93,46
77,82,25,46
78,3,21,46
79,6,41,46
80,72,59,46
81,90,31,46
82,54,57,46
83,59,98,46
1,55,75,47
2,59,96,47
3,6,94,47
4,19,33,47
5,86,15,47
6,18,25,47
7,22,9,47
8,42,24,47
9,37,60,47
10,91,3,47
11,82,85,47
12,99,60,47
13,55,10,47
14,85,37,47
15,37,73,47
16,55,55,47
17,42,13,47
18,42,45,47
19,51,88,47
20,92,28,47
21,1,18,47
22,69,43,47
23,3,13,47
24,92,61,47
25,3,94,47
26,65,94,47
27,90,61,47
28,61,77,47
29,59,66,47
30,33,14,47
31,74,57,47
32,18,29,47
33,38,35,47
34,29,66,47
35,12,95,47
36,99,75,47
37,68,36,47
38,89,92,47
39,43,37,47
40,83,27,47
41,86,1,47
42,60,78,47
43,64,24,47
44,18,74,47
45,62,75,47
46,25,53,47
47,10,65,47
48,55,65,47
49,14,82,47
50,47,51,47
51,98,74,47
52,40,44,47
53,56,25,47
54,30,57,47
55,24,31,47
56,67,22,47
57,52,89,47
58,28,78,47
59,43,65,47
60,54,81,47
61,26,36,47
62,88,62,47
63,94,97,47
64,78,95,47
65,28,11,47
66,30,81,47
67,49,26,47
68,63,91,47
69,12,35,47
70,49,30,47
71,30,97,47
72,25,86,47
73,58,38,47
74,19,14,47
75,43,26,47
76,9,93,47
77,82,26,47
78,4,22,47
79,7,42,47
80,73,59,47
81,91,30,47
82,54,56,47
83,59,99,47
1,56,75,48
2,59,97,48
3,7,94,48
4,20,33,48
5,86,14,48
6,17,24,48
7,23,8,48
8,43,23,48
9,37,61,48
10,91,2,48
11,83,85,48
12,99,60,48
13,54,11,48
14,85,36,48
15,36,74,48
16,56,55,48
17,41,14,48
18,41,45,48
19,51,87,48
20,93,27,48
21,2,17,48
22,70,43,48
23,4,14,48
24,93,61,48
25,3,94,48
26,64,94,48
27,89,60,48
28,62,77,48
29,58,65,48
30,34,15,48
31,75,56,48
32,18,28,48
33,37,35,48
34,28,67,48
35,13,94,48
36,99,74,48
37,69,35,48
38,89,91,48
39,42,37,48
40,82,27,48
41,85,2,48
42,59,78,48
43,63,23,48
44,18,75,48
45,63,76,48
46,24,53,48
47,10,66,48
48,54,64,48
49,13,82,48
50,47,50,48
51,98,73,48
52,41,43,48
53,56,25,48
54,29,57,48
55,25,32,48
56,66,22,48
57,51,90,48
58,28,78,48
59,42,65,48
60,54,81,48
61,27,35,48
62,88,61,48
63,94,97,48
64,79,96,48
65,27,12,48
66,31,82,48
67,49,25,48
68,62,91,48
69,12,34,48
70,50,29,48
71,30,98,48
72,25,87,48
73,57,39,48
74,18,14,48
75,42,25,48
76,8,93,48
77,81,27,48
78,4,21,48
79,8,43,48
80,74,58,48
81,92,31,48
82,54,57,48
83,60,98,48
1,57,76,49
2,59,96,49
3,6,95,49
4,20,32,49
5,86,15,49
6,17,23,49
7,23,8,49
8,42,22,49
9,37,60,49
10,92,3,49
11,83,84,49
12,99,61,49
13,55,10,49
14,84,37,49
15,35,73,49
16,56,55,49
17,40,14,49
18,41,46,49
19,50,86,49
20,93,28,49
21,2,18,49
22,69,43,49
23,4,14,49
24,92,62,49
25,3,95,49
26,65,93,49
27,89,61,49
28,63,75,49
29,59,64,49
30,35,15,49
31,75,57,49
32,17,27,49
33,37,36,49
34,27,66,49
35,12,95,49
36,98,74,49
37,70,34,49
38,89,91,49
39,41,38,49
40,81,26,49
41,85,1,49
42,58,77,49
43,63,24,49
44,18,75,49
45,62,76,49
46,24,52,49
47,10,67,49
48,55,64,49
49,13,83,49
50,48,50,49
51,98,72,49
52,41,43,49
53,56,25,49
54,30,58,49
55,24,31,49
56,67,23,49
57,52,89,49
58,28,77,49
59,42,64,49
60,53,80,49
61,28,35,49
62,89,62,49
63,93,98,49
64,80,95,49
65,26,11,49
66,30,81,49
67,48,25,49
68,62,91,49
69,11,35,49
70,49,28,49
71,31,99,49
72,24,87,49
73,56,39,49
74,19,14,49
75,41,25,49
76,8,93,49
77,82,26,49
78,5,21,49
79,7,42,49
80,74,58,49
81,92,30,49
82,54,57,49
83,61,97,49
1,57,77,50
2,60,95,50
3,5,95,50
4,19,32,50
5,86,15,50
6,17,22,50
7,24,9,50
8,43,21,50
9,38,60,50
10,92,2,50
11,84,84,50
12,98,62,50
13,54,11,50
14,84,37,50
15,34,74,50
16,55,56,50
17,39,13,50
18,42,45,50
19,50,86,50
20,94,27,50
21,2,17,50
22,69,43,50
23,5,15,50
24,91,61,50
25,3,94,50
26,66,94,50
27,90,60,50
28,63,74,50
29,58,63,50
30,36,16,50
31,75,57,50
32,17,27,50
33,38,37,50
34,28,67,50
35,12,95,50
36,97,74,50
37,70,33,50
38,90,92,50
39,41,38,50
40,83,26,50
41,85,0,50
42,57,76,50
43,63,25,50
44,18,76,50
45,63,75,50
46,24,52,50
47,9,67,50
48,56,65,50
49,14,82,50
50,49,51,50
51,97,72,50
52,40,42,50
53,57,26,50
54,29,58,50
55,23,32,50
56,67,22,50
57,51,89,50
58,27,77,50
59,42,63,50
60,52,80,50
61,29,36,50
62,90,62,50
63,94,99,50
64,80,96,50
65,27,12,50
66,31,80,50
67,49,25,50
68,61,90,50
69,10,35,50
70,50,28,50
71,31,99,50
72,24,87,50
73,56,40,50
74,19,14,50
75,42,26,50
76,8,93,50
77,83,25,50
78,4,22,50
79,6,41,50
80,73,59,50
81,92,30,50
82,55,58,50
83,60,97,50
1,56,77,51
2,60,94,51
3,6,94,51
4,19,32,51
5,85,14,51
6,16,23,51
7,25,9,51
8,43,20,51
9,39,61,51
10,93,2,51
11,85,85,51
12,97,62,51
13,53,11,51
14,83,37,51
15,35,75,51
16,54,57,51
17,38,12,51
18,41,45,51
19,50,85,51
20,93,28,51
21,3,17,51
22,70,44,51
23,6,14,51
24,92,60,51
25,2,95,51
26,65,93,51
27,90,59,51
28,63,74,51
29,57,64,51
30,36,15,51
31,75,58,51
32,16,28,51
33,38,38,51
34,27,68,51
35,11,94,51
36,96,73,51
37,71,32,51
38,89,92,51
39,41,38,51
40,84,25,51
41,86,1,51
42,58,76,51
43,63,26,51
44,19,75,51
45,63,76,51
46,23,53,51
47,8,66,51
48,57,65,51
49,13,83,51
50,48,51,51
51,97,72,51
52,39,42,51
53,56,26,51
54,30,58,51
55,23,33,51
56,67,22,51
57,52,88,51
58,26,78,51
59,43,63,51
60,51,81,51
61,30,37,51
62,91,62,51
63,93,99,51
64,81,95,51
65,26,12,51
66,32,81,51
67,50,25,51
68,61,89,51
69,11,35,51
70,49,28,51
71,32,98,51
72,23,86,51
73,56,41,51
74,20,14,51
75,43,27,51
76,7,92,51
77,83,24,51
78,4,22,51
79,6,40,51
80,73,59,51
81,92,30,51
82,55,57,51
83,59,97,51
1,55,76,52
2,60,93,52
3,6,94,52
4,18,31,52
5,86,15,52
6,17,22,52
7,25,8,52
8,42,21,52
9,38,60,52
10,92,3,52
11,86,85,52
12,98,61,52
13,54,10,52
14,84,37,52
15,34,76,52
16,56,57,52
17,39,13,52
18,41,46,52
19,49,85,52
20,93,28,52
21,4,18,52
22,71,43,52
23,5,14,52
24,91,61,52
25,2,94,52
26,66,93,52
27,91,58,52
28,63,73,52
29,58,65,52
30,37,15,52
31,75,59,52
32,17,29,52
33,38,38,52
34,26,67,52
35,11,93,52
36,95,72,52
37,70,33,52
38,89,93,52
39,41,39,52
40,85,25,52
41,86,1,52
42,59,77,52
43,62,27,52
44,18,75,52
45,63,77,52
46,24,52,52
47,9,66,52
48,57,64,52
49,13,83,52
50,48,50,52
51,98,73,52
52,39,42,52
53,55,25,52
54,31,58,52
55,24,32,52
56,66,21,52
57,53,88,52
58,27,78,52
59,44,64,52
60,51,80,52
61,30,38,52
62,91,60,52
63,93,98,52
64,82,96,52
65,27,13,52
66,32,80,52
67,49,24,52
68,62,89,52
69,12,34,52
70,49,29,52
71,33,98,52
72,22,86,52
73,57,40,52
74,21,14,52
75,44,26,52
76,6,93,52
77,83,24,52
78,5,23,52
79,5,41,52
80,72,58,52
81,92,31,52
82,55,58,52
83,58,97,52
1,54,75,53
2,60,94,53
3,7,93,53
4,17,31,53
5,87,15,53
6,18,21,53
7,24,7,53
8,41,20,53
9,39,59,53
10,91,3,53
11,87,84,53
12,97,62,53
13,54,9,53
14,84,36,53
15,34,77,53
16,57,56,53
17,38,14,53
18,41,45,53
19,50,84,53
20,94,27,53
21,4,18,53
22,71,44,53
23,4,13,53
24,92,62,53
25,3,94,53
26,67,94,53
27,92,58,53
28,63,74,53
29,59,64,53
30,37,15,53
31,75,60,53
32,18,28,53
33,39,39,53
34,26,68,53
35,12,93,53
36,94,71,53
37,70,32,53
38,90,92,53
39,42,38,53
40,85,24,53
41,87,1,53
42,58,76,53
43,61,28,53
44,18,76,53
45,62,78,53
46,23,53,53
47,9,65,53
48,57,63,53
49,12,83,53
50,47,51,53
51,97,73,53
52,39,41,53
53,56,25,53
54,30,57,53
55,23,31,53
56,67,21,53
57,53,88,53
58,27,79,53
59,45,64,53
60,51,80,53
61,31,38,53
62,92,60,53
63,93,98,53
64,82,96,53
65,28,12,53
66,33,80,53
67,49,23,53
68,62,88,53
69,13,33,53
70,49,28,53
71,32,99,53
72,23,86,53
73,57,40,53
74,20,15,53
75,45,26,53
76,6,92,53
77,83,24,53
78,6,23,53
79,5,41,53
80,72,57,53
81,93,30,53
82,56,57,53
83,57,96,53
1,55,76,54
2,61,95,54
3,7,93,54
4,18,32,54
5,86,14,54
6,17,22,54
7,23,7,54
8,40,20,54
9,40,58,54
10,92,4,54
11,88,83,54
12,98,61,54
13,54,9,54
14,85,37,54
15,33,76,54
16,57,56,54
17,39,15,54
18,42,44,54
19,49,84,54
20,95,26,54
21,4,17,54
22,71,44,54
23,4,12,54
24,92,61,54
25,3,94,54
26,66,95,54
27,92,58,54
28,62,74,54
29,60,63,54
30,36,16,54
31,74,60,54
32,18,28,54
33,40,40,54
34,26,68,54
35,11,94,54
36,93,72,54
37,70,32,54
38,89,92,54
39,43,37,54
40,84,23,54
41,88,1,54
42,57,75,54
43,60,28,54
44,17,76,54
45,62,78,54
46,23,53,54
47,9,64,54
48,57,63,54
49,12,84,54
50,48,50,54
51,96,72,54
52,39,40,54
53,57,24,54
54,31,56,54
55,23,31,54
56,66,22,54
57,53,88,54
58,28,79,54
59,45,63,54
60,50,81,54
61,30,38,54
62,91,61,54
63,94,99,54
64,82,97,54
65,29,11,54
66,32,81,54
67,49,22,54
68,61,88,54
69,13,34,54
70,48,27,54
71,32,99,54
72,23,85,54
73,58,39,54
74,19,16,54
75,44,25,54
76,6,92,54
77,82,24,54
78,6,23,54
79,6,41,54
80,72,56,54
81,93,30,54
82,56,57,54
83,58,96,54
1,54,76,55
2,61,95,55
3,7,93,55
4,17,32,55
5,87,13,55
6,18,22,55
7,23,6,55
8,41,19,55
9,41,57,55
10,93,4,55
11,87,82,55
12,99,62,55
13,55,9,55
14,84,37,55
15,32,75,55
16,58,55,55
17,39,14,55
18,41,45,55
19,48,85,55
20,94,25,55
21,3,17,55
22,70,44,55
23,4,13,55
24,93,61,55
25,2,95,55
26,65,95,55
27,91,59,55
28,62,75,55
29,60,62,55
30,35,15,55
31,75,59,55
32,18,28,55
33,40,40,55
34,26,68,55
35,10,93,55
36,92,73,55
37,70,32,55
38,88,92,55
39,44,37,55
40,84,23,55
41,89,1,55
42,56,74,55
43,60,29,55
44,18,75,55
45,62,78,55
46,23,54,55
47,10,64,55
48,57,62,55
49,12,83,55
50,49,51,55
51,97,72,55
52,38,41,55
53,56,23,55
54,32,56,55
55,22,32,55
56,67,21,55
57,54,89,55
58,28,79,55
59,44,64,55
60,51,82,55
61,31,39,55
62,91,62,55
63,93,98,55
64,83,97,55
65,28,11,55
66,32,80,55
67,50,23,55
68,61,88,55
69,13,34,55
70,48,27,55
71,32,98,55
72,24,85,55
73,58,39,55
74,20,17,55
75,45,25,55
76,5,91,55
77,82,25,55
78,7,23,55
79,7,40,55
80,72,55,55
81,93,30,55
82,55,56,55
83,57,95,55
1,55,75,56
2,60,94,56
3,7,93,56
4,18,33,56
5,88,14,56
6,18,22,56
7,23,5,56
8,42,19,56
9,41,56,56
10,94,4,56
11,86,83,56
12,99,61,56
13,56,8,56
14,83,38,56
15,32,76,56
16,57,54,56
17,38,14,56
18,40,44,56
19,49,85,56
20,93,25,56
21,4,18,56
22,69,44,56
23,4,14,56
24,92,61,56
25,3,95,56
26,66,94,56
27,91,60,56
28,63,76,56
29,60,61,56
30,35,16,56
31,74,59,56
32,19,28,56
33,40,39,56
34,27,67,56
35,9,92,56
36,92,72,56
37,70,32,56
38,87,91,56
39,43,36,56
40,83,23,56
41,89,1,56
42,56,74,56
43,60,30,56
44,18,76,56
45,61,79,56
46,23,53,56
47,11,63,56
48,56,62,56
49,13,83,56
50,49,51,56
51,96,71,56
52,39,41,56
53,55,24,56
54,31,57,56
55,21,33,56
56,67,20,56
57,54,89,56
58,27,80,56
59,43,64,56
60,51,81,56
61,32,39,56
62,91,61,56
63,94,97,56
64,84,98,56
65,29,12,56
66,31,81,56
67,51,24,56
68,61,89,56
69,14,34,56
70,49,27,56
71,31,97,56
72,25,86,56
73,57,40,56
74,20,17,56
75,45,25,56
76,5,90,56
77,81,24,56
78,8,23,56
79,7,39,56
80,73,56,56
81,94,31,56
82,54,56,56
83,57,96,56
1,54,75,57
2,59,93,57
3,8,94,57
4,19,34,57
5,87,15,57
6,19,21,57
7,22,4,57
8,41,18,57
9,41,56,57
10,95,4,57
11,87,84,57
12,99,60,57
13,56,9,57
14,84,38,57
15,32,75,57
16,57,55,57
17,39,13,57
18,39,44,57
19,50,84,57
20,92,24,57
21,5,18,57
22,68,45,57
23,3,15,57
24,90,62,57
25,2,95,57
26,67,94,57
27,90,61,57
28,64,77,57
29,59,60,57
30,34,15,57
31,75,59,57
32,19,28,57
33,41,38,57
34,28,67,57
35,9,93,57
36,93,72,57
37,69,33,57
38,87,91,57
39,44,37,57
40,84,22,57
41,89,2,57
42,56,73,57
43,61,31,57
44,18,75,57
45,62,78,57
46,23,53,57
47,10,62,57
48,57,63,57
49,12,84,57
50,50,51,57
51,95,71,57
52,40,40,57
53,54,24,57
54,31,56,57
55,21,32,57
56,67,21,57
57,55,88,57
58,28,79,57
59,44,65,57
60,50,81,57
61,33,38,57
62,91,61,57
63,94,97,57
64,83,99,57
65,29,11,57
66,31,82,57
67,51,23,57
68,60,89,57
69,15,34,57
70,48,26,57
71,32,96,57
72,25,87,57
73,56,41,57
74,19,16,57
75,44,24,57
76,6,91,57
77,82,23,57
78,8,22,57
79,6,40,57
80,74,55,57
81,94,32,57
82,54,55,57
83,56,96,57
1,55,76,58
2,60,94,58
3,8,95,58
4,20,34,58
5,88,14,58
6,18,20,58
7,22,5,58
8,40,18,58
9,42,55,58
10,96,3,58
11,87,83,58
12,99,59,58
13,57,10,58
14,85,37,58
15,32,74,58
16,56,55,58
17,38,14,58
18,39,44,58
19,49,85,58
20,93,23,58
21,5,17,58
22,69,44,58
23,4,15,58
24,90,63,58
25,3,95,58
26,67,93,58
27,92,61,58
28,64,77,58
29,59,61,58
30,35,15,58
31,76,58,58
32,19,27,58
33,40,39,58
34,29,67,58
35,10,92,58
36,94,73,58
37,70,32,58
38,86,91,58
39,45,38,58
40,83,23,58
41,89,3,58
42,57,72,58
43,62,32,58
44,19,75,58
45,63,78,58
46,23,54,58
47,11,61,58
48,58,63,58
49,12,84,58
50,51,52,58
51,95,72,58
52,39,39,58
53,55,24,58
54,30,56,58
55,21,32,58
56,68,20,58
57,54,89,58
58,27,79,58
59,44,66,58
60,49,82,58
61,33,39,58
62,92,60,58
63,94,96,58
64,83,98,58
65,28,11,58
66,32,82,58
67,52,23,58
68,60,89,58
69,14,34,58
70,47,25,58
71,32,97,58
72,24,88,58
73,57,42,58
74,20,17,58
75,45,23,58
76,5,90,58
77,83,22,58
78,9,23,58
79,5,41,58
80,74,56,58
81,94,32,58
82,54,56,58
83,56,95,58
1,54,75,59
2,61,95,59
3,8,96,59
4,19,35,59
5,88,15,59
6,18,19,59
7,23,4,59
8,39,18,59
9,42,54,59
10,97,2,59
11,87,82,59
12,99,58,59
13,58,11,59
14,85,37,59
15,33,74,59
16,55,54,59
17,37,13,59
18,38,43,59
19,48,85,59
20,92,23,59
21,5,17,59
22,68,45,59
23,5,14,59
24,91,62,59
25,4,94,59
26,66,94,59
27,90,63,59
28,63,76,59
29,60,60,59
30,36,16,59
31,76,59,59
32,19,28,59
33,39,38,59
34,30,68,59
35,9,93,59
36,93,72,59
37,71,32,59
38,86,92,59
39,44,38,59
40,83,24,59
41,90,2,59
42,57,72,59
43,61,33,59
44,19,74,59
45,64,77,59
46,23,54,59
47,10,61,59
48,57,64,59
49,12,84,59
50,52,53,59
51,95,72,59
52,40,38,59
53,55,25,59
54,31,56,59
55,22,31,59
56,69,20,59
57,55,88,59
58,27,78,59
59,44,65,59
60,50,82,59
61,34,38,59
62,91,61,59
63,93,96,59
64,82,99,59
65,28,10,59
66,31,81,59
67,51,24,59
68,61,89,59
69,13,34,59
70,48,24,59
71,31,97,59
72,23,89,59
73,56,43,59
74,20,16,59
75,44,23,59
76,5,90,59
77,82,21,59
78,10,23,59
79,4,41,59
80,74,55,59
81,94,32,59
82,55,55,59
83,56,96,59
1,54,74,60
2,60,94,60
3,8,95,60
4,19,35,60
5,87,14,60
6,18,20,60
7,23,5,60
8,38,17,60
9,42,55,60
10,98,2,60
11,88,82,60
12,98,58,60
13,58,10,60
14,86,36,60
15,32,75,60
16,56,54,60
17,38,12,60
18,38,42,60
19,47,84,60
20,91,23,60
21,6,17,60
22,67,45,60
23,5,14,60
24,91,62,60
25,3,95,60
26,66,94,60
27,91,63,60
28,63,75,60
29,61,61,60
30,35,15,60
31,77,58,60
32,19,28,60
33,38,37,60
34,29,68,60
35,9,92,60
36,94,71,60
37,71,33,60
38,87,91,60
39,45,37,60
40,84,24,60
41,89,2,60
42,57,71,60
43,62,32,60
44,19,75,60
45,64,77,60
46,22,55,60
47,9,62,60
48,58,65,60
49,13,83,60
50,51,53,60
51,95,72,60
52,39,37,60
53,55,26,60
54,30,56,60
55,22,31,60
56,68,19,60
57,54,87,60
58,27,79,60
59,43,64,60
60,50,83,60
61,33,38,60
62,91,60,60
63,93,97,60
64,81,99,60
65,29,9,60
66,32,80,60
67,51,24,60
68,60,88,60
69,13,34,60
70,49,23,60
71,32,96,60
72,23,88,60
73,57,42,60
74,20,17,60
75,45,24,60
76,5,90,60
77,81,20,60
78,9,24,60
79,4,41,60
80,74,55,60
81,93,31,60
82,55,56,60
83,56,96,60
1,55,73,61
2,59,95,61
3,9,95,61
4,20,36,61
5,86,15,61
6,19,21,61
7,22,5,61
8,37,16,61
9,41,54,61
10,97,2,61
11,89,82,61
12,99,59,61
13,58,10,61
14,85,35,61
15,32,76,61
16,56,53,61
17,38,11,61
18,38,41,61
19,48,85,61
20,92,24,61
21,6,17,61
22,66,44,61
23,5,14,61
24,92,62,61
25,2,95,61
26,66,93,61
27,91,62,61
28,63,74,61
29,61,60,61
30,35,14,61
31,76,59,61
32,19,29,61
33,39,36,61
34,28,68,61
35,8,93,61
36,95,70,61
37,70,33,61
38,87,91,61
39,46,38,61
40,83,23,61
41,90,1,61
42,56,70,61
43,61,33,61
44,19,74,61
45,63,78,61
46,21,54,61
47,9,61,61
48,57,65,61
49,13,84,61
50,52,54,61
51,94,73,61
52,40,37,61
53,56,27,61
54,29,57,61
55,21,30,61
56,68,18,61
57,55,87,61
58,28,80,61
59,43,65,61
60,49,83,61
61,33,38,61
62,91,61,61
63,93,97,61
64,82,98,61
65,30,8,61
66,32,80,61
67,51,25,61
68,59,88,61
69,13,33,61
70,49,23,61
71,33,95,61
72,22,87,61
73,58,41,61
74,20,16,61
75,44,24,61
76,5,91,61
77,82,21,61
78,10,25,61
79,3,40,61
80,75,56,61
81,93,31,61
82,54,57,61
83,56,97,61
1,54,72,62
2,59,94,62
3,8,94,62
4,21,36,62
5,87,15,62
6,19,22,62
7,23,6,62
8,37,17,62
9,40,54,62
10,96,3,62
11,89,81,62
12,99,60,62
13,58,11,62
14,84,34,62
15,32,76,62
16,55,52,62
17,37,10,62
18,38,40,62
19,49,86,62
20,93,23,62
21,6,17,62
22,65,45,62
23,4,15,62
24,92,63,62
25,3,96,62
26,65,93,62
27,91,62,62
28,62,75,62
29,61,60,62
30,35,13,62
31,75,60,62
32,19,28,62
33,39,35,62
34,27,67,62
35,9,94,62
36,94,71,62
37,71,32,62
38,88,90,62
39,45,38,62
40,82,24,62
41,91,0,62
42,57,71,62
43,62,32,62
44,20,74,62
45,62,77,62
46,20,54,62
47,10,60,62
48,56,64,62
49,13,85,62
50,51,55,62
51,95,72,62
52,39,38,62
53,56,27,62
54,29,57,62
55,21,29,62
56,69,19,62
57,56,86,62
58,27,80,62
59,44,66,62
60,50,84,62
61,34,39,62
62,92,61,62
63,92,97,62
64,82,97,62
65,29,7,62
66,33,79,62
67,50,26,62
68,58,89,62
69,14,33,62
70,48,22,62
71,33,95,62
72,23,87,62
73,58,41,62
74,21,15,62
75,43,24,62
76,6,91,62
77,81,21,62
78,9,24,62
79,2,39,62
80,74,56,62
81,93,32,62
82,54,57,62
83,57,98,62
1,53,73,63
2,60,93,63
3,9,93,63
4,20,35,63
5,88,16,63
6,20,21,63
7,22,6,63
8,36,18,63
9,41,55,63
10,96,2,63
11,88,80,63
12,98,59,63
13,59,12,63
14,83,33,63
15,32,76,63
16,54,53,63
17,36,11,63
18,38,41,63
19,48,85,63
20,93,24,63
21,7,18,63
22,65,44,63
23,5,16,63
24,91,63,63
25,2,97,63
26,64,93,63
27,92,63,63
28,61,76,63
29,60,61,63
30,34,13,63
31,75,59,63
32,20,28,63
33,40,34,63
34,26,68,63
35,10,95,63
36,94,72,63
37,70,32,63
38,89,91,63
39,45,38,63
40,82,25,63
41,91,1,63
42,57,70,63
43,61,31,63
44,20,74,63
45,63,77,63
46,19,55,63
47,11,60,63
48,55,64,63
49,14,85,63
50,52,55,63
51,95,73,63
52,38,37,63
53,56,26,63
54,30,57,63
55,21,28,63
56,69,18,63
57,57,86,63
58,28,81,63
59,43,67,63
60,49,85,63
61,35,39,63
62,92,62,63
63,93,97,63
64,82,97,63
65,29,6,63
66,33,80,63
67,50,26,63
68,58,90,63
69,15,32,63
70,47,23,63
71,34,95,63
72,24,88,63
73,59,40,63
74,22,15,63
75,42,24,63
76,5,91,63
77,81,20,63
78,8,23,63
79,1,38,63
80,73,55,63
81,94,33,63
82,54,56,63
83,57,98,63
1,52,72,64
2,59,93,64
3,8,93,64
4,19,35,64
5,88,16,64
6,21,20,64
7,23,5,64
8,35,17,64
9,40,55,64
10,95,3,64
11,88,80,64
12,99,60,64
13,58,12,64
14,83,33,64
15,32,75,64
16,55,52,64
17,36,10,64
18,39,41,64
19,47,84,64
20,93,24,64
21,8,18,64
22,64,45,64
23,4,16,64
24,90,63,64
25,1,97,64
26,64,93,64
27,91,63,64
28,62,76,64
29,59,61,64
30,33,14,64
31,74,59,64
32,20,29,64
33,39,34,64
34,26,68,64
35,9,94,64
36,95,72,64
37,70,31,64
38,89,90,64
39,45,39,64
40,83,25,64
41,91,2,64
42,58,70,64
43,62,31,64
44,21,73,64
45,63,77,64
46,19,56,64
47,12,61,64
48,55,63,64
49,15,86,64
50,53,54,64
51,95,74,64
52,38,38,64
53,55,26,64
54,31,58,64
55,22,29,64
56,69,18,64
57,57,85,64
58,29,81,64
59,42,68,64
60,50,85,64
61,35,40,64
62,93,61,64
63,94,98,64
64,83,96,64
65,28,6,64
66,33,80,64
67,49,25,64
68,57,90,64
69,15,32,64
70,47,22,64
71,33,95,64
72,25,88,64
73,60,41,64
74,22,14,64
75,42,25,64
76,5,91,64
77,82,19,64
78,8,24,64
79,2,39,64
80,73,54,64
81,94,34,64
82,55,57,64
83,57,97,64
1,51,71,65
2,59,92,65
3,10,93,65
4,18,36,65
5,89,16,65
6,22,19,65
7,23,4,65
8,34,17,65
9,39,54,65
10,96,4,65
11,87,79,65
12,98,59,65
13,59,13,65
14,84,34,65
15,33,74,65
16,55,53,65
17,36,9,65
18,38,41,65
19,48,84,65
20,93,24,65
21,7,18,65
22,63,44,65
23,5,15,65
24,89,64,65
25,0,98,65
26,65,94,65
27,90,62,65
28,61,76,65
29,58,61,65
30,34,14,65
31,74,60,65
32,20,30,65
33,40,33,65
34,27,68,65
35,8,93,65
36,96,71,65
37,71,31,65
38,88,89,65
39,46,38,65
40,82,25,65
41,90,2,65
42,57,69,65
43,62,32,65
44,22,73,65
45,62,77,65
46,19,57,65
47,11,61,65
48,55,64,65
49,16,86,65
50,53,53,65
51,95,74,65
52,37,37,65
53,54,26,65
54,30,59,65
55,23,30,65
56,69,17,65
57,57,84,65
58,28,82,65
59,41,69,65
60,51,84,65
61,36,40,65
62,92,60,65
63,93,97,65
64,84,97,65
65,28,6,65
66,32,81,65
67,48,24,65
68,56,90,65
69,16,32,65
70,47,21,65
71,34,96,65
72,24,88,65
73,60,40,65
74,22,15,65
75,41,26,65
76,6,90,65
77,83,18,65
78,9,24,65
79,1,38,65
80,72,53,65
81,94,34,65
82,55,57,65
83,58,97,65
1,52,72,66
2,60,93,66
3,9,94,66
4,19,35,66
5,88,16,66
6,21,19,66
7,22,5,66
8,35,17,66
9,40,54,66
10,95,4,66
11,87,78,66
12,99,59,66
13,60,13,66
14,84,35,66
15,32,74,66
16,55,53,66
17,36,8,66
18,38,42,66
19,49,84,66
20,93,25,66
21,8,19,66
22,63,45,66
23,6,16,66
24,88,65,66
25,0,98,66
26,65,93,66
27,89,63,66
28,61,75,66
29,57,62,66
30,35,14,66
31,74,60,66
32,19,31,66
33,40,33,66
34,26,69,66
35,8,93,66
36,95,71,66
37,70,32,66
38,88,88,66
39,45,37,66
40,81,26,66
41,91,3,66
42,57,70,66
43,62,32,66
44,23,72,66
45,61,78,66
46,19,56,66
47,11,61,66
48,56,64,66
49,16,86,66
50,54,52,66
51,95,73,66
52,37,37,66
53,55,26,66
54,30,58,66
55,22,31,66
56,70,16,66
57,57,83,66
58,28,82,66
59,42,70,66
60,52,85,66
61,35,39,66
62,93,59,66
63,92,96,66
64,83,96,66
65,29,7,66
66,31,80,66
67,48,24,66
68,57,90,66
69,15,32,66
70,48,22,66
71,35,96,66
72,24,87,66
73,61,41,66
74,22,15,66
75,41,26,66
76,5,91,66
77,82,19,66
78,10,25,66
79,1,38,66
80,71,53,66
81,93,35,66
82,54,58,66
83,57,96,66
1,52,71,67
2,59,92,67
3,9,94,67
4,18,35,67
5,87,16,67
6,20,18,67
7,22,5,67
8,35,17,67
9,39,54,67
10,95,3,67
11,86,77,67
12,99,60,67
13,60,12,67
14,83,36,67
15,31,73,67
16,55,52,67
17,35,8,67
18,39,42,67
19,49,84,67
20,93,25,67
21,8,19,67
22,64,44,67
23,7,15,67
24,89,64,67
25,1,97,67
26,64,93,67
27,90,63,67
28,60,76,67
29,56,62,67
30,35,13,67
31,74,59,67
32,20,31,67
33,39,32,67
34,25,68,67
35,7,92,67
36,95,70,67
37,71,33,67
38,89,87,67
39,46,36,67
40,82,26,67
41,92,2,67
42,56,70,67
43,62,33,67
44,24,71,67
45,62,77,67
46,18,57,67
47,10,61,67
48,55,65,67
49,15,85,67
50,53,53,67
51,96,73,67
52,36,36,67
53,54,27,67
54,31,57,67
55,22,31,67
56,69,16,67
57,58,82,67
58,29,83,67
59,42,70,67
60,53,86,67
61,35,39,67
62,93,59,67
63,93,97,67
64,84,95,67
65,29,8,67
66,30,79,67
67,49,25,67
68,56,90,67
69,14,32,67
70,49,22,67
71,36,96,67
72,25,87,67
73,62,40,67
74,21,15,67
75,40,25,67
76,6,91,67
77,81,18,67
78,11,24,67
79,2,39,67
80,71,52,67
81,93,36,67
82,53,57,67
83,58,95,67
1,53,71,68
2,58,91,68
3,9,94,68
4,19,36,68
5,88,16,68
6,19,19,68
7,23,5,68
8,35,17,68
9,39,55,68
10,94,4,68
11,86,77,68
12,98,60,68
13,60,13,68
14,84,37,68
15,31,72,68
16,54,53,68
17,34,7,68
18,40,41,68
19,48,84,68
20,92,24,68
21,8,19,68
22,63,43,68
23,8,16,68
24,89,64,68
25,0,98,68
26,65,93,68
27,91,62,68
28,60,75,68
29,55,63,68
30,35,14,68
31,75,59,68
32,20,30,68
33,38,33,68
34,24,67,68
35,7,92,68
36,96,71,68
37,72,34,68
38,88,87,68
39,47,36,68
40,82,26,68
41,93,1,68
42,55,70,68
43,61,32,68
44,24,71,68
45,63,78,68
46,18,57,68
47,11,61,68
48,54,66,68
49,16,84,68
50,54,52,68
51,95,73,68
52,37,36,68
53,53,27,68
54,30,58,68
55,22,30,68
56,69,15,68
57,59,81,68
58,29,84,68
59,43,71,68
60,52,87,68
61,35,39,68
62,92,60,68
63,93,98,68
64,83,94,68
65,29,8,68
66,29,80,68
67,50,26,68
68,55,90,68
69,15,31,68
70,49,23,68
71,37,95,68
72,25,86,68
73,63,39,68
74,20,14,68
75,39,24,68
76,7,91,68
77,80,19,68
78,12,24,68
79,2,40,68
80,70,52,68
81,93,35,68
82,52,58,68
83,59,96,68
1,54,72,69
2,58,91,69
3,8,95,69
4,20,36,69
5,87,16,69
6,20,19,69
7,23,5,69
8,36,17,69
9,38,55,69
10,94,3,69
11,85,78,69
12,99,61,69
13,59,14,69
14,85,37,69
15,30,71,69
16,54,53,69
17,35,8,69
18,39,40,69
19,49,83,69
20,92,24,69
21,8,18,69
22,62,42,69
23,9,16,69
24,89,65,69
25,0,98,69
26,64,94,69
27,92,61,69
28,61,75,69
29,56,62,69
30,35,15,69
31,74,60,69
32,20,31,69
33,38,34,69
34,25,68,69
35,7,90,69
36,96,71,69
37,71,35,69
38,89,86,69
39,46,37,69
40,82,26,69
41,94,0,69
42,56,70,69
43,60,33,69
44,23,70,69
45,63,77,69
46,19,57,69
47,12,62,69
48,55,67,69
49,15,83,69
50,55,51,69
51,96,72,69
52,37,37,69
53,54,28,69
54,29,57,69
55,23,31,69
56,69,16,69
57,58,82,69
58,30,83,69
59,42,70,69
60,53,87,69
61,35,39,69
62,93,59,69
63,93,99,69
64,82,93,69
65,28,7,69
66,28,81,69
67,49,25,69
68,54,91,69
69,16,30,69
70,49,23,69
71,37,94,69
72,25,86,69
73,63,40,69
74,21,13,69
75,38,23,69
76,8,91,69
77,81,19,69
78,13,23,69
79,1,40,69
80,71,53,69
81,94,34,69
82,53,58,69
83,59,96,69
1,55,72,70
2,57,90,70
3,8,96,70
4,19,35,70
5,87,16,70
6,19,19,70
7,22,6,70
8,36,17,70
9,39,54,70
10,95,4,70
11,86,77,70
12,99,61,70
13,60,15,70
14,85,36,70
15,29,71,70
16,53,54,70
17,35,9,70
18,40,39,70
19,48,84,70
20,93,25,70
21,7,19,70
22,61,41,70
23,8,17,70
24,89,64,70
25,1,97,70
26,64,94,70
27,93,60,70
28,62,75,70
29,55,62,70
30,35,16,70
31,74,59,70
32,19,31,70
33,37,33,70
34,24,68,70
35,9,91,70
36,95,70,70
37,70,35,70
38,88,87,70
39,46,36,70
40,83,26,70
41,93,0,70
42,56,71,70
43,61,33,70
44,24,71,70
45,63,77,70
46,20,57,70
47,13,61,70
48,54,67,70
49,16,83,70
50,56,52,70
51,96,71,70
52,38,36,70
53,55,28,70
54,28,56,70
55,23,31,70
56,70,16,70
57,58,81,70
58,30,83,70
59,41,70,70
60,52,87,70
61,36,40,70
62,94,59,70
63,93,98,70
64,82,93,70
65,29,6,70
66,28,80,70
67,49,24,70
68,53,90,70
69,15,29,70
70,49,22,70
71,38,94,70
72,25,85,70
73,63,39,70
74,20,13,70
75,37,23,70
76,7,90,70
77,80,19,70
78,13,24,70
79,1,40,70
80,72,52,70
81,94,33,70
82,53,58,70
83,59,97,70
1,55,72,71
2,57,89,71
3,9,96,71
4,18,36,71
5,88,17,71
6,20,18,71
7,22,5,71
8,36,18,71
9,40,54,71
10,96,3,71
11,85,76,71
12,98,62,71
13,59,15,71
14,84,37,71
15,30,72,71
16,54,54,71
17,34,10,71
18,40,38,71
19,47,85,71
20,92,24,71
21,7,18,71
22,62,40,71
23,7,17,71
24,89,65,71
25,0,97,71
26,65,94,71
27,92,59,71
28,63,75,71
29,55,63,71
30,35,15,71
31,74,58,71
32,19,31,71
33,36,32,71
34,23,68,71
35,10,90,71
36,95,70,71
37,70,35,71
38,89,88,71
39,46,37,71
40,83,27,71
41,94,1,71
42,56,71,71
43,62,32,71
44,23,71,71
45,62,76,71
46,19,57,71
47,13,62,71
48,55,66,71
49,17,83,71
50,57,51,71
51,97,71,71
52,38,36,71
53,55,28,71
54,28,57,71
55,22,31,71
56,71,16,71
57,59,81,71
58,29,84,71
59,42,71,71
60,52,87,71
61,36,41,71
62,94,59,71
63,94,99,71
64,81,93,71
65,29,5,71
66,27,79,71
67,48,25,71
68,53,89,71
69,16,28,71
70,50,22,71
71,38,95,71
72,26,84,71
73,63,38,71
74,20,13,71
75,37,22,71
76,7,90,71
77,81,19,71
78,13,25,71
79,1,41,71
80,72,53,71
81,93,32,71
82,54,59,71
83,58,98,71
1,54,73,72
2,57,89,72
3,10,95,72
4,19,37,72
5,88,16,72
6,19,19,72
7,21,5,72
8,35,19,72
9,41,53,72
10,96,3,72
11,84,75,72
12,98,61,72
13,60,16,72
14,84,37,72
15,31,71,72
16,54,55,72
17,33,9,72
18,39,39,72
19,48,86,72
20,91,24,72
21,7,19,72
22,61,41,72
23,6,16,72
24,88,66,72
25,0,96,72
26,64,95,72
27,93,58,72
28,63,76,72
29,54,62,72
30,36,14,72
31,73,58,72
32,19,30,72
33,35,33,72
34,23,67,72
35,10,91,72
36,96,71,72
37,70,34,72
38,90,89,72
39,45,36,72
40,82,28,72
41,95,2,72
42,56,70,72
43,62,32,72
44,24,71,72
45,63,77,72
46,19,58,72
47,12,62,72
48,56,67,72
49,17,83,72
50,57,50,72
51,98,71,72
52,39,37,72
53,55,27,72
54,28,58,72
55,21,30,72
56,72,17,72
57,58,82,72
58,30,84,72
59,42,72,72
60,52,87,72
61,37,40,72
62,94,60,72
63,94,98,72
64,80,94,72
65,30,6,72
66,26,80,72
67,47,25,72
68,52,90,72
69,16,27,72
70,49,22,72
71,38,95,72
72,25,85,72
73,62,37,72
74,21,13,72
75,36,21,72
76,6,91,72
77,82,19,72
78,12,24,72
79,1,42,72
80,71,52,72
81,92,31,72
82,55,58,72
83,57,99,72
1,54,73,73
2,58,88,73
3,11,94,73
4,18,38,73
5,89,17,73
6,18,20,73
7,22,6,73
8,36,20,73
9,40,52,73
10,95,3,73
11,84,75,73
12,97,60,73
13,61,17,73
14,85,37,73
15,31,70,73
16,53,55,73
17,34,9,73
18,39,39,73
19,47,87,73
20,90,25,73
21,7,20,73
22,60,42,73
23,6,16,73
24,89,67,73
25,1,95,73
26,64,94,73
27,93,58,73
28,64,76,73
29,53,62,73
30,36,14,73
31,72,59,73
32,20,29,73
33,34,33,73
34,22,68,73
35,10,92,73
36,96,70,73
37,70,33,73
38,89,89,73
39,46,35,73
40,82,28,73
41,96,1,73
42,55,71,73
43,62,32,73
44,23,71,73
45,63,76,73
46,20,58,73
47,11,61,73
48,57,66,73
49,17,84,73
50,56,49,73
51,99,70,73
52,38,38,73
53,55,28,73
54,29,58,73
55,22,31,73
56,73,18,73
57,58,81,73
58,29,85,73
59,42,73,73
60,52,87,73
61,37,39,73
62,93,60,73
63,94,98,73
64,80,93,73
65,30,6,73
66,27,80,73
67,47,25,73
68,53,91,73
69,16,28,73
70,50,23,73
71,39,96,73
72,25,85,73
73,62,38,73
74,21,12,73
75,37,21,73
76,5,92,73
77,83,19,73
78,12,23,73
79,0,41,73
80,71,53,73
81,92,32,73
82,55,58,73
83,57,99,73
1,55,74,74
2,58,88,74
3,11,93,74
4,17,39,74
5,90,16,74
6,19,19,74
7,21,5,74
8,35,21,74
9,39,51,74
10,96,2,74
11,85,75,74
12,96,60,74
13,62,16,74
14,84,36,74
15,31,71,74
16,52,54,74
17,34,10,74
18,39,39,74
19,47,86,74
20,90,24,74
21,8,19,74
22,61,43,74
23,5,15,74
24,88,66,74
25,0,94,74
26,63,93,74
27,93,59,74
28,65,77,74
29,53,62,74
30,35,14,74
31,71,59,74
32,21,29,74
33,34,33,74
34,21,69,74
35,9,93,74
36,97,70,74
37,69,32,74
38,89,90,74
39,47,35,74
40,81,29,74
41,95,0,74
42,56,72,74
43,63,31,74
44,24,72,74
45,64,75,74
46,21,57,74
47,11,60,74
48,56,65,74
49,16,85,74
50,57,48,74
51,99,70,74
52,37,38,74
53,54,28,74
54,30,58,74
55,22,31,74
56,72,18,74
57,57,82,74
58,30,86,74
59,41,74,74
60,53,88,74
61,38,39,74
62,94,59,74
63,94,97,74
64,79,93,74
65,31,5,74
66,28,81,74
67,48,25,74
68,52,90,74
69,15,29,74
70,49,24,74
71,40,96,74
72,24,85,74
73,62,37,74
74,21,12,74
75,38,22,74
76,4,93,74
77,82,19,74
78,13,23,74
79,1,42,74
80,70,52,74
81,91,31,74
82,56,57,74
83,57,98,74
1,55,75,75
2,59,87,75
3,12,92,75
4,16,40,75
5,90,17,75
6,20,20,75
7,22,4,75
8,34,20,75
9,39,50,75
10,97,2,75
11,84,74,75
12,96,60,75
13,62,15,75
14,85,35,75
15,32,70,75
16,53,53,75
17,33,10,75
18,39,39,75
19,48,85,75
20,90,25,75
21,9,19,75
22,62,43,75
23,5,15,75
24,87,66,75
25,0,94,75
26,63,94,75
27,92,59,75
28,65,77,75
29,53,63,75
30,36,13,75
31,72,58,75
32,22,28,75
33,34,34,75
34,20,68,75
35,8,94,75
36,96,71,75
37,69,33,75
38,90,90,75
39,47,36,75
40,81,29,75
41,96,1,75
42,55,73,75
43,63,30,75
44,24,73,75
45,65,75,75
46,20,57,75
47,10,60,75
48,55,66,75
49,15,86,75
50,57,47,75
51,98,70,75
52,37,37,75
53,53,29,75
54,30,57,75
55,22,31,75
56,71,18,75
57,56,82,75
58,29,85,75
59,42,74,75
60,54,87,75
61,37,38,75
62,93,60,75
63,93,96,75
64,80,92,75
65,31,6,75
66,28,82,75
67,49,23,75
68,51,90,75
69,14,28,75
70,50,24,75
71,39,97,75
72,24,85,75
73,63,37,75
74,20,13,75
75,37,23,75
76,3,93,75
77,82,18,75
78,14,23,75
79,0,41,75
80,71,53,75
81,90,30,75
82,55,58,75
83,56,99,75
1,54,75,76
2,58,86,76
3,13,91,76
4,15,40,76
5,91,17,76
6,21,21,76
7,21,4,76
8,34,21,76
9,38,49,76
10,96,2,76
11,85,74,76
12,97,61,76
13,61,16,76
14,86,34,76
15,31,69,76
16,52,52,76
17,32,9,76
18,40,40,76
19,47,86,76
20,91,25,76
21,9,19,76
22,62,43,76
23,4,14,76
24,87,67,76
25,0,93,76
26,64,94,76
27,93,58,76
28,65,76,76
29,52,64,76
30,35,13,76
31,73,59,76
32,22,27,76
33,33,33,76
34,19,68,76
35,7,95,76
36,95,71,76
37,69,34,76
38,91,90,76
39,48,37,76
40,81,30,76
41,97,0,76
42,55,73,76
43,62,31,76
44,24,74,76
45,66,75,76
46,19,57,76
47,10,59,76
48,54,67,76
49,15,86,76
50,57,48,76
51,99,69,76
52,36,36,76
53,53,30,76
54,29,57,76
55,23,30,76
56,71,18,76
57,56,82,76
58,28,84,76
59,41,75,76
60,53,86,76
61,37,39,76
62,94,61,76
63,94,97,76
64,79,91,76
65,30,6,76
66,27,82,76
67,48,22,76
68,52,89,76
69,15,28,76
70,50,25,76
71,38,96,76
72,24,85,76
73,62,37,76
74,21,14,76
75,36,24,76
76,2,94,76
77,81,19,76
78,13,22,76
79,1,42,76
80,70,53,76
81,90,29,76
82,56,59,76
83,55,99,76
1,53,76,77
2,58,86,77
3,14,90,77
4,16,39,77
5,91,16,77
6,21,21,77
7,21,4,77
8,33,20,77
9,38,49,77
10,96,2,77
11,85,75,77
12,97,62,77
13,61,16,77
14,87,34,77
15,31,69,77
16,51,53,77
17,33,10,77
18,40,41,77
19,48,85,77
20,90,26,77
21,9,18,77
22,63,44,77
23,5,15,77
24,88,67,77
25,1,93,77
26,63,93,77
27,92,59,77
28,64,77,77
29,51,64,77
30,36,13,77
31,72,60,77
32,22,27,77
33,32,32,77
34,18,69,77
35,6,96,77
36,95,70,77
37,68,34,77
38,91,89,77
39,48,36,77
40,81,30,77
41,96,0,77
42,54,73,77
43,61,30,77
44,24,75,77
45,66,74,77
46,18,56,77
47,10,58,77
48,55,68,77
49,15,87,77
50,56,49,77
51,98,68,77
52,37,35,77
53,52,30,77
54,29,57,77
55,23,29,77
56,70,19,77
57,56,82,77
58,27,83,77
59,42,75,77
60,54,87,77
61,37,38,77
62,95,62,77
63,93,97,77
64,79,92,77
65,30,7,77
66,26,81,77
67,47,21,77
68,52,89,77
69,14,28,77
70,51,24,77
71,37,96,77
72,23,84,77
73,62,36,77
74,22,15,77
75,37,24,77
76,1,95,77
77,81,20,77
78,13,21,77
79,2,42,77
80,69,53,77
81,91,30,77
82,56,60,77
83,55,98,77
1,53,76,78
2,57,85,78
3,14,90,78
4,17,38,78
5,92,16,78
6,20,22,78
7,21,5,78
8,33,19,78
9,37,50,78
10,95,2,78
11,84,75,78
12,97,63,78
13,62,15,78
14,86,33,78
15,32,69,78
16,52,53,78
17,34,11,78
18,40,41,78
19,48,86,78
20,91,25,78
21,8,17,78
22,62,45,78
23,6,16,78
24,89,68,78
25,2,92,78
26,62,92,78
27,92,59,78
28,65,76,78
29,51,64,78
30,35,14,78
31,71,60,78
32,21,26,78
33,33,32,78
34,18,69,78
35,5,95,78
36,96,71,78
37,68,33,78
38,90,88,78
39,48,37,78
40,80,29,78
41,95,1,78
42,53,73,78
43,61,30,78
44,25,74,78
45,67,75,78
46,17,55,78
47,10,59,78
48,54,68,78
49,15,86,78
50,56,50,78
51,99,69,78
52,37,35,78
53,52,31,78
54,29,56,78
55,24,29,78
56,69,19,78
57,56,82,78
58,28,83,78
59,43,75,78
60,55,87,78
61,36,37,78
62,95,62,78
63,92,98,78
64,79,92,78
65,30,7,78
66,27,82,78
67,48,20,78
68,53,89,78
69,15,27,78
70,52,24,78
71,36,96,78
72,23,84,78
73,62,36,78
74,21,15,78
75,38,23,78
76,0,95,78
77,82,20,78
78,12,21,78
79,3,41,78
80,68,54,78
81,92,29,78
82,55,60,78
83,54,99,78
1,53,77,79
2,57,85,79
3,14,91,79
4,17,38,79
5,92,17,79
6,19,22,79
7,21,4,79
8,33,20,79
9,37,50,79
10,94,2,79
11,85,75,79
12,96,64,79
13,62,15,79
14,87,32,79
15,33,68,79
16,53,52,79
17,34,11,79
18,41,40,79
19,49,86,79
20,92,26,79
21,8,16,79
22,62,46,79
23,7,15,79
24,90,69,79
25,1,93,79
26,63,93,79
27,91,60,79
28,65,76,79
29,51,63,79
30,34,14,79
31,72,61,79
32,20,26,79
33,33,31,79
34,18,68,79
35,4,94,79
36,96,71,79
37,67,34,79
38,89,88,79
39,49,36,79
40,79,29,79
41,95,1,79
42,52,72,79
43,62,29,79
44,25,73,79
45,67,75,79
46,17,55,79
47,9,58,79
48,55,69,79
49,16,87,79
50,56,49,79
51,99,70,79
52,36,34,79
53,51,30,79
54,29,57,79
55,23,30,79
56,69,18,79
57,55,83,79
58,28,82,79
59,44,75,79
60,55,88,79
61,35,36,79
62,96,62,79
63,93,98,79
64,78,93,79
65,31,6,79
66,26,83,79
67,49,19,79
68,53,89,79
69,16,28,79
70,53,24,79
71,36,95,79
72,23,85,79
73,62,36,79
74,20,14,79
75,38,22,79
76,0,95,79
77,81,19,79
78,13,21,79
79,3,42,79
80,69,55,79
81,91,29,79
82,54,59,79
83,55,98,79
1,54,77,80
2,56,85,80
3,13,91,80
4,16,38,80
5,93,17,80
6,18,23,80
7,20,3,80
8,34,21,80
9,36,49,80
10,94,3,80
11,84,75,80
12,97,64,80
13,63,16,80
14,87,32,80
15,32,69,80
16,53,53,80
17,34,10,80
18,42,39,80
19,49,85,80
20,92,25,80
21,7,14,80
22,62,46,80
23,6,16,80
24,90,70,80
25,1,93,80
26,63,93,80
27,92,61,80
28,64,77,80
29,50,62,80
30,34,14,80
31,73,62,80
32,20,26,80
33,32,32,80
34,17,69,80
35,4,95,80
36,96,70,80
37,67,35,80
38,90,87,80
39,50,36,80
40,80,28,80
41,94,2,80
42,53,71,80
43,63,29,80
44,25,74,80
45,68,74,80
46,16,56,80
47,10,58,80
48,56,70,80
49,16,88,80
50,55,50,80
51,99,70,80
52,35,35,80
53,51,30,80
54,29,58,80
55,24,29,80
56,69,18,80
57,56,84,80
58,27,81,80
59,43,74,80
60,56,89,80
61,35,37,80
62,97,62,80
63,94,97,80
64,79,92,80
65,32,5,80
66,27,82,80
67,49,20,80
68,53,90,80
69,17,28,80
70,52,24,80
71,37,96,80
72,23,86,80
73,62,36,80
74,19,15,80
75,39,22,80
76,0,95,80
77,82,18,80
78,13,22,80
79,2,42,80
80,70,56,80
81,90,29,80
82,53,59,80
83,55,99,80
1,55,76,81
2,55,84,81
3,13,92,81
4,17,37,81
5,92,16,81
6,18,24,81
7,19,4,81
8,34,20,81
9,37,48,81
10,95,1,81
11,84,74,81
12,98,64,81
13,63,15,81
14,86,33,81
15,31,68,81
16,53,53,81
17,34,9,81
18,43,39,81
19,48,84,81
20,91,24,81
21,6,15,81
22,61,47,81
23,7,17,81
24,91,69,81
25,1,93,81
26,64,94,81
27,92,62,81
28,63,76,81
29,49,62,81
30,33,15,81
31,72,63,81
32,19,27,81
33,33,31,81
34,17,68,81
35,5,96,81
36,95,71,81
37,68,34,81
38,89,86,81
39,50,37,81
40,80,29,81
41,94,3,81
42,53,70,81
43,64,30,81
44,25,73,81
45,69,74,81
46,17,57,81
47,9,59,81
48,56,69,81
49,15,87,81
50,54,49,81
51,99,71,81
52,34,35,81
53,52,29,81
54,30,59,81
55,25,30,81
56,70,18,81
57,56,85,81
58,28,82,81
59,43,74,81
60,55,90,81
61,36,37,81
62,97,63,81
63,93,96,81
64,79,92,81
65,33,4,81
66,26,81,81
67,50,21,81
68,54,91,81
69,16,29,81
70,53,24,81
71,38,95,81
72,24,87,81
73,63,37,81
74,18,15,81
75,39,23,81
76,1,95,81
77,81,19,81
78,13,22,81
79,3,41,81
80,70,56,81
81,91,28,81
82,52,59,81
83,56,98,81
1,54,76,82
2,55,85,82
3,13,91,82
4,18,36,82
5,91,15,82
6,18,25,82
7,19,3,82
8,33,20,82
9,36,48,82
10,94,0,82
11,84,73,82
12,98,63,82
13,62,16,82
14,85,32,82
15,32,68,82
16,54,54,82
17,33,10,82
18,43,39,82
19,49,85,82
20,90,24,82
21,6,16,82
22,61,46,82
23,8,16,82
24,91,69,82
25,0,94,82
26,64,94,82
27,93,61,82
28,64,75,82
29,49,63,82
30,33,14,82
31,71,64,82
32,18,26,82
33,32,30,82
34,18,68,82
35,5,95,82
36,95,72,82
37,67,35,82
38,89,85,82
39,50,38,82
40,80,29,82
41,94,2,82
42,54,70,82
43,64,31,82
44,26,73,82
45,70,73,82
46,16,58,82
47,10,60,82
48,56,70,82
49,16,86,82
50,53,49,82
51,99,71,82
52,33,34,82
53,53,30,82
54,29,58,82
55,25,31,82
56,71,18,82
57,56,84,82
58,29,82,82
59,42,73,82
60,55,90,82
61,37,37,82
62,97,63,82
63,93,97,82
64,79,91,82
65,34,4,82
66,27,80,82
67,49,20,82
68,53,92,82
69,16,30,82
70,53,25,82
71,39,94,82
72,23,88,82
73,63,38,82
74,19,15,82
75,38,24,82
76,1,96,82
77,80,19,82
78,14,22,82
79,2,41,82
80,71,56,82
81,91,27,82
82,51,59,82
83,57,99,82
1,54,77,83
2,54,86,83
3,12,92,83
4,19,35,83
5,91,16,83
6,19,24,83
7,19,4,83
8,33,19,83
9,35,47,83
10,93,1,83
11,85,73,83
12,97,62,83
13,62,16,83
14,85,32,83
15,32,68,83
16,53,53,83
17,34,11,83
18,43,40,83
19,48,84,83
20,90,24,83
21,7,17,83
22,60,45,83
23,7,15,83
24,92,68,83
25,0,94,83
26,64,95,83
27,92,60,83
28,63,75,83
29,50,63,83
30,32,14,83
31,71,65,83
32,19,27,83
33,33,30,83
34,18,67,83
35,4,94,83
36,94,71,83
37,66,35,83
38,90,85,83
39,49,37,83
40,79,29,83
41,95,3,83
42,55,69,83
43,64,30,83
44,27,72,83
45,71,74,83
46,17,58,83
47,9,61,83
48,55,71,83
49,16,86,83
50,53,48,83
51,99,71,83
52,32,34,83
53,53,31,83
54,28,58,83
55,25,31,83
56,72,18,83
57,57,84,83
58,29,82,83
59,42,74,83
60,56,90,83
61,36,38,83
62,96,62,83
63,92,97,83
64,80,92,83
65,35,3,83
66,26,80,83
67,49,20,83
68,52,91,83
69,17,29,83
70,54,25,83
71,39,94,83
72,24,87,83
73,62,39,83
74,19,14,83
75,39,24,83
76,0,97,83
77,80,18,83
78,13,22,83
79,3,40,83
80,72,56,83
81,90,27,83
82,51,59,83
83,57,99,83
1,55,78,84
2,54,85,84
3,12,92,84
4,19,34,84
5,92,17,84
6,20,25,84
7,18,4,84
8,33,18,84
9,34,48,84
10,94,0,84
11,85,72,84
12,98,63,84
13,61,16,84
14,86,33,84
15,32,67,84
16,54,52,84
17,35,11,84
18,43,41,84
19,49,83,84
20,90,24,84
21,6,16,84
22,60,46,84
23,7,15,84
24,93,67,84
25,0,95,84
26,65,96,84
27,93,61,84
28,62,76,84
29,49,62,84
30,32,14,84
31,72,65,84
32,18,26,84
33,33,30,84
34,17,66,84
35,3,93,84
36,93,72,84
37,67,35,84
38,91,85,84
39,49,36,84
40,80,30,84
41,94,2,84
42,54,70,84
43,64,29,84
44,28,71,84
45,72,73,84
46,16,59,84
47,8,62,84
48,53,70,84
49,17,85,84
50,53,49,84
51,98,72,84
52,31,33,84
53,54,30,84
54,29,57,84
55,25,32,84
56,71,18,84
57,58,85,84
58,28,81,84
59,42,75,84
60,57,91,84
61,36,38,84
62,95,63,84
63,92,97,84
64,79,92,84
65,35,2,84
66,26,80,84
67,49,19,84
68,53,92,84
69,17,29,84
70,53,26,84
71,39,93,84
72,25,88,84
73,63,40,84
74,20,15,84
75,38,23,84
76,1,96,84
77,79,18,84
78,14,22,84
79,3,41,84
80,71,56,84
81,91,26,84
82,50,58,84
83,58,98,84
1,56,77,85
2,55,84,85
3,13,92,85
4,18,34,85
5,92,16,85
6,19,26,85
7,19,4,85
8,32,19,85
9,33,49,85
10,94,0,85
11,84,71,85
12,99,63,85
13,60,15,85
14,85,33,85
15,32,68,85
16,55,52,85
17,35,10,85
18,44,42,85
19,48,83,85
20,91,25,85
21,5,15,85
22,60,45,85
23,6,16,85
24,92,66,85
25,0,95,85
26,64,95,85
27,94,62,85
28,62,77,85
29,49,61,85
30,32,14,85
31,73,64,85
32,17,27,85
33,34,31,85
34,16,67,85
35,2,92,85
36,92,71,85
37,66,35,85
38,91,85,85
39,49,36,85
40,79,30,85
41,94,1,85
42,55,71,85
43,63,29,85
44,28,71,85
45,73,72,85
46,15,58,85
47,7,61,85
48,52,70,85
49,18,84,85
50,52,50,85
51,98,73,85
52,32,33,85
53,55,31,85
54,30,58,85
55,24,32,85
56,70,18,85
57,57,86,85
58,27,80,85
59,42,76,85
60,58,92,85
61,35,37,85
62,94,64,85
63,91,97,85
64,78,93,85
65,35,2,85
66,26,79,85
67,49,20,85
68,54,91,85
69,18,28,85
70,54,25,85
71,38,92,85
72,26,87,85
73,63,41,85
74,19,16,85
75,37,24,85
76,1,97,85
77,79,18,85
78,14,22,85
79,2,42,85
80,72,57,85
81,90,26,85
82,51,57,85
83,58,97,85
1,57,77,86
2,55,84,86
3,12,93,86
4,19,35,86
5,92,15,86
6,19,25,86
7,18,5,86
8,32,19,86
9,33,48,86
10,95,1,86
11,85,71,86
12,98,64,86
13,60,15,86
14,85,32,86
15,32,69,86
16,54,51,86
17,36,9,86
18,45,43,86
19,49,84,86
20,91,24,86
21,5,14,86
22,61,46,86
23,6,16,86
24,93,65,86
25,0,95,86
26,63,94,86
27,94,61,86
28,61,76,86
29,48,61,86
30,33,14,86
31,73,65,86
32,17,26,86
33,33,30,86
34,17,68,86
35,2,92,86
36,93,72,86
37,65,35,86
38,90,85,86
39,49,37,86
40,80,29,86
41,94,1,86
42,54,72,86
43,64,29,86
44,29,70,86
45,73,72,86
46,15,57,86
47,8,60,86
48,53,70,86
49,19,85,86
50,51,50,86
51,97,72,86
52,33,32,86
53,55,31,86
54,31,58,86
55,24,33,86
56,69,18,86
57,58,85,86
58,27,81,86
59,42,75,86
60,58,92,86
61,34,38,86
62,95,63,86
63,91,97,86
64,78,93,86
65,36,1,86
66,26,78,86
67,48,19,86
68,54,92,86
69,19,28,86
70,53,24,86
71,38,92,86
72,27,87,86
73,62,40,86
74,18,15,86
75,38,24,86
76,0,98,86
77,78,17,86
78,15,21,86
79,1,42,86
80,73,57,86
81,89,27,86
82,51,58,86
83,58,96,86
1,56,76,87
2,56,85,87
3,11,94,87
4,20,35,87
5,93,16,87
6,18,24,87
7,18,5,87
8,31,18,87
9,32,48,87
10,95,0,87
11,85,72,87
12,97,64,87
13,61,14,87
14,86,31,87
15,32,70,87
16,53,52,87
17,37,9,87
18,45,42,87
19,49,83,87
20,92,24,87
21,5,13,87
22,62,47,87
23,5,15,87
24,92,64,87
25,1,95,87
26,63,93,87
27,94,62,87
28,62,77,87
29,47,61,87
30,33,13,87
31,72,65,87
32,16,26,87
33,33,31,87
34,16,67,87
35,1,93,87
36,92,73,87
37,65,36,87
38,90,86,87
39,49,36,87
40,79,29,87
41,93,0,87
42,53,73,87
43,63,28,87
44,29,69,87
45,72,71,87
46,16,58,87
47,8,60,87
48,52,69,87
49,19,85,87
50,50,51,87
51,97,73,87
52,34,32,87
53,56,31,87
54,31,58,87
55,23,32,87
56,68,19,87
57,57,85,87
58,26,81,87
59,41,75,87
60,58,93,87
61,35,37,87
62,93,61,87
63,90,97,87
64,77,94,87
65,37,0,87
66,27,79,87
67,48,18,87
68,53,91,87
69,19,29,87
70,52,25,87
71,38,91,87
72,26,86,87
73,61,41,87
74,19,15,87
75,38,24,87
76,0,97,87
77,79,17,87
78,16,22,87
79,2,41,87
80,73,57,87
81,90,28,87
82,52,57,87
83,57,96,87
1,56,77,88
2,56,86,88
3,11,94,88
4,20,36,88
5,92,15,88
6,17,24,88
7,17,6,88
8,32,18,88
9,32,49,88
10,95,0,88
11,84,73,88
12,96,63,88
13,62,14,88
14,85,30,88
15,31,69,88
16,54,52,88
17,38,8,88
18,44,42,88
19,49,82,88
20,93,24,88
21,5,12,88
22,62,46,88
23,4,15,88
24,93,63,88
25,0,94,88
26,62,93,88
27,95,62,88
28,61,78,88
29,46,60,88
30,34,14,88
31,72,64,88
32,17,26,88
33,33,33,88
34,17,66,88
35,1,94,88
36,92,73,88
37,65,36,88
38,90,86,88
39,49,36,88
40,79,30,88
41,94,1,88
42,54,74,88
43,64,29,88
44,30,69,88
45,73,70,88
46,17,59,88
47,9,61,88
48,53,70,88
49,19,86,88
50,50,50,88
51,97,74,88
52,33,32,88
53,56,30,88
54,30,57,88
55,22,32,88
56,69,18,88
57,57,84,88
58,26,80,88
59,42,76,88
60,59,93,88
61,34,38,88
62,93,61,88
63,89,98,88
64,78,94,88
65,37,1,88
66,27,78,88
67,49,18,88
68,53,90,88
69,19,29,88
70,51,24,88
71,39,91,88
72,26,85,88
73,60,40,88
74,19,16,88
75,38,25,88
76,1,96,88
77,79,16,88
78,17,21,88
79,3,42,88
80,74,56,88
81,91,27,88
82,51,57,88
83,57,97,88
1,57,78,89
2,55,85,89
3,10,93,89
4,21,37,89
5,93,14,89
6,18,24,89
7,16,5,89
8,31,18,89
9,31,48,89
10,95,1,89
11,85,74,89
12,95,64,89
13,62,14,89
14,85,31,89
15,32,70,89
16,53,53,89
17,37,9,89
18,43,42,89
19,50,82,89
20,92,23,89
21,5,11,89
22,61,45,89
23,5,16,89
24,94,63,89
25,0,94,89
26,63,92,89
27,96,62,89
28,60,78,89
29,47,60,89
30,35,13,89
31,72,64,89
32,16,26,89
33,34,34,89
34,17,66,89
35,1,93,89
36,91,74,89
37,66,35,89
38,90,86,89
39,49,35,89
40,79,30,89
41,94,2,89
42,53,73,89
43,63,28,89
44,31,70,89
45,72,69,89
46,18,60,89
47,9,62,89
48,53,70,89
49,18,86,89
50,51,49,89
51,97,75,89
52,34,32,89
53,56,31,89
54,31,56,89
55,23,31,89
56,70,19,89
57,57,85,89
58,26,81,89
59,41,75,89
60,59,93,89
61,35,39,89
62,93,62,89
63,88,99,89
64,79,95,89
65,37,0,89
66,26,79,89
67,48,17,89
68,54,89,89
69,19,29,89
70,51,24,89
71,40,92,89
72,27,84,89
73,61,41,89
74,18,17,89
75,38,25,89
76,0,95,89
77,79,15,89
78,16,20,89
79,4,41,89
80,75,57,89
81,90,28,89
82,52,58,89
83,56,97,89
1,58,77,90
2,55,84,90
3,10,93,90
4,20,38,90
5,93,15,90
6,17,24,90
7,16,5,90
8,32,18,90
9,31,47,90
10,94,1,90
11,86,75,90
12,95,64,90
13,61,15,90
14,86,30,90
15,33,69,90
16,52,54,90
17,37,8,90
18,44,41,90
19,50,82,90
20,92,23,90
21,5,12,90
22,60,46,90
23,5,16,90
24,95,62,90
25,1,95,90
26,62,91,90
27,95,61,90
28,59,78,90
29,48,60,90
30,34,12,90
31,72,65,90
32,15,26,90
33,33,35,90
34,18,67,90
35,2,92,90
36,91,75,90
37,66,34,90
38,89,85,90
39,50,34,90
40,79,31,90
41,93,3,90
42,52,72,90
43,63,27,90
44,30,70,90
45,73,69,90
46,19,61,90
47,8,63,90
48,52,69,90
49,17,86,90
50,50,50,90
51,97,75,90
52,33,31,90
53,56,31,90
54,31,57,90
55,22,31,90
56,69,20,90
57,58,84,90
58,25,80,90
59,42,75,90
60,59,93,90
61,35,39,90
62,92,61,90
63,89,99,90
64,78,96,90
65,37,0,90
66,25,81,90
67,47,16,90
68,54,90,90
69,18,29,90
70,50,24,90
71,41,93,90
72,27,84,90
73,61,42,90
74,18,18,90
75,37,24,90
76,1,94,90
77,78,15,90
78,17,21,90
79,4,40,90
80,75,56,90
81,91,29,90
82,52,58,90
83,57,96,90
1,59,76,91
2,54,84,91
3,10,92,91
4,20,39,91
5,94,16,91
6,17,25,91
7,16,6,91
8,31,17,91
9,31,47,91
10,93,2,91
11,87,75,91
12,96,65,91
13,60,16,91
14,87,31,91
15,32,70,91
16,52,55,91
17,37,9,91
18,45,41,91
19,51,83,91
20,91,23,91
21,5,11,91
22,59,45,91
23,4,17,91
24,94,63,91
25,2,94,91
26,62,91,91
27,95,62,91
28,58,77,91
29,48,59,91
30,33,12,91
31,72,66,91
32,15,26,91
33,33,34,91
34,19,67,91
35,2,92,91
36,91,75,91
37,67,35,91
38,88,86,91
39,49,34,91
40,80,31,91
41,93,4,91
42,53,73,91
43,62,26,91
44,29,69,91
45,72,68,91
46,19,61,91
47,9,63,91
48,53,70,91
49,17,85,91
50,50,50,91
51,97,74,91
52,32,32,91
53,56,32,91
54,32,58,91
55,23,30,91
56,70,21,91
57,59,83,91
58,26,80,91
59,42,75,91
60,58,94,91
61,35,38,91
62,91,61,91
63,88,99,91
64,78,97,91
65,38,1,91
66,24,80,91
67,47,17,91
68,54,89,91
69,18,30,91
70,50,25,91
71,40,92,91
72,26,84,91
73,62,42,91
74,17,17,91
75,36,23,91
76,1,95,91
77,77,14,91
78,16,22,91
79,5,40,91
80,74,55,91
81,92,30,91
82,51,58,91
83,58,97,91
1,57,78,92
2,55,85,92
3,10,93,92
4,21,38,92
5,94,15,92
6,16,24,92
7,17,7,92
8,30,16,92
9,30,46,92
10,93,2,92
11,86,76,92
12,96,65,92
13,60,15,92
14,88,30,92
15,33,70,92
16,53,54,92
17,38,8,92
18,46,42,92
19,52,84,92
20,92,23,92
21,6,12,92
22,60,44,92
23,3,17,92
24,93,62,92
25,3,93,92
26,62,92,92
27,96,63,92
28,58,76,92
29,47,59,92
30,34,13,92
31,73,65,92
32,16,26,92
33,34,33,92
34,18,67,92
35,1,93,92
36,92,75,92
37,67,34,92
38,87,87,92
39,49,35,92
40,81,30,92
41,92,4,92
42,54,74,92
43,62,26,92
44,30,69,92
45,73,69,92
46,20,60,92
47,9,64,92
48,52,69,92
49,17,85,92
50,50,51,92
51,96,75,92
52,33,33,92
53,55,31,92
54,33,58,92
55,23,30,92
56,69,21,92
57,58,82,92
58,26,80,92
59,41,75,92
60,58,95,92
61,36,38,92
62,90,60,92
63,88,98,92
64,79,97,92
65,37,1,92
66,24,79,92
67,46,18,92
68,54,90,92
69,18,31,92
70,49,26,92
71,40,93,92
72,26,83,92
73,63,41,92
74,18,18,92
75,37,24,92
76,1,95,92
77,78,14,92
78,16,22,92
79,6,41,92
80,73,54,92
81,93,31,92
82,52,57,92
83,58,97,92
1,56,79,93
2,55,84,93
3,11,92,93
4,21,38,93
5,93,14,93
6,16,23,93
7,18,7,93
8,29,17,93
9,31,46,93
10,94,1,93
11,87,77,93
12,95,66,93
13,59,16,93
14,88,31,93
15,34,70,93
16,53,55,93
17,39,9,93
18,46,41,93
19,53,85,93
20,91,22,93
21,5,11,93
22,59,43,93
23,4,16,93
24,93,61,93
25,2,94,93
26,62,92,93
27,95,62,93
28,57,75,93
29,47,58,93
30,35,12,93
31,74,66,93
32,15,27,93
33,35,33,93
34,18,66,93
35,1,94,93
36,91,74,93
37,66,35,93
38,87,87,93
39,49,36,93
40,82,29,93
41,92,5,93
42,55,75,93
43,63,27,93
44,30,70,93
45,74,68,93
46,19,59,93
47,8,64,93
48,51,69,93
49,18,84,93
50,50,50,93
51,97,74,93
52,34,33,93
53,55,30,93
54,32,57,93
55,22,30,93
56,69,21,93
57,59,81,93
58,27,79,93
59,42,75,93
60,58,94,93
61,35,38,93
62,90,59,93
63,89,99,93
64,78,97,93
65,36,2,93
66,25,79,93
67,47,19,93
68,55,91,93
69,18,32,93
70,48,26,93
71,39,93,93
72,26,83,93
73,62,40,93
74,19,18,93
75,38,25,93
76,2,96,93
77,77,13,93
78,16,21,93
79,5,41,93
80,73,55,93
81,94,31,93
82,51,58,93
83,59,97,93
1,56,80,94
2,55,83,94
3,10,91,94
4,22,38,94
5,94,13,94
6,17,24,94
7,17,7,94
8,29,16,94
9,31,47,94
10,93,2,94
11,86,77,94
12,95,66,94
13,59,15,94
14,89,31,94
15,35,70,94
16,52,55,94
17,39,10,94
18,47,42,94
19,53,86,94
20,91,21,94
21,6,11,94
22,58,43,94
23,3,17,94
24,93,60,94
25,3,93,94
26,63,92,94
27,95,61,94
28,58,75,94
29,46,59,94
30,34,13,94
31,75,66,94
32,14,27,94
33,36,33,94
34,18,65,94
35,0,94,94
36,92,75,94
37,65,36,94
38,87,88,94
39,50,36,94
40,81,28,94
41,93,5,94
42,56,75,94
43,63,28,94
44,31,71,94
45,75,69,94
46,19,60,94
47,9,64,94
48,51,69,94
49,17,84,94
50,49,49,94
51,97,75,94
52,35,32,94
53,55,30,94
54,33,57,94
55,21,31,94
56,70,22,94
57,58,81,94
58,27,79,94
59,42,74,94
60,59,95,94
61,35,38,94
62,91,58,94
63,90,98,94
64,79,97,94
65,37,1,94
66,25,79,94
67,46,19,94
68,54,92,94
69,19,33,94
70,48,27,94
71,39,94,94
72,27,82,94
73,61,39,94
74,20,17,94
75,37,26,94
76,3,96,94
77,76,13,94
78,17,22,94
79,4,40,94
80,72,56,94
81,95,31,94
82,50,59,94
83,60,98,94
1,57,81,95
2,56,82,95
3,10,90,95
4,21,38,95
5,94,12,95
6,17,25,95
7,17,8,95
8,28,15,95
9,32,46,95
10,94,1,95
11,85,76,95
12,96,65,95
13,59,16,95
14,89,32,95
15,35,70,95
16,52,56,95
17,39,9,95
18,47,43,95
19,52,87,95
20,91,20,95
21,7,12,95
22,59,44,95
23,3,17,95
24,94,59,95
25,4,93,95
26,63,92,95
27,95,60,95
28,59,75,95
29,46,58,95
30,33,13,95
31,74,66,95
32,13,26,95
33,36,32,95
34,19,64,95
35,0,95,95
36,91,75,95
37,66,37,95
38,87,89,95
39,51,36,95
40,80,27,95
41,92,5,95
42,55,74,95
43,62,28,95
44,31,71,95
45,74,69,95
46,19,59,95
47,10,64,95
48,50,70,95
49,16,84,95
50,48,50,95
51,98,74,95
52,34,33,95
53,55,30,95
54,32,58,95
55,22,32,95
56,71,21,95
57,59,80,95
58,26,79,95
59,41,74,95
60,59,96,95
61,34,39,95
62,91,59,95
63,90,99,95
64,79,96,95
65,37,0,95
66,26,78,95
67,45,20,95
68,54,93,95
69,18,33,95
70,48,26,95
71,38,93,95
72,26,82,95
73,61,40,95
74,21,16,95
75,36,27,95
76,2,95,95
77,75,14,95
78,16,21,95
79,3,41,95
80,73,55,95
81,95,30,95
82,49,58,95
83,60,98,95
1,58,82,96
2,55,81,96
3,11,91,96
4,21,38,96
5,95,13,96
6,17,25,96
7,18,7,96
8,27,14,96
9,31,47,96
10,94,1,96
11,85,75,96
12,95,65,96
13,58,17,96
14,88,33,96
15,36,71,96
16,53,57,96
17,39,9,96
18,47,43,96
19,52,86,96
20,91,20,96
21,7,12,96
22,59,44,96
23,4,16,96
24,94,58,96
25,3,92,96
26,62,93,96
27,95,61,96
28,59,74,96
29,45,59,96
30,32,12,96
31,74,65,96
32,14,27,96
33,37,32,96
34,20,65,96
35,1,95,96
36,91,76,96
37,66,38,96
38,86,89,96
39,52,37,96
40,80,26,96
41,91,4,96
42,56,74,96
43,62,28,96
44,32,72,96
45,73,70,96
46,19,59,96
47,11,63,96
48,49,70,96
49,16,84,96
50,48,50,96
51,98,75,96
52,33,32,96
53,55,29,96
54,31,59,96
55,23,33,96
56,72,21,96
57,60,80,96
58,25,79,96
59,42,73,96
60,60,97,96
61,35,39,96
62,91,60,96
63,90,98,96
64,80,96,96
65,38,1,96
66,26,78,96
67,46,19,96
68,55,93,96
69,19,32,96
70,48,25,96
71,39,94,96
72,26,82,96
73,60,41,96
74,21,16,96
75,36,28,96
76,3,95,96
77,75,15,96
78,15,22,96
79,4,41,96
80,73,54,96
81,94,31,96
82,49,59,96
83,61,97,96
1,58,83,97
2,55,82,97
3,11,90,97
4,20,38,97
5,95,14,97
6,17,25,97
7,19,8,97
8,27,13,97
9,31,48,97
10,95,1,97
11,86,74,97
12,95,64,97
13,57,17,97
14,89,34,97
15,36,72,97
16,53,57,97
17,39,9,97
18,48,42,97
19,53,87,97
20,91,21,97
21,8,11,97
22,59,45,97
23,4,17,97
24,95,59,97
25,2,92,97
26,61,93,97
27,96,61,97
28,60,75,97
29,45,58,97
30,33,11,97
31,75,65,97
32,15,27,97
33,37,31,97
34,21,65,97
35,1,95,97
36,90,76,97
37,67,38,97
38,86,90,97
39,52,38,97
40,80,25,97
41,91,5,97
42,57,73,97
43,62,29,97
44,32,72,97
45,74,71,97
46,19,59,97
47,12,64,97
48,50,70,97
49,16,83,97
50,47,51,97
51,98,76,97
52,32,33,97
53,55,30,97
54,32,60,97
55,24,34,97
56,72,20,97
57,59,81,97
58,25,78,97
59,43,74,97
60,61,96,97
61,34,40,97
62,92,60,97
63,89,99,97
64,79,95,97
65,37,1,97
66,25,79,97
67,46,19,97
68,54,92,97
69,18,31,97
70,47,25,97
71,40,95,97
72,27,82,97
73,59,40,97
74,20,16,97
75,35,29,97
76,3,95,97
77,76,16,97
78,16,23,97
79,3,41,97
80,74,55,97
81,94,30,97
82,48,58,97
83,62,97,97
1,59,84,98
2,54,83,98
3,10,90,98
4,21,37,98
5,94,15,98
6,18,26,98
7,19,9,98
8,28,14,98
9,30,49,98
10,94,0,98
11,86,73,98
12,96,65,98
13,56,18,98
14,90,35,98
15,36,73,98
16,52,58,98
17,38,8,98
18,47,41,98
19,53,87,98
20,90,21,98
21,9,11,98
22,60,46,98
23,4,16,98
24,95,59,98
25,1,92,98
26,60,94,98
27,95,61,98
28,59,76,98
29,44,58,98
30,32,10,98
31,75,64,98
32,14,27,98
33,37,31,98
34,20,65,98
35,0,96,98
36,89,76,98
37,67,38,98
38,85,89,98
39,53,38,98
40,80,25,98
41,91,4,98
42,58,73,98
43,63,30,98
44,32,72,98
45,75,72,98
46,19,60,98
47,13,63,98
48,51,70,98
49,17,83,98
50,46,52,98
51,99,76,98
52,32,33,98
53,55,30,98
54,31,61,98
55,23,33,98
56,73,20,98
57,58,81,98
58,26,78,98
59,44,73,98
60,61,96,98
61,35,40,98
62,92,60,98
63,90,99,98
64,80,94,98
65,37,1,98
66,25,79,98
67,45,18,98
68,53,93,98
69,18,31,98
70,47,24,98
71,41,96,98
72,27,82,98
73,58,41,98
74,21,15,98
75,35,28,98
76,4,94,98
77,76,17,98
78,15,22,98
79,3,40,98
80,75,54,98
81,94,29,98
82,47,58,98
83,61,98,98
1,60,83,99
2,55,84,99
3,9,91,99
4,21,36,99
5,94,15,99
6,18,25,99
7,18,10,99
8,29,15,99
9,30,49,99
10,95,0,99
11,87,72,99
12,95,64,99
13,56,17,99
14,89,34,99
15,36,72,99
16,53,57,99
17,39,8,99
18,48,42,99
19,52,87,99
20,90,21,99
21,10,11,99
22,61,47,99
23,3,15,99
24,94,59,99
25,2,92,99
26,59,93,99
27,95,61,99
28,60,76,99
29,44,57,99
30,33,10,99
31,76,63,99
32,15,28,99
33,36,31,99
34,21,64,99
35,0,95,99
36,88,75,99
37,68,39,99
38,84,88,99
39,54,38,99
40,80,26,99
41,91,3,99
42,58,72,99
43,62,31,99
44,32,73,99
45,75,71,99
46,18,59,99
47,12,62,99
48,50,71,99
49,16,82,99
50,47,53,99
51,99,77,99
52,31,34,99
53,54,30,99
54,30,61,99
55,24,32,99
56,73,20,99
57,59,81,99
58,26,79,99
59,45,72,99
60,61,96,99
61,34,40,99
62,91,61,99
63,91,99,99
64,79,94,99
65,37,1,99
66,24,79,99
67,46,19,99
68,53,93,99
69,17,31,99
70,48,24,99
71,41,95,99
72,27,81,99
73,57,42,99
74,20,16,99
75,34,27,99
76,5,93,99
77,77,17,99
78,14,22,99
79,2,40,99
80,76,53,99
81,93,29,99
82,48,59,99
83,62,97,99
1,59,83,100
2,55,84,100
3,10,90,100
4,22,35,100
5,94,15,100
6,18,24,100
7,19,10,100
8,30,15,100
9,30,49,100
10,95,1,100
11,88,72,100
12,96,65,100
13,57,18,100
14,89,35,100
15,35,71,100
16,53,57,100
17,39,9,100
18,47,41,100
19,51,87,100
20,89,20,100
21,9,10,100
22,62,46,100
23,4,14,100
24,95,59,100
25,1,93,100
26,58,92,100
27,96,60,100
28,60,77,100
29,43,57,100
30,32,10,100
31,77,64,100
32,15,27,100
33,36,31,100
34,20,64,100
35,0,95,100
36,88,76,100
37,68,40,100
38,83,89,100
39,55,38,100
40,79,27,100
41,90,3,100
42,57,71,100
43,62,31,100
44,32,74,100
45,76,72,100
46,17,58,100
47,13,61,100
48,51,72,100
49,15,82,100
50,46,52,100
51,99,77,100
52,32,34,100
53,55,30,100
54,30,62,100
55,25,33,100
56,74,21,100
57,59,80,100
58,27,79,100
59,45,71,100
60,60,96,100
61,34,40,100
62,90,62,100
63,91,99,100
64,80,94,100
65,38,2,100
66,24,78,100
67,45,19,100
68,54,94,100
69,17,31,100
70,49,23,100
71,42,96,100
72,26,80,100
73,58,43,100
74,20,16,100
75,35,27,100
76,5,93,100
77,76,18,100
78,15,23,100
79,2,40,100
80,77,52,100
81,92,30,100
82,48,60,100
83,63,96,100
