1,16,18,1
2,13,20,1
3,15,34,1
4,23,6,1
5,74,69,1
6,90,3,1
7,3,73,1
8,55,69,1
9,27,2,1
10,95,27,1
11,29,55,1
12,18,18,1
13,0,46,1
14,82,5,1
15,83,5,1
16,0,51,1
17,54,59,1
18,45,88,1
19,91,65,1
20,74,20,1
21,55,10,1
22,2,30,1
1,16,19,2
2,13,20,2
3,15,34,2
4,23,7,2
5,73,68,2
6,91,2,2
7,4,73,2
8,55,69,2
9,27,2,2
10,96,28,2
11,30,55,2
12,18,19,2
13,1,45,2
14,83,6,2
15,83,5,2
16,1,50,2
17,54,58,2
18,45,88,2
19,90,65,2
20,74,19,2
21,55,9,2
22,1,31,2
1,16,18,3
2,12,20,3
3,16,34,3
4,24,6,3
5,73,67,3
6,90,2,3
7,3,73,3
8,54,69,3
9,27,1,3
10,96,28,3
11,31,55,3
12,19,19,3
13,2,46,3
14,83,4,3
15,84,4,3
16,1,49,3
17,54,58,3
18,44,88,3
19,89,66,3
20,73,18,3
21,56,10,3
22,0,31,3
1,16,18,4
2,12,19,4
3,16,35,4
4,23,7,4
5,72,68,4
6,90,1,4
7,4,74,4
8,55,68,4
9,26,2,4
10,97,28,4
11,32,56,4
12,18,20,4
13,3,45,4
14,84,3,4
15,83,5,4
16,2,48,4
17,53,58,4
18,43,89,4
19,90,67,4
20,74,18,4
21,57,11,4
22,1,30,4
1,15,18,5
2,12,18,5
3,16,36,5
4,23,8,5
5,72,67,5
6,90,1,5
7,5,73,5
8,55,69,5
9,25,3,5
10,98,27,5
11,33,55,5
12,19,19,5
13,2,44,5
14,83,3,5
15,82,4,5
16,2,48,5
17,54,57,5
18,43,89,5
19,89,67,5
20,75,18,5
21,56,11,5
22,2,29,5
1,15,19,6
2,11,17,6
3,16,36,6
4,24,7,6
5,72,66,6
6,91,0,6
7,5,72,6
8,55,70,6
9,26,3,6
10,98,27,6
11,32,56,6
12,20,18,6
13,2,45,6
14,82,3,6
15,82,5,6
16,2,48,6
17,53,57,6
18,44,89,6
19,90,68,6
20,75,18,6
21,56,12,6
22,3,29,6
1,14,18,7
2,10,16,7
3,15,36,7
4,24,6,7
5,72,65,7
6,92,0,7
7,4,73,7
8,54,71,7
9,26,3,7
10,98,26,7
11,32,55,7
12,20,19,7
13,2,45,7
14,81,4,7
15,80,5,7
16,1,49,7
17,53,58,7
18,45,88,7
19,91,68,7
20,76,18,7
21,55,13,7
22,4,30,7
1,14,17,8
2,11,15,8
3,14,37,8
4,25,7,8
5,73,64,8
6,92,1,8
7,3,72,8
8,54,71,8
9,26,2,8
10,97,26,8
11,32,54,8
12,19,18,8
13,1,44,8
14,82,5,8
15,81,5,8
16,2,50,8
17,54,58,8
18,45,87,8
19,90,69,8
20,75,18,8
21,54,13,8
22,4,29,8
1,15,17,9
2,10,15,9
3,13,38,9
4,25,8,9
5,74,65,9
6,91,0,9
7,3,71,9
8,54,70,9
9,25,3,9
10,98,26,9
11,33,54,9
12,18,19,9
13,0,45,9
14,83,6,9
15,82,6,9
16,3,50,9
17,54,59,9
18,46,86,9
19,90,69,9
20,75,17,9
21,53,13,9
22,4,30,9
1,16,18,10
2,9,15,10
3,12,37,10
4,25,9,10
5,73,64,10
6,92,1,10
7,2,71,10
8,55,69,10
9,24,3,10
10,97,25,10
11,34,54,10
12,17,19,10
13,0,44,10
14,84,5,10
15,82,6,10
16,3,51,10
17,54,59,10
18,47,85,10
19,90,68,10
20,76,17,10
21,52,12,10
22,3,30,10
1,17,17,11
2,8,15,11
3,11,36,11
4,24,9,11
5,73,63,11
6,93,0,11
7,2,71,11
8,55,70,11
9,24,3,11
10,97,24,11
11,35,53,11
12,17,19,11
13,1,44,11
14,85,4,11
15,81,7,11
16,4,50,11
17,54,58,11
18,47,85,11
19,91,68,11
20,75,18,11
21,52,12,11
22,2,30,11
1,17,18,12
2,8,15,12
3,12,36,12
4,25,9,12
5,72,64,12
6,92,1,12
7,1,72,12
8,56,69,12
9,25,2,12
10,98,24,12
11,36,54,12
12,16,20,12
13,0,45,12
14,85,3,12
15,82,6,12
16,5,49,12
17,55,57,12
18,46,84,12
19,91,67,12
20,75,17,12
21,52,13,12
22,3,30,12
1,16,18,13
2,8,15,13
3,12,35,13
4,24,10,13
5,71,64,13
6,92,2,13
7,1,71,13
8,55,69,13
9,25,1,13
10,97,24,13
11,36,54,13
12,16,20,13
13,1,46,13
14,86,4,13
15,81,6,13
16,6,50,13
17,56,56,13
18,45,85,13
19,91,67,13
20,74,18,13
21,53,12,13
22,3,29,13
1,15,18,14
2,7,15,14
3,11,35,14
4,25,9,14
5,72,63,14
6,92,1,14
7,1,71,14
8,56,70,14
9,25,0,14
10,96,24,14
11,36,54,14
12,16,21,14
13,0,46,14
14,87,3,14
15,80,6,14
16,7,50,14
17,57,57,14
18,44,85,14
19,90,66,14
20,75,18,14
21,53,13,14
22,3,30,14
1,15,18,15
2,8,16,15
3,12,34,15
4,26,8,15
5,71,63,15
6,91,2,15
7,0,72,15
8,56,71,15
9,25,1,15
10,97,24,15
11,35,53,15
12,15,20,15
13,0,45,15
14,88,2,15
15,79,6,15
16,6,49,15
17,58,56,15
18,45,86,15
19,91,66,15
20,76,18,15
21,53,13,15
22,4,29,15
1,16,17,16
2,8,16,16
3,11,33,16
4,25,9,16
5,70,62,16
6,90,2,16
7,1,71,16
8,55,71,16
9,24,0,16
10,96,23,16
11,35,53,16
12,16,21,16
13,1,44,16
14,87,1,16
15,79,5,16
16,6,49,16
17,59,55,16
18,45,87,16
19,91,66,16
20,77,19,16
21,52,13,16
22,3,28,16
1,17,16,17
2,8,17,17
3,12,34,17
4,24,8,17
5,69,61,17
6,90,1,17
7,1,72,17
8,56,72,17
9,25,0,17
10,97,22,17
11,35,53,17
12,17,20,17
13,2,44,17
14,88,1,17
15,79,5,17
16,5,49,17
17,59,54,17
18,44,87,17
19,91,67,17
20,77,19,17
21,51,13,17
22,4,29,17
1,17,15,18
2,7,17,18
3,12,34,18
4,25,9,18
5,70,60,18
6,90,1,18
7,2,72,18
8,57,72,18
9,26,0,18
10,98,22,18
11,36,54,18
12,18,20,18
13,3,44,18
14,87,2,18
15,79,4,18
16,4,49,18
17,60,55,18
18,45,87,18
19,90,68,18
20,78,18,18
21,51,12,18
22,3,29,18
1,17,16,19
2,6,16,19
3,11,33,19
4,26,8,19
5,69,59,19
6,89,2,19
7,1,71,19
8,57,71,19
9,27,0,19
10,99,21,19
11,36,53,19
12,18,20,19
13,3,43,19
14,87,2,19
15,78,3,19
16,3,50,19
17,60,56,19
18,44,86,19
19,89,68,19
20,79,19,19
21,51,12,19
22,4,29,19
1,17,15,20
2,7,17,20
3,10,34,20
4,26,7,20
5,70,58,20
6,88,2,20
7,2,71,20
8,56,70,20
9,26,0,20
10,98,21,20
11,35,52,20
12,17,21,20
13,3,42,20
14,87,2,20
15,78,4,20
16,3,49,20
17,60,56,20
18,45,87,20
19,89,68,20
20,78,18,20
21,51,13,20
22,5,30,20
1,16,14,21
2,8,16,21
3,9,35,21
4,26,7,21
5,71,59,21
6,89,1,21
7,1,72,21
8,55,70,21
9,26,1,21
10,98,22,21
11,35,52,21
12,16,21,21
13,3,43,21
14,88,2,21
15,78,3,21
16,4,50,21
17,61,55,21
18,46,86,21
19,88,69,21
20,79,18,21
21,50,12,21
22,6,29,21
1,16,14,22
2,8,16,22
3,10,36,22
4,27,7,22
5,70,59,22
6,90,2,22
7,1,71,22
8,55,69,22
9,26,0,22
10,97,22,22
11,34,53,22
12,16,20,22
13,3,44,22
14,88,1,22
15,78,2,22
16,3,49,22
17,61,56,22
18,46,86,22
19,87,68,22
20,78,17,22
21,51,12,22
22,5,29,22
1,15,15,23
2,9,15,23
3,9,37,23
4,28,7,23
5,69,59,23
6,91,2,23
7,2,70,23
8,56,70,23
9,27,1,23
10,96,22,23
11,33,52,23
12,16,21,23
13,2,43,23
14,88,1,23
15,78,3,23
16,4,48,23
17,61,57,23
18,45,87,23
19,88,67,23
20,78,17,23
21,50,12,23
22,6,28,23
1,15,14,24
2,10,16,24
3,10,37,24
4,28,8,24
5,70,58,24
6,92,3,24
7,2,70,24
8,55,71,24
9,27,0,24
10,96,22,24
11,34,52,24
12,16,22,24
13,2,42,24
14,87,2,24
15,78,4,24
16,5,48,24
17,62,56,24
18,44,86,24
19,89,67,24
20,78,16,24
21,50,12,24
22,6,28,24
1,16,14,25
2,10,16,25
3,11,37,25
4,27,8,25
5,69,58,25
6,91,2,25
7,3,71,25
8,56,70,25
9,26,0,25
10,96,21,25
11,33,51,25
12,17,21,25
13,1,43,25
14,88,3,25
15,79,4,25
16,5,48,25
17,61,55,25
18,44,85,25
19,89,66,25
20,78,17,25
21,51,11,25
22,5,29,25
1,16,13,26
2,10,17,26
3,11,37,26
4,28,7,26
5,69,59,26
6,90,1,26
7,4,72,26
8,56,69,26
9,27,0,26
10,96,21,26
11,32,50,26
12,16,21,26
13,0,44,26
14,88,2,26
15,78,5,26
16,6,47,26
17,62,54,26
18,45,86,26
19,88,66,26
20,78,17,26
21,52,11,26
22,6,28,26
1,15,14,27
2,9,16,27
3,10,37,27
4,27,7,27
5,70,58,27
6,89,2,27
7,5,72,27
8,56,70,27
9,26,0,27
10,96,20,27
11,31,51,27
12,15,21,27
13,0,44,27
14,89,1,27
15,79,5,27
16,5,46,27
17,61,54,27
18,46,85,27
19,87,65,27
20,77,18,27
21,51,12,27
22,7,28,27
1,16,15,28
2,8,16,28
3,11,38,28
4,27,6,28
5,71,57,28
6,90,0,28
7,6,71,28
8,57,69,28
9,27,0,28
10,96,21,28
11,31,52,28
12,16,21,28
13,1,45,28
14,89,1,28
15,79,6,28
16,5,46,28
17,60,55,28
18,45,85,28
19,88,66,28
20,78,19,28
21,51,12,28
22,6,28,28
1,16,16,29
2,7,15,29
3,12,38,29
4,28,7,29
5,71,58,29
6,90,1,29
7,6,70,29
8,56,69,29
9,26,0,29
10,96,22,29
11,32,52,29
12,15,20,29
13,1,45,29
14,89,1,29
15,78,6,29
16,5,46,29
17,60,56,29
18,44,86,29
19,88,67,29
20,79,20,29
21,51,13,29
22,7,28,29
1,16,16,30
2,6,15,30
3,13,37,30
4,27,8,30
5,70,59,30
6,91,0,30
7,6,71,30
8,56,68,30
9,25,1,30
10,95,21,30
11,32,52,30
12,16,19,30
13,0,44,30
14,90,1,30
15,79,6,30
16,4,46,30
17,61,55,30
18,44,87,30
19,88,67,30
20,79,20,30
21,50,14,30
22,8,29,30
1,17,15,31
2,5,14,31
3,14,37,31
4,26,9,31
5,71,60,31
6,90,0,31
7,5,70,31
8,55,68,31
9,24,1,31
10,94,22,31
11,31,52,31
12,16,20,31
13,0,44,31
14,91,0,31
15,78,7,31
16,5,46,31
17,61,54,31
18,44,87,31
19,88,68,31
20,79,20,31
21,51,13,31
22,8,29,31
1,17,16,32
2,6,13,32
3,15,36,32
4,26,8,32
5,70,59,32
6,89,1,32
7,5,71,32
8,54,67,32
9,25,0,32
10,95,23,32
11,31,51,32
12,16,20,32
13,1,43,32
14,91,0,32
15,77,6,32
16,6,47,32
17,60,53,32
18,45,87,32
19,89,69,32
20,79,19,32
21,52,14,32
22,7,30,32
1,18,16,33
2,5,13,33
3,14,37,33
4,25,7,33
5,70,60,33
6,89,1,33
7,6,71,33
8,54,68,33
9,26,1,33
10,95,24,33
11,32,52,33
12,17,19,33
13,0,43,33
14,90,0,33
15,78,6,33
16,7,47,33
17,60,54,33
18,45,86,33
19,90,69,33
20,78,20,33
21,53,13,33
22,6,29,33
1,19,17,34
2,6,14,34
3,13,38,34
4,26,7,34
5,69,59,34
6,89,0,34
7,6,70,34
8,54,68,34
9,26,2,34
10,95,24,34
11,33,53,34
12,17,18,34
13,1,44,34
14,90,1,34
15,77,5,34
16,8,48,34
17,59,54,34
18,46,86,34
19,91,69,34
20,77,19,34
21,52,14,34
22,6,29,34
1,20,17,35
2,7,15,35
3,13,37,35
4,25,6,35
5,70,60,35
6,89,0,35
7,5,70,35
8,54,67,35
9,27,2,35
10,95,24,35
11,33,52,35
12,16,19,35
13,1,45,35
14,91,2,35
15,78,4,35
16,8,47,35
17,59,55,35
18,45,85,35
19,91,69,35
20,76,20,35
21,53,15,35
22,5,28,35
1,19,18,36
2,6,16,36
3,13,37,36
4,24,7,36
5,70,61,36
6,88,1,36
7,4,70,36
8,55,68,36
9,28,1,36
10,95,25,36
11,34,52,36
12,15,19,36
13,1,45,36
14,90,1,36
15,77,4,36
16,8,46,36
17,58,54,36
18,44,84,36
19,90,69,36
20,75,21,36
21,53,16,36
22,6,27,36
1,18,18,37
2,6,16,37
3,14,38,37
4,24,7,37
5,71,62,37
6,88,2,37
7,3,71,37
8,56,69,37
9,29,0,37
10,96,26,37
11,34,52,37
12,16,19,37
13,1,44,37
14,90,1,37
15,76,3,37
16,7,47,37
17,57,54,37
18,45,84,37
19,90,69,37
20,75,20,37
21,53,16,37
22,7,28,37
1,19,17,38
2,6,16,38
3,15,37,38
4,25,7,38
5,72,62,38
6,87,3,38
7,2,71,38
8,56,68,38
9,30,1,38
10,96,27,38
11,35,51,38
12,15,20,38
13,0,43,38
14,90,2,38
15,76,2,38
16,6,48,38
17,58,54,38
18,45,85,38
19,90,68,38
20,74,21,38
21,54,17,38
22,6,28,38
1,18,16,39
2,5,15,39
3,15,37,39
4,25,6,39
5,71,63,39
6,87,2,39
7,3,70,39
8,55,67,39
9,30,1,39
10,95,26,39
11,35,50,39
12,14,21,39
13,1,43,39
14,91,3,39
15,77,1,39
16,5,48,39
17,58,55,39
18,45,84,39
19,90,67,39
20,74,22,39
21,53,17,39
22,7,28,39
1,17,15,40
2,6,15,40
3,14,37,40
4,25,6,40
5,71,62,40
6,86,2,40
7,2,71,40
8,55,68,40
9,30,0,40
10,94,26,40
11,36,49,40
12,15,21,40
13,0,42,40
14,91,4,40
15,77,1,40
16,4,48,40
17,58,56,40
18,46,85,40
19,91,68,40
20,74,23,40
21,52,17,40
22,6,28,40
1,18,14,41
2,7,14,41
3,13,38,41
4,24,6,41
5,71,62,41
6,85,1,41
7,3,71,41
8,54,69,41
9,30,1,41
10,95,27,41
11,37,50,41
12,16,22,41
13,0,42,41
14,92,4,41
15,76,1,41
16,5,48,41
17,57,57,41
18,45,85,41
19,92,68,41
20,75,23,41
21,53,16,41
22,6,28,41
1,18,15,42
2,6,13,42
3,13,38,42
4,23,6,42
5,71,62,42
6,85,1,42
7,2,70,42
8,53,68,42
9,31,0,42
10,95,28,42
11,38,50,42
12,17,21,42
13,1,43,42
14,91,3,42
15,76,1,42
16,4,49,42
17,56,58,42
18,44,84,42
19,93,67,42
20,74,22,42
21,54,16,42
22,5,27,42
1,19,16,43
2,5,12,43
3,14,37,43
4,23,5,43
5,70,63,43
6,86,1,43
7,2,71,43
8,52,68,43
9,32,0,43
10,95,29,43
11,37,51,43
12,16,20,43
13,2,42,43
14,91,3,43
15,76,1,43
16,4,49,43
17,56,57,43
18,43,84,43
19,93,67,43
20,74,21,43
21,53,17,43
22,5,28,43
1,20,15,44
2,4,11,44
3,15,37,44
4,24,5,44
5,69,63,44
6,85,0,44
7,2,71,44
8,52,68,44
9,33,0,44
10,95,28,44
11,36,50,44
12,16,20,44
13,1,43,44
14,91,2,44
15,75,0,44
16,5,48,44
17,56,57,44
18,42,83,44
19,94,68,44
20,73,21,44
21,52,18,44
22,5,27,44
1,21,16,45
2,5,10,45
3,14,36,45
4,25,5,45
5,69,62,45
6,86,0,45
7,2,71,45
8,51,67,45
9,34,1,45
10,96,27,45
11,37,49,45
12,17,20,45
13,0,44,45
14,91,3,45
15,76,1,45
16,4,49,45
17,57,58,45
18,43,82,45
19,94,68,45
20,74,21,45
21,53,17,45
22,5,28,45
1,22,17,46
2,5,9,46
3,15,36,46
4,25,4,46
5,70,61,46
6,86,1,46
7,2,70,46
8,52,68,46
9,35,2,46
10,97,27,46
11,36,50,46
12,17,20,46
13,1,43,46
14,92,4,46
15,75,0,46
16,4,48,46
17,56,58,46
18,43,81,46
19,94,67,46
20,73,22,46
21,53,16,46
22,5,28,46
1,23,16,47
2,6,9,47
3,15,37,47
4,25,5,47
5,70,60,47
6,85,1,47
7,2,71,47
8,53,67,47
9,36,2,47
10,96,27,47
11,36,51,47
12,16,20,47
13,0,43,47
14,92,4,47
15,75,1,47
16,4,49,47
17,57,58,47
18,42,82,47
19,93,68,47
20,72,23,47
21,52,17,47
22,6,29,47
1,22,17,48
2,5,10,48
3,15,36,48
4,24,5,48
5,71,61,48
6,84,0,48
7,1,70,48
8,53,66,48
9,35,2,48
10,95,26,48
11,37,52,48
12,16,19,48
13,0,42,48
14,93,4,48
15,76,1,48
16,3,49,48
17,58,58,48
18,43,81,48
19,94,69,48
20,71,22,48
21,53,16,48
22,6,29,48
1,22,18,49
2,6,11,49
3,14,35,49
4,25,6,49
5,72,60,49
6,83,1,49
7,2,71,49
8,53,67,49
9,36,1,49
10,95,25,49
11,37,51,49
12,16,20,49
13,1,41,49
14,93,4,49
15,75,1,49
16,4,50,49
17,58,57,49
18,42,81,49
19,93,68,49
20,71,21,49
21,52,17,49
22,7,30,49
1,22,17,50
2,7,11,50
3,14,34,50
4,25,5,50
5,72,61,50
6,83,1,50
7,2,70,50
8,53,68,50
9,35,0,50
10,95,26,50
11,37,50,50
12,16,19,50
13,0,41,50
14,93,5,50
15,74,1,50
16,5,49,50
17,59,57,50
18,41,80,50
19,92,68,50
20,71,21,50
21,52,16,50
22,6,30,50
1,22,17,51
2,6,11,51
3,14,35,51
4,26,5,51
5,71,60,51
6,83,1,51
7,2,70,51
8,53,69,51
9,36,0,51
10,94,26,51
11,38,49,51
12,17,19,51
13,0,40,51
14,93,4,51
15,75,1,51
16,6,48,51
17,59,56,51
18,40,79,51
19,91,67,51
20,71,22,51
21,52,16,51
22,5,29,51
1,23,17,52
2,7,10,52
3,15,35,52
4,25,4,52
5,71,60,52
6,83,0,52
7,1,71,52
8,52,69,52
9,37,0,52
10,93,27,52
11,39,48,52
12,16,20,52
13,0,40,52
14,92,3,52
15,76,0,52
16,6,47,52
17,60,56,52
18,40,80,52
19,92,66,52
20,72,23,52
21,51,17,52
22,6,29,52
1,22,17,53
2,7,10,53
3,14,34,53
4,26,5,53
5,71,59,53
6,82,0,53
7,1,72,53
8,52,68,53
9,37,0,53
10,93,26,53
11,38,49,53
12,16,19,53
13,1,40,53
14,93,3,53
15,76,1,53
16,7,47,53
17,60,57,53
18,41,79,53
19,91,66,53
20,73,24,53
21,52,18,53
22,7,30,53
1,23,18,54
2,6,11,54
3,14,35,54
4,26,6,54
5,70,60,54
6,81,0,54
7,1,71,54
8,51,68,54
9,38,1,54
10,93,27,54
11,37,50,54
12,15,20,54
13,1,40,54
14,94,2,54
15,75,0,54
16,6,47,54
17,59,56,54
18,40,78,54
19,91,65,54
20,74,24,54
21,52,17,54
22,7,29,54
1,24,19,55
2,5,12,55
3,15,35,55
4,26,6,55
5,71,60,55
6,81,1,55
7,1,70,55
8,52,67,55
9,39,1,55
10,93,28,55
11,36,49,55
12,15,21,55
13,0,39,55
14,94,2,55
15,76,0,55
16,7,46,55
17,58,55,55
18,40,78,55
19,91,65,55
20,75,23,55
21,51,17,55
22,7,30,55
1,25,19,56
2,5,13,56
3,15,35,56
4,26,7,56
5,70,61,56
6,80,1,56
7,1,69,56
8,53,68,56
9,39,2,56
10,94,29,56
11,35,50,56
12,16,20,56
13,0,38,56
14,94,2,56
15,77,1,56
16,7,47,56
17,57,56,56
18,39,77,56
19,90,65,56
20,74,22,56
21,50,17,56
22,7,29,56
1,26,19,57
2,4,13,57
3,14,35,57
4,27,7,57
5,71,61,57
6,81,1,57
7,2,68,57
8,54,68,57
9,38,3,57
10,95,30,57
11,36,50,57
12,17,21,57
13,0,38,57
14,95,3,57
15,78,2,57
16,7,48,57
17,58,56,57
18,38,77,57
19,89,64,57
20,73,22,57
21,49,18,57
22,8,30,57
1,25,20,58
2,4,12,58
3,15,35,58
4,27,7,58
5,70,61,58
6,81,0,58
7,2,67,58
8,55,67,58
9,39,2,58
10,95,30,58
11,37,51,58
12,16,21,58
13,0,37,58
14,94,3,58
15,79,2,58
16,7,49,58
17,57,56,58
18,38,78,58
19,90,65,58
20,73,22,58
21,48,19,58
22,9,30,58
1,26,21,59
2,3,12,59
3,15,36,59
4,27,6,59
5,70,60,59
6,80,0,59
7,2,67,59
8,54,67,59
9,40,2,59
10,94,31,59
11,36,51,59
12,15,22,59
13,0,38,59
14,94,2,59
15,80,2,59
16,8,49,59
17,57,55,59
18,38,78,59
19,91,64,59
20,72,23,59
21,49,20,59
22,9,29,59
1,25,20,60
2,2,12,60
3,15,36,60
4,26,6,60
5,70,59,60
6,79,0,60
7,3,66,60
8,54,67,60
9,39,3,60
10,93,32,60
11,36,50,60
12,14,21,60
13,1,38,60
14,95,1,60
15,81,1,60
16,9,50,60
17,57,55,60
18,37,78,60
19,92,63,60
20,73,23,60
21,50,21,60
22,8,28,60
1,25,19,61
2,1,12,61
3,16,36,61
4,27,7,61
5,71,58,61
6,79,0,61
7,3,66,61
8,55,66,61
9,38,3,61
10,94,31,61
11,37,51,61
12,14,22,61
13,1,38,61
14,96,2,61
15,80,1,61
16,9,51,61
17,56,56,61
18,37,78,61
19,93,64,61
20,72,23,61
21,49,21,61
22,9,27,61
1,25,20,62
2,0,12,62
3,15,37,62
4,27,6,62
5,71,59,62
6,78,1,62
7,4,67,62
8,55,67,62
9,38,3,62
10,94,32,62
11,36,52,62
12,13,22,62
13,1,39,62
14,96,2,62
15,79,1,62
16,10,52,62
17,57,55,62
18,37,77,62
19,94,64,62
20,73,23,62
21,50,20,62
22,10,28,62
1,25,21,63
2,0,11,63
3,16,36,63
4,28,7,63
5,72,58,63
6,77,2,63
7,5,67,63
8,56,67,63
9,37,2,63
10,95,31,63
11,36,52,63
12,13,23,63
13,0,40,63
14,95,3,63
15,80,1,63
16,10,53,63
17,57,54,63
18,37,76,63
19,94,64,63
20,74,22,63
21,50,21,63
22,9,27,63
1,25,22,64
2,0,11,64
3,16,36,64
4,27,7,64
5,71,58,64
6,76,2,64
7,5,66,64
8,56,68,64
9,37,1,64
10,96,30,64
11,35,51,64
12,14,22,64
13,0,39,64
14,96,4,64
15,81,0,64
16,10,53,64
17,58,54,64
18,36,75,64
19,94,63,64
20,74,22,64
21,50,21,64
22,10,27,64
1,26,23,65
2,1,11,65
3,17,37,65
4,27,6,65
5,72,58,65
6,76,3,65
7,6,65,65
8,55,67,65
9,36,2,65
10,96,31,65
11,36,52,65
12,14,23,65
13,0,38,65
14,96,4,65
15,80,1,65
16,10,52,65
17,59,54,65
18,35,76,65
19,94,64,65
20,75,21,65
21,51,20,65
22,9,27,65
1,27,24,66
2,2,10,66
3,18,38,66
4,27,7,66
5,71,59,66
6,77,4,66
7,7,64,66
8,55,66,66
9,35,3,66
10,97,30,66
11,37,53,66
12,15,23,66
13,0,38,66
14,97,3,66
15,81,1,66
16,10,52,66
17,59,55,66
18,36,76,66
19,93,65,66
20,74,22,66
21,50,21,66
22,10,27,66
1,27,25,67
2,2,10,67
3,19,39,67
4,28,8,67
5,70,59,67
6,78,3,67
7,7,65,67
8,54,66,67
9,36,4,67
10,98,30,67
11,36,54,67
12,15,24,67
13,1,38,67
14,96,3,67
15,81,1,67
16,10,51,67
17,59,56,67
18,37,76,67
19,92,64,67
20,75,23,67
21,49,21,67
22,11,26,67
1,26,26,68
2,2,11,68
3,19,38,68
4,27,9,68
5,69,59,68
6,77,4,68
7,8,65,68
8,54,65,68
9,36,5,68
10,98,29,68
11,35,54,68
12,16,23,68
13,2,38,68
14,97,2,68
15,82,2,68
16,11,51,68
17,58,55,68
18,37,77,68
19,91,65,68
20,75,22,68
21,49,22,68
22,12,25,68
1,25,27,69
2,1,10,69
3,20,39,69
4,28,9,69
5,70,60,69
6,76,4,69
7,7,65,69
8,55,64,69
9,37,5,69
10,98,29,69
11,34,54,69
12,17,23,69
13,1,38,69
14,98,2,69
15,81,3,69
16,11,50,69
17,57,56,69
18,36,76,69
19,92,66,69
20,75,22,69
21,48,21,69
22,11,25,69
1,25,26,70
2,1,9,70
3,20,40,70
4,29,9,70
5,70,59,70
6,75,3,70
7,6,65,70
8,56,63,70
9,37,5,70
10,99,28,70
11,33,55,70
12,18,23,70
13,2,37,70
14,99,2,70
15,80,2,70
16,10,51,70
17,57,56,70
18,37,75,70
19,93,67,70
20,75,21,70
21,48,21,70
22,11,24,70
1,26,25,71
2,1,8,71
3,21,40,71
4,29,9,71
5,71,59,71
6,76,3,71
7,5,66,71
8,55,62,71
9,37,4,71
10,98,27,71
11,32,55,71
12,18,24,71
13,1,38,71
14,98,2,71
15,80,1,71
16,10,52,71
17,58,57,71
18,36,76,71
19,92,66,71
20,76,20,71
21,49,20,71
22,12,25,71
1,25,26,72
2,2,7,72
3,20,40,72
4,30,8,72
5,70,60,72
6,77,2,72
7,5,67,72
8,55,63,72
9,38,4,72
10,99,28,72
11,33,55,72
12,19,25,72
13,2,38,72
14,98,1,72
15,80,1,72
16,9,53,72
17,59,57,72
18,35,75,72
19,93,67,72
20,75,21,72
21,49,20,72
22,12,26,72
1,24,27,73
2,2,7,73
3,20,39,73
4,31,8,73
5,70,59,73
6,76,1,73
7,4,66,73
8,55,63,73
9,39,5,73
10,98,28,73
11,34,54,73
12,20,24,73
13,3,38,73
14,99,1,73
15,79,1,73
16,10,53,73
17,60,56,73
18,35,76,73
19,94,67,73
20,74,21,73
21,48,21,73
22,11,26,73
1,24,26,74
2,2,6,74
3,20,38,74
4,30,7,74
5,70,59,74
6,77,2,74
7,5,66,74
8,56,63,74
9,39,5,74
10,98,29,74
11,35,53,74
12,21,24,74
13,4,37,74
14,99,0,74
15,80,0,74
16,11,53,74
17,60,55,74
18,34,77,74
19,94,68,74
20,75,21,74
21,48,21,74
22,10,25,74
1,24,27,75
2,1,6,75
3,19,38,75
4,29,7,75
5,70,59,75
6,78,2,75
7,5,67,75
8,57,63,75
9,40,4,75
10,98,29,75
11,34,53,75
12,22,24,75
13,3,38,75
14,99,1,75
15,81,0,75
16,12,54,75
17,60,56,75
18,35,78,75
19,93,69,75
20,74,21,75
21,48,20,75
22,9,24,75
1,25,26,76
2,2,6,76
3,18,39,76
4,28,8,76
5,70,60,76
6,79,2,76
7,5,66,76
8,56,64,76
9,39,3,76
10,98,29,76
11,33,53,76
12,23,24,76
13,3,37,76
14,98,0,76
15,80,1,76
16,11,53,76
17,61,57,76
18,36,77,76
19,93,68,76
20,75,20,76
21,48,21,76
22,8,24,76
1,24,25,77
2,2,7,77
3,17,40,77
4,27,7,77
5,69,61,77
6,78,1,77
7,5,65,77
8,55,63,77
9,38,4,77
10,97,30,77
11,32,54,77
12,24,23,77
13,4,37,77
14,98,0,77
15,80,0,77
16,11,52,77
17,62,58,77
18,36,77,77
19,94,68,77
20,74,19,77
21,48,20,77
22,8,24,77
1,24,24,78
2,3,8,78
3,16,40,78
4,28,7,78
5,69,61,78
6,79,0,78
7,4,66,78
8,54,64,78
9,38,5,78
10,98,31,78
11,33,55,78
12,23,23,78
13,5,36,78
14,99,0,78
15,81,1,78
16,10,53,78
17,61,57,78
18,37,76,78
19,95,69,78
20,75,18,78
21,47,20,78
22,9,24,78
1,24,23,79
2,3,8,79
3,15,40,79
4,27,6,79
5,70,61,79
6,78,1,79
7,3,66,79
8,53,63,79
9,38,4,79
10,98,32,79
11,33,55,79
12,22,23,79
13,4,35,79
14,99,1,79
15,81,0,79
16,9,54,79
17,60,58,79
18,37,76,79
19,95,69,79
20,75,17,79
21,47,21,79
22,9,25,79
1,25,22,80
2,2,8,80
3,16,41,80
4,27,7,80
5,71,61,80
6,77,1,80
7,3,65,80
8,54,62,80
9,37,3,80
10,97,32,80
11,34,56,80
12,22,24,80
13,5,35,80
14,99,2,80
15,82,1,80
16,9,54,80
17,60,57,80
18,36,76,80
19,95,68,80
20,76,16,80
21,47,21,80
22,10,26,80
1,25,21,81
2,3,8,81
3,17,42,81
4,28,7,81
5,72,60,81
6,77,2,81
7,4,65,81
8,54,61,81
9,38,2,81
10,96,33,81
11,34,56,81
12,21,25,81
13,6,34,81
14,98,2,81
15,81,0,81
16,8,54,81
17,60,57,81
18,35,75,81
19,94,67,81
20,75,16,81
21,46,21,81
22,11,25,81
1,25,21,82
2,4,8,82
3,17,42,82
4,29,7,82
5,71,61,82
6,77,1,82
7,5,66,82
8,54,60,82
9,38,1,82
10,95,34,82
11,33,55,82
12,20,25,82
13,7,34,82
14,98,2,82
15,82,0,82
16,8,54,82
17,59,58,82
18,35,76,82
19,94,68,82
20,74,16,82
21,46,22,82
22,11,26,82
1,24,22,83
2,4,9,83
3,16,41,83
4,30,6,83
5,70,60,83
6,76,0,83
7,4,66,83
8,55,60,83
9,39,2,83
10,95,33,83
11,33,55,83
12,19,26,83
13,7,33,83
14,99,1,83
15,83,1,83
16,8,55,83
17,60,59,83
18,34,75,83
19,94,67,83
20,74,17,83
21,46,21,83
22,11,25,83
1,25,23,84
2,3,9,84
3,17,41,84
4,29,6,84
5,70,60,84
6,75,0,84
7,3,65,84
8,55,60,84
9,38,1,84
10,96,33,84
11,33,54,84
12,18,27,84
13,7,32,84
14,98,0,84
15,83,1,84
16,7,56,84
17,59,60,84
18,34,74,84
19,93,68,84
20,74,16,84
21,45,20,84
22,12,25,84
1,26,23,85
2,4,9,85
3,18,40,85
4,30,6,85
5,69,59,85
6,76,0,85
7,2,66,85
8,54,61,85
9,37,1,85
10,95,33,85
11,33,55,85
12,18,27,85
13,6,31,85
14,98,1,85
15,84,2,85
16,6,55,85
17,60,61,85
18,33,75,85
19,93,67,85
20,73,15,85
21,44,19,85
22,13,25,85
1,27,23,86
2,4,10,86
3,18,39,86
4,29,7,86
5,68,59,86
6,75,0,86
7,3,65,86
8,54,61,86
9,36,1,86
10,95,32,86
11,32,54,86
12,17,27,86
13,7,31,86
14,97,2,86
15,83,1,86
16,6,54,86
17,60,61,86
18,34,76,86
19,92,68,86
20,74,14,86
21,44,19,86
22,13,25,86
1,26,22,87
2,4,11,87
3,18,39,87
4,30,8,87
5,67,59,87
6,76,0,87
7,4,64,87
8,55,62,87
9,36,0,87
10,96,33,87
11,33,55,87
12,18,26,87
13,6,30,87
14,98,3,87
15,83,0,87
16,5,55,87
17,61,60,87
18,33,77,87
19,93,67,87
20,73,14,87
21,43,19,87
22,13,25,87
1,26,23,88
2,5,11,88
3,18,39,88
4,29,9,88
5,66,58,88
6,76,0,88
7,3,63,88
8,54,61,88
9,36,0,88
10,97,32,88
11,33,56,88
12,17,27,88
13,6,29,88
14,98,2,88
15,83,1,88
16,4,54,88
17,62,60,88
18,33,77,88
19,94,67,88
20,72,13,88
21,44,20,88
22,13,24,88
1,26,22,89
2,6,11,89
3,19,39,89
4,30,9,89
5,66,59,89
6,75,0,89
7,3,64,89
8,55,60,89
9,36,0,89
10,98,31,89
11,33,56,89
12,18,28,89
13,7,30,89
14,98,3,89
15,82,1,89
16,5,53,89
17,61,61,89
18,33,76,89
19,94,68,89
20,72,13,89
21,43,21,89
22,12,25,89
1,25,23,90
2,6,10,90
3,18,38,90
4,30,8,90
5,66,59,90
6,75,0,90
7,4,63,90
8,54,61,90
9,37,1,90
10,97,31,90
11,34,55,90
12,18,28,90
13,6,30,90
14,97,3,90
15,82,0,90
16,6,53,90
17,62,60,90
18,32,76,90
19,93,68,90
20,71,13,90
21,43,20,90
22,13,26,90
1,25,24,91
2,7,11,91
3,18,39,91
4,31,9,91
5,66,58,91
6,76,0,91
7,5,62,91
8,53,62,91
9,38,2,91
10,97,31,91
11,33,56,91
12,19,27,91
13,7,30,91
14,96,4,91
15,81,1,91
16,6,54,91
17,63,60,91
18,32,77,91
19,92,68,91
20,72,12,91
21,44,19,91
22,13,25,91
1,26,23,92
2,7,10,92
3,19,39,92
4,31,8,92
5,67,58,92
6,76,0,92
7,5,61,92
8,52,63,92
9,39,1,92
10,98,32,92
11,33,57,92
12,19,28,92
13,6,31,92
14,96,5,92
15,81,0,92
16,5,55,92
17,63,59,92
18,32,77,92
19,91,67,92
20,72,12,92
21,44,18,92
22,12,25,92
1,26,22,93
2,7,9,93
3,19,38,93
4,32,7,93
5,67,58,93
6,76,0,93
7,4,61,93
8,53,63,93
9,38,2,93
10,97,32,93
11,34,57,93
12,18,28,93
13,6,32,93
14,95,5,93
15,81,1,93
16,4,54,93
17,63,58,93
18,31,76,93
19,90,67,93
20,71,12,93
21,44,18,93
22,12,24,93
1,25,22,94
2,8,8,94
3,18,38,94
4,31,6,94
5,66,57,94
6,75,0,94
7,4,62,94
8,52,64,94
9,39,2,94
10,97,32,94
11,35,57,94
12,17,29,94
13,5,33,94
14,96,5,94
15,80,1,94
16,5,53,94
17,62,59,94
18,32,76,94
19,91,66,94
20,70,12,94
21,44,18,94
22,12,25,94
1,25,22,95
2,7,7,95
3,19,37,95
4,32,7,95
5,65,58,95
6,76,0,95
7,4,63,95
8,53,63,95
9,39,2,95
10,96,31,95
11,35,56,95
12,17,29,95
13,6,34,95
14,97,5,95
15,80,0,95
16,4,54,95
17,61,58,95
18,31,77,95
19,92,65,95
20,69,12,95
21,45,19,95
22,12,24,95
1,26,22,96
2,6,8,96
3,20,38,96
4,33,8,96
5,65,59,96
6,75,1,96
7,4,64,96
8,53,62,96
9,39,2,96
10,95,31,96
11,36,57,96
12,16,28,96
13,7,35,96
14,96,5,96
15,80,0,96
16,4,54,96
17,60,57,96
18,32,78,96
19,93,65,96
20,70,12,96
21,45,20,96
22,13,23,96
1,25,22,97
2,5,7,97
3,19,38,97
4,33,9,97
5,66,59,97
6,76,2,97
7,3,65,97
8,52,63,97
9,38,1,97
10,96,31,97
11,37,58,97
12,15,27,97
13,7,35,97
14,96,6,97
15,79,0,97
16,5,53,97
17,60,57,97
18,32,78,97
19,93,65,97
20,71,12,97
21,45,20,97
22,14,23,97
1,26,21,98
2,4,8,98
3,19,38,98
4,33,10,98
5,66,59,98
6,75,3,98
7,4,64,98
8,52,63,98
9,38,1,98
10,96,31,98
11,37,59,98
12,16,26,98
13,8,35,98
14,97,7,98
15,80,1,98
16,4,53,98
17,60,57,98
18,32,79,98
19,92,65,98
20,72,13,98
21,46,21,98
22,13,22,98
1,25,20,99
2,3,8,99
3,19,37,99
4,33,10,99
5,66,59,99
6,76,3,99
7,5,64,99
8,51,64,99
9,38,2,99
10,97,31,99
11,36,59,99
12,17,27,99
13,9,36,99
14,97,7,99
15,81,2,99
16,3,52,99
17,61,56,99
18,31,80,99
19,91,65,99
20,71,14,99
21,47,22,99
22,12,21,99
1,24,19,100
2,2,9,100
3,19,37,100
4,33,9,100
5,66,60,100
6,76,4,100
7,6,64,100
8,51,65,100
9,38,2,100
10,97,30,100
11,35,59,100
12,16,27,100
13,8,36,100
14,98,6,100
15,82,3,100
16,3,52,100
17,62,55,100
18,31,80,100
19,92,66,100
20,71,13,100
21,47,21,100
22,13,22,100
