1,10,19,1
2,41,48,1
3,28,84,1
4,43,7,1
5,39,78,1
6,12,6,1
7,81,79,1
8,52,94,1
9,94,58,1
10,63,10,1
11,8,24,1
12,52,50,1
13,64,30,1
14,8,58,1
15,28,39,1
16,53,97,1
17,2,47,1
18,75,41,1
19,14,99,1
20,62,45,1
21,11,31,1
22,9,25,1
23,92,88,1
24,57,13,1
25,91,7,1
26,19,82,1
27,99,89,1
28,61,20,1
29,7,20,1
30,15,35,1
31,76,66,1
32,29,68,1
33,38,21,1
34,50,46,1
35,32,89,1
36,88,12,1
37,71,39,1
38,49,6,1
39,8,44,1
1,9,20,2
2,40,48,2
3,29,84,2
4,42,6,2
5,38,78,2
6,13,5,2
7,81,78,2
8,52,95,2
9,93,58,2
10,63,10,2
11,8,25,2
12,53,50,2
13,63,30,2
14,8,59,2
15,28,38,2
16,53,96,2
17,2,48,2
18,76,42,2
19,13,98,2
20,62,44,2
21,10,30,2
22,10,24,2
23,91,87,2
24,57,12,2
25,90,6,2
26,19,81,2
27,99,88,2
28,60,20,2
29,8,21,2
30,16,36,2
31,75,65,2
32,29,69,2
33,39,22,2
34,49,46,2
35,33,89,2
36,89,12,2
37,72,40,2
38,49,7,2
39,7,43,2
1,10,19,3
2,41,49,3
3,29,84,3
4,41,6,3
5,37,78,3
6,14,5,3
7,80,79,3
8,52,97,3
9,93,58,3
10,64,10,3
11,8,26,3
12,52,50,3
13,62,31,3
14,7,59,3
15,27,39,3
16,53,97,3
17,3,49,3
18,76,43,3
19,14,97,3
20,62,45,3
21,10,31,3
22,11,23,3
23,92,88,3
24,57,12,3
25,89,7,3
26,18,81,3
27,99,89,3
28,59,19,3
29,9,20,3
30,15,35,3
31,76,64,3
32,30,69,3
33,38,23,3
34,48,47,3
35,34,88,3
36,88,12,3
37,73,39,3
38,49,8,3
39,7,44,3
1,9,18,4
2,41,50,4
3,28,83,4
4,42,7,4
5,38,79,4
6,15,6,4
7,81,80,4
8,53,96,4
9,92,59,4
10,64,10,4
11,9,27,4
12,53,51,4
13,61,31,4
14,8,58,4
15,26,40,4
16,52,97,4
17,4,50,4
18,77,42,4
19,14,96,4
20,63,46,4
21,9,30,4
22,11,23,4
23,93,88,4
24,57,12,4
25,89,7,4
26,18,81,4
27,98,88,4
28,60,18,4
29,8,19,4
30,14,35,4
31,76,64,4
32,30,70,4
33,37,24,4
34,48,47,4
35,35,87,4
36,88,13,4
37,72,38,4
38,50,9,4
39,6,45,4
1,8,18,5
2,42,51,5
3,29,82,5
4,43,8,5
5,39,79,5
6,16,7,5
7,80,80,5
8,53,95,5
9,93,58,5
10,65,9,5
11,8,28,5
12,54,50,5
13,60,32,5
14,7,58,5
15,25,39,5
16,51,97,5
17,5,50,5
18,77,43,5
19,15,96,5
20,62,46,5
21,10,30,5
22,11,24,5
23,94,87,5
24,58,13,5
25,90,7,5
26,19,82,5
27,98,89,5
28,61,19,5
29,7,20,5
30,14,34,5
31,77,64,5
32,30,71,5
33,36,23,5
34,48,48,5
35,34,88,5
36,88,14,5
37,72,38,5
38,49,10,5
39,6,45,5
1,8,18,6
2,41,52,6
3,30,81,6
4,43,8,6
5,38,80,6
6,17,8,6
7,80,79,6
8,52,96,6
9,93,57,6
10,65,8,6
11,9,28,6
12,53,51,6
13,60,31,6
14,7,58,6
15,26,38,6
16,51,97,6
17,4,50,6
18,77,44,6
19,14,95,6
20,62,46,6
21,9,29,6
22,10,24,6
23,93,86,6
24,58,13,6
25,89,8,6
26,18,83,6
27,99,90,6
28,62,18,6
29,6,19,6
30,13,33,6
31,77,64,6
32,31,72,6
33,37,22,6
34,47,49,6
35,33,88,6
36,89,15,6
37,73,37,6
38,49,9,6
39,7,46,6
1,8,18,7
2,41,53,7
3,29,80,7
4,43,9,7
5,37,80,7
6,17,9,7
7,81,78,7
8,52,97,7
9,93,57,7
10,66,8,7
11,10,28,7
12,52,50,7
13,59,30,7
14,8,59,7
15,26,38,7
16,50,96,7
17,3,51,7
18,76,45,7
19,14,94,7
20,63,46,7
21,10,30,7
22,11,23,7
23,93,87,7
24,59,13,7
25,89,7,7
26,19,83,7
27,98,89,7
28,61,17,7
29,7,20,7
30,14,34,7
31,77,63,7
32,31,71,7
33,38,21,7
34,48,49,7
35,33,87,7
36,88,15,7
37,72,37,7
38,50,9,7
39,7,47,7
1,7,19,8
2,42,52,8
3,30,79,8
4,43,10,8
5,38,80,8
6,17,9,8
7,81,78,8
8,53,96,8
9,94,56,8
10,66,7,8
11,9,28,8
12,51,50,8
13,59,31,8
14,9,59,8
15,27,38,8
16,49,95,8
17,4,51,8
18,75,46,8
19,13,93,8
20,63,46,8
21,9,29,8
22,12,22,8
23,94,88,8
24,59,14,8
25,88,6,8
26,18,84,8
27,98,89,8
28,60,18,8
29,6,20,8
30,13,33,8
31,78,64,8
32,30,71,8
33,37,21,8
34,48,50,8
35,33,86,8
36,87,16,8
37,71,36,8
38,51,8,8
39,8,48,8
1,8,20,9
2,42,51,9
3,30,80,9
4,44,11,9
5,39,79,9
6,17,10,9
7,81,77,9
8,52,97,9
9,95,57,9
10,65,8,9
11,8,29,9
12,52,49,9
13,59,32,9
14,10,58,9
15,27,38,9
16,48,94,9
17,5,52,9
18,76,46,9
19,12,92,9
20,62,45,9
21,9,30,9
22,13,23,9
23,93,88,9
24,59,13,9
25,87,5,9
26,17,85,9
27,99,89,9
28,59,18,9
29,5,20,9
30,13,34,9
31,78,64,9
32,29,70,9
33,38,21,9
34,47,51,9
35,34,87,9
36,87,17,9
37,72,37,9
38,52,7,9
39,9,47,9
1,7,19,10
2,41,52,10
3,30,81,10
4,45,11,10
5,40,78,10
6,16,11,10
7,81,78,10
8,52,97,10
9,94,56,10
10,65,9,10
11,7,29,10
12,52,50,10
13,60,33,10
14,11,57,10
15,26,37,10
16,47,94,10
17,6,51,10
18,75,46,10
19,13,93,10
20,63,44,10
21,8,30,10
22,13,24,10
23,92,88,10
24,58,14,10
25,87,6,10
26,16,86,10
27,99,88,10
28,58,19,10
29,6,21,10
30,12,34,10
31,77,63,10
32,29,69,10
33,38,20,10
34,46,51,10
35,34,86,10
36,87,16,10
37,73,38,10
38,53,7,10
39,10,47,10
1,6,20,11
2,42,52,11
3,29,82,11
4,45,11,11
5,41,78,11
6,17,12,11
7,82,77,11
8,51,98,11
9,93,56,11
10,66,10,11
11,6,30,11
12,52,49,11
13,61,34,11
14,12,56,11
15,25,36,11
16,46,93,11
17,5,51,11
18,74,47,11
19,12,94,11
20,64,43,11
21,9,29,11
22,13,24,11
23,92,87,11
24,58,15,11
25,86,7,11
26,17,85,11
27,99,87,11
28,58,19,11
29,7,20,11
30,12,33,11
31,78,62,11
32,30,69,11
33,38,21,11
34,47,51,11
35,34,85,11
36,86,15,11
37,74,39,11
38,53,7,11
39,10,46,11
1,7,21,12
2,42,51,12
3,29,82,12
4,46,10,12
5,40,77,12
6,18,12,12
7,83,78,12
8,50,99,12
9,94,57,12
10,66,10,12
11,5,29,12
12,53,49,12
13,62,33,12
14,12,56,12
15,24,36,12
16,46,92,12
17,6,50,12
18,74,47,12
19,13,95,12
20,64,42,12
21,8,29,12
22,12,24,12
23,93,88,12
24,59,16,12
25,87,8,12
26,17,85,12
27,98,86,12
28,59,19,12
29,8,20,12
30,13,32,12
31,79,63,12
32,30,68,12
33,39,20,12
34,47,50,12
35,34,84,12
36,85,15,12
37,73,38,12
38,53,7,12
39,10,47,12
1,8,22,13
2,41,50,13
3,29,83,13
4,45,9,13
5,39,77,13
6,18,11,13
7,84,77,13
8,50,98,13
9,95,58,13
10,66,11,13
11,4,30,13
12,53,49,13
13,61,32,13
14,11,56,13
15,23,35,13
16,46,91,13
17,5,49,13
18,74,48,13
19,12,95,13
20,63,43,13
21,7,28,13
22,12,25,13
23,92,87,13
24,59,17,13
25,86,9,13
26,16,84,13
27,99,85,13
28,58,18,13
29,7,21,13
30,13,32,13
31,78,63,13
32,31,68,13
33,39,20,13
34,48,51,13
35,34,85,13
36,85,16,13
37,73,39,13
38,53,8,13
39,10,47,13
1,9,21,14
2,42,49,14
3,29,82,14
4,44,9,14
5,38,76,14
6,19,12,14
7,84,76,14
8,51,97,14
9,95,57,14
10,65,12,14
11,3,29,14
12,52,48,14
13,61,31,14
14,12,55,14
15,24,34,14
16,46,91,14
17,6,50,14
18,73,47,14
19,13,96,14
20,63,42,14
21,8,28,14
22,11,25,14
23,91,88,14
24,60,18,14
25,87,10,14
26,15,83,14
27,98,86,14
28,59,18,14
29,7,20,14
30,13,33,14
31,78,63,14
32,32,68,14
33,39,21,14
34,49,51,14
35,33,84,14
36,86,16,14
37,72,39,14
38,52,9,14
39,11,46,14
1,8,21,15
2,41,49,15
3,30,81,15
4,44,9,15
5,39,77,15
6,20,12,15
7,84,75,15
8,50,98,15
9,96,58,15
10,65,13,15
11,3,30,15
12,51,47,15
13,60,32,15
14,13,55,15
15,24,34,15
16,45,92,15
17,5,51,15
18,74,46,15
19,13,95,15
20,63,42,15
21,7,29,15
22,12,24,15
23,90,87,15
24,58,19,15
25,87,10,15
26,14,83,15
27,97,86,15
28,60,18,15
29,6,19,15
30,13,34,15
31,77,64,15
32,33,69,15
33,40,21,15
34,50,51,15
35,32,83,15
36,85,17,15
37,73,40,15
38,53,10,15
39,12,46,15
1,7,20,16
2,42,49,16
3,31,81,16
4,44,9,16
5,39,78,16
6,20,11,16
7,85,74,16
8,49,97,16
9,96,58,16
10,65,12,16
11,3,30,16
12,50,48,16
13,60,33,16
14,14,56,16
15,23,35,16
16,44,91,16
17,4,51,16
18,75,46,16
19,14,94,16
20,63,41,16
21,8,28,16
22,13,25,16
23,89,86,16
24,57,18,16
25,88,10,16
26,15,83,16
27,97,86,16
28,60,17,16
29,6,18,16
30,14,35,16
31,78,63,16
32,33,70,16
33,41,21,16
34,51,51,16
35,32,84,16
36,84,16,16
37,72,40,16
38,53,9,16
39,12,47,16
1,7,21,17
2,42,48,17
3,32,81,17
4,45,8,17
5,39,77,17
6,21,10,17
7,86,74,17
8,48,98,17
9,96,58,17
10,65,12,17
11,3,30,17
12,50,47,17
13,60,33,17
14,14,55,17
15,23,35,17
16,43,90,17
17,3,52,17
18,74,46,17
19,15,95,17
20,62,40,17
21,8,29,17
22,14,25,17
23,89,85,17
24,56,17,17
25,89,11,17
26,16,84,17
27,96,87,17
28,59,18,17
29,7,19,17
30,14,35,17
31,78,64,17
32,33,70,17
33,42,20,17
34,51,52,17
35,32,84,17
36,85,17,17
37,71,39,17
38,54,9,17
39,13,47,17
1,7,22,18
2,41,48,18
3,33,81,18
4,46,9,18
5,40,76,18
6,22,11,18
7,85,75,18
8,48,98,18
9,97,58,18
10,65,12,18
11,4,29,18
12,50,47,18
13,60,32,18
14,13,54,18
15,24,36,18
16,42,91,18
17,3,51,18
18,73,45,18
19,14,94,18
20,62,41,18
21,8,28,18
22,15,25,18
23,88,84,18
24,56,17,18
25,90,12,18
26,15,83,18
27,96,88,18
28,60,18,18
29,7,19,18
30,14,36,18
31,77,65,18
32,32,71,18
33,42,19,18
34,51,52,18
35,31,85,18
36,86,18,18
37,72,40,18
38,54,8,18
39,12,48,18
1,6,23,19
2,40,48,19
3,34,80,19
4,47,8,19
5,39,77,19
6,22,10,19
7,84,75,19
8,49,98,19
9,98,59,19
10,64,12,19
11,5,30,19
12,49,46,19
13,60,31,19
14,14,55,19
15,25,36,19
16,41,90,19
17,4,52,19
18,73,44,19
19,13,95,19
20,61,42,19
21,7,27,19
22,16,25,19
23,89,85,19
24,56,17,19
25,90,12,19
26,15,82,19
27,97,89,19
28,60,18,19
29,7,20,19
30,15,36,19
31,76,65,19
32,32,72,19
33,42,19,19
34,50,53,19
35,30,84,19
36,86,17,19
37,73,41,19
38,55,8,19
39,11,47,19
1,6,24,20
2,40,49,20
3,33,80,20
4,48,8,20
5,39,77,20
6,21,11,20
7,85,75,20
8,49,99,20
9,97,59,20
10,63,11,20
11,6,29,20
12,50,47,20
13,60,31,20
14,14,56,20
15,25,35,20
16,42,89,20
17,3,53,20
18,72,45,20
19,14,94,20
20,62,41,20
21,7,27,20
22,15,25,20
23,88,85,20
24,56,16,20
25,89,11,20
26,16,82,20
27,96,88,20
28,61,19,20
29,8,20,20
30,15,36,20
31,76,64,20
32,33,73,20
33,41,18,20
34,50,52,20
35,31,83,20
36,87,16,20
37,74,41,20
38,56,8,20
39,10,48,20
1,6,23,21
2,41,50,21
3,33,81,21
4,48,7,21
5,39,77,21
6,20,10,21
7,84,74,21
8,48,98,21
9,96,58,21
10,64,10,21
11,6,28,21
12,51,47,21
13,59,30,21
14,13,57,21
15,25,34,21
16,43,89,21
17,3,54,21
18,73,45,21
19,14,94,21
20,61,41,21
21,8,27,21
22,14,26,21
23,88,84,21
24,57,15,21
25,90,12,21
26,15,83,21
27,96,87,21
28,60,18,21
29,8,21,21
30,15,35,21
31,76,63,21
32,33,72,21
33,40,18,21
34,49,51,21
35,32,84,21
36,86,16,21
37,75,42,21
38,57,7,21
39,11,48,21
1,5,23,22
2,42,49,22
3,33,82,22
4,49,8,22
5,39,76,22
6,21,10,22
7,83,73,22
8,48,99,22
9,95,58,22
10,63,11,22
11,5,27,22
12,52,48,22
13,60,29,22
14,13,57,22
15,24,33,22
16,43,90,22
17,2,55,22
18,73,46,22
19,13,94,22
20,61,41,22
21,9,26,22
22,14,25,22
23,88,84,22
24,56,16,22
25,91,11,22
26,16,82,22
27,97,86,22
28,61,17,22
29,8,22,22
30,14,36,22
31,76,62,22
32,32,71,22
33,40,18,22
34,48,52,22
35,31,83,22
36,86,15,22
37,75,42,22
38,57,7,22
39,10,47,22
1,4,22,23
2,41,50,23
3,33,83,23
4,49,8,23
5,40,75,23
6,21,9,23
7,84,73,23
8,47,98,23
9,96,59,23
10,62,11,23
11,4,27,23
12,51,49,23
13,59,29,23
14,12,58,23
15,24,33,23
16,44,91,23
17,2,56,23
18,73,47,23
19,12,94,23
20,60,42,23
21,8,26,23
22,14,25,23
23,89,85,23
24,57,16,23
25,91,12,23
26,15,81,23
27,98,85,23
28,60,17,23
29,7,23,23
30,14,36,23
31,77,63,23
32,31,71,23
33,39,18,23
34,47,51,23
35,32,82,23
36,87,16,23
37,74,43,23
38,57,6,23
39,10,48,23
1,4,21,24
2,40,51,24
3,34,83,24
4,50,9,24
5,40,75,24
6,22,10,24
7,84,72,24
8,48,98,24
9,97,58,24
10,61,10,24
11,3,27,24
12,50,50,24
13,58,30,24
14,13,59,24
15,25,32,24
16,44,91,24
17,3,55,24
18,73,47,24
19,13,95,24
20,59,41,24
21,9,26,24
22,13,26,24
23,89,84,24
24,58,15,24
25,92,12,24
26,14,82,24
27,98,85,24
28,61,17,24
29,8,23,24
30,15,36,24
31,77,64,24
32,32,71,24
33,38,17,24
34,46,50,24
35,33,83,24
36,87,15,24
37,74,43,24
38,58,6,24
39,9,49,24
1,3,22,25
2,39,50,25
3,35,83,25
4,50,9,25
5,41,76,25
6,22,11,25
7,83,72,25
8,48,99,25
9,97,58,25
10,60,11,25
11,3,27,25
12,49,51,25
13,58,30,25
14,14,58,25
15,24,33,25
16,44,91,25
17,4,56,25
18,72,47,25
19,12,95,25
20,59,42,25
21,9,26,25
22,12,27,25
23,89,84,25
24,57,15,25
25,91,13,25
26,15,82,25
27,98,86,25
28,61,17,25
29,9,22,25
30,16,37,25
31,77,65,25
32,32,72,25
33,39,17,25
34,47,50,25
35,34,84,25
36,86,16,25
37,75,44,25
38,59,5,25
39,9,48,25
1,4,23,26
2,40,50,26
3,36,84,26
4,49,10,26
5,40,75,26
6,22,10,26
7,84,73,26
8,49,98,26
9,96,58,26
10,61,11,26
11,2,28,26
12,50,52,26
13,58,31,26
14,13,57,26
15,24,34,26
16,44,92,26
17,4,55,26
18,73,47,26
19,13,95,26
20,58,42,26
21,8,27,26
22,13,28,26
23,89,85,26
24,57,15,26
25,90,14,26
26,15,83,26
27,98,86,26
28,61,17,26
29,8,22,26
30,17,37,26
31,76,64,26
32,33,73,26
33,40,18,26
34,47,50,26
35,33,85,26
36,87,17,26
37,74,43,26
38,60,6,26
39,10,48,26
1,3,24,27
2,41,49,27
3,35,83,27
4,48,9,27
5,40,74,27
6,21,10,27
7,83,72,27
8,50,98,27
9,95,57,27
10,61,12,27
11,3,27,27
12,50,53,27
13,57,30,27
14,14,58,27
15,25,34,27
16,43,93,27
17,4,56,27
18,73,48,27
19,14,96,27
20,59,42,27
21,9,27,27
22,12,27,27
23,90,84,27
24,58,16,27
25,89,13,27
26,14,83,27
27,99,85,27
28,62,17,27
29,7,23,27
30,18,36,27
31,76,65,27
32,33,74,27
33,40,17,27
34,47,50,27
35,33,86,27
36,86,18,27
37,73,44,27
38,59,7,27
39,9,49,27
1,2,24,28
2,40,48,28
3,35,83,28
4,47,9,28
5,39,73,28
6,22,11,28
7,83,72,28
8,49,97,28
9,94,58,28
10,62,13,28
11,2,28,28
12,49,52,28
13,56,30,28
14,15,58,28
15,24,34,28
16,42,94,28
17,4,56,28
18,74,49,28
19,15,95,28
20,58,41,28
21,8,26,28
22,11,27,28
23,91,83,28
24,58,15,28
25,90,13,28
26,15,84,28
27,98,85,28
28,62,17,28
29,6,22,28
30,17,37,28
31,77,65,28
32,34,75,28
33,39,17,28
34,48,50,28
35,33,85,28
36,87,17,28
37,73,45,28
38,60,6,28
39,8,49,28
1,2,23,29
2,39,47,29
3,36,84,29
4,48,8,29
5,40,72,29
6,22,10,29
7,84,73,29
8,48,96,29
9,95,57,29
10,63,13,29
11,1,27,29
12,48,52,29
13,57,29,29
14,15,57,29
15,24,33,29
16,43,93,29
17,5,57,29
18,73,48,29
19,14,95,29
20,59,42,29
21,9,26,29
22,11,26,29
23,90,84,29
24,57,15,29
25,89,14,29
26,15,84,29
27,98,86,29
28,61,17,29
29,6,23,29
30,18,37,29
31,76,65,29
32,33,75,29
33,40,16,29
34,48,50,29
35,32,84,29
36,86,16,29
37,72,45,29
38,60,5,29
39,8,50,29
1,2,24,30
2,38,48,30
3,37,83,30
4,47,9,30
5,41,71,30
6,23,11,30
7,85,72,30
8,49,95,30
9,96,58,30
10,62,14,30
11,2,26,30
12,48,53,30
13,57,29,30
14,16,57,30
15,24,32,30
16,44,92,30
17,4,57,30
18,74,49,30
19,15,96,30
20,60,43,30
21,10,25,30
22,12,25,30
23,91,83,30
24,58,16,30
25,89,15,30
26,14,84,30
27,99,85,30
28,60,18,30
29,7,24,30
30,17,36,30
31,77,66,30
32,34,74,30
33,41,16,30
34,48,50,30
35,32,85,30
36,85,17,30
37,71,46,30
38,60,6,30
39,7,49,30
1,1,23,31
2,38,48,31
3,38,82,31
4,47,8,31
5,41,70,31
6,23,11,31
7,85,73,31
8,48,94,31
9,97,58,31
10,61,14,31
11,3,27,31
12,48,54,31
13,58,30,31
14,17,57,31
15,25,33,31
16,44,91,31
17,4,56,31
18,74,49,31
19,15,97,31
20,59,43,31
21,9,26,31
22,13,25,31
23,90,83,31
24,59,16,31
25,88,14,31
26,13,85,31
27,99,85,31
28,60,17,31
29,7,25,31
30,18,36,31
31,77,65,31
32,35,75,31
33,40,17,31
34,48,51,31
35,33,85,31
36,84,17,31
37,70,45,31
38,61,7,31
39,8,49,31
1,2,22,32
2,38,48,32
3,39,81,32
4,48,8,32
5,40,71,32
6,23,12,32
7,85,72,32
8,48,95,32
9,96,58,32
10,61,15,32
11,2,28,32
12,47,55,32
13,57,31,32
14,17,58,32
15,25,33,32
16,45,91,32
17,5,55,32
18,75,49,32
19,14,97,32
20,60,43,32
21,9,26,32
22,13,24,32
23,91,83,32
24,60,15,32
25,88,14,32
26,12,86,32
27,99,85,32
28,60,16,32
29,6,25,32
30,17,35,32
31,77,65,32
32,36,74,32
33,39,16,32
34,48,50,32
35,33,85,32
36,84,16,32
37,70,46,32
38,61,8,32
39,9,48,32
1,2,22,33
2,37,49,33
3,39,80,33
4,48,7,33
5,40,70,33
6,23,12,33
7,84,73,33
8,49,95,33
9,95,59,33
10,61,15,33
11,3,28,33
12,46,55,33
13,56,30,33
14,16,58,33
15,24,32,33
16,46,91,33
17,6,54,33
18,74,48,33
19,15,97,33
20,59,43,33
21,10,25,33
22,12,25,33
23,90,82,33
24,59,14,33
25,89,15,33
26,12,87,33
27,99,84,33
28,61,16,33
29,6,25,33
30,17,36,33
31,78,66,33
32,37,73,33
33,39,15,33
34,49,50,33
35,34,84,33
36,84,17,33
37,70,46,33
38,61,9,33
39,8,49,33
1,2,22,34
2,37,49,34
3,38,81,34
4,47,8,34
5,40,71,34
6,24,13,34
7,83,74,34
8,49,94,34
9,96,60,34
10,61,15,34
11,2,29,34
12,47,54,34
13,56,30,34
14,17,58,34
15,24,32,34
16,45,92,34
17,5,54,34
18,74,48,34
19,15,96,34
20,58,44,34
21,11,24,34
22,12,26,34
23,90,83,34
24,60,13,34
25,90,16,34
26,11,87,34
27,99,83,34
28,60,16,34
29,7,25,34
30,18,35,34
31,78,66,34
32,38,74,34
33,38,16,34
34,49,49,34
35,35,85,34
36,85,18,34
37,70,47,34
38,62,8,34
39,8,50,34
1,3,23,35
2,37,48,35
3,38,80,35
4,47,7,35
5,41,70,35
6,23,13,35
7,83,74,35
8,50,93,35
9,97,59,35
10,61,14,35
11,3,30,35
12,47,55,35
13,55,30,35
14,17,57,35
15,25,33,35
16,46,93,35
17,4,55,35
18,73,47,35
19,15,97,35
20,57,44,35
21,11,25,35
22,13,25,35
23,89,83,35
24,59,12,35
25,91,16,35
26,11,86,35
27,98,84,35
28,61,17,35
29,6,25,35
30,19,35,35
31,77,65,35
32,37,74,35
33,39,16,35
34,50,48,35
35,34,84,35
36,86,18,35
37,69,48,35
38,63,9,35
39,9,50,35
1,2,24,36
2,36,47,36
3,38,79,36
4,46,6,36
5,41,71,36
6,22,12,36
7,83,75,36
8,51,94,36
9,96,58,36
10,61,15,36
11,4,29,36
12,48,56,36
13,54,29,36
14,18,56,36
15,24,32,36
16,46,94,36
17,4,54,36
18,72,48,36
19,15,97,36
20,56,43,36
21,11,26,36
22,14,26,36
23,88,84,36
24,58,13,36
25,91,17,36
26,10,87,36
27,97,84,36
28,62,18,36
29,7,24,36
30,20,34,36
31,77,66,36
32,38,75,36
33,40,15,36
34,51,49,36
35,34,85,36
36,86,17,36
37,68,49,36
38,62,8,36
39,10,51,36
1,3,23,37
2,35,48,37
3,38,78,37
4,45,7,37
5,42,72,37
6,22,13,37
7,83,76,37
8,51,93,37
9,95,57,37
10,61,14,37
11,4,28,37
12,48,56,37
13,54,28,37
14,17,56,37
15,25,33,37
16,45,94,37
17,3,55,37
18,72,47,37
19,16,96,37
20,55,42,37
21,10,25,37
22,15,27,37
23,88,84,37
24,58,14,37
25,91,17,37
26,10,87,37
27,97,83,37
28,63,18,37
29,7,24,37
30,19,33,37
31,76,66,37
32,39,74,37
33,41,16,37
34,50,50,37
35,35,86,37
36,85,16,37
37,67,48,37
38,63,7,37
39,10,50,37
1,4,22,38
2,36,48,38
3,37,78,38
4,44,6,38
5,42,72,38
6,22,14,38
7,82,76,38
8,50,92,38
9,94,58,38
10,60,13,38
11,5,29,38
12,47,56,38
13,53,29,38
14,18,57,38
15,25,34,38
16,44,93,38
17,2,55,38
18,71,46,38
19,15,96,38
20,54,43,38
21,9,26,38
22,16,27,38
23,87,83,38
24,57,14,38
25,90,18,38
26,11,86,38
27,98,82,38
28,62,19,38
29,7,25,38
30,20,34,38
31,77,65,38
32,39,75,38
33,40,15,38
34,49,49,38
35,36,87,38
36,86,16,38
37,66,47,38
38,63,8,38
39,9,50,38
1,3,22,39
2,37,49,39
3,38,78,39
4,44,7,39
5,42,72,39
6,23,13,39
7,82,76,39
8,49,91,39
9,93,59,39
10,61,14,39
11,4,30,39
12,48,57,39
13,52,30,39
14,19,56,39
15,25,34,39
16,45,93,39
17,3,54,39
18,70,46,39
19,14,95,39
20,53,44,39
21,9,25,39
22,17,28,39
23,86,84,39
24,57,13,39
25,91,19,39
26,12,87,39
27,99,82,39
28,61,20,39
29,8,24,39
30,21,34,39
31,78,65,39
32,38,76,39
33,41,14,39
34,50,50,39
35,36,87,39
36,87,17,39
37,65,46,39
38,63,8,39
39,10,51,39
1,4,21,40
2,36,50,40
3,38,79,40
4,44,6,40
5,41,72,40
6,23,13,40
7,81,77,40
8,49,92,40
9,92,58,40
10,61,15,40
11,3,31,40
12,47,58,40
13,52,29,40
14,18,56,40
15,25,33,40
16,44,93,40
17,2,53,40
18,69,47,40
19,14,96,40
20,54,44,40
21,8,26,40
22,18,27,40
23,87,83,40
24,56,12,40
25,90,19,40
26,12,87,40
27,98,82,40
28,62,19,40
29,8,25,40
30,20,34,40
31,77,64,40
32,39,77,40
33,42,14,40
34,51,51,40
35,35,88,40
36,87,17,40
37,66,47,40
38,64,8,40
39,11,52,40
1,5,22,41
2,37,49,41
3,38,78,41
4,43,7,41
5,42,72,41
6,23,12,41
7,80,77,41
8,48,91,41
9,92,57,41
10,61,16,41
11,2,32,41
12,48,57,41
13,53,30,41
14,17,56,41
15,26,34,41
16,44,93,41
17,1,52,41
18,70,46,41
19,15,96,41
20,55,45,41
21,7,26,41
22,18,26,41
23,87,82,41
24,57,13,41
25,91,20,41
26,13,88,41
27,98,82,41
28,63,18,41
29,7,25,41
30,20,34,41
31,76,64,41
32,39,76,41
33,42,15,41
34,51,50,41
35,35,89,41
36,87,16,41
37,66,47,41
38,64,7,41
39,12,51,41
1,5,22,42
2,36,50,42
3,37,77,42
4,43,6,42
5,43,71,42
6,23,12,42
7,81,77,42
8,48,91,42
9,93,56,42
10,62,16,42
11,1,33,42
12,47,56,42
13,53,31,42
14,17,55,42
15,27,33,42
16,45,93,42
17,0,52,42
18,70,46,42
19,16,95,42
20,54,44,42
21,6,25,42
22,17,25,42
23,88,83,42
24,57,12,42
25,92,21,42
26,12,88,42
27,99,83,42
28,64,17,42
29,8,26,42
30,20,34,42
31,76,64,42
32,40,77,42
33,42,14,42
34,50,50,42
35,35,89,42
36,88,17,42
37,66,47,42
38,65,6,42
39,13,50,42
1,6,22,43
2,35,49,43
3,38,76,43
4,44,7,43
5,42,70,43
6,23,11,43
7,81,78,43
8,47,90,43
9,94,55,43
10,63,15,43
11,1,32,43
12,48,57,43
13,54,32,43
14,17,54,43
15,28,32,43
16,45,93,43
17,1,53,43
18,71,46,43
19,16,94,43
20,54,44,43
21,6,26,43
22,17,25,43
23,87,84,43
24,56,11,43
25,93,22,43
26,12,88,43
27,98,83,43
28,65,16,43
29,7,26,43
30,21,33,43
31,77,65,43
32,40,76,43
33,43,14,43
34,50,49,43
35,34,89,43
36,89,17,43
37,66,47,43
38,64,6,43
39,14,51,43
1,5,21,44
2,34,48,44
3,38,76,44
4,44,6,44
5,41,69,44
6,22,11,44
7,80,79,44
8,47,90,44
9,95,54,44
10,64,14,44
11,1,33,44
12,47,56,44
13,53,33,44
14,17,53,44
15,29,31,44
16,46,92,44
17,1,54,44
18,71,47,44
19,16,93,44
20,54,44,44
21,7,25,44
22,17,26,44
23,87,85,44
24,57,12,44
25,93,22,44
26,11,89,44
27,97,83,44
28,65,17,44
29,6,27,44
30,20,33,44
31,77,65,44
32,40,76,44
33,43,13,44
34,50,49,44
35,35,88,44
36,90,18,44
37,67,47,44
38,63,7,44
39,13,52,44
1,5,20,45
2,33,47,45
3,39,77,45
4,43,7,45
5,42,69,45
6,21,12,45
7,80,78,45
8,48,90,45
9,96,53,45
10,64,13,45
11,2,32,45
12,47,55,45
13,52,34,45
14,16,52,45
15,30,31,45
16,47,92,45
17,0,54,45
18,72,48,45
19,16,94,45
20,54,44,45
21,6,24,45
22,16,25,45
23,88,85,45
24,56,13,45
25,94,21,45
26,12,90,45
27,98,83,45
28,65,16,45
29,7,28,45
30,20,33,45
31,76,64,45
32,41,76,45
33,43,14,45
34,50,48,45
35,36,89,45
36,91,18,45
37,67,48,45
38,63,6,45
39,14,52,45
1,4,19,46
2,34,48,46
3,39,77,46
4,42,7,46
5,41,69,46
6,22,11,46
7,79,79,46
8,49,90,46
9,96,54,46
10,63,13,46
11,3,31,46
12,47,56,46
13,53,33,46
14,17,51,46
15,29,32,46
16,48,91,46
17,0,54,46
18,71,49,46
19,15,93,46
20,54,44,46
21,7,23,46
22,17,26,46
23,87,86,46
24,57,13,46
25,94,21,46
26,13,89,46
27,99,82,46
28,66,15,46
29,6,28,46
30,20,34,46
31,77,63,46
32,40,76,46
33,43,13,46
34,50,49,46
35,36,90,46
36,91,17,46
37,68,47,46
38,64,7,46
39,15,52,46
1,3,20,47
2,33,48,47
3,38,76,47
4,42,8,47
5,42,70,47
6,22,12,47
7,80,78,47
8,50,90,47
9,96,53,47
10,64,13,47
11,3,31,47
12,47,55,47
13,53,34,47
14,18,51,47
15,29,32,47
16,48,90,47
17,0,55,47
18,72,49,47
19,14,92,47
20,53,45,47
21,6,24,47
22,18,25,47
23,86,85,47
24,57,12,47
25,95,20,47
26,12,90,47
27,99,83,47
28,67,15,47
29,5,29,47
30,19,35,47
31,77,63,47
32,40,77,47
33,44,13,47
34,50,49,47
35,36,89,47
36,91,16,47
37,69,47,47
38,63,8,47
39,15,53,47
1,3,19,48
2,33,48,48
3,39,77,48
4,42,7,48
5,41,71,48
6,23,13,48
7,80,77,48
8,49,90,48
9,97,52,48
10,65,13,48
11,4,31,48
12,46,56,48
13,54,33,48
14,17,52,48
15,29,32,48
16,48,91,48
17,1,54,48
18,73,50,48
19,13,91,48
20,53,45,48
21,5,24,48
22,18,25,48
23,86,85,48
24,57,12,48
25,96,19,48
26,12,89,48
27,99,83,48
28,67,15,48
29,5,28,48
30,19,36,48
31,76,63,48
32,40,76,48
33,44,14,48
34,51,48,48
35,35,90,48
36,91,16,48
37,68,48,48
38,62,8,48
39,14,53,48
1,2,18,49
2,34,48,49
3,38,78,49
4,42,7,49
5,40,72,49
6,24,14,49
7,79,77,49
8,50,89,49
9,98,51,49
10,66,12,49
11,5,32,49
12,47,57,49
13,54,32,49
14,17,51,49
15,29,33,49
16,48,90,49
17,2,53,49
18,72,50,49
19,13,90,49
20,53,45,49
21,5,23,49
22,18,24,49
23,85,84,49
24,57,13,49
25,97,19,49
26,11,90,49
27,98,82,49
28,68,16,49
29,4,28,49
30,18,37,49
31,75,62,49
32,41,75,49
33,45,15,49
34,52,48,49
35,35,90,49
36,92,16,49
37,67,48,49
38,61,9,49
39,14,53,49
1,3,18,50
2,34,47,50
3,38,79,50
4,42,6,50
5,41,73,50
6,24,13,50
7,80,78,50
8,50,90,50
9,97,52,50
10,65,11,50
11,6,33,50
12,47,57,50
13,55,32,50
14,18,50,50
15,29,34,50
16,47,89,50
17,3,52,50
18,72,49,50
19,13,89,50
20,52,46,50
21,5,23,50
22,19,25,50
23,85,84,50
24,56,14,50
25,96,18,50
26,12,89,50
27,97,83,50
28,68,17,50
29,4,27,50
30,17,36,50
31,74,61,50
32,42,75,50
33,45,14,50
34,52,48,50
35,36,90,50
36,93,16,50
37,67,48,50
38,60,9,50
39,15,52,50
1,2,19,51
2,35,46,51
3,37,80,51
4,43,5,51
5,40,72,51
6,23,14,51
7,81,78,51
8,51,91,51
9,98,53,51
10,65,11,51
11,6,33,51
12,47,56,51
13,55,33,51
14,17,50,51
15,30,35,51
16,47,89,51
17,4,52,51
18,72,50,51
19,11,88,51
20,51,47,51
21,5,23,51
22,20,25,51
23,84,83,51
24,57,14,51
25,95,17,51
26,13,89,51
27,97,84,51
28,68,17,51
29,3,28,51
30,18,37,51
31,75,62,51
32,41,75,51
33,46,15,51
34,53,49,51
35,37,90,51
36,94,16,51
37,66,48,51
38,59,9,51
39,16,52,51
1,1,19,52
2,34,46,52
3,37,79,52
4,44,5,52
5,39,72,52
6,24,15,52
7,80,78,52
8,50,90,52
9,97,54,52
10,66,11,52
11,7,34,52
12,47,56,52
13,54,34,52
14,18,51,52
15,29,34,52
16,48,89,52
17,3,51,52
18,71,50,52
19,10,89,52
20,51,46,52
21,4,24,52
22,19,26,52
23,85,84,52
24,57,15,52
25,95,18,52
26,13,88,52
27,97,85,52
28,69,16,52
29,2,29,52
30,19,36,52
31,75,63,52
32,41,74,52
33,45,15,52
34,52,50,52
35,37,90,52
36,94,17,52
37,65,49,52
38,59,9,52
39,16,53,52
1,2,19,53
2,33,45,53
3,36,78,53
4,44,4,53
5,39,72,53
6,24,15,53
7,79,78,53
8,51,90,53
9,96,54,53
10,66,11,53
11,6,35,53
12,46,56,53
13,55,34,53
14,17,52,53
15,29,34,53
16,47,90,53
17,2,51,53
18,72,50,53
19,10,89,53
20,51,46,53
21,5,25,53
22,19,25,53
23,84,84,53
24,56,15,53
25,95,16,53
26,13,89,53
27,96,84,53
28,69,17,53
29,1,28,53
30,20,37,53
31,75,62,53
32,40,73,53
33,45,15,53
34,51,50,53
35,36,90,53
36,95,17,53
37,64,50,53
38,58,10,53
39,16,53,53
1,1,18,54
2,34,45,54
3,37,78,54
4,43,3,54
5,38,71,54
6,25,16,54
7,79,77,54
8,52,91,54
9,97,53,54
10,65,10,54
11,6,35,54
12,47,55,54
13,56,34,54
14,16,52,54
15,29,34,54
16,47,90,54
17,3,51,54
18,71,50,54
19,10,88,54
20,52,45,54
21,6,25,54
22,20,25,54
23,85,83,54
24,55,16,54
25,94,15,54
26,14,90,54
27,97,84,54
28,68,18,54
29,2,28,54
30,21,37,54
31,76,63,54
32,39,73,54
33,46,16,54
34,51,50,54
35,35,89,54
36,94,16,54
37,63,51,54
38,59,11,54
39,15,54,54
1,2,19,55
2,33,44,55
3,36,79,55
4,42,2,55
5,37,71,55
6,26,16,55
7,78,77,55
8,53,91,55
9,98,53,55
10,64,10,55
11,5,34,55
12,48,56,55
13,57,34,55
14,15,51,55
15,29,33,55
16,47,90,55
17,2,50,55
18,72,51,55
19,11,89,55
20,51,46,55
21,5,26,55
22,20,25,55
23,85,84,55
24,56,17,55
25,94,14,55
26,15,91,55
27,96,83,55
28,67,17,55
29,3,29,55
30,20,36,55
31,75,64,55
32,39,73,55
33,47,17,55
34,50,49,55
35,36,90,55
36,95,17,55
37,64,51,55
38,60,12,55
39,16,54,55
1,2,19,56
2,32,45,56
3,37,80,56
4,43,2,56
5,36,70,56
6,27,17,56
7,79,78,56
8,53,90,56
9,98,53,56
10,65,9,56
11,6,34,56
12,48,57,56
13,57,35,56
14,16,52,56
15,29,33,56
16,47,91,56
17,2,51,56
18,73,50,56
19,11,89,56
20,52,47,56
21,4,26,56
22,19,26,56
23,85,83,56
24,56,17,56
25,93,14,56
26,16,91,56
27,97,83,56
28,68,18,56
29,4,28,56
30,20,36,56
31,74,65,56
32,38,74,56
33,46,16,56
34,49,49,56
35,37,90,56
36,94,16,56
37,65,51,56
38,61,12,56
39,17,54,56
1,2,19,57
2,33,45,57
3,37,79,57
4,44,1,57
5,35,71,57
6,26,18,57
7,78,79,57
8,54,89,57
9,99,52,57
10,64,8,57
11,7,35,57
12,47,56,57
13,58,36,57
14,15,52,57
15,29,33,57
16,47,90,57
17,3,52,57
18,72,50,57
19,11,90,57
20,51,46,57
21,4,25,57
22,19,25,57
23,86,84,57
24,55,17,57
25,92,13,57
26,15,91,57
27,97,84,57
28,69,17,57
29,4,27,57
30,21,37,57
31,75,64,57
32,37,74,57
33,47,15,57
34,48,48,57
35,36,91,57
36,93,15,57
37,65,51,57
38,62,12,57
39,16,54,57
1,1,18,58
2,33,44,58
3,38,78,58
4,45,0,58
5,34,72,58
6,26,17,58
7,79,78,58
8,54,89,58
9,99,52,58
10,65,7,58
11,7,35,58
12,47,56,58
13,57,35,58
14,14,51,58
15,29,34,58
16,48,91,58
17,4,52,58
18,71,51,58
19,12,89,58
20,52,45,58
21,5,24,58
22,19,26,58
23,86,83,58
24,54,18,58
25,91,12,58
26,16,92,58
27,97,85,58
28,70,17,58
29,3,27,58
30,21,38,58
31,76,64,58
32,37,73,58
33,46,16,58
34,48,48,58
35,37,91,58
36,94,16,58
37,66,52,58
38,61,11,58
39,16,54,58
1,0,19,59
2,32,43,59
3,39,78,59
4,45,0,59
5,34,71,59
6,27,16,59
7,79,77,59
8,54,89,59
9,99,53,59
10,66,8,59
11,8,36,59
12,47,57,59
13,57,35,59
14,14,52,59
15,29,34,59
16,49,92,59
17,5,52,59
18,71,52,59
19,11,88,59
20,52,44,59
21,6,25,59
22,18,27,59
23,85,83,59
24,53,19,59
25,90,11,59
26,15,92,59
27,97,84,59
28,69,18,59
29,3,28,59
30,21,39,59
31,77,63,59
32,36,72,59
33,46,17,59
34,47,47,59
35,38,90,59
36,93,17,59
37,66,53,59
38,60,12,59
39,16,55,59
1,0,20,60
2,33,42,60
3,38,77,60
4,46,1,60
5,35,72,60
6,27,17,60
7,80,77,60
8,55,89,60
9,98,53,60
10,65,9,60
11,8,36,60
12,48,56,60
13,56,35,60
14,15,53,60
15,30,35,60
16,50,93,60
17,4,53,60
18,71,52,60
19,12,88,60
20,51,44,60
21,5,26,60
22,17,26,60
23,86,83,60
24,53,20,60
25,91,11,60
26,15,92,60
27,97,85,60
28,68,18,60
29,4,27,60
30,22,40,60
31,77,62,60
32,35,71,60
33,46,17,60
34,48,46,60
35,38,89,60
36,93,18,60
37,67,52,60
38,61,11,60
39,17,54,60
1,0,21,61
2,33,41,61
3,39,78,61
4,47,1,61
5,35,72,61
6,28,18,61
7,80,76,61
8,54,89,61
9,97,53,61
10,64,10,61
11,7,36,61
12,47,57,61
13,57,34,61
14,15,52,61
15,31,34,61
16,50,94,61
17,4,52,61
18,71,51,61
19,12,89,61
20,51,45,61
21,3,27,61
22,17,26,61
23,85,83,61
24,53,20,61
25,92,12,61
26,15,92,61
27,98,86,61
28,68,17,61
29,3,28,61
30,23,39,61
31,76,63,61
32,36,71,61
33,45,17,61
34,48,47,61
35,39,88,61
36,92,19,61
37,66,53,61
38,61,12,61
39,16,54,61
1,0,21,62
2,33,41,62
3,38,77,62
4,46,2,62
5,34,72,62
6,29,19,62
7,81,75,62
8,54,89,62
9,97,52,62
10,64,10,62
11,6,36,62
12,48,58,62
13,57,35,62
14,14,51,62
15,31,35,62
16,49,93,62
17,3,52,62
18,71,50,62
19,11,90,62
20,52,46,62
21,2,29,62
22,17,25,62
23,85,82,62
24,53,20,62
25,92,12,62
26,16,92,62
27,99,85,62
28,67,16,62
29,3,28,62
30,22,39,62
31,76,63,62
32,37,71,62
33,44,18,62
34,48,48,62
35,39,88,62
36,92,19,62
37,67,54,62
38,60,11,62
39,15,55,62
1,1,22,63
2,32,40,63
3,38,77,63
4,46,3,63
5,35,71,63
6,28,20,63
7,80,75,63
8,53,88,63
9,98,51,63
10,64,9,63
11,7,35,63
12,49,58,63
13,57,35,63
14,15,50,63
15,32,35,63
16,50,92,63
17,4,51,63
18,71,50,63
19,10,89,63
20,53,45,63
21,3,27,63
22,17,25,63
23,86,83,63
24,53,19,63
25,93,12,63
26,17,92,63
27,98,85,63
28,66,15,63
29,2,28,63
30,22,38,63
31,75,62,63
32,38,70,63
33,44,18,63
34,49,47,63
35,39,89,63
36,92,18,63
37,68,53,63
38,60,10,63
39,14,54,63
1,0,21,64
2,32,41,64
3,37,78,64
4,46,3,64
5,35,72,64
6,28,20,64
7,80,75,64
8,54,88,64
9,97,51,64
10,63,8,64
11,7,34,64
12,48,58,64
13,57,35,64
14,14,51,64
15,33,34,64
16,51,92,64
17,3,52,64
18,70,51,64
19,10,90,64
20,54,45,64
21,3,26,64
22,17,24,64
23,85,83,64
24,53,18,64
25,93,13,64
26,18,91,64
27,99,84,64
28,67,16,64
29,2,28,64
30,22,39,64
31,74,61,64
32,37,70,64
33,44,17,64
34,48,48,64
35,38,90,64
36,93,18,64
37,67,52,64
38,60,11,64
39,15,53,64
1,1,22,65
2,31,41,65
3,37,79,65
4,45,4,65
5,35,72,65
6,27,20,65
7,79,76,65
8,54,88,65
9,98,52,65
10,63,8,65
11,7,33,65
12,47,58,65
13,57,36,65
14,14,51,65
15,34,34,65
16,52,93,65
17,3,51,65
18,69,51,65
19,10,90,65
20,53,44,65
21,2,27,65
22,18,24,65
23,85,82,65
24,52,17,65
25,92,13,65
26,17,90,65
27,98,84,65
28,66,15,65
29,1,27,65
30,22,40,65
31,73,62,65
32,37,69,65
33,43,18,65
34,49,47,65
35,39,91,65
36,93,17,65
37,67,51,65
38,61,11,65
39,14,53,65
1,0,23,66
2,30,42,66
3,37,78,66
4,45,3,66
5,36,73,66
6,27,20,66
7,79,76,66
8,55,88,66
9,98,53,66
10,62,8,66
11,7,34,66
12,46,57,66
13,58,36,66
14,14,50,66
15,35,33,66
16,52,93,66
17,3,51,66
18,69,52,66
19,11,90,66
20,53,43,66
21,1,26,66
22,19,23,66
23,85,81,66
24,53,18,66
25,91,13,66
26,16,91,66
27,99,83,66
28,65,15,66
29,0,26,66
30,23,40,66
31,73,62,66
32,37,69,66
33,42,17,66
34,48,46,66
35,38,90,66
36,93,18,66
37,67,51,66
38,62,11,66
39,15,53,66
1,1,22,67
2,30,43,67
3,38,79,67
4,46,2,67
5,35,74,67
6,28,21,67
7,80,76,67
8,54,88,67
9,98,52,67
10,63,7,67
11,8,35,67
12,46,58,67
13,57,35,67
14,15,51,67
15,34,32,67
16,53,94,67
17,4,52,67
18,69,53,67
19,11,91,67
20,54,43,67
21,0,27,67
22,18,24,67
23,85,80,67
24,53,17,67
25,92,13,67
26,17,91,67
27,99,84,67
28,65,16,67
29,0,25,67
30,23,39,67
31,72,62,67
32,36,69,67
33,43,18,67
34,47,47,67
35,37,91,67
36,93,17,67
37,67,52,67
38,61,12,67
39,14,53,67
1,2,21,68
2,30,44,68
3,38,78,68
4,45,1,68
5,36,75,68
6,29,20,68
7,79,76,68
8,55,89,68
9,99,52,68
10,63,7,68
11,9,35,68
12,47,59,68
13,57,34,68
14,16,50,68
15,35,32,68
16,52,95,68
17,3,52,68
18,69,52,68
19,11,91,68
20,53,44,68
21,0,27,68
22,19,25,68
23,84,79,68
24,53,16,68
25,91,13,68
26,16,92,68
27,98,83,68
28,66,15,68
29,1,24,68
30,23,39,68
31,73,61,68
32,35,70,68
33,43,17,68
34,46,48,68
35,37,91,68
36,94,16,68
37,68,51,68
38,62,13,68
39,15,54,68
1,3,21,69
2,30,45,69
3,37,78,69
4,45,0,69
5,35,74,69
6,30,19,69
7,80,76,69
8,56,90,69
9,99,53,69
10,62,6,69
11,8,34,69
12,47,59,69
13,57,34,69
14,16,50,69
15,36,31,69
16,52,96,69
17,4,51,69
18,67,51,69
19,11,91,69
20,53,44,69
21,1,28,69
22,20,24,69
23,85,79,69
24,52,15,69
25,92,12,69
26,16,93,69
27,97,83,69
28,65,15,69
29,1,24,69
30,22,39,69
31,73,61,69
32,34,71,69
33,43,18,69
34,46,49,69
35,36,90,69
36,95,15,69
37,67,52,69
38,62,14,69
39,15,53,69
1,3,21,70
2,31,44,70
3,38,79,70
4,46,1,70
5,34,75,70
6,30,20,70
7,80,75,70
8,55,91,70
9,99,54,70
10,63,7,70
11,7,34,70
12,46,58,70
13,57,35,70
14,17,49,70
15,35,30,70
16,52,97,70
17,4,52,70
18,68,50,70
19,12,92,70
20,53,44,70
21,2,28,70
22,21,23,70
23,84,80,70
24,52,16,70
25,92,12,70
26,16,92,70
27,97,82,70
28,65,14,70
29,1,24,70
30,22,39,70
31,73,62,70
32,35,72,70
33,43,19,70
34,45,49,70
35,35,89,70
36,94,16,70
37,66,51,70
38,63,13,70
39,15,54,70
1,2,21,71
2,31,44,71
3,37,78,71
4,45,0,71
5,34,74,71
6,29,20,71
7,81,75,71
8,55,91,71
9,98,55,71
10,62,7,71
11,8,33,71
12,47,57,71
13,57,35,71
14,17,50,71
15,36,30,71
16,51,97,71
17,3,51,71
18,69,50,71
19,11,92,71
20,54,45,71
21,2,28,71
22,22,23,71
23,85,80,71
24,52,17,71
25,93,12,71
26,15,93,71
27,97,83,71
28,66,15,71
29,2,25,71
30,23,40,71
31,72,63,71
32,36,71,71
33,42,19,71
34,45,50,71
35,36,89,71
36,94,15,71
37,67,52,71
38,62,12,71
39,15,55,71
1,3,20,72
2,32,44,72
3,36,79,72
4,44,1,72
5,35,74,72
6,28,19,72
7,82,75,72
8,55,90,72
9,97,55,72
10,62,8,72
11,7,34,72
12,46,58,72
13,56,36,72
14,17,51,72
15,36,31,72
16,52,96,72
17,2,52,72
18,70,49,72
19,12,92,72
20,54,44,72
21,1,28,72
22,22,24,72
23,86,79,72
24,52,16,72
25,92,12,72
26,14,93,72
27,98,83,72
28,65,14,72
29,2,26,72
30,22,40,72
31,73,63,72
32,37,71,72
33,41,20,72
34,45,49,72
35,35,90,72
36,95,15,72
37,67,53,72
38,61,13,72
39,16,56,72
1,2,19,73
2,32,45,73
3,36,78,73
4,45,0,73
5,35,75,73
6,27,19,73
7,81,75,73
8,56,90,73
9,98,55,73
10,62,9,73
11,6,35,73
12,46,58,73
13,56,36,73
14,18,52,73
15,35,31,73
16,51,95,73
17,2,53,73
18,70,48,73
19,12,92,73
20,54,43,73
21,2,28,73
22,23,24,73
23,86,80,73
24,51,15,73
25,91,11,73
26,15,94,73
27,98,83,73
28,65,13,73
29,2,26,73
30,23,40,73
31,74,62,73
32,36,71,73
33,40,19,73
34,44,49,73
35,35,91,73
36,96,16,73
37,66,53,73
38,61,12,73
39,17,57,73
1,3,19,74
2,32,44,74
3,35,77,74
4,44,1,74
5,35,74,74
6,28,20,74
7,81,76,74
8,56,89,74
9,99,55,74
10,62,9,74
11,7,34,74
12,47,58,74
13,55,36,74
14,17,53,74
15,36,31,74
16,52,94,74
17,1,52,74
18,69,47,74
19,11,93,74
20,53,44,74
21,1,29,74
22,22,23,74
23,86,80,74
24,50,16,74
25,90,10,74
26,15,94,74
27,98,83,74
28,65,13,74
29,2,27,74
30,24,39,74
31,75,63,74
32,35,70,74
33,41,20,74
34,44,50,74
35,34,91,74
36,95,17,74
37,66,54,74
38,62,13,74
39,16,56,74
1,4,18,75
2,31,44,75
3,35,76,75
4,45,0,75
5,36,74,75
6,27,21,75
7,81,75,75
8,55,88,75
9,98,54,75
10,63,10,75
11,7,34,75
12,46,58,75
13,56,35,75
14,16,52,75
15,36,30,75
16,53,94,75
17,0,51,75
18,68,46,75
19,12,94,75
20,54,44,75
21,0,29,75
22,22,23,75
23,87,81,75
24,49,15,75
25,89,9,75
26,15,94,75
27,98,82,75
28,64,14,75
29,2,26,75
30,25,40,75
31,76,64,75
32,34,71,75
33,41,21,75
34,44,49,75
35,34,90,75
36,95,16,75
37,66,55,75
38,62,13,75
39,17,55,75
1,5,19,76
2,30,43,76
3,36,77,76
4,45,1,76
5,35,73,76
6,26,20,76
7,82,76,76
8,54,88,76
9,97,53,76
10,64,10,76
11,7,33,76
12,47,58,76
13,56,35,76
14,17,51,76
15,36,31,76
16,54,95,76
17,0,52,76
18,67,45,76
19,12,94,76
20,55,44,76
21,0,28,76
22,22,24,76
23,87,80,76
24,50,14,76
25,88,10,76
26,15,94,76
27,99,82,76
28,65,13,76
29,2,26,76
30,24,39,76
31,77,64,76
32,34,72,76
33,40,22,76
34,45,50,76
35,35,89,76
36,96,16,76
37,66,56,76
38,63,12,76
39,16,56,76
1,4,18,77
2,30,43,77
3,36,76,77
4,45,2,77
5,34,73,77
6,27,20,77
7,82,75,77
8,53,88,77
9,96,52,77
10,65,10,77
11,8,34,77
12,48,59,77
13,55,36,77
14,16,52,77
15,35,31,77
16,54,95,77
17,1,52,77
18,67,45,77
19,13,95,77
20,54,44,77
21,0,28,77
22,23,25,77
23,88,80,77
24,50,13,77
25,88,10,77
26,15,94,77
27,98,82,77
28,65,12,77
29,3,27,77
30,24,39,77
31,76,63,77
32,35,71,77
33,39,22,77
34,45,50,77
35,36,89,77
36,96,16,77
37,67,55,77
38,64,12,77
39,17,55,77
1,5,19,78
2,30,42,78
3,35,76,78
4,46,1,78
5,35,74,78
6,27,20,78
7,82,75,78
8,53,87,78
9,97,52,78
10,65,10,78
11,7,34,78
12,49,60,78
13,55,36,78
14,15,52,78
15,35,30,78
16,55,94,78
17,0,53,78
18,67,46,78
19,14,95,78
20,54,45,78
21,0,27,78
22,23,26,78
23,87,81,78
24,50,14,78
25,89,11,78
26,15,94,78
27,99,81,78
28,66,11,78
29,3,26,78
30,23,38,78
31,76,63,78
32,36,70,78
33,40,22,78
34,44,49,78
35,35,89,78
36,97,17,78
37,67,56,78
38,65,11,78
39,16,54,78
1,5,19,79
2,29,42,79
3,36,75,79
4,46,1,79
5,35,74,79
6,27,21,79
7,82,76,79
8,52,87,79
9,97,53,79
10,64,9,79
11,7,33,79
12,48,61,79
13,56,35,79
14,16,51,79
15,36,30,79
16,54,93,79
17,0,53,79
18,66,46,79
19,14,95,79
20,54,45,79
21,0,27,79
22,23,27,79
23,88,81,79
24,51,15,79
25,90,10,79
26,15,95,79
27,98,80,79
28,65,12,79
29,2,27,79
30,22,37,79
31,77,64,79
32,37,69,79
33,39,23,79
34,43,49,79
35,34,88,79
36,97,17,79
37,66,55,79
38,66,11,79
39,16,54,79
1,6,18,80
2,30,42,80
3,36,76,80
4,46,2,80
5,35,73,80
6,28,21,80
7,83,76,80
8,53,87,80
9,98,54,80
10,64,9,80
11,8,33,80
12,48,61,80
13,57,34,80
14,15,51,80
15,36,30,80
16,53,94,80
17,1,54,80
18,65,46,80
19,14,95,80
20,54,45,80
21,0,26,80
22,24,27,80
23,87,81,80
24,52,15,80
25,89,9,80
26,14,96,80
27,99,80,80
28,64,13,80
29,1,27,80
30,23,36,80
31,77,64,80
32,37,68,80
33,39,22,80
34,44,49,80
35,33,87,80
36,97,17,80
37,65,55,80
38,67,12,80
39,15,54,80
1,6,17,81
2,31,42,81
3,37,76,81
4,45,2,81
5,36,72,81
6,28,21,81
7,84,77,81
8,52,87,81
9,99,53,81
10,64,10,81
11,7,33,81
12,48,60,81
13,57,33,81
14,15,50,81
15,35,31,81
16,52,95,81
17,2,53,81
18,66,45,81
19,13,96,81
20,53,45,81
21,2,27,81
22,25,28,81
23,87,81,81
24,52,15,81
25,89,9,81
26,14,95,81
27,98,79,81
28,63,14,81
29,2,28,81
30,23,37,81
31,77,64,81
32,38,69,81
33,40,22,81
34,44,49,81
35,33,86,81
36,96,18,81
37,65,54,81
38,68,13,81
39,15,53,81
1,7,18,82
2,31,41,82
3,38,76,82
4,44,3,82
5,35,72,82
6,29,20,82
7,85,77,82
8,52,88,82
9,98,54,82
10,64,10,82
11,7,34,82
12,47,61,82
13,58,32,82
14,15,51,82
15,35,31,82
16,52,94,82
17,1,53,82
18,67,45,82
19,13,95,82
20,54,44,82
21,3,26,82
22,25,28,82
23,88,80,82
24,51,15,82
25,90,8,82
26,15,94,82
27,97,78,82
28,63,14,82
29,1,28,82
30,22,38,82
31,77,63,82
32,39,69,82
33,40,21,82
34,45,48,82
35,34,86,82
36,95,17,82
37,64,54,82
38,68,13,82
39,15,52,82
1,6,18,83
2,31,42,83
3,39,76,83
4,45,4,83
5,36,73,83
6,29,20,83
7,86,78,83
8,52,87,83
9,97,55,83
10,65,9,83
11,8,34,83
12,46,62,83
13,59,32,83
14,14,52,83
15,35,31,83
16,52,95,83
17,2,53,83
18,68,45,83
19,12,94,83
20,54,45,83
21,4,26,83
22,24,28,83
23,87,79,83
24,52,14,83
25,91,9,83
26,15,93,83
27,96,79,83
28,63,14,83
29,0,27,83
30,21,37,83
31,78,64,83
32,38,69,83
33,39,21,83
34,44,47,83
35,35,87,83
36,94,17,83
37,64,54,83
38,69,13,83
39,14,51,83
1,6,18,84
2,30,41,84
3,39,75,84
4,45,4,84
5,35,72,84
6,30,21,84
7,86,78,84
8,51,87,84
9,98,56,84
10,64,8,84
11,7,35,84
12,47,62,84
13,59,31,84
14,15,51,84
15,34,30,84
16,52,94,84
17,1,53,84
18,67,44,84
19,12,95,84
20,53,44,84
21,5,27,84
22,24,27,84
23,86,77,84
24,51,15,84
25,92,8,84
26,15,94,84
27,96,79,84
28,62,14,84
29,0,27,84
30,21,36,84
31,78,64,84
32,37,69,84
33,40,22,84
34,44,48,84
35,36,88,84
36,95,16,84
37,63,54,84
38,68,12,84
39,13,51,84
1,7,17,85
2,30,42,85
3,39,76,85
4,46,3,85
5,35,72,85
6,29,22,85
7,87,77,85
8,50,88,85
9,99,56,85
10,64,8,85
11,7,34,85
12,48,63,85
13,60,31,85
14,16,50,85
15,34,31,85
16,53,95,85
17,0,52,85
18,66,43,85
19,11,96,85
20,52,43,85
21,5,26,85
22,23,28,85
23,88,76,85
24,51,15,85
25,93,9,85
26,14,95,85
27,96,80,85
28,63,15,85
29,1,27,85
30,21,37,85
31,77,64,85
32,36,69,85
33,39,23,85
34,45,48,85
35,35,89,85
36,95,15,85
37,64,53,85
38,69,12,85
39,13,50,85
1,6,18,86
2,30,41,86
3,40,77,86
4,47,3,86
5,36,71,86
6,30,21,86
7,88,78,86
8,49,87,86
9,98,56,86
10,64,9,86
11,8,34,86
12,49,62,86
13,60,30,86
14,16,49,86
15,35,32,86
16,53,95,86
17,1,51,86
18,66,44,86
19,11,97,86
20,52,44,86
21,5,26,86
22,22,29,86
23,87,75,86
24,50,16,86
25,92,8,86
26,13,95,86
27,95,79,86
28,62,15,86
29,1,28,86
30,20,38,86
31,78,64,86
32,36,69,86
33,39,24,86
34,46,48,86
35,34,90,86
36,95,15,86
37,65,54,86
38,70,12,86
39,13,49,86
1,7,17,87
2,30,40,87
3,40,76,87
4,48,2,87
5,36,72,87
6,31,22,87
7,89,78,87
8,49,86,87
9,98,56,87
10,65,10,87
11,9,34,87
12,49,61,87
13,60,30,87
14,17,48,87
15,35,31,87
16,54,96,87
17,2,52,87
18,65,43,87
19,12,96,87
20,53,45,87
21,5,26,87
22,22,30,87
23,87,75,87
24,51,16,87
25,93,8,87
26,14,95,87
27,95,80,87
28,62,15,87
29,0,29,87
30,19,38,87
31,78,65,87
32,36,68,87
33,40,24,87
34,46,49,87
35,33,89,87
36,96,15,87
37,65,54,87
38,70,13,87
39,13,49,87
1,7,18,88
2,29,41,88
3,41,75,88
4,49,1,88
5,37,72,88
6,31,23,88
7,88,78,88
8,49,86,88
9,99,56,88
10,64,9,88
11,9,34,88
12,50,61,88
13,61,30,88
14,17,47,88
15,35,32,88
16,54,97,88
17,2,53,88
18,65,43,88
19,11,95,88
20,54,44,88
21,6,26,88
22,22,30,88
23,86,76,88
24,52,17,88
25,92,9,88
26,13,95,88
27,94,79,88
28,63,14,88
29,0,30,88
30,20,39,88
31,77,66,88
32,37,69,88
33,41,23,88
34,45,49,88
35,33,90,88
36,95,15,88
37,65,54,88
38,71,14,88
39,12,50,88
1,6,17,89
2,30,42,89
3,40,74,89
4,50,2,89
5,37,72,89
6,32,22,89
7,87,79,89
8,50,87,89
9,99,56,89
10,65,8,89
11,8,33,89
12,51,60,89
13,62,29,89
14,16,46,89
15,34,31,89
16,54,96,89
17,2,52,89
18,65,44,89
19,10,95,89
20,53,44,89
21,7,27,89
22,23,31,89
23,86,75,89
24,51,17,89
25,93,10,89
26,14,96,89
27,95,78,89
28,64,13,89
29,1,29,89
30,20,39,89
31,78,66,89
32,38,70,89
33,42,23,89
34,44,49,89
35,32,89,89
36,94,14,89
37,66,55,89
38,70,13,89
39,11,50,89
1,7,17,90
2,30,43,90
3,41,75,90
4,51,3,90
5,38,73,90
6,32,23,90
7,87,78,90
8,51,86,90
9,99,56,90
10,64,9,90
11,7,32,90
12,52,59,90
13,63,30,90
14,15,45,90
15,33,31,90
16,55,97,90
17,1,53,90
18,66,43,90
19,9,96,90
20,52,44,90
21,7,26,90
22,23,31,90
23,85,75,90
24,52,16,90
25,94,10,90
26,14,95,90
27,94,78,90
28,64,12,90
29,0,28,90
30,21,39,90
31,77,65,90
32,39,71,90
33,42,23,90
34,44,50,90
35,33,89,90
36,94,13,90
37,67,56,90
38,71,14,90
39,12,49,90
1,6,16,91
2,30,42,91
3,40,76,91
4,50,4,91
5,38,72,91
6,31,24,91
7,86,78,91
8,52,87,91
9,98,55,91
10,65,8,91
11,6,33,91
12,52,59,91
13,63,29,91
14,15,46,91
15,34,30,91
16,54,98,91
17,1,52,91
18,66,43,91
19,10,96,91
20,53,45,91
21,8,27,91
22,22,31,91
23,84,75,91
24,51,15,91
25,95,11,91
26,14,95,91
27,94,77,91
28,64,12,91
29,0,28,91
30,22,38,91
31,76,66,91
32,38,70,91
33,42,23,91
34,45,51,91
35,32,88,91
36,94,14,91
37,66,55,91
38,72,14,91
39,13,50,91
1,5,16,92
2,29,41,92
3,41,75,92
4,49,5,92
5,39,71,92
6,30,23,92
7,86,79,92
8,53,87,92
9,97,54,92
10,65,9,92
11,7,34,92
12,51,60,92
13,62,30,92
14,16,45,92
15,34,29,92
16,53,98,92
17,1,53,92
18,66,43,92
19,9,97,92
20,53,45,92
21,9,28,92
22,22,30,92
23,83,76,92
24,50,16,92
25,96,12,92
26,13,94,92
27,93,78,92
28,64,12,92
29,0,27,92
30,21,39,92
31,76,67,92
32,39,70,92
33,42,22,92
34,46,51,92
35,32,88,92
36,93,14,92
37,67,55,92
38,73,15,92
39,12,51,92
1,6,16,93
2,28,40,93
3,41,74,93
4,48,4,93
5,38,72,93
6,30,24,93
7,85,80,93
8,52,87,93
9,96,54,93
10,64,9,93
11,6,35,93
12,52,60,93
13,63,30,93
14,16,44,93
15,34,29,93
16,52,98,93
17,0,53,93
18,67,42,93
19,10,96,93
20,53,45,93
21,9,28,93
22,23,29,93
23,82,76,93
24,50,17,93
25,97,12,93
26,14,94,93
27,92,79,93
28,63,12,93
29,1,26,93
30,20,38,93
31,77,66,93
32,40,70,93
33,41,23,93
34,47,52,93
35,32,88,93
36,94,13,93
37,66,56,93
38,74,15,93
39,13,51,93
1,6,17,94
2,28,41,94
3,41,74,94
4,49,4,94
5,39,73,94
6,29,23,94
7,86,79,94
8,51,88,94
9,96,53,94
10,63,10,94
11,6,34,94
12,51,60,94
13,63,29,94
14,17,45,94
15,33,30,94
16,53,97,94
17,1,53,94
18,68,43,94
19,11,97,94
20,52,45,94
21,9,29,94
22,24,30,94
23,83,75,94
24,49,16,94
25,97,13,94
26,13,95,94
27,91,78,94
28,63,11,94
29,2,26,94
30,21,39,94
31,78,66,94
32,41,70,94
33,42,23,94
34,47,51,94
35,31,88,94
36,95,13,94
37,65,56,94
38,75,16,94
39,12,51,94
1,7,18,95
2,29,41,95
3,40,75,95
4,48,4,95
5,40,72,95
6,29,24,95
7,86,78,95
8,51,87,95
9,97,53,95
10,63,10,95
11,6,33,95
12,51,61,95
13,64,30,95
14,17,45,95
15,33,30,95
16,52,96,95
17,0,54,95
18,69,44,95
19,12,98,95
20,51,44,95
21,10,30,95
22,23,30,95
23,84,74,95
24,48,15,95
25,98,13,95
26,14,94,95
27,92,78,95
28,63,12,95
29,2,25,95
30,21,38,95
31,79,66,95
32,41,71,95
33,41,23,95
34,47,52,95
35,32,87,95
36,96,14,95
37,66,55,95
38,76,17,95
39,13,52,95
1,6,18,96
2,29,40,96
3,40,76,96
4,49,3,96
5,40,72,96
6,28,25,96
7,87,78,96
8,51,88,96
9,96,52,96
10,63,10,96
11,6,33,96
12,51,61,96
13,65,29,96
14,17,45,96
15,33,29,96
16,53,95,96
17,0,53,96
18,70,44,96
19,11,97,96
20,51,43,96
21,10,30,96
22,24,29,96
23,84,73,96
24,49,16,96
25,99,14,96
26,13,93,96
27,91,77,96
28,62,13,96
29,1,25,96
30,20,37,96
31,80,66,96
32,41,71,96
33,42,24,96
34,47,52,96
35,33,88,96
36,95,15,96
37,65,54,96
38,76,17,96
39,12,52,96
1,6,18,97
2,30,40,97
3,40,77,97
4,50,3,97
5,39,72,97
6,29,25,97
7,87,77,97
8,52,89,97
9,97,51,97
10,63,11,97
11,7,33,97
12,51,60,97
13,66,28,97
14,17,46,97
15,33,30,97
16,54,95,97
17,0,52,97
18,69,43,97
19,10,96,97
20,52,44,97
21,9,31,97
22,24,28,97
23,83,73,97
24,49,17,97
25,98,15,97
26,14,93,97
27,90,78,97
28,61,12,97
29,1,24,97
30,20,37,97
31,81,67,97
32,40,70,97
33,41,25,97
34,47,51,97
35,32,88,97
36,94,15,97
37,66,53,97
38,77,16,97
39,13,51,97
1,5,18,98
2,29,40,98
3,41,78,98
4,51,3,98
5,39,71,98
6,29,25,98
7,86,76,98
8,51,88,98
9,97,51,98
10,64,10,98
11,7,33,98
12,50,61,98
13,67,27,98
14,17,47,98
15,32,29,98
16,53,94,98
17,0,52,98
18,68,43,98
19,10,96,98
20,52,43,98
21,8,32,98
22,23,29,98
23,84,73,98
24,49,16,98
25,97,15,98
26,13,94,98
27,90,77,98
28,61,11,98
29,1,23,98
30,19,37,98
31,80,68,98
32,41,71,98
33,42,26,98
34,47,51,98
35,31,89,98
36,93,16,98
37,66,52,98
38,78,16,98
39,13,51,98
1,4,18,99
2,28,39,99
3,42,78,99
4,52,3,99
5,39,72,99
6,28,25,99
7,86,77,99
8,51,89,99
9,97,52,99
10,63,9,99
11,8,33,99
12,51,62,99
13,68,27,99
14,17,47,99
15,33,29,99
16,53,93,99
17,0,51,99
18,69,42,99
19,11,97,99
20,52,42,99
21,9,32,99
22,23,29,99
23,83,74,99
24,48,16,99
25,98,16,99
26,14,93,99
27,90,76,99
28,60,11,99
29,2,23,99
30,19,36,99
31,81,69,99
32,40,71,99
33,42,25,99
34,48,51,99
35,30,88,99
36,93,17,99
37,65,51,99
38,79,15,99
39,14,51,99
1,4,18,100
2,27,40,100
3,42,77,100
4,53,2,100
5,38,71,100
6,28,25,100
7,87,76,100
8,50,89,100
9,96,52,100
10,62,8,100
11,9,33,100
12,50,62,100
13,67,26,100
14,16,46,100
15,33,29,100
16,53,92,100
17,1,52,100
18,68,41,100
19,12,96,100
20,53,43,100
21,9,31,100
22,22,29,100
23,82,75,100
24,48,15,100
25,97,15,100
26,13,92,100
27,90,75,100
28,60,10,100
29,2,23,100
30,20,35,100
31,81,70,100
32,40,71,100
33,41,24,100
34,49,52,100
35,31,88,100
36,92,16,100
37,64,50,100
38,79,15,100
39,15,51,100
