1,65,46,1
2,21,37,1
3,56,2,1
4,97,42,1
5,97,82,1
6,53,50,1
7,4,96,1
8,39,96,1
9,68,53,1
10,38,60,1
11,38,30,1
12,42,39,1
13,51,23,1
14,4,69,1
15,26,83,1
16,89,13,1
17,93,71,1
18,73,91,1
19,74,58,1
20,6,79,1
21,3,38,1
22,6,90,1
23,15,86,1
24,28,39,1
25,72,99,1
26,12,47,1
27,59,54,1
28,17,64,1
29,58,7,1
30,97,28,1
31,41,97,1
32,28,85,1
33,77,85,1
34,31,60,1
35,77,52,1
36,70,12,1
37,17,35,1
38,48,52,1
39,65,71,1
40,98,16,1
41,40,83,1
42,50,81,1
43,3,52,1
44,4,98,1
45,67,41,1
46,26,6,1
47,70,89,1
48,14,12,1
49,33,37,1
50,55,66,1
51,8,57,1
52,73,96,1
53,99,58,1
54,81,86,1
55,70,22,1
56,34,24,1
57,99,4,1
58,17,54,1
59,55,85,1
60,57,77,1
61,74,30,1
62,88,27,1
63,63,3,1
64,52,54,1
65,12,48,1
66,14,11,1
1,65,45,2
2,22,36,2
3,55,3,2
4,97,43,2
5,96,81,2
6,52,49,2
7,3,97,2
8,38,96,2
9,68,53,2
10,39,59,2
11,38,29,2
12,43,39,2
13,51,24,2
14,4,68,2
15,25,82,2
16,89,13,2
17,92,70,2
18,73,91,2
19,74,57,2
20,5,80,2
21,2,37,2
22,6,89,2
23,14,85,2
24,29,39,2
25,71,98,2
26,11,47,2
27,60,55,2
28,16,64,2
29,58,8,2
30,96,27,2
31,40,97,2
32,29,85,2
33,76,86,2
34,30,60,2
35,78,51,2
36,69,11,2
37,18,35,2
38,48,53,2
39,66,71,2
40,98,17,2
41,40,84,2
42,51,80,2
43,4,51,2
44,3,98,2
45,67,42,2
46,27,6,2
47,71,88,2
48,13,11,2
49,34,38,2
50,56,67,2
51,8,58,2
52,73,96,2
53,99,58,2
54,82,85,2
55,69,23,2
56,34,25,2
57,98,4,2
58,18,53,2
59,56,86,2
60,56,78,2
61,75,29,2
62,88,28,2
63,64,2,2
64,53,54,2
65,13,49,2
66,14,10,2
1,66,45,3
2,21,37,3
3,56,3,3
4,98,43,3
5,95,81,3
6,51,49,3
7,2,98,3
8,38,95,3
9,68,52,3
10,40,60,3
11,39,30,3
12,42,39,3
13,52,24,3
14,3,67,3
15,24,83,3
16,90,14,3
17,93,70,3
18,74,90,3
19,73,57,3
20,6,80,3
21,3,38,3
22,6,90,3
23,14,84,3
24,30,38,3
25,72,97,3
26,12,48,3
27,59,54,3
28,16,65,3
29,59,7,3
30,95,27,3
31,41,97,3
32,28,84,3
33,76,87,3
34,29,59,3
35,77,50,3
36,70,11,3
37,18,36,3
38,48,52,3
39,66,70,3
40,98,18,3
41,39,84,3
42,52,79,3
43,3,50,3
44,3,99,3
45,66,41,3
46,27,6,3
47,71,88,3
48,12,11,3
49,35,39,3
50,55,68,3
51,9,59,3
52,74,97,3
53,99,57,3
54,83,85,3
55,70,22,3
56,33,26,3
57,97,4,3
58,19,54,3
59,55,85,3
60,55,77,3
61,75,28,3
62,87,27,3
63,64,3,3
64,54,53,3
65,12,49,3
66,15,10,3
1,66,44,4
2,22,37,4
3,56,3,4
4,97,43,4
5,94,80,4
6,51,48,4
7,2,99,4
8,39,96,4
9,68,51,4
10,41,60,4
11,40,29,4
12,42,39,4
13,51,25,4
14,3,67,4
15,25,84,4
16,89,15,4
17,92,69,4
18,75,91,4
19,73,57,4
20,6,80,4
21,4,37,4
22,6,89,4
23,14,85,4
24,31,39,4
25,72,98,4
26,13,49,4
27,60,54,4
28,17,64,4
29,60,6,4
30,96,26,4
31,42,96,4
32,29,84,4
33,75,87,4
34,29,60,4
35,78,49,4
36,70,11,4
37,19,37,4
38,49,53,4
39,67,71,4
40,98,18,4
41,40,85,4
42,51,78,4
43,4,49,4
44,3,98,4
45,67,42,4
46,26,7,4
47,72,89,4
48,13,11,4
49,36,39,4
50,55,68,4
51,9,60,4
52,75,98,4
53,99,56,4
54,83,85,4
55,70,21,4
56,32,26,4
57,98,4,4
58,19,53,4
59,55,84,4
60,55,78,4
61,76,27,4
62,88,27,4
63,63,2,4
64,53,52,4
65,13,48,4
66,15,9,4
1,67,44,5
2,21,38,5
3,56,2,5
4,96,42,5
5,94,81,5
6,52,49,5
7,3,99,5
8,38,95,5
9,68,52,5
10,41,61,5
11,39,28,5
12,41,38,5
13,50,25,5
14,2,68,5
15,24,85,5
16,90,15,5
17,93,70,5
18,75,92,5
19,72,57,5
20,7,79,5
21,3,38,5
22,5,89,5
23,14,85,5
24,31,40,5
25,71,99,5
26,14,49,5
27,61,54,5
28,16,63,5
29,59,5,5
30,95,25,5
31,42,97,5
32,29,84,5
33,76,88,5
34,29,60,5
35,79,50,5
36,69,12,5
37,19,37,5
38,50,53,5
39,66,70,5
40,98,18,5
41,40,84,5
42,51,79,5
43,3,49,5
44,4,99,5
45,66,42,5
46,27,6,5
47,73,90,5
48,13,12,5
49,36,40,5
50,55,68,5
51,9,59,5
52,75,97,5
53,98,56,5
54,82,84,5
55,70,21,5
56,31,27,5
57,99,3,5
58,20,54,5
59,54,84,5
60,56,79,5
61,77,26,5
62,87,27,5
63,64,3,5
64,54,53,5
65,12,47,5
66,16,9,5
1,66,44,6
2,22,37,6
3,57,2,6
4,96,41,6
5,95,80,6
6,52,50,6
7,2,99,6
8,37,95,6
9,69,51,6
10,40,61,6
11,40,28,6
12,42,37,6
13,51,24,6
14,3,67,6
15,23,86,6
16,91,14,6
17,93,69,6
18,75,93,6
19,71,56,6
20,6,78,6
21,3,37,6
22,4,90,6
23,15,86,6
24,32,40,6
25,70,98,6
26,13,49,6
27,62,54,6
28,16,62,6
29,58,4,6
30,96,25,6
31,41,97,6
32,30,84,6
33,77,89,6
34,29,59,6
35,80,51,6
36,69,11,6
37,19,37,6
38,50,53,6
39,66,69,6
40,99,18,6
41,41,84,6
42,51,78,6
43,3,50,6
44,5,99,6
45,66,43,6
46,26,7,6
47,73,91,6
48,14,13,6
49,36,41,6
50,55,67,6
51,9,58,6
52,74,97,6
53,97,57,6
54,83,85,6
55,70,22,6
56,30,28,6
57,98,3,6
58,21,55,6
59,53,83,6
60,55,80,6
61,78,26,6
62,87,28,6
63,65,4,6
64,53,52,6
65,11,48,6
66,16,9,6
1,67,43,7
2,22,38,7
3,58,2,7
4,95,41,7
5,94,79,7
6,53,50,7
7,3,99,7
8,38,95,7
9,70,50,7
10,39,61,7
11,41,27,7
12,42,36,7
13,51,23,7
14,4,68,7
15,23,86,7
16,91,15,7
17,94,68,7
18,76,93,7
19,70,55,7
20,6,78,7
21,2,38,7
22,5,90,7
23,14,86,7
24,32,39,7
25,69,97,7
26,13,48,7
27,62,54,7
28,16,63,7
29,57,5,7
30,97,24,7
31,40,97,7
32,30,83,7
33,77,88,7
34,28,60,7
35,79,50,7
36,70,11,7
37,19,37,7
38,49,52,7
39,66,68,7
40,99,18,7
41,42,83,7
42,50,77,7
43,2,50,7
44,5,99,7
45,65,42,7
46,27,6,7
47,73,90,7
48,13,12,7
49,37,42,7
50,55,68,7
51,9,57,7
52,73,96,7
53,98,58,7
54,83,86,7
55,69,23,7
56,29,28,7
57,98,2,7
58,21,56,7
59,53,83,7
60,55,79,7
61,77,26,7
62,88,29,7
63,65,5,7
64,53,51,7
65,10,49,7
66,17,8,7
1,66,43,8
2,21,37,8
3,57,1,8
4,95,42,8
5,94,79,8
6,54,50,8
7,4,98,8
8,38,95,8
9,71,50,8
10,38,62,8
11,42,28,8
12,41,36,8
13,51,24,8
14,5,67,8
15,24,87,8
16,91,15,8
17,93,67,8
18,77,93,8
19,69,56,8
20,5,78,8
21,1,38,8
22,4,90,8
23,13,85,8
24,32,40,8
25,70,97,8
26,14,47,8
27,62,53,8
28,17,63,8
29,57,4,8
30,96,23,8
31,39,98,8
32,29,84,8
33,78,87,8
34,28,61,8
35,79,51,8
36,69,11,8
37,18,38,8
38,50,51,8
39,66,69,8
40,99,18,8
41,43,84,8
42,50,78,8
43,2,51,8
44,6,98,8
45,65,43,8
46,28,5,8
47,73,91,8
48,14,11,8
49,37,43,8
50,56,69,8
51,10,56,8
52,73,95,8
53,97,58,8
54,84,86,8
55,68,22,8
56,29,27,8
57,99,3,8
58,21,56,8
59,52,83,8
60,55,80,8
61,77,25,8
62,88,30,8
63,64,5,8
64,54,52,8
65,10,50,8
66,16,7,8
1,65,44,9
2,22,36,9
3,56,2,9
4,94,42,9
5,95,78,9
6,54,50,9
7,5,99,9
8,38,96,9
9,71,49,9
10,37,61,9
11,41,27,9
12,40,36,9
13,51,24,9
14,6,66,9
15,23,86,9
16,90,16,9
17,94,68,9
18,78,94,9
19,68,56,9
20,4,79,9
21,0,37,9
22,5,91,9
23,12,84,9
24,32,40,9
25,70,98,9
26,13,48,9
27,61,54,9
28,18,62,9
29,58,5,9
30,96,24,9
31,40,99,9
32,30,85,9
33,77,88,9
34,29,61,9
35,79,51,9
36,70,11,9
37,17,38,9
38,51,52,9
39,67,68,9
40,98,19,9
41,42,85,9
42,50,78,9
43,2,52,9
44,6,97,9
45,64,44,9
46,27,6,9
47,73,90,9
48,14,11,9
49,38,43,9
50,56,68,9
51,10,56,9
52,73,96,9
53,97,57,9
54,84,87,9
55,68,23,9
56,30,26,9
57,98,4,9
58,20,56,9
59,51,82,9
60,54,80,9
61,77,26,9
62,87,30,9
63,63,5,9
64,54,51,9
65,10,51,9
66,15,8,9
1,64,45,10
2,23,35,10
3,57,2,10
4,93,43,10
5,94,79,10
6,53,50,10
7,6,99,10
8,38,97,10
9,70,49,10
10,36,62,10
11,41,27,10
12,41,35,10
13,51,23,10
14,6,67,10
15,23,87,10
16,89,17,10
17,95,67,10
18,78,94,10
19,67,56,10
20,4,79,10
21,0,37,10
22,5,91,10
23,13,83,10
24,31,39,10
25,69,98,10
26,13,49,10
27,62,55,10
28,19,62,10
29,58,4,10
30,96,24,10
31,40,98,10
32,31,85,10
33,77,87,10
34,30,60,10
35,78,52,10
36,71,10,10
37,17,39,10
38,52,53,10
39,67,69,10
40,98,20,10
41,42,85,10
42,51,78,10
43,2,53,10
44,6,96,10
45,63,43,10
46,28,5,10
47,74,89,10
48,13,11,10
49,38,44,10
50,56,67,10
51,10,56,10
52,73,97,10
53,98,58,10
54,85,86,10
55,67,24,10
56,30,26,10
57,98,4,10
58,19,56,10
59,51,83,10
60,54,81,10
61,77,27,10
62,87,30,10
63,63,6,10
64,55,52,10
65,9,51,10
66,16,9,10
1,65,45,11
2,22,35,11
3,56,1,11
4,94,43,11
5,93,80,11
6,52,49,11
7,5,99,11
8,37,97,11
9,71,49,11
10,37,61,11
11,41,28,11
12,40,36,11
13,50,23,11
14,5,67,11
15,23,88,11
16,88,18,11
17,96,66,11
18,77,93,11
19,66,57,11
20,4,80,11
21,0,38,11
22,6,90,11
23,12,83,11
24,32,38,11
25,70,97,11
26,14,49,11
27,62,54,11
28,18,63,11
29,57,3,11
30,97,23,11
31,39,99,11
32,31,84,11
33,77,86,11
34,29,60,11
35,79,53,11
36,71,11,11
37,16,38,11
38,52,54,11
39,66,68,11
40,98,19,11
41,41,85,11
42,52,79,11
43,2,52,11
44,7,95,11
45,63,42,11
46,27,5,11
47,75,90,11
48,12,10,11
49,37,43,11
50,56,66,11
51,10,56,11
52,73,97,11
53,97,58,11
54,86,87,11
55,66,23,11
56,30,25,11
57,97,3,11
58,20,56,11
59,51,83,11
60,55,80,11
61,77,28,11
62,88,29,11
63,63,5,11
64,55,52,11
65,10,52,11
66,17,9,11
1,65,44,12
2,23,36,12
3,56,0,12
4,93,44,12
5,94,79,12
6,51,50,12
7,4,99,12
8,37,96,12
9,70,50,12
10,37,60,12
11,41,28,12
12,41,37,12
13,50,22,12
14,5,68,12
15,22,89,12
16,88,18,12
17,95,67,12
18,78,92,12
19,66,56,12
20,5,79,12
21,0,39,12
22,6,91,12
23,13,84,12
24,32,39,12
25,69,97,12
26,14,50,12
27,62,54,12
28,17,64,12
29,56,3,12
30,97,23,12
31,39,98,12
32,31,84,12
33,76,85,12
34,29,60,12
35,80,52,12
36,71,11,12
37,15,38,12
38,52,54,12
39,67,68,12
40,99,20,12
41,40,84,12
42,53,79,12
43,3,53,12
44,7,96,12
45,64,41,12
46,26,4,12
47,74,89,12
48,13,10,12
49,38,44,12
50,57,66,12
51,11,55,12
52,72,98,12
53,97,58,12
54,86,88,12
55,66,24,12
56,30,26,12
57,96,3,12
58,21,55,12
59,51,84,12
60,56,81,12
61,78,27,12
62,87,30,12
63,63,4,12
64,54,51,12
65,10,53,12
66,17,8,12
1,65,43,13
2,23,35,13
3,57,0,13
4,92,44,13
5,93,80,13
6,52,51,13
7,3,99,13
8,38,97,13
9,69,51,13
10,36,60,13
11,41,27,13
12,42,36,13
13,49,21,13
14,6,68,13
15,23,88,13
16,87,19,13
17,95,66,13
18,79,92,13
19,65,55,13
20,4,80,13
21,0,38,13
22,7,90,13
23,14,85,13
24,31,40,13
25,68,98,13
26,14,51,13
27,63,54,13
28,18,64,13
29,56,4,13
30,98,24,13
31,40,99,13
32,32,84,13
33,77,86,13
34,28,60,13
35,81,53,13
36,72,12,13
37,16,39,13
38,52,53,13
39,66,67,13
40,99,21,13
41,41,84,13
42,53,79,13
43,2,54,13
44,6,95,13
45,63,41,13
46,26,5,13
47,75,89,13
48,13,11,13
49,39,43,13
50,57,65,13
51,11,56,13
52,72,99,13
53,96,57,13
54,87,87,13
55,65,25,13
56,31,25,13
57,97,3,13
58,21,54,13
59,51,84,13
60,55,80,13
61,78,28,13
62,87,29,13
63,62,3,13
64,54,52,13
65,9,54,13
66,18,9,13
1,66,43,14
2,24,34,14
3,58,1,14
4,91,45,14
5,94,79,14
6,51,51,14
7,3,98,14
8,38,96,14
9,68,50,14
10,35,61,14
11,40,26,14
12,42,36,14
13,49,21,14
14,5,69,14
15,23,88,14
16,87,20,14
17,96,67,14
18,79,91,14
19,64,55,14
20,5,80,14
21,1,37,14
22,7,91,14
23,15,84,14
24,30,41,14
25,68,99,14
26,13,52,14
27,64,53,14
28,18,65,14
29,55,5,14
30,98,24,14
31,39,98,14
32,32,84,14
33,78,87,14
34,27,59,14
35,80,52,14
36,73,13,14
37,16,38,14
38,52,52,14
39,65,66,14
40,99,22,14
41,41,85,14
42,54,79,14
43,3,54,14
44,7,95,14
45,62,42,14
46,26,4,14
47,76,88,14
48,13,12,14
49,39,43,14
50,57,64,14
51,11,55,14
52,73,98,14
53,95,56,14
54,87,87,14
55,65,26,14
56,32,26,14
57,96,2,14
58,20,55,14
59,50,84,14
60,55,80,14
61,79,29,14
62,87,30,14
63,62,4,14
64,55,53,14
65,10,55,14
66,18,9,14
1,65,43,15
2,25,33,15
3,58,1,15
4,91,45,15
5,94,79,15
6,50,52,15
7,4,98,15
8,39,97,15
9,69,50,15
10,35,61,15
11,41,25,15
12,42,35,15
13,49,21,15
14,4,70,15
15,22,89,15
16,87,21,15
17,95,68,15
18,79,91,15
19,64,55,15
20,4,79,15
21,1,37,15
22,7,90,15
23,14,83,15
24,30,42,15
25,68,98,15
26,14,52,15
27,63,52,15
28,18,65,15
29,55,5,15
30,97,24,15
31,40,98,15
32,31,85,15
33,79,87,15
34,26,59,15
35,79,51,15
36,74,12,15
37,16,38,15
38,53,52,15
39,65,66,15
40,98,23,15
41,40,85,15
42,54,78,15
43,4,55,15
44,8,94,15
45,63,43,15
46,25,5,15
47,77,89,15
48,13,13,15
49,38,44,15
50,58,63,15
51,12,56,15
52,73,99,15
53,96,57,15
54,86,86,15
55,65,25,15
56,31,26,15
57,96,2,15
58,21,54,15
59,51,84,15
60,54,80,15
61,78,28,15
62,88,31,15
63,62,5,15
64,56,53,15
65,11,56,15
66,19,8,15
1,64,43,16
2,26,34,16
3,58,0,16
4,90,45,16
5,95,78,16
6,49,51,16
7,3,99,16
8,39,98,16
9,69,50,16
10,36,62,16
11,40,24,16
12,41,36,16
13,48,22,16
14,5,70,16
15,22,88,16
16,86,22,16
17,96,69,16
18,79,90,16
19,64,55,16
20,3,78,16
21,0,38,16
22,7,90,16
23,15,84,16
24,31,41,16
25,69,98,16
26,15,52,16
27,63,52,16
28,18,65,16
29,54,5,16
30,96,23,16
31,40,98,16
32,31,85,16
33,79,88,16
34,25,60,16
35,78,50,16
36,74,12,16
37,16,39,16
38,53,53,16
39,66,65,16
40,98,22,16
41,41,86,16
42,53,77,16
43,4,55,16
44,9,94,16
45,64,44,16
46,26,6,16
47,77,90,16
48,12,14,16
49,38,43,16
50,57,63,16
51,12,55,16
52,73,98,16
53,97,57,16
54,85,86,16
55,66,25,16
56,31,27,16
57,96,3,16
58,20,53,16
59,52,85,16
60,55,79,16
61,77,28,16
62,88,30,16
63,61,6,16
64,56,54,16
65,11,57,16
66,18,7,16
1,63,43,17
2,27,34,17
3,57,0,17
4,90,46,17
5,95,79,17
6,48,52,17
7,3,98,17
8,41,97,17
9,68,50,17
10,37,62,17
11,41,24,17
12,41,36,17
13,47,21,17
14,4,71,17
15,22,87,17
16,85,23,17
17,95,69,17
18,78,90,17
19,64,55,17
20,3,79,17
21,0,39,17
22,6,89,17
23,14,83,17
24,30,42,17
25,69,99,17
26,15,53,17
27,62,52,17
28,19,65,17
29,53,6,17
30,96,22,17
31,41,98,17
32,32,86,17
33,80,87,17
34,26,61,17
35,78,51,17
36,73,11,17
37,15,39,17
38,53,53,17
39,67,64,17
40,97,22,17
41,41,85,17
42,54,76,17
43,5,55,17
44,9,93,17
45,63,45,17
46,26,7,17
47,76,89,17
48,13,14,17
49,38,44,17
50,57,64,17
51,11,54,17
52,74,97,17
53,98,58,17
54,86,85,17
55,67,26,17
56,30,28,17
57,96,3,17
58,19,52,17
59,51,86,17
60,56,80,17
61,78,28,17
62,89,30,17
63,62,5,17
64,57,55,17
65,12,57,17
66,17,8,17
1,62,42,18
2,26,34,18
3,56,0,18
4,91,46,18
5,95,78,18
6,49,51,18
7,3,97,18
8,40,97,18
9,67,50,18
10,37,61,18
11,42,24,18
12,40,36,18
13,47,22,18
14,5,71,18
15,23,86,18
16,84,23,18
17,95,68,18
18,78,89,18
19,64,56,18
20,4,78,18
21,1,38,18
22,7,89,18
23,15,82,18
24,29,43,18
25,70,99,18
26,14,54,18
27,61,53,18
28,19,64,18
29,54,7,18
30,95,22,18
31,42,97,18
32,33,85,18
33,79,86,18
34,26,61,18
35,77,51,18
36,74,11,18
37,16,38,18
38,53,54,18
39,66,65,18
40,97,22,18
41,42,86,18
42,53,77,18
43,4,56,18
44,10,92,18
45,64,45,18
46,25,8,18
47,77,88,18
48,13,15,18
49,37,45,18
50,57,65,18
51,11,53,18
52,74,97,18
53,97,57,18
54,85,85,18
55,68,25,18
56,29,27,18
57,96,4,18
58,20,51,18
59,50,87,18
60,55,81,18
61,77,27,18
62,89,29,18
63,63,6,18
64,58,54,18
65,11,57,18
66,17,9,18
1,63,43,19
2,25,33,19
3,57,0,19
4,91,47,19
5,96,77,19
6,48,52,19
7,4,96,19
8,39,97,19
9,66,51,19
10,36,60,19
11,42,23,19
12,41,36,19
13,46,23,19
14,5,70,19
15,22,87,19
16,84,23,19
17,96,68,19
18,78,88,19
19,65,55,19
20,5,78,19
21,0,37,19
22,6,88,19
23,15,82,19
24,28,43,19
25,71,99,19
26,14,54,19
27,61,53,19
28,18,63,19
29,55,8,19
30,96,22,19
31,41,98,19
32,34,85,19
33,80,85,19
34,27,61,19
35,76,50,19
36,75,12,19
37,15,39,19
38,53,53,19
39,65,66,19
40,97,22,19
41,43,86,19
42,54,78,19
43,3,56,19
44,9,92,19
45,64,44,19
46,25,9,19
47,77,88,19
48,14,15,19
49,37,44,19
50,58,66,19
51,11,54,19
52,75,97,19
53,96,57,19
54,86,85,19
55,67,24,19
56,28,26,19
57,97,3,19
58,21,52,19
59,49,86,19
60,56,82,19
61,78,26,19
62,88,29,19
63,64,6,19
64,59,53,19
65,10,57,19
66,16,8,19
1,63,42,20
2,26,33,20
3,57,0,20
4,91,46,20
5,97,76,20
6,49,52,20
7,3,95,20
8,40,96,20
9,67,52,20
10,37,59,20
11,42,22,20
12,42,35,20
13,45,24,20
14,6,71,20
15,21,88,20
16,84,24,20
17,96,68,20
18,77,89,20
19,66,54,20
20,4,78,20
21,0,38,20
22,6,89,20
23,15,81,20
24,28,44,20
25,72,99,20
26,14,53,20
27,61,53,20
28,19,63,20
29,56,8,20
30,97,23,20
31,40,97,20
32,33,84,20
33,80,85,20
34,28,61,20
35,75,49,20
36,76,11,20
37,15,39,20
38,54,53,20
39,65,67,20
40,97,21,20
41,42,87,20
42,54,79,20
43,2,57,20
44,10,91,20
45,63,44,20
46,24,9,20
47,76,88,20
48,14,16,20
49,38,43,20
50,58,67,20
51,11,55,20
52,76,98,20
53,97,58,20
54,87,84,20
55,66,23,20
56,28,27,20
57,96,3,20
58,20,52,20
59,50,87,20
60,55,82,20
61,79,25,20
62,89,30,20
63,64,6,20
64,59,52,20
65,10,58,20
66,16,7,20
1,63,43,21
2,27,34,21
3,56,1,21
4,91,46,21
5,96,75,21
6,50,53,21
7,4,95,21
8,41,95,21
9,66,52,21
10,38,58,21
11,42,22,21
12,42,34,21
13,44,23,21
14,6,70,21
15,22,88,21
16,85,23,21
17,96,69,21
18,77,88,21
19,67,55,21
20,5,78,21
21,0,38,21
22,6,88,21
23,16,80,21
24,27,44,21
25,72,98,21
26,13,53,21
27,61,53,21
28,19,62,21
29,56,7,21
30,97,23,21
31,39,97,21
32,34,84,21
33,80,86,21
34,28,61,21
35,75,50,21
36,75,10,21
37,15,40,21
38,53,53,21
39,65,68,21
40,98,20,21
41,41,86,21
42,55,80,21
43,3,58,21
44,11,91,21
45,64,43,21
46,23,8,21
47,76,87,21
48,14,16,21
49,39,42,21
50,57,66,21
51,12,55,21
52,75,97,21
53,97,59,21
54,88,85,21
55,66,22,21
56,28,27,21
57,95,2,21
58,19,51,21
59,51,87,21
60,54,83,21
61,79,24,21
62,88,30,21
63,64,6,21
64,58,51,21
65,9,59,21
66,17,6,21
1,64,42,22
2,28,35,22
3,56,0,22
4,90,47,22
5,97,74,22
6,50,54,22
7,4,95,22
8,40,94,22
9,67,51,22
10,37,57,22
11,41,21,22
12,41,33,22
13,45,24,22
14,6,70,22
15,23,89,22
16,84,24,22
17,97,68,22
18,77,88,22
19,68,54,22
20,6,77,22
21,0,37,22
22,7,87,22
23,15,81,22
24,27,43,22
25,72,97,22
26,13,52,22
27,61,52,22
28,19,61,22
29,57,6,22
30,98,24,22
31,39,98,22
32,33,85,22
33,81,85,22
34,28,61,22
35,74,51,22
36,76,9,22
37,14,40,22
38,54,52,22
39,66,69,22
40,97,19,22
41,42,87,22
42,56,79,22
43,3,58,22
44,10,92,22
45,65,42,22
46,24,9,22
47,76,86,22
48,15,15,22
49,38,42,22
50,57,65,22
51,11,54,22
52,74,96,22
53,96,60,22
54,88,86,22
55,66,21,22
56,28,27,22
57,95,1,22
58,19,50,22
59,51,88,22
60,53,83,22
61,80,23,22
62,89,30,22
63,63,6,22
64,58,50,22
65,9,59,22
66,18,7,22
1,65,41,23
2,27,36,23
3,57,0,23
4,90,48,23
5,97,75,23
6,50,55,23
7,3,96,23
8,41,93,23
9,66,50,23
10,37,56,23
11,40,22,23
12,40,32,23
13,46,24,23
14,7,69,23
15,23,88,23
16,83,23,23
17,98,69,23
18,76,88,23
19,69,54,23
20,5,78,23
21,0,37,23
22,8,87,23
23,15,81,23
24,28,43,23
25,73,97,23
26,13,52,23
27,62,51,23
28,20,61,23
29,56,7,23
30,97,24,23
31,40,98,23
32,33,86,23
33,82,85,23
34,29,61,23
35,75,50,23
36,75,10,23
37,13,40,23
38,54,51,23
39,67,68,23
40,96,19,23
41,43,88,23
42,56,78,23
43,2,57,23
44,9,91,23
45,65,42,23
46,23,9,23
47,76,85,23
48,15,15,23
49,38,42,23
50,57,64,23
51,12,53,23
52,73,96,23
53,95,59,23
54,89,85,23
55,67,20,23
56,28,27,23
57,96,2,23
58,20,49,23
59,51,89,23
60,53,82,23
61,81,24,23
62,90,31,23
63,63,5,23
64,58,49,23
65,8,60,23
66,17,6,23
1,66,42,24
2,27,35,24
3,58,1,24
4,89,47,24
5,96,76,24
6,50,55,24
7,3,96,24
8,41,92,24
9,66,51,24
10,36,56,24
11,41,23,24
12,40,33,24
13,45,24,24
14,8,69,24
15,23,88,24
16,83,24,24
17,97,70,24
18,76,89,24
19,69,54,24
20,6,78,24
21,0,36,24
22,9,88,24
23,15,80,24
24,27,42,24
25,74,98,24
26,12,52,24
27,62,51,24
28,20,62,24
29,57,7,24
30,96,24,24
31,40,97,24
32,34,87,24
33,82,86,24
34,28,62,24
35,75,50,24
36,76,9,24
37,14,40,24
38,53,51,24
39,66,67,24
40,96,18,24
41,44,89,24
42,56,79,24
43,2,56,24
44,8,90,24
45,64,43,24
46,24,8,24
47,76,84,24
48,15,16,24
49,39,42,24
50,57,64,24
51,11,53,24
52,74,96,24
53,95,60,24
54,89,86,24
55,67,21,24
56,28,28,24
57,97,3,24
58,20,49,24
59,50,90,24
60,54,82,24
61,81,25,24
62,90,31,24
63,64,5,24
64,59,50,24
65,7,59,24
66,18,7,24
1,67,42,25
2,28,36,25
3,57,1,25
4,88,47,25
5,97,76,25
6,50,55,25
7,3,97,25
8,42,91,25
9,65,50,25
10,35,55,25
11,40,23,25
12,40,34,25
13,45,25,25
14,7,69,25
15,23,88,25
16,82,23,25
17,98,70,25
18,77,88,25
19,68,53,25
20,5,77,25
21,1,36,25
22,9,87,25
23,14,80,25
24,27,42,25
25,74,99,25
26,11,51,25
27,62,51,25
28,19,62,25
29,57,6,25
30,96,23,25
31,40,96,25
32,33,87,25
33,82,85,25
34,29,61,25
35,74,51,25
36,75,9,25
37,13,39,25
38,54,52,25
39,66,68,25
40,97,17,25
41,43,90,25
42,56,80,25
43,3,56,25
44,7,90,25
45,65,43,25
46,23,8,25
47,76,85,25
48,16,16,25
49,38,41,25
50,57,63,25
51,12,52,25
52,75,95,25
53,95,60,25
54,89,87,25
55,68,20,25
56,27,29,25
57,96,3,25
58,20,49,25
59,51,91,25
60,53,81,25
61,81,25,25
62,89,32,25
63,64,4,25
64,58,51,25
65,7,58,25
66,18,8,25
1,67,41,26
2,29,36,26
3,57,1,26
4,89,48,26
5,96,77,26
6,49,55,26
7,2,97,26
8,43,91,26
9,66,50,26
10,35,56,26
11,39,22,26
12,39,34,26
13,46,26,26
14,8,69,26
15,24,87,26
16,82,24,26
17,97,70,26
18,76,89,26
19,69,53,26
20,5,77,26
21,2,35,26
22,9,88,26
23,13,81,26
24,26,42,26
25,75,99,26
26,10,51,26
27,61,51,26
28,19,61,26
29,57,7,26
30,96,24,26
31,40,97,26
32,33,87,26
33,82,85,26
34,29,61,26
35,74,52,26
36,75,10,26
37,12,39,26
38,54,51,26
39,67,67,26
40,98,17,26
41,44,89,26
42,56,81,26
43,4,56,26
44,7,90,26
45,64,42,26
46,22,9,26
47,76,85,26
48,17,17,26
49,37,40,26
50,58,63,26
51,12,53,26
52,74,94,26
53,95,61,26
54,88,87,26
55,67,19,26
56,26,28,26
57,96,2,26
58,19,48,26
59,52,91,26
60,52,82,26
61,80,26,26
62,89,31,26
63,65,3,26
64,57,51,26
65,7,58,26
66,18,7,26
1,68,41,27
2,30,35,27
3,56,2,27
4,88,49,27
5,96,76,27
6,50,55,27
7,3,97,27
8,42,90,27
9,66,51,27
10,35,56,27
11,38,23,27
12,40,33,27
13,45,26,27
14,7,69,27
15,23,88,27
16,82,24,27
17,97,70,27
18,76,89,27
19,69,54,27
20,6,78,27
21,3,35,27
22,10,88,27
23,14,81,27
24,25,43,27
25,76,99,27
26,11,52,27
27,62,51,27
28,19,62,27
29,58,6,27
30,97,24,27
31,40,97,27
32,33,88,27
33,83,86,27
34,30,61,27
35,73,53,27
36,75,11,27
37,13,39,27
38,55,51,27
39,68,68,27
40,98,17,27
41,44,90,27
42,56,80,27
43,3,56,27
44,6,89,27
45,63,42,27
46,21,9,27
47,75,86,27
48,18,18,27
49,36,41,27
50,59,64,27
51,13,52,27
52,73,93,27
53,95,60,27
54,88,88,27
55,68,18,27
56,27,29,27
57,95,3,27
58,19,47,27
59,51,92,27
60,52,83,27
61,79,26,27
62,88,32,27
63,66,2,27
64,58,52,27
65,7,57,27
66,18,7,27
1,69,42,28
2,29,35,28
3,56,2,28
4,88,50,28
5,95,75,28
6,50,54,28
7,3,97,28
8,42,90,28
9,66,52,28
10,34,56,28
11,37,24,28
12,40,32,28
13,44,26,28
14,8,70,28
15,22,88,28
16,82,25,28
17,97,69,28
18,75,90,28
19,68,53,28
20,6,79,28
21,2,34,28
22,9,89,28
23,13,80,28
24,26,44,28
25,76,99,28
26,10,53,28
27,62,50,28
28,19,62,28
29,57,7,28
30,97,24,28
31,41,98,28
32,32,87,28
33,83,86,28
34,30,62,28
35,72,53,28
36,75,10,28
37,12,40,28
38,54,50,28
39,69,67,28
40,99,17,28
41,44,89,28
42,57,81,28
43,4,56,28
44,7,89,28
45,64,41,28
46,20,9,28
47,74,86,28
48,19,17,28
49,35,40,28
50,60,65,28
51,12,53,28
52,73,94,28
53,94,60,28
54,87,87,28
55,67,19,28
56,28,28,28
57,96,3,28
58,18,46,28
59,52,91,28
60,52,84,28
61,78,26,28
62,87,33,28
63,66,3,28
64,58,52,28
65,7,57,28
66,17,6,28
1,69,42,29
2,28,36,29
3,57,1,29
4,87,50,29
5,95,76,29
6,49,55,29
7,4,96,29
8,43,89,29
9,67,51,29
10,34,56,29
11,36,25,29
12,39,33,29
13,43,26,29
14,9,71,29
15,22,87,29
16,81,24,29
17,98,68,29
18,76,91,29
19,68,53,29
20,5,79,29
21,2,34,29
22,9,90,29
23,12,81,29
24,27,43,29
25,75,99,29
26,11,54,29
27,61,51,29
28,18,61,29
29,56,8,29
30,96,23,29
31,42,99,29
32,32,87,29
33,83,85,29
34,31,62,29
35,73,54,29
36,74,10,29
37,13,39,29
38,53,51,29
39,70,67,29
40,98,16,29
41,45,89,29
42,56,80,29
43,5,57,29
44,6,90,29
45,63,41,29
46,19,9,29
47,75,85,29
48,19,16,29
49,34,41,29
50,59,65,29
51,12,53,29
52,74,94,29
53,93,59,29
54,86,88,29
55,67,18,29
56,28,28,29
57,97,4,29
58,18,47,29
59,51,92,29
60,51,83,29
61,77,26,29
62,87,34,29
63,66,3,29
64,57,53,29
65,8,58,29
66,16,5,29
1,69,43,30
2,27,35,30
3,56,1,30
4,87,51,30
5,95,77,30
6,49,56,30
7,5,97,30
8,42,88,30
9,67,50,30
10,35,57,30
11,37,26,30
12,39,32,30
13,44,25,30
14,9,71,30
15,23,87,30
16,80,24,30
17,99,67,30
18,75,92,30
19,68,54,30
20,5,79,30
21,1,35,30
22,8,89,30
23,11,81,30
24,26,42,30
25,76,99,30
26,12,54,30
27,60,50,30
28,19,60,30
29,56,8,30
30,97,22,30
31,42,98,30
32,31,88,30
33,84,86,30
34,31,61,30
35,72,55,30
36,73,11,30
37,12,40,30
38,53,51,30
39,70,68,30
40,99,15,30
41,44,88,30
42,57,79,30
43,5,56,30
44,6,90,30
45,64,41,30
46,18,9,30
47,76,84,30
48,20,17,30
49,34,40,30
50,59,66,30
51,11,54,30
52,74,95,30
53,93,58,30
54,86,89,30
55,68,19,30
56,27,29,30
57,96,5,30
58,19,47,30
59,52,93,30
60,52,82,30
61,77,25,30
62,87,35,30
63,67,3,30
64,58,54,30
65,8,57,30
66,15,6,30
1,68,42,31
2,28,36,31
3,57,2,31
4,87,50,31
5,94,77,31
6,48,57,31
7,6,98,31
8,42,88,31
9,66,49,31
10,35,58,31
11,38,26,31
12,38,33,31
13,44,25,31
14,9,72,31
15,24,88,31
16,80,23,31
17,99,68,31
18,76,92,31
19,68,54,31
20,4,80,31
21,1,35,31
22,7,90,31
23,11,81,31
24,25,42,31
25,75,99,31
26,12,53,31
27,60,51,31
28,20,61,31
29,57,9,31
30,96,21,31
31,41,97,31
32,30,88,31
33,84,85,31
34,30,62,31
35,73,54,31
36,73,11,31
37,11,41,31
38,52,52,31
39,70,68,31
40,98,16,31
41,43,87,31
42,57,79,31
43,5,56,31
44,6,91,31
45,65,41,31
46,19,8,31
47,77,84,31
48,21,17,31
49,35,41,31
50,59,65,31
51,12,54,31
52,73,96,31
53,93,58,31
54,85,90,31
55,67,20,31
56,28,28,31
57,97,4,31
58,20,47,31
59,51,94,31
60,51,81,31
61,78,26,31
62,88,36,31
63,68,3,31
64,59,54,31
65,7,58,31
66,16,6,31
1,67,43,32
2,29,37,32
3,58,2,32
4,87,50,32
5,93,76,32
6,48,57,32
7,5,98,32
8,44,88,32
9,65,49,32
10,36,57,32
11,37,26,32
12,39,33,32
13,43,25,32
14,10,73,32
15,23,87,32
16,81,23,32
17,99,69,32
18,76,91,32
19,67,55,32
20,4,81,32
21,0,35,32
22,8,91,32
23,12,80,32
24,26,41,32
25,76,98,32
26,13,53,32
27,61,52,32
28,20,60,32
29,57,10,32
30,97,20,32
31,42,96,32
32,31,88,32
33,84,86,32
34,31,61,32
35,72,53,32
36,73,12,32
37,10,42,32
38,53,53,32
39,70,67,32
40,99,17,32
41,45,87,32
42,57,78,32
43,5,57,32
44,5,90,32
45,65,40,32
46,18,7,32
47,76,83,32
48,20,17,32
49,35,42,32
50,59,64,32
51,13,54,32
52,72,95,32
53,92,57,32
54,86,91,32
55,66,21,32
56,27,28,32
57,96,5,32
58,21,47,32
59,50,94,32
60,51,80,32
61,78,26,32
62,88,36,32
63,68,3,32
64,59,55,32
65,8,59,32
66,15,6,32
1,67,43,33
2,28,38,33
3,58,2,33
4,88,49,33
5,94,75,33
6,47,57,33
7,6,98,33
8,44,86,33
9,66,50,33
10,35,56,33
11,36,25,33
12,39,33,33
13,44,26,33
14,10,72,33
15,24,87,33
16,80,23,33
17,99,70,33
18,77,92,33
19,68,54,33
20,4,82,33
21,0,35,33
22,7,90,33
23,12,80,33
24,25,40,33
25,76,98,33
26,14,52,33
27,60,53,33
28,19,59,33
29,56,10,33
30,96,19,33
31,41,97,33
32,32,87,33
33,84,87,33
34,30,62,33
35,72,53,33
36,72,13,33
37,10,42,33
38,53,52,33
39,70,66,33
40,98,17,33
41,45,86,33
42,58,77,33
43,6,58,33
44,5,91,33
45,65,39,33
46,18,7,33
47,76,84,33
48,21,17,33
49,34,41,33
50,58,64,33
51,12,54,33
52,72,96,33
53,93,58,33
54,85,90,33
55,67,20,33
56,26,29,33
57,97,6,33
58,22,46,33
59,51,95,33
60,52,81,33
61,78,27,33
62,89,36,33
63,67,2,33
64,58,55,33
65,9,59,33
66,16,7,33
1,66,42,34
2,29,37,34
3,58,3,34
4,87,49,34
5,93,76,34
6,48,58,34
7,5,99,34
8,44,85,34
9,67,51,34
10,34,56,34
11,36,25,34
12,38,33,34
13,45,26,34
14,11,72,34
15,24,88,34
16,79,22,34
17,99,71,34
18,76,92,34
19,69,54,34
20,3,81,34
21,1,35,34
22,7,91,34
23,12,79,34
24,25,41,34
25,75,98,34
26,13,52,34
27,59,53,34
28,20,58,34
29,57,10,34
30,96,20,34
31,42,98,34
32,33,87,34
33,85,86,34
34,31,61,34
35,73,53,34
36,73,14,34
37,9,42,34
38,54,51,34
39,69,65,34
40,98,18,34
41,44,86,34
42,57,78,34
43,5,57,34
44,6,90,34
45,65,38,34
46,17,8,34
47,77,83,34
48,22,18,34
49,34,40,34
50,58,63,34
51,13,55,34
52,72,95,34
53,92,57,34
54,85,90,34
55,66,20,34
56,26,30,34
57,96,5,34
58,21,46,34
59,50,95,34
60,51,82,34
61,77,27,34
62,90,36,34
63,68,3,34
64,58,55,34
65,10,60,34
66,16,6,34
1,66,43,35
2,30,38,35
3,59,4,35
4,88,48,35
5,92,77,35
6,49,57,35
7,6,98,35
8,44,85,35
9,68,51,35
10,34,55,35
11,35,26,35
12,37,33,35
13,46,27,35
14,11,72,35
15,23,88,35
16,80,22,35
17,99,71,35
18,75,91,35
19,68,54,35
20,4,82,35
21,2,35,35
22,8,92,35
23,11,78,35
24,25,42,35
25,76,97,35
26,14,53,35
27,59,52,35
28,21,59,35
29,58,9,35
30,95,19,35
31,42,99,35
32,32,88,35
33,84,85,35
34,30,62,35
35,73,53,35
36,73,15,35
37,8,41,35
38,53,50,35
39,68,65,35
40,99,19,35
41,43,86,35
42,57,78,35
43,4,56,35
44,6,90,35
45,64,37,35
46,17,9,35
47,78,82,35
48,22,19,35
49,35,39,35
50,57,64,35
51,13,54,35
52,71,95,35
53,93,58,35
54,85,89,35
55,66,20,35
56,26,29,35
57,95,6,35
58,20,46,35
59,51,96,35
60,51,83,35
61,78,28,35
62,89,35,35
63,69,4,35
64,57,55,35
65,9,60,35
66,17,6,35
1,66,44,36
2,31,38,36
3,60,5,36
4,88,48,36
5,93,76,36
6,48,57,36
7,6,98,36
8,45,86,36
9,67,52,36
10,34,56,36
11,36,25,36
12,38,34,36
13,46,27,36
14,10,71,36
15,23,88,36
16,80,22,36
17,98,70,36
18,75,91,36
19,67,54,36
20,5,83,36
21,1,36,36
22,7,91,36
23,10,79,36
24,26,42,36
25,77,97,36
26,13,52,36
27,60,53,36
28,20,60,36
29,58,9,36
30,95,19,36
31,43,99,36
32,31,89,36
33,84,85,36
34,31,61,36
35,72,53,36
36,72,16,36
37,9,40,36
38,54,49,36
39,68,64,36
40,98,19,36
41,42,86,36
42,56,79,36
43,4,57,36
44,5,90,36
45,64,36,36
46,16,8,36
47,79,82,36
48,23,20,36
49,34,39,36
50,57,63,36
51,13,54,36
52,70,96,36
53,93,58,36
54,86,90,36
55,66,21,36
56,26,30,36
57,96,6,36
58,20,46,36
59,51,96,36
60,50,82,36
61,77,27,36
62,89,35,36
63,68,3,36
64,56,56,36
65,8,59,36
66,18,5,36
1,67,43,37
2,30,38,37
3,60,4,37
4,88,49,37
5,93,77,37
6,48,56,37
7,7,99,37
8,44,87,37
9,67,52,37
10,34,56,37
11,37,24,37
12,37,35,37
13,47,28,37
14,10,71,37
15,22,89,37
16,81,23,37
17,97,71,37
18,76,91,37
19,68,55,37
20,6,83,37
21,1,37,37
22,6,91,37
23,10,78,37
24,26,41,37
25,76,98,37
26,12,53,37
27,59,54,37
28,21,59,37
29,59,9,37
30,95,19,37
31,44,99,37
32,31,89,37
33,83,84,37
34,31,61,37
35,72,54,37
36,71,16,37
37,8,40,37
38,53,50,37
39,69,64,37
40,98,18,37
41,43,87,37
42,57,80,37
43,4,57,37
44,7,91,37
45,64,36,37
46,16,7,37
47,80,83,37
48,22,21,37
49,33,38,37
50,58,63,37
51,12,54,37
52,70,96,37
53,93,58,37
54,85,91,37
55,67,20,37
56,26,29,37
57,95,6,37
58,20,47,37
59,50,96,37
60,50,82,37
61,77,26,37
62,88,35,37
63,68,4,37
64,56,56,37
65,9,58,37
66,19,4,37
1,68,43,38
2,31,37,38
3,61,5,38
4,87,50,38
5,94,77,38
6,47,55,38
7,6,99,38
8,43,86,38
9,67,52,38
10,35,55,38
11,37,24,38
12,36,35,38
13,46,27,38
14,9,70,38
15,23,90,38
16,82,24,38
17,98,70,38
18,77,92,38
19,67,56,38
20,5,84,38
21,2,36,38
22,6,91,38
23,11,77,38
24,25,40,38
25,77,99,38
26,13,52,38
27,59,55,38
28,20,60,38
29,60,8,38
30,96,20,38
31,45,98,38
32,30,89,38
33,83,83,38
34,32,60,38
35,73,53,38
36,71,16,38
37,8,40,38
38,52,51,38
39,70,63,38
40,97,17,38
41,44,88,38
42,58,81,38
43,4,56,38
44,7,92,38
45,64,35,38
46,17,7,38
47,81,83,38
48,21,22,38
49,33,37,38
50,59,63,38
51,13,53,38
52,71,97,38
53,94,59,38
54,85,92,38
55,68,21,38
56,25,29,38
57,95,5,38
58,21,46,38
59,51,97,38
60,49,83,38
61,76,27,38
62,87,35,38
63,68,4,38
64,55,55,38
65,10,59,38
66,18,5,38
1,69,43,39
2,32,37,39
3,60,4,39
4,88,49,39
5,94,78,39
6,46,55,39
7,6,99,39
8,43,86,39
9,68,53,39
10,34,54,39
11,37,23,39
12,37,36,39
13,45,26,39
14,8,71,39
15,23,89,39
16,82,24,39
17,99,71,39
18,77,92,39
19,68,57,39
20,5,84,39
21,3,35,39
22,8,92,39
23,11,78,39
24,24,40,39
25,78,99,39
26,12,53,39
27,60,55,39
28,19,59,39
29,60,7,39
30,97,21,39
31,45,99,39
32,31,89,39
33,84,82,39
34,32,60,39
35,74,54,39
36,70,17,39
37,9,41,39
38,53,52,39
39,69,63,39
40,97,18,39
41,44,89,39
42,59,81,39
43,4,55,39
44,6,92,39
45,65,34,39
46,16,6,39
47,81,83,39
48,22,23,39
49,32,36,39
50,60,64,39
51,12,54,39
52,71,98,39
53,93,60,39
54,85,91,39
55,67,20,39
56,25,29,39
57,96,4,39
58,21,47,39
59,51,98,39
60,48,83,39
61,75,28,39
62,86,36,39
63,67,4,39
64,56,55,39
65,10,59,39
66,19,4,39
1,70,43,40
2,33,37,40
3,60,4,40
4,89,48,40
5,95,77,40
6,47,55,40
7,6,98,40
8,42,85,40
9,69,53,40
10,34,53,40
11,38,24,40
12,37,36,40
13,46,25,40
14,9,71,40
15,23,89,40
16,83,23,40
17,99,72,40
18,78,93,40
19,68,56,40
20,6,84,40
21,2,35,40
22,8,93,40
23,11,78,40
24,23,41,40
25,79,98,40
26,13,53,40
27,59,54,40
28,19,58,40
29,59,7,40
30,97,22,40
31,46,99,40
32,30,89,40
33,83,81,40
34,32,61,40
35,74,53,40
36,69,16,40
37,9,40,40
38,53,52,40
39,70,63,40
40,97,19,40
41,44,89,40
42,58,82,40
43,4,55,40
44,5,91,40
45,66,34,40
46,17,5,40
47,82,83,40
48,21,23,40
49,31,37,40
50,60,64,40
51,13,54,40
52,72,98,40
53,94,59,40
54,84,90,40
55,66,19,40
56,26,28,40
57,95,5,40
58,21,47,40
59,51,98,40
60,47,84,40
61,74,27,40
62,86,37,40
63,66,3,40
64,56,54,40
65,10,58,40
66,18,5,40
1,69,42,41
2,33,36,41
3,61,4,41
4,89,48,41
5,94,77,41
6,46,55,41
7,7,97,41
8,43,86,41
9,68,53,41
10,35,53,41
11,37,25,41
12,36,37,41
13,45,26,41
14,10,70,41
15,24,89,41
16,83,22,41
17,99,73,41
18,79,92,41
19,69,55,41
20,6,84,41
21,3,34,41
22,7,93,41
23,11,77,41
24,23,42,41
25,78,98,41
26,14,53,41
27,59,53,41
28,19,57,41
29,60,8,41
30,97,21,41
31,45,98,41
32,31,90,41
33,82,82,41
34,32,62,41
35,73,54,41
36,68,16,41
37,10,41,41
38,54,53,41
39,71,64,41
40,97,19,41
41,44,88,41
42,58,81,41
43,4,56,41
44,6,92,41
45,66,33,41
46,18,4,41
47,83,83,41
48,21,24,41
49,32,36,41
50,61,64,41
51,12,55,41
52,71,97,41
53,95,59,41
54,85,90,41
55,67,20,41
56,26,28,41
57,95,4,41
58,22,48,41
59,52,98,41
60,48,84,41
61,73,26,41
62,86,38,41
63,66,3,41
64,56,54,41
65,10,58,41
66,19,5,41
1,69,41,42
2,33,35,42
3,60,3,42
4,89,47,42
5,95,77,42
6,46,55,42
7,6,98,42
8,42,86,42
9,69,54,42
10,35,52,42
11,36,25,42
12,35,36,42
13,45,27,42
14,10,71,42
15,25,90,42
16,84,21,42
17,98,72,42
18,80,92,42
19,70,54,42
20,7,84,42
21,3,34,42
22,6,93,42
23,11,76,42
24,23,43,42
25,77,98,42
26,15,53,42
27,60,53,42
28,18,58,42
29,61,8,42
30,96,21,42
31,45,99,42
32,30,90,42
33,81,81,42
34,31,61,42
35,74,54,42
36,67,15,42
37,11,41,42
38,53,53,42
39,70,64,42
40,97,19,42
41,43,88,42
42,58,80,42
43,4,55,42
44,7,94,42
45,67,33,42
46,18,5,42
47,82,83,42
48,20,24,42
49,33,36,42
50,61,64,42
51,13,55,42
52,70,98,42
53,94,58,42
54,86,91,42
55,68,20,42
56,25,27,42
57,95,5,42
58,22,47,42
59,52,99,42
60,48,84,42
61,74,27,42
62,86,37,42
63,65,2,42
64,57,55,42
65,10,58,42
66,18,6,42
1,68,40,43
2,34,35,43
3,60,3,43
4,90,47,43
5,95,76,43
6,46,56,43
7,5,98,43
8,42,87,43
9,70,53,43
10,35,53,43
11,35,25,43
12,34,36,43
13,44,28,43
14,11,72,43
15,25,91,43
16,85,22,43
17,98,73,43
18,80,93,43
19,69,54,43
20,7,84,43
21,2,33,43
22,6,93,43
23,12,75,43
24,22,43,43
25,76,98,43
26,16,52,43
27,61,54,43
28,19,58,43
29,60,7,43
30,95,22,43
31,46,98,43
32,29,91,43
33,80,82,43
34,32,62,43
35,75,54,43
36,66,15,43
37,11,41,43
38,52,52,43
39,69,64,43
40,97,19,43
41,43,87,43
42,57,79,43
43,4,56,43
44,8,94,43
45,68,34,43
46,17,4,43
47,83,83,43
48,21,24,43
49,33,37,43
50,60,63,43
51,12,54,43
52,71,98,43
53,95,59,43
54,86,90,43
55,69,20,43
56,25,27,43
57,94,6,43
58,21,46,43
59,51,99,43
60,49,85,43
61,75,26,43
62,87,38,43
63,64,1,43
64,58,56,43
65,11,57,43
66,19,5,43
1,67,41,44
2,33,35,44
3,59,2,44
4,89,46,44
5,95,75,44
6,45,57,44
7,5,99,44
8,43,88,44
9,69,52,44
10,34,52,44
11,36,25,44
12,34,36,44
13,43,28,44
14,12,73,44
15,26,91,44
16,84,23,44
17,98,74,44
18,80,94,44
19,70,53,44
20,8,85,44
21,2,33,44
22,6,93,44
23,13,74,44
24,23,42,44
25,76,97,44
26,15,53,44
27,62,53,44
28,18,58,44
29,60,8,44
30,95,22,44
31,46,97,44
32,29,92,44
33,81,82,44
34,33,61,44
35,76,55,44
36,67,14,44
37,11,42,44
38,51,53,44
39,68,65,44
40,98,20,44
41,44,87,44
42,56,79,44
43,4,55,44
44,9,94,44
45,68,34,44
46,16,3,44
47,84,82,44
48,21,24,44
49,33,38,44
50,61,63,44
51,13,55,44
52,72,97,44
53,95,59,44
54,85,91,44
55,70,20,44
56,24,26,44
57,93,6,44
58,21,47,44
59,50,98,44
60,48,86,44
61,76,27,44
62,87,37,44
63,64,1,44
64,57,56,44
65,12,56,44
66,20,5,44
1,66,42,45
2,32,36,45
3,59,1,45
4,89,46,45
5,96,75,45
6,45,56,45
7,5,99,45
8,43,89,45
9,68,52,45
10,34,52,45
11,35,24,45
12,33,35,45
13,44,27,45
14,12,74,45
15,25,92,45
16,85,22,45
17,97,74,45
18,80,93,45
19,70,53,45
20,7,86,45
21,2,33,45
22,7,93,45
23,13,74,45
24,24,42,45
25,77,96,45
26,15,53,45
27,62,53,45
28,19,59,45
29,60,7,45
30,95,23,45
31,47,96,45
32,29,92,45
33,82,83,45
34,34,61,45
35,75,54,45
36,66,15,45
37,12,41,45
38,52,54,45
39,69,65,45
40,98,21,45
41,45,87,45
42,55,78,45
43,5,54,45
44,10,93,45
45,69,34,45
46,17,3,45
47,85,83,45
48,21,25,45
49,32,37,45
50,62,63,45
51,12,55,45
52,72,98,45
53,96,58,45
54,85,92,45
55,70,19,45
56,25,27,45
57,92,6,45
58,20,47,45
59,49,99,45
60,49,86,45
61,77,27,45
62,87,38,45
63,63,2,45
64,58,57,45
65,11,57,45
66,21,5,45
1,65,41,46
2,33,38,46
3,60,0,46
4,89,46,46
5,96,76,46
6,46,57,46
7,6,98,46
8,44,88,46
9,67,51,46
10,35,52,46
11,34,24,46
12,32,35,46
13,45,27,46
14,11,73,46
15,24,93,46
16,84,23,46
17,98,75,46
18,79,92,46
19,69,52,46
20,7,85,46
21,1,32,46
22,8,92,46
23,13,73,46
24,23,43,46
25,78,95,46
26,15,52,46
27,62,53,46
28,19,59,46
29,59,6,46
30,95,22,46
31,46,97,46
32,30,91,46
33,83,84,46
34,34,60,46
35,74,55,46
36,66,14,46
37,11,41,46
38,52,53,46
39,70,64,46
40,98,22,46
41,46,87,46
42,55,77,46
43,5,54,46
44,11,93,46
45,68,33,46
46,17,2,46
47,84,82,46
48,22,25,46
49,31,38,46
50,63,64,46
51,12,56,46
52,72,97,46
53,97,58,46
54,86,92,46
55,71,19,46
56,26,26,46
57,91,5,46
58,21,47,46
59,49,99,46
60,50,86,46
61,77,27,46
62,86,39,46
63,64,3,46
64,58,58,46
65,11,56,46
66,20,6,46
1,65,41,47
2,34,39,47
3,59,0,47
4,90,45,47
5,95,77,47
6,45,57,47
7,7,98,47
8,45,89,47
9,67,52,47
10,35,52,47
11,33,23,47
12,33,35,47
13,45,28,47
14,11,72,47
15,25,93,47
16,85,24,47
17,98,74,47
18,78,93,47
19,70,51,47
20,8,84,47
21,1,32,47
22,8,91,47
23,14,73,47
24,24,43,47
25,79,95,47
26,14,53,47
27,62,52,47
28,20,60,47
29,60,7,47
30,95,21,47
31,46,96,47
32,30,90,47
33,84,83,47
34,35,59,47
35,73,54,47
36,67,14,47
37,11,40,47
38,51,53,47
39,69,65,47
40,98,21,47
41,45,86,47
42,54,77,47
43,5,55,47
44,11,93,47
45,67,32,47
46,17,3,47
47,84,81,47
48,21,25,47
49,31,37,47
50,63,65,47
51,13,57,47
52,72,98,47
53,97,58,47
54,86,92,47
55,72,18,47
56,27,27,47
57,90,6,47
58,20,47,47
59,49,98,47
60,51,86,47
61,77,26,47
62,87,39,47
63,64,4,47
64,58,59,47
65,11,55,47
66,21,7,47
1,64,41,48
2,34,38,48
3,58,1,48
4,89,44,48
5,94,78,48
6,46,57,48
7,7,99,48
8,44,88,48
9,67,51,48
10,36,53,48
11,34,24,48
12,34,34,48
13,46,27,48
14,11,73,48
15,26,92,48
16,84,23,48
17,97,73,48
18,77,94,48
19,70,51,48
20,9,83,48
21,0,32,48
22,7,91,48
23,14,73,48
24,23,43,48
25,78,95,48
26,14,53,48
27,63,51,48
28,19,59,48
29,59,8,48
30,94,20,48
31,46,96,48
32,29,90,48
33,85,84,48
34,34,60,48
35,72,55,48
36,67,15,48
37,11,39,48
38,51,53,48
39,69,65,48
40,97,21,48
41,44,85,48
42,53,76,48
43,6,54,48
44,11,93,48
45,68,32,48
46,18,4,48
47,85,82,48
48,22,24,48
49,30,36,48
50,64,66,48
51,14,58,48
52,73,97,48
53,97,57,48
54,85,92,48
55,73,19,48
56,26,27,48
57,90,7,48
58,19,46,48
59,50,98,48
60,50,87,48
61,76,25,48
62,88,40,48
63,65,5,48
64,59,59,48
65,10,56,48
66,21,6,48
1,65,40,49
2,34,37,49
3,57,2,49
4,89,43,49
5,94,77,49
6,47,58,49
7,7,98,49
8,44,89,49
9,67,52,49
10,36,54,49
11,33,24,49
12,34,35,49
13,46,28,49
14,12,73,49
15,25,93,49
16,84,22,49
17,97,72,49
18,76,95,49
19,71,52,49
20,10,84,49
21,0,33,49
22,6,92,49
23,13,73,49
24,22,42,49
25,78,94,49
26,13,52,49
27,62,50,49
28,20,60,49
29,58,7,49
30,93,19,49
31,45,96,49
32,29,90,49
33,85,83,49
34,34,60,49
35,73,55,49
36,67,16,49
37,10,39,49
38,52,52,49
39,70,66,49
40,98,21,49
41,44,84,49
42,54,75,49
43,6,55,49
44,10,94,49
45,69,31,49
46,17,3,49
47,84,83,49
48,23,23,49
49,31,36,49
50,64,65,49
51,15,58,49
52,72,97,49
53,98,58,49
54,84,91,49
55,73,19,49
56,25,28,49
57,91,6,49
58,20,46,49
59,51,98,49
60,51,86,49
61,76,24,49
62,89,39,49
63,66,5,49
64,58,60,49
65,11,56,49
66,20,6,49
1,64,40,50
2,35,38,50
3,57,1,50
4,90,43,50
5,94,76,50
6,46,58,50
7,8,98,50
8,44,90,50
9,67,53,50
10,35,55,50
11,34,23,50
12,35,34,50
13,45,28,50
14,13,72,50
15,24,93,50
16,84,23,50
17,97,71,50
18,76,94,50
19,70,52,50
20,10,84,50
21,0,32,50
22,5,92,50
23,13,73,50
24,22,43,50
25,77,95,50
26,14,51,50
27,61,50,50
28,20,61,50
29,57,6,50
30,92,18,50
31,46,96,50
32,29,90,50
33,85,84,50
34,35,59,50
35,72,55,50
36,66,17,50
37,10,38,50
38,53,51,50
39,70,66,50
40,97,22,50
41,45,85,50
42,54,74,50
43,6,55,50
44,11,94,50
45,70,31,50
46,17,3,50
47,84,84,50
48,23,22,50
49,30,37,50
50,65,65,50
51,14,59,50
52,73,97,50
53,98,58,50
54,85,92,50
55,72,20,50
56,24,29,50
57,90,6,50
58,21,47,50
59,50,98,50
60,51,86,50
61,75,23,50
62,88,40,50
63,67,5,50
64,59,61,50
65,11,55,50
66,19,7,50
1,64,41,51
2,35,37,51
3,56,2,51
4,91,44,51
5,95,76,51
6,47,58,51
7,9,97,51
8,44,89,51
9,66,53,51
10,34,54,51
11,33,24,51
12,34,33,51
13,45,28,51
14,14,72,51
15,25,93,51
16,83,22,51
17,98,71,51
18,77,94,51
19,71,53,51
20,11,84,51
21,1,33,51
22,4,91,51
23,14,74,51
24,22,42,51
25,76,94,51
26,13,50,51
27,62,51,51
28,21,60,51
29,56,7,51
30,91,19,51
31,47,96,51
32,29,89,51
33,86,85,51
34,34,59,51
35,71,56,51
36,67,17,51
37,11,38,51
38,54,52,51
39,70,67,51
40,98,21,51
41,45,85,51
42,55,73,51
43,5,54,51
44,11,93,51
45,70,30,51
46,18,4,51
47,84,84,51
48,22,22,51
49,30,36,51
50,64,66,51
51,13,59,51
52,73,98,51
53,98,58,51
54,86,93,51
55,72,19,51
56,25,29,51
57,89,5,51
58,20,48,51
59,49,99,51
60,51,87,51
61,76,22,51
62,87,40,51
63,66,5,51
64,59,61,51
65,12,54,51
66,19,6,51
1,64,40,52
2,36,37,52
3,56,1,52
4,92,45,52
5,96,77,52
6,48,59,52
7,9,96,52
8,43,90,52
9,65,53,52
10,34,54,52
11,33,25,52
12,33,33,52
13,45,27,52
14,15,73,52
15,25,94,52
16,83,22,52
17,99,71,52
18,77,93,52
19,71,52,52
20,11,83,52
21,2,34,52
22,4,90,52
23,15,75,52
24,22,42,52
25,76,94,52
26,12,51,52
27,63,50,52
28,21,60,52
29,56,7,52
30,92,20,52
31,46,96,52
32,28,90,52
33,85,86,52
34,33,59,52
35,72,56,52
36,67,16,52
37,12,37,52
38,55,53,52
39,71,67,52
40,97,22,52
41,46,84,52
42,56,72,52
43,6,53,52
44,11,93,52
45,71,30,52
46,18,4,52
47,83,83,52
48,22,23,52
49,30,36,52
50,64,65,52
51,13,60,52
52,72,99,52
53,97,58,52
54,85,92,52
55,71,19,52
56,24,28,52
57,90,5,52
58,20,47,52
59,48,99,52
60,52,87,52
61,76,22,52
62,88,40,52
63,65,6,52
64,59,61,52
65,11,55,52
66,20,6,52
1,63,41,53
2,35,36,53
3,56,2,53
4,91,46,53
5,97,76,53
6,49,59,53
7,10,96,53
8,42,90,53
9,64,54,53
10,35,55,53
11,34,24,53
12,33,32,53
13,44,27,53
14,16,74,53
15,24,93,53
16,82,22,53
17,98,70,53
18,78,92,53
19,72,52,53
20,11,82,53
21,3,34,53
22,5,91,53
23,14,75,53
24,22,43,53
25,75,95,53
26,11,51,53
27,62,49,53
28,22,59,53
29,55,6,53
30,92,19,53
31,47,97,53
32,29,91,53
33,86,87,53
34,34,60,53
35,73,56,53
36,66,15,53
37,13,38,53
38,56,53,53
39,72,68,53
40,98,23,53
41,46,83,53
42,56,73,53
43,6,53,53
44,10,94,53
45,71,29,53
46,17,4,53
47,82,82,53
48,23,23,53
49,30,35,53
50,63,65,53
51,14,60,53
52,71,98,53
53,97,57,53
54,86,91,53
55,70,18,53
56,24,28,53
57,90,4,53
58,20,47,53
59,47,98,53
60,53,86,53
61,76,23,53
62,88,40,53
63,66,7,53
64,59,62,53
65,12,55,53
66,21,5,53
1,62,41,54
2,35,36,54
3,55,1,54
4,92,47,54
5,98,77,54
6,50,59,54
7,10,95,54
8,43,90,54
9,64,53,54
10,36,55,54
11,35,24,54
12,33,33,54
13,45,27,54
14,15,73,54
15,23,93,54
16,83,23,54
17,99,69,54
18,77,93,54
19,73,52,54
20,12,82,54
21,2,35,54
22,4,91,54
23,15,76,54
24,21,42,54
25,76,95,54
26,12,52,54
27,61,50,54
28,23,59,54
29,55,6,54
30,91,20,54
31,47,97,54
32,28,90,54
33,87,87,54
34,35,60,54
35,73,56,54
36,65,15,54
37,14,37,54
38,57,53,54
39,71,67,54
40,99,23,54
41,47,84,54
42,55,73,54
43,5,54,54
44,9,93,54
45,70,28,54
46,17,4,54
47,83,83,54
48,22,22,54
49,29,36,54
50,62,64,54
51,15,59,54
52,70,98,54
53,98,56,54
54,86,90,54
55,69,19,54
56,24,29,54
57,91,4,54
58,20,47,54
59,48,99,54
60,52,85,54
61,77,22,54
62,88,41,54
63,67,7,54
64,58,63,54
65,12,55,54
66,22,5,54
1,63,42,55
2,36,37,55
3,56,1,55
4,91,47,55
5,98,78,55
6,49,60,55
7,10,95,55
8,42,91,55
9,63,53,55
10,36,56,55
11,35,23,55
12,32,32,55
13,44,27,55
14,15,73,55
15,24,93,55
16,83,24,55
17,99,69,55
18,77,92,55
19,72,53,55
20,11,82,55
21,2,35,55
22,4,90,55
23,15,75,55
24,20,43,55
25,77,96,55
26,11,53,55
27,61,50,55
28,23,58,55
29,54,7,55
30,91,19,55
31,46,96,55
32,27,90,55
33,88,87,55
34,34,60,55
35,72,55,55
36,66,16,55
37,14,37,55
38,56,53,55
39,71,66,55
40,99,24,55
41,48,83,55
42,55,73,55
43,5,54,55
44,8,94,55
45,69,28,55
46,16,4,55
47,82,83,55
48,21,21,55
49,30,37,55
50,61,63,55
51,14,60,55
52,69,99,55
53,99,55,55
54,87,90,55
55,68,20,55
56,25,30,55
57,90,3,55
58,21,46,55
59,48,98,55
60,51,86,55
61,76,22,55
62,87,41,55
63,67,8,55
64,57,62,55
65,12,54,55
66,22,4,55
1,62,42,56
2,37,36,56
3,55,1,56
4,91,46,56
5,97,78,56
6,48,61,56
7,10,96,56
8,41,92,56
9,62,53,56
10,37,57,56
11,36,24,56
12,33,32,56
13,45,27,56
14,15,72,56
15,25,92,56
16,84,24,56
17,98,68,56
18,78,92,56
19,71,54,56
20,11,81,56
21,2,34,56
22,4,91,56
23,15,74,56
24,21,42,56
25,77,97,56
26,10,53,56
27,60,51,56
28,22,58,56
29,54,6,56
30,90,20,56
31,47,97,56
32,27,89,56
33,87,88,56
34,35,59,56
35,71,55,56
36,67,16,56
37,15,37,56
38,55,52,56
39,72,66,56
40,99,24,56
41,47,84,56
42,55,73,56
43,6,53,56
44,7,95,56
45,70,27,56
46,15,4,56
47,81,84,56
48,21,22,56
49,31,38,56
50,61,64,56
51,13,61,56
52,69,98,56
53,99,56,56
54,88,90,56
55,68,21,56
56,25,30,56
57,91,3,56
58,22,45,56
59,48,99,56
60,51,87,56
61,76,22,56
62,88,40,56
63,67,8,56
64,56,62,56
65,12,54,56
66,21,5,56
1,63,41,57
2,36,37,57
3,54,1,57
4,91,47,57
5,96,78,57
6,49,61,57
7,9,95,57
8,40,92,57
9,62,54,57
10,36,57,57
11,35,23,57
12,34,31,57
13,45,28,57
14,16,73,57
15,26,93,57
16,83,25,57
17,99,69,57
18,77,93,57
19,71,54,57
20,12,80,57
21,3,33,57
22,5,91,57
23,14,74,57
24,22,41,57
25,78,97,57
26,10,52,57
27,61,50,57
28,23,59,57
29,53,7,57
30,89,21,57
31,48,97,57
32,28,88,57
33,88,89,57
34,34,58,57
35,71,55,57
36,66,16,57
37,16,37,57
38,54,51,57
39,72,66,57
40,99,23,57
41,47,83,57
42,56,73,57
43,5,52,57
44,8,95,57
45,70,27,57
46,16,5,57
47,82,83,57
48,20,23,57
49,31,38,57
50,60,64,57
51,13,62,57
52,69,99,57
53,98,55,57
54,88,90,57
55,67,20,57
56,26,29,57
57,92,4,57
58,22,45,57
59,49,98,57
60,50,88,57
61,77,21,57
62,88,40,57
63,66,8,57
64,57,63,57
65,11,53,57
66,21,6,57
1,62,41,58
2,36,37,58
3,54,2,58
4,92,47,58
5,96,79,58
6,48,62,58
7,9,95,58
8,39,92,58
9,61,55,58
10,35,58,58
11,36,23,58
12,34,30,58
13,45,28,58
14,17,72,58
15,26,93,58
16,84,25,58
17,99,68,58
18,77,94,58
19,70,54,58
20,13,79,58
21,3,34,58
22,4,90,58
23,15,75,58
24,21,40,58
25,77,97,58
26,10,51,58
27,60,51,58
28,23,60,58
29,53,6,58
30,90,21,58
31,48,96,58
32,29,87,58
33,89,89,58
34,33,57,58
35,71,56,58
36,65,16,58
37,15,38,58
38,55,51,58
39,73,66,58
40,98,23,58
41,46,84,58
42,56,73,58
43,4,52,58
44,8,94,58
45,71,26,58
46,17,6,58
47,81,83,58
48,19,24,58
49,32,37,58
50,59,64,58
51,12,63,58
52,68,99,58
53,98,55,58
54,89,91,58
55,67,21,58
56,27,29,58
57,93,3,58
58,21,45,58
59,49,98,58
60,49,87,58
61,78,21,58
62,89,39,58
63,67,9,58
64,57,62,58
65,10,53,58
66,21,7,58
1,61,41,59
2,37,36,59
3,55,3,59
4,92,47,59
5,96,79,59
6,48,63,59
7,9,96,59
8,39,91,59
9,60,55,59
10,36,59,59
11,37,24,59
12,34,30,59
13,44,27,59
14,18,71,59
15,25,93,59
16,84,24,59
17,98,68,59
18,76,94,59
19,70,55,59
20,13,78,59
21,2,33,59
22,5,91,59
23,15,76,59
24,22,41,59
25,77,98,59
26,9,52,59
27,59,52,59
28,22,59,59
29,52,6,59
30,89,22,59
31,49,95,59
32,29,88,59
33,88,88,59
34,34,57,59
35,72,57,59
36,65,15,59
37,14,39,59
38,54,50,59
39,73,67,59
40,99,23,59
41,46,84,59
42,55,74,59
43,5,52,59
44,8,94,59
45,71,25,59
46,17,7,59
47,80,82,59
48,20,24,59
49,31,37,59
50,59,64,59
51,12,63,59
52,69,99,59
53,98,55,59
54,89,91,59
55,67,22,59
56,27,29,59
57,93,3,59
58,21,45,59
59,48,97,59
60,49,86,59
61,79,20,59
62,90,38,59
63,68,10,59
64,56,63,59
65,11,54,59
66,21,7,59
1,61,42,60
2,37,35,60
3,56,2,60
4,91,46,60
5,95,79,60
6,49,63,60
7,10,95,60
8,38,92,60
9,60,54,60
10,35,59,60
11,37,25,60
12,34,29,60
13,43,26,60
14,17,72,60
15,25,93,60
16,83,23,60
17,98,68,60
18,75,95,60
19,70,55,60
20,14,79,60
21,3,33,60
22,4,91,60
23,15,76,60
24,21,42,60
25,77,98,60
26,8,53,60
27,59,53,60
28,21,60,60
29,52,7,60
30,88,22,60
31,49,95,60
32,29,88,60
33,88,89,60
34,35,58,60
35,72,57,60
36,64,14,60
37,13,38,60
38,53,51,60
39,73,66,60
40,99,23,60
41,46,85,60
42,55,75,60
43,4,51,60
44,8,95,60
45,70,24,60
46,17,7,60
47,80,83,60
48,20,25,60
49,31,37,60
50,59,65,60
51,11,63,60
52,69,99,60
53,98,55,60
54,88,92,60
55,68,21,60
56,26,30,60
57,92,4,60
58,20,45,60
59,47,96,60
60,48,85,60
61,80,20,60
62,89,39,60
63,68,11,60
64,55,63,60
65,10,53,60
66,21,7,60
1,62,43,61
2,36,36,61
3,56,3,61
4,90,45,61
5,95,80,61
6,48,62,61
7,9,95,61
8,38,92,61
9,60,55,61
10,36,58,61
11,36,24,61
12,33,30,61
13,44,26,61
14,18,72,61
15,26,94,61
16,82,24,61
17,98,68,61
18,76,96,61
19,71,55,61
20,14,79,61
21,4,34,61
22,4,92,61
23,15,76,61
24,22,42,61
25,77,98,61
26,7,54,61
27,60,53,61
28,20,59,61
29,51,7,61
30,88,22,61
31,50,96,61
32,30,87,61
33,87,88,61
34,34,58,61
35,73,57,61
36,64,14,61
37,12,39,61
38,52,52,61
39,73,67,61
40,98,23,61
41,45,84,61
42,54,74,61
43,3,51,61
44,9,96,61
45,69,23,61
46,17,6,61
47,80,83,61
48,20,26,61
49,31,38,61
50,60,64,61
51,11,64,61
52,68,98,61
53,97,55,61
54,88,91,61
55,67,21,61
56,27,30,61
57,92,4,61
58,20,45,61
59,46,95,61
60,48,85,61
61,80,19,61
62,89,40,61
63,69,11,61
64,54,64,61
65,9,53,61
66,21,7,61
1,63,42,62
2,37,35,62
3,56,2,62
4,90,46,62
5,94,79,62
6,48,61,62
7,10,94,62
8,39,92,62
9,61,56,62
10,36,58,62
11,37,23,62
12,34,31,62
13,43,27,62
14,18,73,62
15,27,94,62
16,83,24,62
17,97,68,62
18,75,95,62
19,71,55,62
20,15,80,62
21,5,33,62
22,5,93,62
23,16,77,62
24,22,42,62
25,78,98,62
26,7,54,62
27,59,53,62
28,20,59,62
29,51,6,62
30,87,23,62
31,51,95,62
32,30,87,62
33,88,87,62
34,34,59,62
35,73,58,62
36,65,14,62
37,11,40,62
38,51,52,62
39,74,67,62
40,98,23,62
41,45,84,62
42,53,75,62
43,4,51,62
44,8,96,62
45,69,24,62
46,18,7,62
47,80,84,62
48,19,27,62
49,32,37,62
50,61,65,62
51,10,64,62
52,67,99,62
53,98,54,62
54,87,90,62
55,68,21,62
56,26,30,62
57,92,3,62
58,19,46,62
59,45,96,62
60,47,85,62
61,80,19,62
62,90,41,62
63,68,11,62
64,55,64,62
65,9,53,62
66,22,6,62
1,64,42,63
2,38,35,63
3,57,3,63
4,90,46,63
5,95,80,63
6,49,62,63
7,10,95,63
8,39,92,63
9,61,56,63
10,35,58,63
11,37,22,63
12,33,32,63
13,44,27,63
14,18,74,63
15,27,94,63
16,84,25,63
17,97,67,63
18,76,95,63
19,71,54,63
20,16,79,63
21,6,34,63
22,5,94,63
23,16,78,63
24,21,41,63
25,78,99,63
26,7,54,63
27,60,53,63
28,21,60,63
29,51,7,63
30,86,24,63
31,51,95,63
32,31,88,63
33,88,88,63
34,34,60,63
35,73,57,63
36,64,13,63
37,12,41,63
38,52,53,63
39,73,68,63
40,97,24,63
41,45,85,63
42,53,75,63
43,4,50,63
44,7,95,63
45,68,25,63
46,19,7,63
47,80,83,63
48,20,27,63
49,31,37,63
50,61,65,63
51,9,65,63
52,66,98,63
53,99,55,63
54,88,89,63
55,69,20,63
56,26,30,63
57,93,4,63
58,20,47,63
59,44,96,63
60,48,86,63
61,81,19,63
62,89,42,63
63,67,11,63
64,55,63,63
65,9,52,63
66,21,7,63
1,65,41,64
2,38,34,64
3,58,4,64
4,90,46,64
5,96,81,64
6,48,62,64
7,9,95,64
8,38,91,64
9,62,56,64
10,35,57,64
11,36,23,64
12,33,32,64
13,45,26,64
14,18,74,64
15,28,93,64
16,85,26,64
17,96,68,64
18,76,95,64
19,72,55,64
20,17,80,64
21,6,35,64
22,6,95,64
23,17,78,64
24,20,42,64
25,79,99,64
26,8,54,64
27,59,52,64
28,21,60,64
29,52,7,64
30,87,23,64
31,50,95,64
32,31,87,64
33,88,87,64
34,34,60,64
35,72,58,64
36,63,12,64
37,12,41,64
38,53,54,64
39,72,69,64
40,96,25,64
41,44,86,64
42,53,76,64
43,3,50,64
44,6,94,64
45,68,24,64
46,20,8,64
47,80,84,64
48,21,28,64
49,31,36,64
50,60,65,64
51,8,66,64
52,65,97,64
53,98,56,64
54,87,88,64
55,69,19,64
56,26,30,64
57,94,4,64
58,21,46,64
59,45,96,64
60,49,87,64
61,80,20,64
62,90,41,64
63,68,11,64
64,54,64,64
65,9,52,64
66,20,7,64
1,65,41,65
2,39,34,65
3,59,3,65
4,90,46,65
5,97,80,65
6,48,63,65
7,9,96,65
8,37,91,65
9,61,57,65
10,35,56,65
11,35,24,65
12,33,31,65
13,46,27,65
14,18,74,65
15,27,93,65
16,85,27,65
17,96,69,65
18,76,96,65
19,72,55,65
20,16,80,65
21,6,36,65
22,5,96,65
23,18,79,65
24,21,42,65
25,80,98,65
26,9,54,65
27,59,52,65
28,20,59,65
29,51,8,65
30,88,22,65
31,50,96,65
32,31,86,65
33,88,88,65
34,34,61,65
35,73,57,65
36,64,13,65
37,12,41,65
38,53,54,65
39,71,70,65
40,96,24,65
41,44,87,65
42,54,75,65
43,3,49,65
44,5,95,65
45,68,24,65
46,20,8,65
47,80,83,65
48,21,28,65
49,32,35,65
50,61,66,65
51,9,67,65
52,65,98,65
53,97,57,65
54,87,88,65
55,69,19,65
56,26,30,65
57,94,4,65
58,21,45,65
59,46,96,65
60,49,88,65
61,79,20,65
62,89,41,65
63,67,10,65
64,54,64,65
65,10,53,65
66,19,7,65
1,65,41,66
2,40,34,66
3,60,4,66
4,89,46,66
5,98,81,66
6,47,64,66
7,10,96,66
8,38,92,66
9,62,56,66
10,34,57,66
11,34,24,66
12,32,30,66
13,47,26,66
14,18,73,66
15,26,93,66
16,85,28,66
17,96,69,66
18,76,96,66
19,73,54,66
20,15,80,66
21,6,35,66
22,6,96,66
23,18,79,66
24,22,42,66
25,79,99,66
26,9,53,66
27,58,53,66
28,20,59,66
29,51,8,66
30,87,22,66
31,51,97,66
32,31,87,66
33,89,88,66
34,33,60,66
35,72,57,66
36,63,13,66
37,12,41,66
38,54,54,66
39,71,71,66
40,95,23,66
41,44,88,66
42,54,76,66
43,4,49,66
44,5,96,66
45,68,25,66
46,19,9,66
47,80,82,66
48,22,27,66
49,32,36,66
50,61,66,66
51,10,68,66
52,64,97,66
53,98,57,66
54,87,89,66
55,68,19,66
56,25,30,66
57,94,4,66
58,20,44,66
59,47,97,66
60,48,89,66
61,79,19,66
62,90,42,66
63,68,9,66
64,55,65,66
65,10,53,66
66,20,6,66
1,65,40,67
2,40,34,67
3,61,3,67
4,89,46,67
5,99,82,67
6,46,65,67
7,10,96,67
8,38,93,67
9,61,56,67
10,34,58,67
11,33,23,67
12,31,29,67
13,48,26,67
14,19,74,67
15,25,93,67
16,85,27,67
17,96,70,67
18,76,96,67
19,72,54,67
20,15,80,67
21,5,34,67
22,6,97,67
23,17,80,67
24,22,43,67
25,80,98,67
26,10,52,67
27,58,52,67
28,21,58,67
29,50,9,67
30,87,21,67
31,52,97,67
32,32,87,67
33,89,89,67
34,33,61,67
35,73,58,67
36,62,13,67
37,11,41,67
38,54,53,67
39,72,71,67
40,96,23,67
41,43,87,67
42,54,75,67
43,3,48,67
44,5,95,67
45,67,26,67
46,19,10,67
47,81,83,67
48,23,26,67
49,31,36,67
50,62,67,67
51,11,67,67
52,65,98,67
53,97,58,67
54,88,90,67
55,69,20,67
56,26,29,67
57,94,5,67
58,20,45,67
59,48,96,67
60,48,89,67
61,79,19,67
62,89,43,67
63,68,8,67
64,54,64,67
65,9,52,67
66,21,7,67
1,66,41,68
2,41,33,68
3,60,3,68
4,90,46,68
5,98,81,68
6,46,66,68
7,9,96,68
8,39,93,68
9,60,56,68
10,33,59,68
11,34,23,68
12,30,29,68
13,48,25,68
14,18,74,68
15,25,94,68
16,86,26,68
17,95,69,68
18,75,96,68
19,73,53,68
20,15,81,68
21,4,33,68
22,7,96,68
23,16,81,68
24,23,43,68
25,80,97,68
26,11,52,68
27,59,53,68
28,21,59,68
29,50,8,68
30,87,22,68
31,52,98,68
32,31,86,68
33,90,90,68
34,33,61,68
35,72,58,68
36,63,14,68
37,11,42,68
38,54,54,68
39,73,70,68
40,97,22,68
41,42,86,68
42,55,75,68
43,3,47,68
44,6,94,68
45,67,25,68
46,19,11,68
47,81,83,68
48,22,27,68
49,32,36,68
50,63,67,68
51,12,68,68
52,64,98,68
53,96,59,68
54,88,90,68
55,69,19,68
56,26,29,68
57,93,5,68
58,20,44,68
59,47,97,68
60,49,90,68
61,79,20,68
62,88,42,68
63,69,7,68
64,55,63,68
65,9,51,68
66,21,7,68
1,66,42,69
2,41,34,69
3,61,2,69
4,90,46,69
5,98,80,69
6,46,66,69
7,8,96,69
8,38,92,69
9,60,55,69
10,34,60,69
11,33,24,69
12,31,28,69
13,49,25,69
14,19,74,69
15,25,94,69
16,86,25,69
17,94,68,69
18,74,95,69
19,72,53,69
20,17,80,69
21,4,33,69
22,9,96,69
23,16,80,69
24,24,42,69
25,81,96,69
26,12,53,69
27,59,52,69
28,22,59,69
29,50,8,69
30,88,21,69
31,51,97,69
32,32,85,69
33,89,89,69
34,34,61,69
35,71,58,69
36,63,15,69
37,10,43,69
38,53,53,69
39,73,69,69
40,98,21,69
41,42,85,69
42,54,76,69
43,4,47,69
44,6,95,69
45,67,25,69
46,20,10,69
47,82,83,69
48,22,27,69
49,31,37,69
50,64,66,69
51,11,69,69
52,64,97,69
53,97,58,69
54,87,91,69
55,68,20,69
56,26,29,69
57,94,4,69
58,20,43,69
59,46,97,69
60,48,90,69
61,80,20,69
62,89,41,69
63,69,7,69
64,55,63,69
65,8,52,69
66,22,7,69
1,66,41,70
2,42,35,70
3,60,2,70
4,91,47,70
5,97,79,70
6,46,66,70
7,10,96,70
8,38,91,70
9,60,56,70
10,34,60,70
11,32,23,70
12,32,27,70
13,49,26,70
14,18,75,70
15,25,94,70
16,85,25,70
17,93,67,70
18,73,95,70
19,72,52,70
20,17,80,70
21,5,32,70
22,8,95,70
23,17,81,70
24,25,43,70
25,80,96,70
26,11,54,70
27,59,53,70
28,23,60,70
29,51,7,70
30,87,20,70
31,51,97,70
32,33,86,70
33,88,89,70
34,33,60,70
35,71,58,70
36,63,15,70
37,9,42,70
38,53,52,70
39,72,69,70
40,97,20,70
41,41,85,70
42,55,77,70
43,4,47,70
44,7,94,70
45,67,24,70
46,21,11,70
47,83,84,70
48,21,27,70
49,31,37,70
50,65,65,70
51,11,70,70
52,64,97,70
53,96,58,70
54,86,92,70
55,67,21,70
56,27,28,70
57,94,4,70
58,20,44,70
59,46,96,70
60,48,91,70
61,81,21,70
62,90,41,70
63,70,8,70
64,56,63,70
65,8,53,70
66,21,6,70
1,67,40,71
2,41,35,71
3,60,2,71
4,92,46,71
5,98,79,71
6,45,67,71
7,9,96,71
8,39,90,71
9,61,55,71
10,34,61,71
11,31,23,71
12,32,28,71
13,48,25,71
14,17,75,71
15,24,94,71
16,86,25,71
17,93,66,71
18,73,96,71
19,71,52,71
20,16,82,71
21,5,33,71
22,8,97,71
23,16,80,71
24,25,43,71
25,80,95,71
26,10,53,71
27,60,53,71
28,24,59,71
29,51,7,71
30,86,19,71
31,52,96,71
32,34,87,71
33,89,89,71
34,33,60,71
35,71,57,71
36,62,14,71
37,9,41,71
38,54,52,71
39,73,69,71
40,98,19,71
41,40,85,71
42,54,77,71
43,5,47,71
44,6,94,71
45,66,24,71
46,20,12,71
47,83,85,71
48,20,26,71
49,30,36,71
50,64,66,71
51,10,69,71
52,63,96,71
53,96,57,71
54,87,91,71
55,68,21,71
56,26,27,71
57,95,4,71
58,20,43,71
59,47,95,71
60,48,90,71
61,82,22,71
62,90,42,71
63,70,7,71
64,56,63,71
65,9,52,71
66,21,5,71
1,66,40,72
2,41,36,72
3,59,2,72
4,92,46,72
5,97,80,72
6,46,68,72
7,9,95,72
8,40,91,72
9,62,54,72
10,35,61,72
11,32,23,72
12,33,29,72
13,48,26,72
14,17,75,72
15,24,93,72
16,86,25,72
17,94,65,72
18,73,96,72
19,71,51,72
20,17,83,72
21,6,33,72
22,9,97,72
23,16,80,72
24,24,44,72
25,80,96,72
26,10,52,72
27,61,52,72
28,23,58,72
29,51,6,72
30,85,20,72
31,53,95,72
32,35,87,72
33,90,88,72
34,33,59,72
35,71,57,72
36,62,13,72
37,8,42,72
38,53,52,72
39,72,69,72
40,98,19,72
41,39,86,72
42,53,78,72
43,6,46,72
44,7,95,72
45,66,25,72
46,21,13,72
47,82,84,72
48,20,26,72
49,30,37,72
50,63,67,72
51,9,70,72
52,64,96,72
53,95,58,72
54,87,92,72
55,68,21,72
56,26,28,72
57,96,5,72
58,20,44,72
59,47,96,72
60,48,91,72
61,83,21,72
62,89,42,72
63,71,7,72
64,56,64,72
65,9,53,72
66,22,6,72
1,65,39,73
2,40,35,73
3,59,1,73
4,91,47,73
5,97,81,73
6,47,67,73
7,9,94,73
8,39,91,73
9,62,55,73
10,36,60,73
11,31,23,73
12,34,29,73
13,49,26,73
14,17,75,73
15,24,93,73
16,85,26,73
17,94,66,73
18,73,97,73
19,72,50,73
20,17,82,73
21,7,32,73
22,8,97,73
23,16,79,73
24,23,43,73
25,79,97,73
26,11,52,73
27,60,52,73
28,22,59,73
29,52,6,73
30,85,19,73
31,52,95,73
32,36,88,73
33,89,88,73
34,33,60,73
35,70,58,73
36,63,14,73
37,7,41,73
38,52,52,73
39,71,70,73
40,98,20,73
41,40,86,73
42,53,79,73
43,7,47,73
44,6,94,73
45,67,26,73
46,20,13,73
47,83,84,73
48,20,26,73
49,29,36,73
50,63,66,73
51,9,70,73
52,64,97,73
53,95,57,73
54,87,93,73
55,68,20,73
56,25,29,73
57,96,6,73
58,19,45,73
59,46,96,73
60,49,90,73
61,82,20,73
62,89,43,73
63,70,6,73
64,55,64,73
65,8,52,73
66,21,5,73
1,66,39,74
2,40,36,74
3,60,0,74
4,91,46,74
5,98,80,74
6,47,67,74
7,9,95,74
8,40,92,74
9,63,55,74
10,37,59,74
11,32,22,74
12,34,28,74
13,49,27,74
14,16,74,74
15,23,94,74
16,86,27,74
17,95,66,74
18,74,98,74
19,71,50,74
20,18,81,74
21,8,31,74
22,7,97,74
23,15,80,74
24,22,43,74
25,78,96,74
26,11,52,74
27,61,53,74
28,23,59,74
29,53,6,74
30,85,18,74
31,53,96,74
32,37,88,74
33,88,88,74
34,32,59,74
35,69,57,74
36,63,15,74
37,8,42,74
38,53,51,74
39,71,69,74
40,98,21,74
41,41,87,74
42,52,80,74
43,8,46,74
44,7,95,74
45,67,25,74
46,19,12,74
47,82,84,74
48,21,26,74
49,29,37,74
50,63,65,74
51,10,69,74
52,63,98,74
53,94,58,74
54,88,94,74
55,68,21,74
56,25,30,74
57,97,6,74
58,19,46,74
59,46,95,74
60,50,91,74
61,83,19,74
62,90,44,74
63,69,7,74
64,56,63,74
65,7,52,74
66,20,5,74
1,67,40,75
2,40,37,75
3,60,1,75
4,90,46,75
5,98,79,75
6,47,66,75
7,10,94,75
8,41,92,75
9,64,55,75
10,37,60,75
11,31,22,75
12,33,27,75
13,48,27,75
14,17,74,75
15,23,95,75
16,87,28,75
17,95,66,75
18,73,97,75
19,72,51,75
20,18,80,75
21,9,31,75
22,7,96,75
23,14,81,75
24,23,42,75
25,77,95,75
26,12,52,75
27,62,53,75
28,23,59,75
29,53,7,75
30,84,19,75
31,52,95,75
32,36,88,75
33,87,88,75
34,31,60,75
35,68,56,75
36,63,15,75
37,8,41,75
38,54,50,75
39,71,69,75
40,98,20,75
41,41,87,75
42,52,79,75
43,7,47,75
44,7,95,75
45,67,26,75
46,19,11,75
47,82,83,75
48,20,25,75
49,28,37,75
50,63,64,75
51,9,68,75
52,62,97,75
53,94,59,75
54,89,95,75
55,69,22,75
56,26,31,75
57,96,5,75
58,19,46,75
59,45,94,75
60,50,90,75
61,85,19,75
62,91,45,75
63,68,8,75
64,55,62,75
65,8,53,75
66,20,5,75
1,66,39,76
2,41,36,76
3,59,0,76
4,89,45,76
5,97,78,76
6,46,66,76
7,10,95,76
8,40,91,76
9,65,56,76
10,36,60,76
11,32,22,76
12,34,26,76
13,49,26,76
14,17,73,76
15,24,96,76
16,88,29,76
17,96,65,76
18,72,97,76
19,73,51,76
20,19,80,76
21,10,32,76
22,6,95,76
23,15,81,76
24,22,42,76
25,77,96,76
26,12,53,76
27,61,54,76
28,22,58,76
29,53,7,76
30,85,20,76
31,52,96,76
32,35,89,76
33,88,88,76
34,32,59,76
35,67,57,76
36,64,16,76
37,8,40,76
38,55,50,76
39,71,68,76
40,99,20,76
41,40,87,76
42,51,78,76
43,6,48,76
44,6,94,76
45,68,26,76
46,20,11,76
47,81,82,76
48,19,26,76
49,28,38,76
50,64,63,76
51,9,68,76
52,62,96,76
53,94,60,76
54,88,94,76
55,69,21,76
56,26,30,76
57,97,4,76
58,19,46,76
59,46,94,76
60,51,89,76
61,84,20,76
62,91,45,76
63,67,7,76
64,55,62,76
65,8,54,76
66,19,5,76
1,65,40,77
2,41,35,77
3,58,1,77
4,89,46,77
5,97,77,77
6,46,65,77
7,11,96,77
8,41,90,77
9,65,56,77
10,36,59,77
11,33,21,77
12,35,26,77
13,48,26,77
14,18,72,77
15,25,97,77
16,89,30,77
17,95,65,77
18,71,98,77
19,73,50,77
20,19,81,77
21,9,31,77
22,7,96,77
23,16,82,77
24,22,43,77
25,78,96,77
26,13,54,77
27,62,55,77
28,23,59,77
29,53,8,77
30,85,19,77
31,53,96,77
32,36,89,77
33,88,88,77
34,31,60,77
35,67,57,77
36,65,16,77
37,7,40,77
38,56,51,77
39,71,69,77
40,98,19,77
41,40,88,77
42,51,77,77
43,6,49,77
44,5,94,77
45,68,25,77
46,20,10,77
47,82,82,77
48,20,25,77
49,29,39,77
50,64,63,77
51,10,67,77
52,63,96,77
53,94,59,77
54,88,95,77
55,68,22,77
56,25,30,77
57,96,4,77
58,20,47,77
59,46,94,77
60,50,88,77
61,83,19,77
62,92,46,77
63,68,6,77
64,55,63,77
65,9,54,77
66,18,6,77
1,65,40,78
2,41,36,78
3,59,1,78
4,89,46,78
5,98,76,78
6,47,64,78
7,12,97,78
8,42,90,78
9,64,56,78
10,37,58,78
11,33,20,78
12,34,27,78
13,49,27,78
14,17,73,78
15,25,97,78
16,90,29,78
17,96,64,78
18,70,99,78
19,73,50,78
20,18,81,78
21,9,31,78
22,8,96,78
23,16,82,78
24,23,44,78
25,77,97,78
26,14,53,78
27,62,55,78
28,24,60,78
29,54,8,78
30,84,19,78
31,54,97,78
32,35,89,78
33,87,88,78
34,32,61,78
35,68,56,78
36,64,16,78
37,6,40,78
38,55,50,78
39,70,68,78
40,98,18,78
41,39,89,78
42,50,77,78
43,7,48,78
44,6,93,78
45,67,24,78
46,20,9,78
47,81,82,78
48,20,26,78
49,29,38,78
50,64,64,78
51,10,68,78
52,62,97,78
53,94,58,78
54,87,94,78
55,68,21,78
56,25,31,78
57,97,4,78
58,21,47,78
59,45,93,78
60,50,88,78
61,84,18,78
62,93,46,78
63,69,5,78
64,55,63,78
65,8,53,78
66,18,5,78
1,66,41,79
2,42,37,79
3,59,0,79
4,89,45,79
5,97,76,79
6,46,64,79
7,11,97,79
8,42,91,79
9,63,56,79
10,38,57,79
11,34,20,79
12,34,28,79
13,49,26,79
14,17,73,79
15,24,97,79
16,91,28,79
17,95,65,79
18,70,98,79
19,73,51,79
20,17,82,79
21,8,32,79
22,8,96,79
23,15,82,79
24,23,44,79
25,78,96,79
26,14,53,79
27,63,54,79
28,23,61,79
29,54,9,79
30,84,20,79
31,54,97,79
32,36,90,79
33,87,88,79
34,33,62,79
35,69,56,79
36,63,16,79
37,6,40,79
38,55,50,79
39,71,67,79
40,97,18,79
41,38,89,79
42,50,77,79
43,8,48,79
44,6,94,79
45,66,23,79
46,21,9,79
47,81,82,79
48,21,27,79
49,28,39,79
50,65,64,79
51,11,67,79
52,63,96,79
53,94,57,79
54,88,95,79
55,69,21,79
56,26,31,79
57,96,3,79
58,21,48,79
59,44,94,79
60,50,89,79
61,84,19,79
62,93,47,79
63,70,6,79
64,55,62,79
65,7,53,79
66,19,6,79
1,67,41,80
2,42,38,80
3,59,0,80
4,88,44,80
5,97,76,80
6,46,63,80
7,11,96,80
8,42,90,80
9,62,56,80
10,38,57,80
11,33,19,80
12,34,28,80
13,49,26,80
14,16,73,80
15,24,98,80
16,91,29,80
17,95,64,80
18,70,98,80
19,73,52,80
20,17,81,80
21,8,33,80
22,8,95,80
23,14,83,80
24,22,44,80
25,79,97,80
26,15,54,80
27,64,55,80
28,22,60,80
29,54,10,80
30,84,20,80
31,55,97,80
32,36,91,80
33,88,89,80
34,33,63,80
35,70,56,80
36,63,15,80
37,7,39,80
38,54,51,80
39,71,66,80
40,96,19,80
41,37,90,80
42,49,78,80
43,8,47,80
44,7,93,80
45,67,22,80
46,20,8,80
47,81,83,80
48,20,26,80
49,27,39,80
50,66,64,80
51,12,66,80
52,63,97,80
53,94,58,80
54,87,94,80
55,69,20,80
56,27,32,80
57,97,3,80
58,21,48,80
59,43,93,80
60,51,89,80
61,84,18,80
62,92,47,80
63,69,6,80
64,55,63,80
65,6,53,80
66,18,7,80
1,67,41,81
2,41,39,81
3,59,0,81
4,87,44,81
5,98,76,81
6,46,62,81
7,10,96,81
8,42,89,81
9,62,56,81
10,38,57,81
11,32,19,81
12,35,29,81
13,50,25,81
14,15,74,81
15,24,98,81
16,92,30,81
17,94,63,81
18,70,98,81
19,72,52,81
20,18,82,81
21,9,33,81
22,9,96,81
23,15,84,81
24,23,44,81
25,80,96,81
26,16,55,81
27,65,56,81
28,21,61,81
29,53,10,81
30,84,20,81
31,55,98,81
32,36,91,81
33,88,88,81
34,33,63,81
35,70,57,81
36,64,14,81
37,7,40,81
38,55,52,81
39,72,66,81
40,96,19,81
41,36,90,81
42,49,79,81
43,8,48,81
44,8,93,81
45,66,23,81
46,19,7,81
47,81,84,81
48,19,25,81
49,28,38,81
50,65,64,81
51,13,66,81
52,63,97,81
53,93,59,81
54,86,95,81
55,70,19,81
56,27,31,81
57,98,4,81
58,20,47,81
59,44,93,81
60,52,89,81
61,83,18,81
62,91,47,81
63,68,7,81
64,56,63,81
65,5,52,81
66,18,7,81
1,68,40,82
2,40,38,82
3,58,1,82
4,86,44,82
5,98,77,82
6,45,62,82
7,9,95,82
8,43,88,82
9,63,57,82
10,39,57,82
11,32,20,82
12,34,30,82
13,51,24,82
14,14,75,82
15,25,99,82
16,93,31,82
17,93,62,82
18,69,99,82
19,71,53,82
20,18,83,82
21,8,32,82
22,10,96,82
23,14,83,82
24,22,45,82
25,80,96,82
26,16,55,82
27,66,57,82
28,21,61,82
29,52,10,82
30,85,21,82
31,55,98,82
32,35,91,82
33,88,89,82
34,32,62,82
35,70,56,82
36,64,13,82
37,6,39,82
38,55,52,82
39,71,66,82
40,96,20,82
41,36,89,82
42,48,80,82
43,9,47,82
44,9,93,82
45,67,24,82
46,19,8,82
47,81,83,82
48,20,25,82
49,28,37,82
50,65,63,82
51,14,66,82
52,63,97,82
53,92,60,82
54,86,94,82
55,69,18,82
56,28,32,82
57,99,3,82
58,21,48,82
59,44,93,82
60,51,89,82
61,84,18,82
62,92,46,82
63,68,6,82
64,55,62,82
65,6,51,82
66,18,8,82
1,67,41,83
2,40,39,83
3,57,2,83
4,85,43,83
5,99,77,83
6,44,62,83
7,9,96,83
8,44,89,83
9,64,58,83
10,39,58,83
11,32,21,83
12,34,29,83
13,50,24,83
14,14,76,83
15,25,98,83
16,94,32,83
17,92,62,83
18,68,98,83
19,71,53,83
20,18,82,83
21,9,31,83
22,10,96,83
23,13,82,83
24,22,45,83
25,80,96,83
26,16,56,83
27,65,56,83
28,22,60,83
29,51,11,83
30,84,22,83
31,55,99,83
32,34,90,83
33,89,88,83
34,31,61,83
35,70,56,83
36,63,13,83
37,7,39,83
38,56,52,83
39,71,66,83
40,95,21,83
41,37,89,83
42,49,81,83
43,9,46,83
44,8,92,83
45,66,25,83
46,19,9,83
47,81,82,83
48,20,24,83
49,28,36,83
50,64,64,83
51,15,66,83
52,63,98,83
53,91,60,83
54,85,95,83
55,70,18,83
56,28,31,83
57,98,3,83
58,20,48,83
59,44,92,83
60,51,89,83
61,83,18,83
62,92,46,83
63,67,5,83
64,54,63,83
65,7,50,83
66,18,7,83
1,67,41,84
2,39,39,84
3,56,3,84
4,86,44,84
5,99,76,84
6,45,62,84
7,11,96,84
8,44,90,84
9,63,58,84
10,39,57,84
11,33,21,84
12,35,29,84
13,50,24,84
14,15,77,84
15,26,97,84
16,93,33,84
17,91,61,84
18,67,98,84
19,70,53,84
20,18,81,84
21,8,30,84
22,10,96,84
23,14,82,84
24,22,46,84
25,81,95,84
26,16,55,84
27,66,55,84
28,23,60,84
29,51,12,84
30,85,23,84
31,54,99,84
32,35,89,84
33,89,88,84
34,30,61,84
35,69,57,84
36,62,13,84
37,8,39,84
38,55,52,84
39,70,67,84
40,96,20,84
41,36,89,84
42,50,81,84
43,9,46,84
44,9,93,84
45,65,26,84
46,20,10,84
47,82,83,84
48,19,23,84
49,28,35,84
50,63,65,84
51,15,67,84
52,64,97,84
53,91,59,84
54,84,95,84
55,69,19,84
56,29,30,84
57,98,4,84
58,20,47,84
59,43,91,84
60,50,90,84
61,82,19,84
62,92,45,84
63,68,4,84
64,53,63,84
65,7,49,84
66,17,7,84
1,68,41,85
2,40,40,85
3,56,2,85
4,86,45,85
5,98,77,85
6,45,62,85
7,11,95,85
8,44,89,85
9,62,57,85
10,39,56,85
11,33,22,85
12,34,29,85
13,50,24,85
14,16,78,85
15,27,96,85
16,93,33,85
17,91,61,85
18,68,97,85
19,70,52,85
20,17,82,85
21,7,31,85
22,9,97,85
23,14,83,85
24,23,47,85
25,82,94,85
26,15,55,85
27,66,56,85
28,23,60,85
29,52,12,85
30,85,24,85
31,55,99,85
32,37,88,85
33,90,89,85
34,30,60,85
35,70,58,85
36,63,12,85
37,7,39,85
38,55,51,85
39,70,67,85
40,96,20,85
41,35,88,85
42,50,81,85
43,8,46,85
44,9,94,85
45,66,25,85
46,19,11,85
47,83,84,85
48,20,24,85
49,29,36,85
50,62,65,85
51,15,68,85
52,64,96,85
53,91,58,85
54,85,96,85
55,69,18,85
56,30,29,85
57,97,5,85
58,20,46,85
59,43,90,85
60,49,91,85
61,81,19,85
62,92,45,85
63,67,3,85
64,53,62,85
65,8,48,85
66,18,6,85
1,67,40,86
2,40,39,86
3,56,3,86
4,85,45,86
5,99,78,86
6,44,62,86
7,11,96,86
8,45,88,86
9,63,56,86
10,38,55,86
11,32,22,86
12,34,28,86
13,50,24,86
14,15,77,86
15,26,95,86
16,93,34,86
17,90,60,86
18,69,96,86
19,71,51,86
20,18,81,86
21,7,30,86
22,8,96,86
23,13,82,86
24,24,47,86
25,81,93,86
26,14,56,86
27,65,57,86
28,23,60,86
29,52,11,86
30,85,23,86
31,55,99,86
32,37,88,86
33,89,88,86
34,31,61,86
35,71,57,86
36,63,12,86
37,6,38,86
38,56,51,86
39,69,66,86
40,97,19,86
41,35,88,86
42,50,82,86
43,8,47,86
44,8,94,86
45,67,25,86
46,19,10,86
47,82,85,86
48,19,23,86
49,30,36,86
50,62,64,86
51,14,69,86
52,63,95,86
53,91,59,86
54,85,97,86
55,70,17,86
56,31,28,86
57,96,5,86
58,19,47,86
59,43,90,86
60,49,91,86
61,81,20,86
62,91,44,86
63,66,2,86
64,54,62,86
65,7,48,86
66,17,5,86
1,68,40,87
2,40,39,87
3,55,2,87
4,86,46,87
5,98,77,87
6,44,63,87
7,10,97,87
8,44,87,87
9,63,56,87
10,39,54,87
11,31,21,87
12,34,27,87
13,50,24,87
14,14,76,87
15,25,96,87
16,94,34,87
17,91,60,87
18,70,96,87
19,70,51,87
20,19,82,87
21,6,31,87
22,9,95,87
23,13,83,87
24,25,47,87
25,82,92,87
26,14,55,87
27,66,57,87
28,22,59,87
29,51,12,87
30,84,22,87
31,56,99,87
32,37,89,87
33,90,87,87
34,32,61,87
35,72,58,87
36,64,12,87
37,5,38,87
38,56,51,87
39,70,65,87
40,97,18,87
41,34,89,87
42,51,82,87
43,7,46,87
44,8,94,87
45,67,24,87
46,20,11,87
47,82,85,87
48,18,24,87
49,29,35,87
50,62,63,87
51,13,68,87
52,63,94,87
53,90,60,87
54,86,98,87
55,70,17,87
56,30,28,87
57,95,5,87
58,20,46,87
59,43,90,87
60,50,91,87
61,80,20,87
62,91,45,87
63,67,2,87
64,53,63,87
65,8,48,87
66,18,4,87
1,69,41,88
2,40,40,88
3,54,1,88
4,87,46,88
5,99,76,88
6,45,64,88
7,10,98,88
8,43,88,88
9,64,55,88
10,40,55,88
11,31,20,88
12,35,27,88
13,49,24,88
14,13,77,88
15,26,96,88
16,93,35,88
17,92,60,88
18,69,96,88
19,70,50,88
20,19,83,88
21,5,32,88
22,9,95,88
23,14,84,88
24,26,47,88
25,81,93,88
26,13,54,88
27,65,58,88
28,23,60,88
29,52,11,88
30,85,23,88
31,55,99,88
32,36,90,88
33,90,88,88
34,32,62,88
35,71,59,88
36,63,13,88
37,5,39,88
38,56,52,88
39,71,65,88
40,98,19,88
41,34,88,88
42,52,82,88
43,8,46,88
44,8,94,88
45,66,25,88
46,21,12,88
47,81,86,88
48,19,25,88
49,30,35,88
50,63,62,88
51,14,68,88
52,63,94,88
53,89,61,88
54,86,97,88
55,71,16,88
56,31,27,88
57,96,6,88
58,21,46,88
59,44,91,88
60,49,91,88
61,80,20,88
62,91,44,88
63,67,3,88
64,54,64,88
65,8,48,88
66,17,5,88
1,68,40,89
2,39,41,89
3,54,0,89
4,88,47,89
5,98,77,89
6,45,64,89
7,11,99,89
8,42,89,89
9,65,54,89
10,40,56,89
11,30,19,89
12,36,27,89
13,49,25,89
14,12,76,89
15,25,96,89
16,93,36,89
17,93,61,89
18,68,96,89
19,70,50,89
20,18,83,89
21,4,32,89
22,9,96,89
23,14,83,89
24,25,48,89
25,81,92,89
26,12,55,89
27,65,59,89
28,23,61,89
29,51,12,89
30,85,24,89
31,56,98,89
32,36,90,89
33,89,88,89
34,33,62,89
35,70,58,89
36,64,14,89
37,4,40,89
38,57,53,89
39,71,66,89
40,99,18,89
41,33,88,89
42,53,81,89
43,8,45,89
44,7,95,89
45,66,25,89
46,21,13,89
47,82,85,89
48,20,26,89
49,30,35,89
50,64,63,89
51,13,69,89
52,63,95,89
53,90,61,89
54,86,96,89
55,71,15,89
56,31,26,89
57,96,6,89
58,21,46,89
59,45,91,89
60,48,92,89
61,80,19,89
62,91,45,89
63,68,3,89
64,54,63,89
65,7,47,89
66,16,4,89
1,67,41,90
2,40,41,90
3,53,1,90
4,87,46,90
5,99,76,90
6,46,63,90
7,12,98,90
8,43,89,90
9,65,55,90
10,41,55,90
11,29,18,90
12,35,28,90
13,48,24,90
14,11,75,90
15,24,97,90
16,93,37,90
17,94,62,90
18,68,97,90
19,70,51,90
20,17,83,90
21,3,33,90
22,10,97,90
23,14,82,90
24,25,49,90
25,81,93,90
26,12,56,90
27,65,60,90
28,24,62,90
29,51,11,90
30,86,24,90
31,57,97,90
32,35,91,90
33,89,87,90
34,32,63,90
35,69,58,90
36,63,15,90
37,4,40,90
38,58,52,90
39,72,67,90
40,98,19,90
41,34,87,90
42,53,81,90
43,7,46,90
44,7,95,90
45,67,25,90
46,20,14,90
47,83,84,90
48,20,27,90
49,31,36,90
50,65,62,90
51,13,69,90
52,64,96,90
53,91,60,90
54,85,96,90
55,72,16,90
56,31,26,90
57,97,5,90
58,21,45,90
59,46,90,90
60,48,93,90
61,81,19,90
62,92,46,90
63,67,4,90
64,53,64,90
65,6,46,90
66,15,5,90
1,66,40,91
2,40,42,91
3,52,0,91
4,86,47,91
5,99,75,91
6,47,63,91
7,12,97,91
8,44,89,91
9,65,55,91
10,42,56,91
11,29,19,91
12,35,29,91
13,48,25,91
14,11,75,91
15,24,97,91
16,92,37,91
17,93,62,91
18,67,97,91
19,70,52,91
20,17,82,91
21,4,32,91
22,10,97,91
23,13,81,91
24,26,49,91
25,81,94,91
26,12,55,91
27,66,60,91
28,23,63,91
29,50,12,91
30,86,24,91
31,56,98,91
32,35,92,91
33,89,87,91
34,31,63,91
35,69,57,91
36,64,16,91
37,3,39,91
38,57,51,91
39,73,66,91
40,99,18,91
41,34,88,91
42,53,80,91
43,5,46,91
44,8,96,91
45,68,26,91
46,20,13,91
47,82,83,91
48,20,28,91
49,32,37,91
50,64,61,91
51,12,70,91
52,63,95,91
53,92,59,91
54,86,95,91
55,71,16,91
56,30,27,91
57,97,5,91
58,20,44,91
59,46,91,91
60,49,94,91
61,81,18,91
62,92,46,91
63,68,5,91
64,53,63,91
65,7,45,91
66,15,5,91
1,67,40,92
2,40,43,92
3,52,1,92
4,85,48,92
5,99,76,92
6,48,64,92
7,12,96,92
8,43,89,92
9,64,55,92
10,41,55,92
11,30,18,92
12,35,30,92
13,47,25,92
14,12,74,92
15,24,98,92
16,93,38,92
17,93,62,92
18,66,98,92
19,70,52,92
20,16,83,92
21,5,33,92
22,10,96,92
23,12,81,92
24,26,48,92
25,81,93,92
26,13,54,92
27,67,60,92
28,23,63,92
29,50,13,92
30,85,25,92
31,57,97,92
32,36,93,92
33,89,87,92
34,32,62,92
35,69,57,92
36,64,15,92
37,2,40,92
38,56,51,92
39,74,67,92
40,99,17,92
41,34,89,92
42,53,81,92
43,4,45,92
44,7,97,92
45,69,25,92
46,21,14,92
47,81,84,92
48,21,27,92
49,33,36,92
50,64,60,92
51,12,71,92
52,64,96,92
53,93,58,92
54,85,96,92
55,72,15,92
56,30,26,92
57,97,6,92
58,21,44,92
59,46,92,92
60,48,93,92
61,81,17,92
62,92,47,92
63,69,4,92
64,53,64,92
65,6,44,92
66,15,6,92
1,68,40,93
2,41,42,93
3,52,2,93
4,85,49,93
5,99,77,93
6,48,64,93
7,11,97,93
8,44,88,93
9,65,56,93
10,42,55,93
11,30,19,93
12,34,29,93
13,48,24,93
14,13,75,93
15,23,98,93
16,93,37,93
17,92,62,93
18,65,97,93
19,70,53,93
20,17,84,93
21,6,32,93
22,10,96,93
23,13,81,93
24,25,48,93
25,80,94,93
26,14,55,93
27,66,60,93
28,22,63,93
29,50,13,93
30,86,24,93
31,57,98,93
32,36,92,93
33,89,87,93
34,31,63,93
35,70,56,93
36,65,16,93
37,2,39,93
38,55,52,93
39,73,68,93
40,99,16,93
41,33,90,93
42,54,81,93
43,5,44,93
44,8,97,93
45,70,25,93
46,22,13,93
47,82,83,93
48,22,28,93
49,33,37,93
50,65,60,93
51,13,70,93
52,64,97,93
53,93,59,93
54,86,96,93
55,72,14,93
56,30,25,93
57,97,6,93
58,22,43,93
59,47,92,93
60,48,94,93
61,81,17,93
62,93,46,93
63,69,5,93
64,54,63,93
65,7,45,93
66,15,7,93
1,68,41,94
2,42,42,94
3,52,1,94
4,85,48,94
5,98,76,94
6,49,64,94
7,11,98,94
8,44,88,94
9,66,56,94
10,41,54,94
11,30,20,94
12,34,30,94
13,49,25,94
14,12,75,94
15,24,99,94
16,94,36,94
17,93,62,94
18,66,96,94
19,70,54,94
20,18,84,94
21,5,32,94
22,10,95,94
23,14,81,94
24,25,48,94
25,79,95,94
26,13,56,94
27,66,60,94
28,21,63,94
29,51,14,94
30,86,24,94
31,56,98,94
32,35,92,94
33,90,88,94
34,31,64,94
35,71,56,94
36,64,16,94
37,1,39,94
38,55,53,94
39,74,68,94
40,99,17,94
41,33,89,94
42,53,80,94
43,5,43,94
44,7,96,94
45,70,26,94
46,22,14,94
47,81,84,94
48,22,27,94
49,32,36,94
50,64,61,94
51,14,70,94
52,63,98,94
53,92,58,94
54,85,95,94
55,71,15,94
56,29,25,94
57,97,7,94
58,23,43,94
59,48,92,94
60,47,94,94
61,82,18,94
62,92,47,94
63,69,5,94
64,55,62,94
65,7,44,94
66,14,8,94
1,67,42,95
2,42,41,95
3,51,0,95
4,86,49,95
5,98,75,95
6,48,64,95
7,11,98,95
8,44,88,95
9,67,56,95
10,42,53,95
11,31,20,95
12,33,29,95
13,50,25,95
14,12,74,95
15,23,98,95
16,93,36,95
17,94,63,95
18,66,96,95
19,71,54,95
20,17,85,95
21,6,31,95
22,9,94,95
23,13,81,95
24,25,47,95
25,80,96,95
26,12,57,95
27,65,60,95
28,20,63,95
29,50,13,95
30,85,25,95
31,56,99,95
32,36,93,95
33,91,89,95
34,31,63,95
35,71,56,95
36,63,17,95
37,0,40,95
38,56,52,95
39,75,67,95
40,98,16,95
41,32,88,95
42,53,81,95
43,6,43,95
44,8,97,95
45,69,26,95
46,21,15,95
47,81,84,95
48,22,27,95
49,31,36,95
50,63,61,95
51,14,71,95
52,63,97,95
53,92,58,95
54,86,95,95
55,71,14,95
56,28,26,95
57,97,6,95
58,22,43,95
59,49,91,95
60,46,95,95
61,82,18,95
62,92,47,95
63,68,4,95
64,56,62,95
65,7,44,95
66,14,9,95
1,66,41,96
2,42,40,96
3,50,0,96
4,85,49,96
5,98,74,96
6,48,65,96
7,12,98,96
8,45,87,96
9,66,57,96
10,41,54,96
11,32,21,96
12,34,29,96
13,51,25,96
14,12,75,96
15,22,99,96
16,92,36,96
17,93,64,96
18,66,96,96
19,70,54,96
20,16,85,96
21,7,31,96
22,9,93,96
23,14,81,96
24,25,46,96
25,79,95,96
26,13,58,96
27,66,59,96
28,21,62,96
29,50,12,96
30,86,25,96
31,57,98,96
32,35,94,96
33,92,88,96
34,32,64,96
35,71,56,96
36,64,17,96
37,0,41,96
38,56,51,96
39,75,68,96
40,98,17,96
41,31,88,96
42,54,81,96
43,5,43,96
44,7,98,96
45,69,27,96
46,20,15,96
47,81,85,96
48,23,28,96
49,31,36,96
50,64,60,96
51,14,70,96
52,62,98,96
53,93,58,96
54,85,94,96
55,70,14,96
56,28,26,96
57,98,5,96
58,23,42,96
59,48,90,96
60,47,94,96
61,82,18,96
62,92,48,96
63,68,3,96
64,55,63,96
65,7,44,96
66,15,8,96
1,65,40,97
2,43,39,97
3,50,1,97
4,86,49,97
5,99,75,97
6,49,65,97
7,11,98,97
8,45,88,97
9,65,58,97
10,42,53,97
11,32,22,97
12,33,28,97
13,50,25,97
14,13,76,97
15,22,98,97
16,93,35,97
17,94,63,97
18,66,95,97
19,70,54,97
20,17,86,97
21,8,32,97
22,8,92,97
23,15,80,97
24,26,46,97
25,80,95,97
26,14,57,97
27,66,60,97
28,22,62,97
29,49,12,97
30,87,26,97
31,58,99,97
32,34,93,97
33,92,88,97
34,32,64,97
35,70,57,97
36,65,17,97
37,1,40,97
38,55,50,97
39,76,68,97
40,99,17,97
41,30,88,97
42,54,80,97
43,6,43,97
44,6,98,97
45,70,26,97
46,19,16,97
47,80,86,97
48,24,29,97
49,30,37,97
50,64,59,97
51,14,71,97
52,61,97,97
53,94,57,97
54,84,95,97
55,71,13,97
56,29,27,97
57,99,4,97
58,23,41,97
59,48,89,97
60,48,93,97
61,83,17,97
62,91,47,97
63,69,3,97
64,56,62,97
65,7,45,97
66,15,8,97
1,65,41,98
2,42,38,98
3,51,0,98
4,85,50,98
5,99,75,98
6,49,64,98
7,12,98,98
8,46,87,98
9,65,59,98
10,42,53,98
11,32,22,98
12,34,28,98
13,50,26,98
14,12,75,98
15,23,99,98
16,92,35,98
17,93,62,98
18,66,96,98
19,69,55,98
20,16,86,98
21,9,32,98
22,7,92,98
23,16,79,98
24,26,47,98
25,79,94,98
26,15,57,98
27,65,61,98
28,21,61,98
29,49,11,98
30,86,25,98
31,57,99,98
32,35,93,98
33,92,87,98
34,31,64,98
35,71,56,98
36,65,18,98
37,1,39,98
38,54,49,98
39,75,69,98
40,98,17,98
41,31,87,98
42,53,81,98
43,5,42,98
44,6,98,98
45,71,27,98
46,20,16,98
47,81,85,98
48,25,30,98
49,30,38,98
50,65,58,98
51,14,72,98
52,60,98,98
53,93,56,98
54,83,96,98
55,72,14,98
56,29,27,98
57,98,3,98
58,23,40,98
59,47,90,98
60,49,93,98
61,84,16,98
62,91,47,98
63,70,3,98
64,56,61,98
65,6,44,98
66,16,8,98
1,64,41,99
2,42,37,99
3,51,1,99
4,86,51,99
5,98,75,99
6,49,65,99
7,13,97,99
8,46,88,99
9,65,60,99
10,41,52,99
11,33,22,99
12,33,27,99
13,50,25,99
14,12,74,99
15,22,99,99
16,93,34,99
17,93,61,99
18,67,95,99
19,69,56,99
20,17,85,99
21,8,33,99
22,7,91,99
23,15,80,99
24,25,48,99
25,78,94,99
26,14,58,99
27,64,62,99
28,22,60,99
29,50,10,99
30,86,25,99
31,56,99,99
32,35,93,99
33,91,86,99
34,32,64,99
35,70,55,99
36,64,18,99
37,1,39,99
38,55,49,99
39,76,70,99
40,99,17,99
41,32,87,99
42,52,82,99
43,6,42,99
44,7,99,99
45,71,26,99
46,21,16,99
47,80,85,99
48,25,30,99
49,29,37,99
50,66,59,99
51,15,73,99
52,59,98,99
53,94,56,99
54,84,97,99
55,73,15,99
56,28,28,99
57,99,2,99
58,22,40,99
59,48,91,99
60,49,94,99
61,84,15,99
62,92,48,99
63,69,2,99
64,56,60,99
65,6,45,99
66,17,7,99
1,63,40,100
2,43,36,100
3,50,2,100
4,85,51,100
5,97,75,100
6,49,65,100
7,14,97,100
8,47,87,100
9,64,59,100
10,42,53,100
11,34,21,100
12,33,28,100
13,50,26,100
14,11,75,100
15,23,99,100
16,93,34,100
17,94,62,100
18,67,95,100
19,69,57,100
20,16,85,100
21,9,32,100
22,7,92,100
23,15,81,100
24,26,48,100
25,79,95,100
26,14,58,100
27,63,63,100
28,22,59,100
29,49,9,100
30,86,26,100
31,56,98,100
32,35,92,100
33,91,86,100
34,31,65,100
35,69,55,100
36,64,17,100
37,2,39,100
38,55,48,100
39,76,71,100
40,99,16,100
41,33,87,100
42,52,81,100
43,6,41,100
44,6,99,100
45,72,26,100
46,21,17,100
47,79,85,100
48,26,31,100
49,29,36,100
50,66,58,100
51,15,73,100
52,60,98,100
53,94,57,100
54,84,98,100
55,73,16,100
56,27,28,100
57,98,3,100
58,21,40,100
59,49,92,100
60,49,95,100
61,83,15,100
62,91,47,100
63,69,2,100
64,55,60,100
65,7,44,100
66,16,7,100
