1,40,40,1
2,79,59,1
3,22,42,1
4,53,0,1
5,97,11,1
6,19,69,1
7,92,18,1
8,4,24,1
9,7,60,1
10,38,25,1
11,17,84,1
12,55,13,1
13,33,8,1
14,31,62,1
15,53,45,1
16,88,75,1
17,54,74,1
18,5,78,1
19,29,99,1
1,39,41,2
2,79,60,2
3,22,42,2
4,53,1,2
5,96,12,2
6,19,70,2
7,93,18,2
8,3,24,2
9,8,61,2
10,37,24,2
11,18,83,2
12,56,13,2
13,32,9,2
14,32,61,2
15,53,46,2
16,89,76,2
17,55,74,2
18,5,77,2
19,29,99,2
1,40,40,3
2,79,60,3
3,21,42,3
4,52,2,3
5,95,13,3
6,20,71,3
7,93,19,3
8,2,25,3
9,9,60,3
10,37,23,3
11,18,84,3
12,55,14,3
13,31,8,3
14,33,61,3
15,52,46,3
16,88,77,3
17,56,74,3
18,6,77,3
19,30,99,3
1,40,40,4
2,79,60,4
3,22,43,4
4,51,2,4
5,96,13,4
6,21,71,4
7,93,19,4
8,3,24,4
9,9,59,4
10,38,23,4
11,19,85,4
12,55,15,4
13,32,7,4
14,34,60,4
15,53,47,4
16,89,76,4
17,55,75,4
18,7,77,4
19,30,99,4
1,40,41,5
2,79,59,5
3,21,44,5
4,51,2,5
5,95,12,5
6,22,70,5
7,94,20,5
8,3,25,5
9,8,58,5
10,39,23,5
11,19,85,5
12,54,15,5
13,33,7,5
14,34,59,5
15,53,47,5
16,89,76,5
17,56,76,5
18,6,77,5
19,30,99,5
1,40,41,6
2,78,58,6
3,20,43,6
4,52,2,6
5,96,11,6
6,22,70,6
7,94,19,6
8,3,26,6
9,7,57,6
10,40,23,6
11,19,86,6
12,54,16,6
13,32,8,6
14,33,60,6
15,52,47,6
16,90,76,6
17,55,77,6
18,5,78,6
19,29,98,6
1,39,41,7
2,79,57,7
3,20,44,7
4,52,1,7
5,96,10,7
6,21,69,7
7,93,19,7
8,4,26,7
9,7,57,7
10,41,24,7
11,20,85,7
12,54,15,7
13,32,8,7
14,34,59,7
15,51,46,7
16,91,75,7
17,56,77,7
18,5,78,7
19,28,99,7
1,38,40,8
2,78,58,8
3,19,44,8
4,52,2,8
5,96,10,8
6,20,70,8
7,93,19,8
8,3,25,8
9,8,56,8
10,42,25,8
11,21,84,8
12,55,15,8
13,31,7,8
14,34,59,8
15,52,46,8
16,91,74,8
17,55,78,8
18,4,78,8
19,28,98,8
1,39,41,9
2,77,59,9
3,20,44,9
4,51,2,9
5,96,10,9
6,21,71,9
7,92,19,9
8,4,24,9
9,9,57,9
10,42,26,9
11,21,83,9
12,56,16,9
13,31,6,9
14,33,58,9
15,53,47,9
16,91,73,9
17,55,79,9
18,3,79,9
19,29,98,9
1,39,41,10
2,76,59,10
3,21,44,10
4,52,2,10
5,96,9,10
6,21,72,10
7,93,19,10
8,4,24,10
9,8,56,10
10,41,26,10
11,20,83,10
12,56,15,10
13,32,7,10
14,32,57,10
15,52,46,10
16,90,73,10
17,54,79,10
18,3,79,10
19,30,98,10
1,39,42,11
2,76,59,11
3,21,43,11
4,52,3,11
5,97,10,11
6,21,73,11
7,94,20,11
8,3,25,11
9,8,55,11
10,42,27,11
11,19,84,11
12,55,16,11
13,31,7,11
14,33,58,11
15,52,46,11
16,91,74,11
17,54,78,11
18,3,80,11
19,30,99,11
1,39,42,12
2,77,60,12
3,20,44,12
4,52,4,12
5,98,9,12
6,21,73,12
7,95,21,12
8,3,25,12
9,9,56,12
10,43,27,12
11,20,83,12
12,55,15,12
13,30,6,12
14,33,59,12
15,53,46,12
16,91,73,12
17,55,77,12
18,3,79,12
19,30,99,12
1,38,42,13
2,78,61,13
3,20,43,13
4,51,4,13
5,99,9,13
6,22,73,13
7,94,20,13
8,2,24,13
9,8,56,13
10,44,26,13
11,19,84,13
12,56,15,13
13,30,6,13
14,34,59,13
15,53,46,13
16,92,74,13
17,55,76,13
18,3,79,13
19,30,99,13
1,39,41,14
2,79,61,14
3,20,42,14
4,50,4,14
5,98,8,14
6,23,73,14
7,93,21,14
8,3,23,14
9,8,56,14
10,44,25,14
11,20,85,14
12,55,14,14
13,30,6,14
14,35,60,14
15,52,47,14
16,92,74,14
17,55,76,14
18,4,79,14
19,31,98,14
1,39,42,15
2,79,60,15
3,20,43,15
4,50,4,15
5,99,7,15
6,24,74,15
7,94,22,15
8,2,23,15
9,8,57,15
10,44,24,15
11,21,84,15
12,54,15,15
13,31,6,15
14,36,59,15
15,53,48,15
16,93,75,15
17,54,75,15
18,3,79,15
19,32,98,15
1,40,41,16
2,80,61,16
3,19,44,16
4,49,3,16
5,98,6,16
6,24,73,16
7,95,21,16
8,3,22,16
9,9,58,16
10,45,24,16
11,20,85,16
12,55,14,16
13,30,5,16
14,35,59,16
15,54,48,16
16,92,74,16
17,54,75,16
18,3,80,16
19,33,98,16
1,41,41,17
2,81,61,17
3,19,45,17
4,50,4,17
5,98,7,17
6,24,73,17
7,95,22,17
8,2,23,17
9,10,59,17
10,45,25,17
11,21,86,17
12,54,14,17
13,30,5,17
14,34,60,17
15,55,49,17
16,92,73,17
17,53,76,17
18,4,79,17
19,32,99,17
1,42,40,18
2,81,62,18
3,19,44,18
4,50,5,18
5,97,7,18
6,23,73,18
7,95,21,18
8,3,22,18
9,10,59,18
10,45,25,18
11,22,85,18
12,53,15,18
13,29,4,18
14,33,59,18
15,56,49,18
16,92,73,18
17,54,76,18
18,3,80,18
19,32,99,18
1,42,39,19
2,81,62,19
3,20,44,19
4,50,5,19
5,97,7,19
6,23,73,19
7,94,22,19
8,2,21,19
9,10,58,19
10,44,26,19
11,21,84,19
12,52,14,19
13,30,4,19
14,34,59,19
15,55,49,19
16,91,73,19
17,53,75,19
18,3,80,19
19,31,98,19
1,43,38,20
2,82,61,20
3,21,45,20
4,51,5,20
5,97,7,20
6,23,72,20
7,95,21,20
8,3,20,20
9,9,58,20
10,44,25,20
11,21,83,20
12,53,13,20
13,30,3,20
14,33,59,20
15,55,48,20
16,90,72,20
17,53,76,20
18,3,81,20
19,31,98,20
1,44,38,21
2,81,61,21
3,20,45,21
4,51,6,21
5,97,8,21
6,22,72,21
7,95,21,21
8,3,20,21
9,9,58,21
10,45,26,21
11,21,83,21
12,52,14,21
13,31,2,21
14,33,59,21
15,56,49,21
16,89,71,21
17,54,77,21
18,2,80,21
19,32,99,21
1,45,39,22
2,82,60,22
3,20,46,22
4,51,6,22
5,96,7,22
6,23,73,22
7,95,21,22
8,3,19,22
9,8,58,22
10,45,25,22
11,21,84,22
12,52,14,22
13,31,1,22
14,34,60,22
15,56,50,22
16,88,72,22
17,53,76,22
18,1,80,22
19,33,99,22
1,45,38,23
2,83,61,23
3,20,45,23
4,50,5,23
5,96,8,23
6,23,72,23
7,95,21,23
8,3,20,23
9,9,57,23
10,44,25,23
11,20,85,23
12,51,13,23
13,30,2,23
14,34,59,23
15,56,50,23
16,88,72,23
17,54,77,23
18,0,81,23
19,34,99,23
1,46,37,24
2,84,61,24
3,20,46,24
4,51,5,24
5,96,9,24
6,24,72,24
7,94,21,24
8,2,20,24
9,9,58,24
10,45,25,24
11,19,86,24
12,50,14,24
13,29,2,24
14,34,58,24
15,55,50,24
16,87,73,24
17,54,77,24
18,0,82,24
19,35,99,24
1,46,36,25
2,83,60,25
3,20,45,25
4,52,4,25
5,97,10,25
6,24,72,25
7,95,20,25
8,1,21,25
9,10,59,25
10,46,24,25
11,18,87,25
12,50,15,25
13,29,1,25
14,33,58,25
15,56,49,25
16,87,72,25
17,54,77,25
18,1,81,25
19,35,98,25
1,47,36,26
2,82,60,26
3,21,45,26
4,52,5,26
5,96,10,26
6,25,71,26
7,96,19,26
8,0,21,26
9,11,60,26
10,45,25,26
11,17,86,26
12,49,15,26
13,29,0,26
14,32,57,26
15,56,48,26
16,88,71,26
17,54,78,26
18,2,82,26
19,34,97,26
1,46,35,27
2,81,60,27
3,22,46,27
4,53,5,27
5,97,9,27
6,25,72,27
7,97,20,27
8,1,20,27
9,12,61,27
10,45,24,27
11,17,87,27
12,50,14,27
13,30,0,27
14,33,57,27
15,56,48,27
16,88,70,27
17,55,78,27
18,2,82,27
19,35,97,27
1,46,34,28
2,82,61,28
3,23,47,28
4,53,4,28
5,98,9,28
6,25,72,28
7,98,20,28
8,0,20,28
9,12,60,28
10,44,23,28
11,16,86,28
12,50,13,28
13,29,1,28
14,33,58,28
15,57,47,28
16,88,71,28
17,56,79,28
18,2,81,28
19,35,96,28
1,45,35,29
2,81,61,29
3,24,48,29
4,53,3,29
5,99,10,29
6,24,71,29
7,99,20,29
8,0,19,29
9,13,61,29
10,44,22,29
11,15,85,29
12,50,13,29
13,29,0,29
14,33,58,29
15,56,47,29
16,89,70,29
17,57,78,29
18,3,80,29
19,34,97,29
1,45,36,30
2,80,61,30
3,25,49,30
4,52,2,30
5,99,11,30
6,25,70,30
7,99,19,30
8,1,19,30
9,14,60,30
10,43,23,30
11,16,84,30
12,50,14,30
13,28,0,30
14,33,58,30
15,57,47,30
16,90,69,30
17,56,78,30
18,3,81,30
19,35,97,30
1,45,37,31
2,79,62,31
3,25,49,31
4,53,1,31
5,98,10,31
6,25,70,31
7,99,18,31
8,0,19,31
9,13,61,31
10,43,22,31
11,16,85,31
12,51,14,31
13,27,0,31
14,33,57,31
15,58,47,31
16,90,70,31
17,57,78,31
18,4,80,31
19,34,97,31
1,44,38,32
2,80,62,32
3,25,48,32
4,52,0,32
5,99,9,32
6,25,71,32
7,98,18,32
8,0,19,32
9,13,61,32
10,44,22,32
11,15,84,32
12,51,15,32
13,27,0,32
14,32,56,32
15,58,48,32
16,91,70,32
17,57,77,32
18,5,79,32
19,34,96,32
1,44,38,33
2,80,63,33
3,25,48,33
4,53,0,33
5,98,8,33
6,26,70,33
7,99,19,33
8,0,20,33
9,12,61,33
10,43,21,33
11,15,85,33
12,51,15,33
13,26,0,33
14,31,56,33
15,58,47,33
16,91,70,33
17,56,78,33
18,6,79,33
19,33,97,33
1,44,38,34
2,79,62,34
3,25,49,34
4,53,1,34
5,97,9,34
6,27,70,34
7,98,18,34
8,1,21,34
9,13,60,34
10,42,21,34
11,15,86,34
12,51,14,34
13,26,0,34
14,30,57,34
15,59,48,34
16,90,70,34
17,55,79,34
18,7,79,34
19,32,97,34
1,45,39,35
2,80,61,35
3,25,50,35
4,53,2,35
5,97,8,35
6,28,69,35
7,99,17,35
8,2,20,35
9,14,60,35
10,43,21,35
11,15,86,35
12,52,14,35
13,26,0,35
14,31,58,35
15,58,47,35
16,91,71,35
17,54,78,35
18,6,80,35
19,31,97,35
1,44,38,36
2,80,60,36
3,25,51,36
4,52,3,36
5,98,9,36
6,28,70,36
7,99,17,36
8,3,20,36
9,15,61,36
10,42,22,36
11,15,86,36
12,53,14,36
13,25,1,36
14,32,57,36
15,59,46,36
16,92,72,36
17,55,78,36
18,6,80,36
19,32,97,36
1,44,39,37
2,79,59,37
3,25,52,37
4,53,2,37
5,99,10,37
6,29,71,37
7,99,16,37
8,4,20,37
9,14,60,37
10,41,21,37
11,14,85,37
12,54,14,37
13,24,0,37
14,33,58,37
15,59,47,37
16,91,72,37
17,56,79,37
18,5,79,37
19,33,96,37
1,44,39,38
2,80,60,38
3,24,52,38
4,54,1,38
5,99,11,38
6,28,70,38
7,98,17,38
8,3,20,38
9,15,59,38
10,42,22,38
11,14,85,38
12,55,14,38
13,23,1,38
14,34,59,38
15,58,46,38
16,90,73,38
17,55,80,38
18,5,80,38
19,32,95,38
1,43,38,39
2,80,60,39
3,25,51,39
4,55,1,39
5,98,11,39
6,28,70,39
7,97,18,39
8,3,20,39
9,15,59,39
10,42,22,39
11,13,85,39
12,56,13,39
13,22,2,39
14,33,58,39
15,59,47,39
16,91,72,39
17,54,81,39
18,5,80,39
19,33,95,39
1,44,37,40
2,80,59,40
3,24,50,40
4,54,2,40
5,99,10,40
6,28,70,40
7,96,19,40
8,3,20,40
9,14,58,40
10,43,22,40
11,14,86,40
12,55,14,40
13,23,2,40
14,34,58,40
15,59,48,40
16,91,71,40
17,55,81,40
18,5,81,40
19,34,94,40
1,44,37,41
2,79,59,41
3,25,50,41
4,55,2,41
5,98,9,41
6,28,70,41
7,96,19,41
8,4,20,41
9,13,59,41
10,44,21,41
11,13,85,41
12,56,14,41
13,24,1,41
14,34,57,41
15,60,48,41
16,92,71,41
17,55,81,41
18,5,81,41
19,33,94,41
1,44,38,42
2,80,59,42
3,25,51,42
4,55,1,42
5,97,10,42
6,29,70,42
7,96,18,42
8,5,19,42
9,14,58,42
10,45,22,42
11,14,85,42
12,56,14,42
13,25,0,42
14,35,56,42
15,61,48,42
16,93,70,42
17,55,81,42
18,6,82,42
19,34,93,42
1,45,37,43
2,80,59,43
3,26,51,43
4,56,1,43
5,97,10,43
6,29,70,43
7,97,18,43
8,5,19,43
9,13,57,43
10,45,22,43
11,15,85,43
12,55,13,43
13,24,0,43
14,35,55,43
15,62,49,43
16,94,70,43
17,55,80,43
18,6,82,43
19,34,92,43
1,46,37,44
2,80,60,44
3,27,52,44
4,55,0,44
5,97,11,44
6,29,70,44
7,97,18,44
8,5,18,44
9,12,56,44
10,46,22,44
11,16,84,44
12,54,13,44
13,23,0,44
14,34,55,44
15,61,50,44
16,95,71,44
17,55,81,44
18,5,82,44
19,33,93,44
1,45,36,45
2,81,61,45
3,27,51,45
4,54,1,45
5,98,10,45
6,30,69,45
7,97,19,45
8,6,19,45
9,11,56,45
10,45,21,45
11,16,83,45
12,53,12,45
13,24,1,45
14,33,56,45
15,61,51,45
16,96,72,45
17,55,80,45
18,5,82,45
19,32,94,45
1,46,35,46
2,80,62,46
3,27,51,46
4,55,2,46
5,97,10,46
6,30,68,46
7,96,18,46
8,5,18,46
9,11,56,46
10,46,20,46
11,16,84,46
12,53,11,46
13,25,0,46
14,32,57,46
15,61,52,46
16,97,72,46
17,55,79,46
18,6,81,46
19,32,93,46
1,47,34,47
2,79,62,47
3,26,51,47
4,56,2,47
5,97,11,47
6,31,68,47
7,96,19,47
8,5,19,47
9,11,57,47
10,47,19,47
11,16,85,47
12,53,12,47
13,24,0,47
14,32,58,47
15,60,51,47
16,98,72,47
17,56,78,47
18,7,80,47
19,32,94,47
1,48,33,48
2,78,63,48
3,26,50,48
4,57,2,48
5,98,11,48
6,31,68,48
7,96,20,48
8,4,18,48
9,10,56,48
10,47,19,48
11,15,85,48
12,54,13,48
13,24,1,48
14,31,58,48
15,60,51,48
16,99,71,48
17,55,78,48
18,8,79,48
19,33,95,48
1,49,32,49
2,79,63,49
3,26,49,49
4,58,2,49
5,97,10,49
6,30,69,49
7,96,20,49
8,3,18,49
9,10,55,49
10,46,19,49
11,16,86,49
12,54,12,49
13,25,1,49
14,31,58,49
15,60,51,49
16,98,72,49
17,56,77,49
18,8,79,49
19,34,96,49
1,48,32,50
2,79,63,50
3,25,48,50
4,59,2,50
5,98,10,50
6,31,68,50
7,96,20,50
8,2,18,50
9,11,55,50
10,45,20,50
11,16,86,50
12,53,13,50
13,24,2,50
14,32,59,50
15,59,52,50
16,98,73,50
17,57,76,50
18,7,79,50
19,33,97,50
1,47,32,51
2,80,62,51
3,26,47,51
4,59,3,51
5,99,9,51
6,30,69,51
7,95,21,51
8,2,19,51
9,10,54,51
10,45,20,51
11,17,86,51
12,53,12,51
13,25,2,51
14,33,60,51
15,60,53,51
16,98,72,51
17,58,75,51
18,7,80,51
19,32,96,51
1,46,33,52
2,79,63,52
3,25,46,52
4,58,3,52
5,99,8,52
6,29,68,52
7,94,22,52
8,1,19,52
9,10,53,52
10,44,20,52
11,18,85,52
12,52,12,52
13,25,3,52
14,32,60,52
15,61,54,52
16,99,71,52
17,59,74,52
18,6,80,52
19,33,95,52
1,46,34,53
2,78,62,53
3,24,46,53
4,58,4,53
5,99,7,53
6,29,69,53
7,95,21,53
8,2,18,53
9,11,53,53
10,43,19,53
11,18,86,53
12,53,13,53
13,26,2,53
14,33,60,53
15,62,54,53
16,99,70,53
17,58,73,53
18,7,80,53
19,34,95,53
1,46,33,54
2,77,63,54
3,23,47,54
4,58,3,54
5,99,7,54
6,30,68,54
7,96,21,54
8,2,19,54
9,10,54,54
10,43,18,54
11,18,85,54
12,53,14,54
13,25,3,54
14,32,59,54
15,62,55,54
16,98,71,54
17,58,74,54
18,7,79,54
19,33,95,54
1,47,32,55
2,76,63,55
3,22,46,55
4,57,2,55
5,98,6,55
6,29,68,55
7,95,22,55
8,3,20,55
9,10,53,55
10,44,17,55
11,18,85,55
12,54,13,55
13,24,3,55
14,33,60,55
15,61,56,55
16,99,71,55
17,59,73,55
18,7,80,55
19,33,95,55
1,47,32,56
2,75,62,56
3,21,46,56
4,56,3,56
5,97,7,56
6,30,69,56
7,96,21,56
8,3,21,56
9,9,54,56
10,45,17,56
11,17,86,56
12,54,14,56
13,23,4,56
14,34,60,56
15,60,55,56
16,99,70,56
17,60,72,56
18,6,81,56
19,34,95,56
1,46,31,57
2,76,62,57
3,20,47,57
4,57,2,57
5,98,6,57
6,30,68,57
7,97,21,57
8,2,21,57
9,10,54,57
10,44,16,57
11,16,86,57
12,54,13,57
13,24,4,57
14,33,61,57
15,60,56,57
16,98,70,57
17,61,73,57
18,7,81,57
19,33,96,57
1,45,30,58
2,77,62,58
3,19,48,58
4,58,1,58
5,97,6,58
6,30,69,58
7,96,20,58
8,1,20,58
9,10,54,58
10,45,17,58
11,16,85,58
12,55,12,58
13,25,4,58
14,33,60,58
15,59,57,58
16,98,69,58
17,61,72,58
18,8,81,58
19,32,95,58
1,44,30,59
2,76,61,59
3,19,49,59
4,58,0,59
5,97,5,59
6,31,70,59
7,96,20,59
8,2,21,59
9,9,55,59
10,46,17,59
11,16,85,59
12,55,13,59
13,25,3,59
14,32,60,59
15,58,58,59
16,99,70,59
17,61,71,59
18,7,80,59
19,31,94,59
1,45,30,60
2,76,61,60
3,18,49,60
4,57,0,60
5,98,6,60
6,30,71,60
7,96,19,60
8,3,20,60
9,9,56,60
10,46,18,60
11,15,84,60
12,55,14,60
13,26,3,60
14,32,61,60
15,59,57,60
16,98,69,60
17,62,71,60
18,6,80,60
19,32,93,60
1,45,30,61
2,77,60,61
3,18,48,61
4,56,0,61
5,98,7,61
6,30,71,61
7,97,18,61
8,4,20,61
9,9,57,61
10,47,19,61
11,15,85,61
12,56,13,61
13,26,2,61
14,31,62,61
15,60,57,61
16,97,70,61
17,63,70,61
18,5,80,61
19,32,92,61
1,45,29,62
2,78,59,62
3,18,49,62
4,55,0,62
5,97,6,62
6,31,72,62
7,98,17,62
8,5,19,62
9,9,56,62
10,47,18,62
11,15,86,62
12,55,13,62
13,27,1,62
14,30,62,62
15,61,56,62
16,97,70,62
17,63,70,62
18,6,79,62
19,32,92,62
1,46,29,63
2,77,60,63
3,17,48,63
4,54,0,63
5,98,7,63
6,32,72,63
7,97,18,63
8,5,19,63
9,10,55,63
10,48,19,63
11,15,87,63
12,54,13,63
13,27,1,63
14,29,62,63
15,62,57,63
16,97,69,63
17,62,71,63
18,7,79,63
19,32,93,63
1,46,29,64
2,78,60,64
3,17,47,64
4,54,1,64
5,99,7,64
6,32,72,64
7,96,19,64
8,5,19,64
9,9,56,64
10,48,19,64
11,14,88,64
12,54,13,64
13,27,2,64
14,28,62,64
15,62,56,64
16,96,69,64
17,63,71,64
18,8,78,64
19,31,92,64
1,47,30,65
2,78,60,65
3,16,46,65
4,55,2,65
5,98,6,65
6,33,72,65
7,97,18,65
8,5,19,65
9,9,55,65
10,47,19,65
11,13,89,65
12,55,12,65
13,27,2,65
14,27,63,65
15,62,56,65
16,95,69,65
17,64,70,65
18,9,79,65
19,30,91,65
1,47,29,66
2,77,59,66
3,17,47,66
4,56,3,66
5,99,5,66
6,32,72,66
7,97,18,66
8,5,19,66
9,8,54,66
10,46,18,66
11,13,90,66
12,55,12,66
13,27,1,66
14,28,62,66
15,63,55,66
16,95,70,66
17,64,69,66
18,8,78,66
19,29,91,66
1,46,30,67
2,77,58,67
3,16,48,67
4,56,2,67
5,99,6,67
6,31,71,67
7,98,17,67
8,6,19,67
9,8,55,67
10,45,19,67
11,13,90,67
12,54,11,67
13,27,1,67
14,28,61,67
15,62,54,67
16,96,70,67
17,64,69,67
18,8,77,67
19,28,90,67
1,45,29,68
2,76,59,68
3,15,47,68
4,56,2,68
5,99,5,68
6,30,71,68
7,98,16,68
8,5,19,68
9,7,56,68
10,45,19,68
11,13,89,68
12,54,12,68
13,27,2,68
14,29,62,68
15,61,53,68
16,95,71,68
17,65,70,68
18,8,76,68
19,27,89,68
1,45,29,69
2,75,58,69
3,15,48,69
4,56,3,69
5,98,6,69
6,30,70,69
7,97,15,69
8,4,19,69
9,8,56,69
10,44,19,69
11,14,90,69
12,55,11,69
13,27,2,69
14,28,63,69
15,60,53,69
16,94,71,69
17,65,69,69
18,7,75,69
19,27,90,69
1,44,28,70
2,76,58,70
3,14,49,70
4,57,4,70
5,98,6,70
6,30,71,70
7,96,15,70
8,3,19,70
9,7,57,70
10,43,19,70
11,14,91,70
12,54,12,70
13,27,1,70
14,29,63,70
15,60,53,70
16,95,71,70
17,66,68,70
18,8,74,70
19,27,91,70
1,45,27,71
2,77,59,71
3,14,50,71
4,57,3,71
5,99,6,71
6,30,70,71
7,96,14,71
8,3,20,71
9,8,57,71
10,42,20,71
11,15,90,71
12,54,13,71
13,28,0,71
14,28,63,71
15,59,53,71
16,95,71,71
17,67,69,71
18,8,75,71
19,26,91,71
1,45,27,72
2,76,58,72
3,13,50,72
4,56,2,72
5,99,6,72
6,29,70,72
7,97,14,72
8,2,21,72
9,7,58,72
10,42,19,72
11,14,91,72
12,54,13,72
13,27,0,72
14,28,64,72
15,58,54,72
16,96,71,72
17,68,68,72
18,7,76,72
19,25,92,72
1,45,28,73
2,75,57,73
3,14,49,73
4,56,1,73
5,98,6,73
6,29,71,73
7,97,13,73
8,2,21,73
9,7,57,73
10,41,19,73
11,15,92,73
12,53,13,73
13,27,0,73
14,29,65,73
15,58,53,73
16,96,70,73
17,69,67,73
18,6,77,73
19,25,91,73
1,45,27,74
2,74,58,74
3,15,49,74
4,55,2,74
5,98,6,74
6,29,71,74
7,98,13,74
8,1,21,74
9,6,57,74
10,42,19,74
11,14,91,74
12,53,14,74
13,26,1,74
14,29,65,74
15,59,53,74
16,96,70,74
17,70,66,74
18,5,78,74
19,24,91,74
1,45,28,75
2,74,59,75
3,16,49,75
4,56,3,75
5,99,5,75
6,28,70,75
7,97,13,75
8,0,22,75
9,6,57,75
10,42,19,75
11,14,92,75
12,54,14,75
13,27,1,75
14,28,66,75
15,60,52,75
16,97,69,75
17,69,67,75
18,6,78,75
19,23,90,75
1,44,29,76
2,74,58,76
3,15,48,76
4,56,3,76
5,98,6,76
6,29,70,76
7,98,14,76
8,1,22,76
9,6,58,76
10,43,20,76
11,15,92,76
12,55,14,76
13,27,0,76
14,29,66,76
15,61,52,76
16,96,70,76
17,70,68,76
18,7,78,76
19,24,90,76
1,45,29,77
2,75,57,77
3,14,47,77
4,56,4,77
5,98,6,77
6,30,69,77
7,98,13,77
8,0,23,77
9,7,59,77
10,43,21,77
11,14,93,77
12,56,13,77
13,26,1,77
14,30,67,77
15,60,53,77
16,95,69,77
17,71,68,77
18,6,79,77
19,25,90,77
1,45,28,78
2,76,57,78
3,15,46,78
4,56,5,78
5,99,6,78
6,31,69,78
7,99,14,78
8,0,24,78
9,6,60,78
10,44,21,78
11,14,92,78
12,55,12,78
13,25,2,78
14,31,68,78
15,61,54,78
16,94,69,78
17,70,68,78
18,5,79,78
19,26,89,78
1,45,27,79
2,77,57,79
3,16,46,79
4,56,5,79
5,99,7,79
6,32,70,79
7,98,14,79
8,0,24,79
9,7,61,79
10,44,20,79
11,14,92,79
12,54,13,79
13,25,1,79
14,30,69,79
15,61,53,79
16,94,68,79
17,70,69,79
18,5,80,79
19,26,88,79
1,45,27,80
2,77,57,80
3,17,46,80
4,56,5,80
5,98,8,80
6,31,69,80
7,99,15,80
8,1,23,80
9,6,61,80
10,43,21,80
11,15,93,80
12,55,14,80
13,24,2,80
14,29,69,80
15,60,54,80
16,95,69,80
17,69,69,80
18,4,79,80
19,26,89,80
1,45,26,81
2,76,58,81
3,17,45,81
4,55,4,81
5,98,7,81
6,31,70,81
7,99,15,81
8,2,22,81
9,5,62,81
10,43,21,81
11,15,94,81
12,55,15,81
13,25,2,81
14,28,70,81
15,60,54,81
16,94,70,81
17,68,70,81
18,4,80,81
19,26,89,81
1,46,27,82
2,77,58,82
3,17,45,82
4,56,5,82
5,97,8,82
6,30,70,82
7,98,16,82
8,3,23,82
9,4,62,82
10,44,22,82
11,15,95,82
12,54,15,82
13,26,1,82
14,29,69,82
15,61,53,82
16,94,70,82
17,68,71,82
18,3,79,82
19,25,88,82
1,46,26,83
2,76,58,83
3,18,44,83
4,57,4,83
5,96,8,83
6,31,70,83
7,98,17,83
8,3,23,83
9,4,62,83
10,43,21,83
11,16,95,83
12,54,14,83
13,26,1,83
14,30,68,83
15,60,52,83
16,94,70,83
17,68,70,83
18,4,78,83
19,25,87,83
1,46,26,84
2,75,59,84
3,18,43,84
4,56,3,84
5,97,8,84
6,31,69,84
7,99,16,84
8,3,22,84
9,5,62,84
10,44,21,84
11,15,94,84
12,54,15,84
13,27,2,84
14,31,67,84
15,60,51,84
16,93,69,84
17,67,71,84
18,5,77,84
19,25,88,84
1,47,26,85
2,76,60,85
3,19,44,85
4,57,2,85
5,97,9,85
6,32,70,85
7,98,17,85
8,4,23,85
9,6,62,85
10,43,20,85
11,16,93,85
12,53,16,85
13,28,1,85
14,31,67,85
15,59,50,85
16,94,70,85
17,68,71,85
18,6,77,85
19,26,87,85
1,46,26,86
2,76,61,86
3,20,44,86
4,56,1,86
5,96,9,86
6,33,71,86
7,97,17,86
8,3,22,86
9,5,61,86
10,44,19,86
11,17,94,86
12,53,15,86
13,27,2,86
14,31,67,86
15,60,50,86
16,95,69,86
17,68,70,86
18,5,78,86
19,26,88,86
1,45,27,87
2,76,62,87
3,21,44,87
4,57,0,87
5,95,10,87
6,34,70,87
7,96,16,87
8,4,22,87
9,5,61,87
10,43,19,87
11,17,95,87
12,54,16,87
13,28,3,87
14,31,68,87
15,59,49,87
16,94,69,87
17,68,70,87
18,6,78,87
19,26,88,87
1,45,28,88
2,75,63,88
3,21,43,88
4,58,1,88
5,96,10,88
6,34,70,88
7,96,16,88
8,4,21,88
9,4,61,88
10,42,19,88
11,17,95,88
12,55,15,88
13,29,3,88
14,32,67,88
15,58,48,88
16,94,69,88
17,68,71,88
18,7,78,88
19,26,87,88
1,45,28,89
2,76,63,89
3,21,43,89
4,59,2,89
5,97,10,89
6,34,69,89
7,95,17,89
8,5,21,89
9,4,62,89
10,42,19,89
11,17,95,89
12,55,14,89
13,29,4,89
14,32,67,89
15,58,47,89
16,95,68,89
17,67,71,89
18,6,79,89
19,26,86,89
1,45,29,90
2,77,64,90
3,21,42,90
4,60,3,90
5,97,11,90
6,35,68,90
7,94,17,90
8,5,22,90
9,3,62,90
10,42,18,90
11,16,94,90
12,56,15,90
13,29,4,90
14,33,68,90
15,59,48,90
16,94,68,90
17,68,71,90
18,5,78,90
19,26,86,90
1,45,29,91
2,78,64,91
3,20,41,91
4,59,4,91
5,97,12,91
6,34,69,91
7,94,17,91
8,5,21,91
9,3,61,91
10,43,17,91
11,16,94,91
12,55,14,91
13,29,4,91
14,33,67,91
15,58,48,91
16,93,68,91
17,68,70,91
18,4,77,91
19,25,85,91
1,45,29,92
2,77,65,92
3,21,41,92
4,59,5,92
5,98,13,92
6,35,68,92
7,94,16,92
8,4,21,92
9,2,62,92
10,43,16,92
11,17,95,92
12,55,13,92
13,30,5,92
14,34,68,92
15,59,49,92
16,93,69,92
17,69,71,92
18,4,77,92
19,26,84,92
1,44,28,93
2,78,66,93
3,22,42,93
4,59,5,93
5,98,13,93
6,36,67,93
7,94,16,93
8,5,22,93
9,3,63,93
10,43,17,93
11,18,95,93
12,55,12,93
13,29,6,93
14,34,67,93
15,60,49,93
16,92,69,93
17,70,70,93
18,5,78,93
19,27,85,93
1,43,27,94
2,78,66,94
3,22,41,94
4,58,6,94
5,97,12,94
6,37,67,94
7,93,17,94
8,5,23,94
9,3,63,94
10,44,16,94
11,19,94,94
12,55,11,94
13,29,5,94
14,35,68,94
15,59,48,94
16,92,68,94
17,70,69,94
18,4,77,94
19,26,86,94
1,44,28,95
2,79,67,95
3,22,42,95
4,58,5,95
5,97,12,95
6,38,67,95
7,92,16,95
8,4,22,95
9,2,63,95
10,44,16,95
11,20,94,95
12,55,12,95
13,28,5,95
14,35,69,95
15,59,48,95
16,92,69,95
17,70,70,95
18,5,77,95
19,26,85,95
1,44,29,96
2,79,66,96
3,23,43,96
4,58,4,96
5,96,13,96
6,37,66,96
7,93,15,96
8,5,21,96
9,1,63,96
10,45,15,96
11,19,94,96
12,55,12,96
13,28,4,96
14,35,69,96
15,58,48,96
16,93,70,96
17,69,69,96
18,4,78,96
19,25,85,96
1,44,29,97
2,79,66,97
3,23,42,97
4,57,3,97
5,95,12,97
6,38,65,97
7,92,15,97
8,4,22,97
9,1,62,97
10,46,15,97
11,19,94,97
12,55,12,97
13,29,4,97
14,36,70,97
15,57,49,97
16,92,70,97
17,69,70,97
18,5,79,97
19,24,84,97
1,44,28,98
2,79,65,98
3,22,41,98
4,57,4,98
5,95,11,98
6,38,64,98
7,93,14,98
8,5,22,98
9,2,61,98
10,45,14,98
11,20,94,98
12,56,12,98
13,30,5,98
14,35,69,98
15,57,49,98
16,92,69,98
17,69,71,98
18,4,78,98
19,25,83,98
1,43,29,99
2,79,66,99
3,22,41,99
4,58,4,99
5,96,10,99
6,39,65,99
7,94,15,99
8,6,23,99
9,3,60,99
10,44,15,99
11,19,93,99
12,56,12,99
13,31,5,99
14,36,68,99
15,57,48,99
16,92,68,99
17,70,71,99
18,3,79,99
19,26,83,99
1,43,28,100
2,78,66,100
3,21,42,100
4,58,4,100
5,95,11,100
6,39,64,100
7,93,16,100
8,6,24,100
9,3,60,100
10,45,15,100
11,19,94,100
12,55,13,100
13,30,5,100
14,37,68,100
15,56,47,100
16,92,68,100
17,69,72,100
18,4,78,100
19,25,83,100
