1,48,24,1
2,84,37,1
3,99,2,1
4,45,64,1
5,60,56,1
6,29,66,1
7,96,56,1
8,29,95,1
9,67,70,1
10,40,82,1
11,94,10,1
12,16,64,1
13,25,1,1
14,93,89,1
15,99,49,1
16,67,78,1
17,98,44,1
18,51,40,1
19,40,99,1
20,43,20,1
21,87,19,1
22,29,24,1
23,37,64,1
24,35,9,1
25,38,20,1
26,29,10,1
27,57,22,1
28,53,32,1
29,31,4,1
30,5,79,1
31,77,50,1
32,80,19,1
33,59,80,1
34,90,40,1
35,39,90,1
36,18,38,1
37,60,7,1
38,65,30,1
39,99,55,1
40,10,75,1
41,72,73,1
42,39,40,1
43,10,48,1
44,35,79,1
45,51,65,1
46,29,39,1
47,51,99,1
48,79,34,1
49,27,48,1
50,60,91,1
51,90,86,1
52,70,82,1
53,26,89,1
54,90,18,1
55,57,31,1
56,2,11,1
57,48,54,1
58,43,40,1
59,77,85,1
60,70,68,1
61,0,5,1
62,65,28,1
63,67,74,1
64,18,88,1
65,11,40,1
66,44,76,1
67,84,29,1
68,47,49,1
69,18,86,1
1,47,23,2
2,83,38,2
3,99,3,2
4,46,65,2
5,59,55,2
6,29,67,2
7,95,56,2
8,29,96,2
9,68,71,2
10,40,81,2
11,95,11,2
12,15,64,2
13,25,1,2
14,92,90,2
15,98,50,2
16,66,77,2
17,99,45,2
18,52,39,2
19,40,98,2
20,44,20,2
21,86,20,2
22,28,23,2
23,37,64,2
24,35,10,2
25,39,21,2
26,29,9,2
27,57,22,2
28,53,32,2
29,32,4,2
30,4,78,2
31,78,50,2
32,79,18,2
33,59,80,2
34,90,41,2
35,39,91,2
36,17,37,2
37,60,6,2
38,65,31,2
39,99,55,2
40,10,74,2
41,71,74,2
42,39,41,2
43,9,47,2
44,34,79,2
45,52,64,2
46,29,38,2
47,51,98,2
48,79,34,2
49,26,47,2
50,60,91,2
51,89,87,2
52,69,82,2
53,25,88,2
54,89,17,2
55,56,32,2
56,3,10,2
57,47,55,2
58,42,41,2
59,78,84,2
60,69,67,2
61,0,6,2
62,65,28,2
63,68,73,2
64,17,89,2
65,10,39,2
66,44,76,2
67,84,30,2
68,46,50,2
69,19,86,2
1,46,22,3
2,84,37,3
3,99,3,3
4,45,65,3
5,60,56,3
6,29,66,3
7,94,57,3
8,29,97,3
9,69,70,3
10,41,82,3
11,96,10,3
12,15,63,3
13,25,2,3
14,92,91,3
15,97,51,3
16,66,76,3
17,99,46,3
18,53,39,3
19,41,98,3
20,43,20,3
21,86,20,3
22,29,22,3
23,37,64,3
24,36,10,3
25,38,21,3
26,30,8,3
27,58,21,3
28,53,33,3
29,32,3,3
30,3,77,3
31,78,50,3
32,80,17,3
33,58,81,3
34,91,41,3
35,39,91,3
36,16,36,3
37,61,5,3
38,64,30,3
39,98,54,3
40,11,74,3
41,71,74,3
42,38,41,3
43,8,46,3
44,35,79,3
45,51,64,3
46,29,39,3
47,51,97,3
48,80,33,3
49,26,48,3
50,61,91,3
51,89,86,3
52,69,82,3
53,24,87,3
54,90,17,3
55,57,33,3
56,3,10,3
57,47,55,3
58,43,40,3
59,79,84,3
60,69,68,3
61,0,5,3
62,66,28,3
63,69,74,3
64,16,89,3
65,11,39,3
66,43,75,3
67,85,31,3
68,45,51,3
69,19,86,3
1,45,23,4
2,84,37,4
3,99,4,4
4,46,66,4
5,61,57,4
6,28,66,4
7,94,58,4
8,28,97,4
9,69,71,4
10,40,82,4
11,97,9,4
12,14,63,4
13,26,1,4
14,93,92,4
15,98,50,4
16,66,75,4
17,98,45,4
18,54,39,4
19,42,99,4
20,44,21,4
21,85,20,4
22,28,22,4
23,36,64,4
24,35,11,4
25,37,21,4
26,30,9,4
27,57,22,4
28,52,33,4
29,31,3,4
30,3,78,4
31,78,51,4
32,80,16,4
33,59,82,4
34,92,42,4
35,39,90,4
36,15,35,4
37,61,4,4
38,65,31,4
39,98,55,4
40,11,75,4
41,71,74,4
42,39,42,4
43,7,45,4
44,35,78,4
45,51,63,4
46,29,38,4
47,50,96,4
48,81,32,4
49,27,47,4
50,60,92,4
51,89,86,4
52,70,81,4
53,23,86,4
54,90,16,4
55,57,33,4
56,3,10,4
57,48,55,4
58,43,41,4
59,79,85,4
60,69,67,4
61,0,4,4
62,65,27,4
63,70,73,4
64,15,89,4
65,11,38,4
66,44,76,4
67,86,30,4
68,46,51,4
69,19,86,4
1,45,23,5
2,84,38,5
3,99,3,5
4,46,67,5
5,60,58,5
6,29,65,5
7,94,58,5
8,29,96,5
9,69,71,5
10,40,81,5
11,96,9,5
12,13,64,5
13,25,2,5
14,93,93,5
15,98,51,5
16,66,74,5
17,99,46,5
18,55,39,5
19,42,99,5
20,43,22,5
21,86,19,5
22,28,22,5
23,35,65,5
24,35,10,5
25,38,22,5
26,31,10,5
27,57,21,5
28,53,32,5
29,30,3,5
30,2,78,5
31,79,50,5
32,81,17,5
33,58,83,5
34,91,43,5
35,38,91,5
36,15,34,5
37,62,3,5
38,65,31,5
39,97,56,5
40,11,74,5
41,70,75,5
42,38,42,5
43,7,46,5
44,36,77,5
45,51,62,5
46,29,37,5
47,49,97,5
48,81,31,5
49,26,46,5
50,60,92,5
51,90,85,5
52,71,80,5
53,22,87,5
54,90,16,5
55,56,33,5
56,4,9,5
57,47,56,5
58,42,40,5
59,78,85,5
60,70,66,5
61,1,4,5
62,65,27,5
63,69,73,5
64,14,90,5
65,10,39,5
66,44,77,5
67,85,30,5
68,47,50,5
69,20,85,5
1,46,24,6
2,84,38,6
3,98,2,6
4,47,68,6
5,59,57,6
6,30,66,6
7,94,57,6
8,28,96,6
9,68,70,6
10,41,80,6
11,97,8,6
12,12,64,6
13,26,1,6
14,94,93,6
15,99,50,6
16,67,73,6
17,99,45,6
18,55,38,6
19,42,99,6
20,43,21,6
21,86,20,6
22,29,23,6
23,35,65,6
24,36,10,6
25,38,21,6
26,31,9,6
27,57,20,6
28,53,33,6
29,29,3,6
30,2,79,6
31,78,51,6
32,81,18,6
33,57,84,6
34,91,43,6
35,39,90,6
36,14,33,6
37,63,2,6
38,64,32,6
39,98,56,6
40,12,74,6
41,69,75,6
42,37,42,6
43,8,47,6
44,37,76,6
45,52,61,6
46,29,37,6
47,48,98,6
48,80,31,6
49,26,45,6
50,61,91,6
51,89,85,6
52,71,80,6
53,21,87,6
54,91,15,6
55,56,32,6
56,4,8,6
57,48,55,6
58,41,41,6
59,77,84,6
60,70,65,6
61,0,4,6
62,65,27,6
63,68,72,6
64,15,89,6
65,9,39,6
66,43,76,6
67,86,29,6
68,48,49,6
69,21,84,6
1,46,25,7
2,85,38,7
3,99,1,7
4,46,67,7
5,60,56,7
6,30,67,7
7,94,56,7
8,27,95,7
9,68,69,7
10,42,80,7
11,97,8,7
12,12,64,7
13,25,2,7
14,93,92,7
15,98,50,7
16,68,73,7
17,99,45,7
18,55,38,7
19,41,99,7
20,44,21,7
21,85,19,7
22,28,22,7
23,35,66,7
24,35,11,7
25,37,20,7
26,30,8,7
27,56,19,7
28,53,34,7
29,29,4,7
30,3,79,7
31,79,52,7
32,82,19,7
33,56,83,7
34,90,44,7
35,39,91,7
36,13,33,7
37,62,3,7
38,65,33,7
39,99,55,7
40,11,75,7
41,69,74,7
42,36,41,7
43,7,47,7
44,36,75,7
45,53,60,7
46,30,37,7
47,48,99,7
48,79,30,7
49,25,44,7
50,62,90,7
51,90,86,7
52,72,79,7
53,20,86,7
54,91,16,7
55,56,33,7
56,4,7,7
57,49,55,7
58,42,41,7
59,76,85,7
60,69,66,7
61,0,3,7
62,64,28,7
63,68,72,7
64,16,88,7
65,10,40,7
66,44,76,7
67,85,30,7
68,49,48,7
69,22,83,7
1,46,26,8
2,85,38,8
3,98,2,8
4,45,66,8
5,60,56,8
6,30,66,8
7,94,57,8
8,27,95,8
9,68,69,8
10,42,81,8
11,96,7,8
12,12,65,8
13,26,3,8
14,92,93,8
15,98,50,8
16,70,73,8
17,98,44,8
18,54,37,8
19,40,98,8
20,44,20,8
21,84,18,8
22,29,22,8
23,35,66,8
24,35,10,8
25,37,21,8
26,30,8,8
27,55,19,8
28,52,33,8
29,28,5,8
30,2,79,8
31,80,53,8
32,83,18,8
33,56,84,8
34,89,44,8
35,38,90,8
36,12,34,8
37,63,4,8
38,64,32,8
39,98,54,8
40,10,75,8
41,69,73,8
42,37,41,8
43,6,47,8
44,37,74,8
45,53,59,8
46,29,37,8
47,49,99,8
48,78,29,8
49,24,45,8
50,62,89,8
51,91,87,8
52,71,79,8
53,21,85,8
54,92,15,8
55,57,34,8
56,5,7,8
57,49,55,8
58,43,40,8
59,77,84,8
60,69,67,8
61,1,3,8
62,64,29,8
63,68,73,8
64,16,88,8
65,10,40,8
66,44,76,8
67,86,30,8
68,49,47,8
69,22,82,8
1,45,27,9
2,84,37,9
3,98,3,9
4,45,67,9
5,60,57,9
6,30,66,9
7,93,57,9
8,28,95,9
9,68,70,9
10,41,80,9
11,95,8,9
12,11,65,9
13,25,4,9
14,91,92,9
15,99,51,9
16,71,73,9
17,99,45,9
18,54,37,9
19,39,98,9
20,45,20,9
21,84,17,9
22,29,21,9
23,34,65,9
24,35,10,9
25,36,20,9
26,29,7,9
27,54,18,9
28,51,34,9
29,27,4,9
30,2,79,9
31,79,52,9
32,82,18,9
33,57,84,9
34,90,45,9
35,37,89,9
36,13,33,9
37,62,4,9
38,65,31,9
39,99,53,9
40,10,76,9
41,70,74,9
42,36,41,9
43,6,46,9
44,38,74,9
45,52,60,9
46,28,38,9
47,50,99,9
48,78,30,9
49,24,46,9
50,63,89,9
51,90,88,9
52,72,80,9
53,21,85,9
54,91,14,9
55,57,34,9
56,4,6,9
57,49,56,9
58,44,41,9
59,78,83,9
60,69,67,9
61,0,2,9
62,64,30,9
63,67,73,9
64,16,88,9
65,10,39,9
66,43,76,9
67,85,31,9
68,49,47,9
69,21,81,9
1,46,28,10
2,83,37,10
3,99,4,10
4,44,68,10
5,59,57,10
6,29,67,10
7,92,56,10
8,29,94,10
9,68,69,10
10,40,81,10
11,95,9,10
12,10,66,10
13,25,4,10
14,91,93,10
15,99,52,10
16,70,73,10
17,99,46,10
18,53,36,10
19,39,97,10
20,46,20,10
21,84,16,10
22,30,21,10
23,33,66,10
24,36,10,10
25,37,21,10
26,30,7,10
27,53,17,10
28,51,35,10
29,27,5,10
30,3,78,10
31,80,53,10
32,81,19,10
33,58,84,10
34,90,46,10
35,38,90,10
36,12,33,10
37,62,4,10
38,64,32,10
39,98,51,10
40,9,77,10
41,69,74,10
42,36,41,10
43,7,47,10
44,37,75,10
45,51,59,10
46,27,37,10
47,49,98,10
48,77,30,10
49,23,47,10
50,63,89,10
51,89,87,10
52,73,81,10
53,22,86,10
54,91,14,10
55,57,35,10
56,5,6,10
57,48,56,10
58,44,40,10
59,77,84,10
60,68,67,10
61,1,3,10
62,65,31,10
63,67,72,10
64,16,87,10
65,11,38,10
66,42,75,10
67,85,32,10
68,49,46,10
69,21,80,10
1,47,27,11
2,82,37,11
3,98,5,11
4,45,67,11
5,58,57,11
6,29,66,11
7,92,57,11
8,29,93,11
9,67,68,11
10,40,80,11
11,95,10,11
12,9,67,11
13,24,5,11
14,90,93,11
15,99,51,11
16,70,72,11
17,98,46,11
18,52,36,11
19,40,96,11
20,47,21,11
21,84,15,11
22,30,22,11
23,33,65,11
24,35,9,11
25,36,22,11
26,30,8,11
27,54,17,11
28,52,35,11
29,26,6,11
30,3,77,11
31,81,54,11
32,81,19,11
33,57,83,11
34,90,45,11
35,39,90,11
36,12,33,11
37,61,4,11
38,64,30,11
39,97,51,11
40,9,77,11
41,69,74,11
42,36,41,11
43,6,48,11
44,36,74,11
45,51,59,11
46,27,37,11
47,49,97,11
48,76,31,11
49,22,46,11
50,64,88,11
51,88,87,11
52,74,82,11
53,22,85,11
54,92,14,11
55,56,35,11
56,6,5,11
57,48,57,11
58,45,39,11
59,77,84,11
60,68,67,11
61,2,2,11
62,66,32,11
63,67,73,11
64,16,86,11
65,10,37,11
66,41,75,11
67,84,33,11
68,50,46,11
69,20,80,11
1,46,27,12
2,82,37,12
3,97,4,12
4,46,67,12
5,58,57,12
6,30,65,12
7,92,56,12
8,30,93,12
9,67,69,12
10,39,81,12
11,94,9,12
12,9,66,12
13,24,5,12
14,91,94,12
15,98,51,12
16,69,71,12
17,97,47,12
18,52,37,12
19,41,97,12
20,46,20,12
21,83,14,12
22,29,22,12
23,34,65,12
24,34,10,12
25,36,22,12
26,29,9,12
27,53,18,12
28,53,35,12
29,26,7,12
30,4,76,12
31,81,54,12
32,80,18,12
33,58,84,12
34,91,46,12
35,38,90,12
36,12,33,12
37,62,5,12
38,64,31,12
39,98,50,12
40,9,77,12
41,69,73,12
42,36,41,12
43,5,49,12
44,37,75,12
45,52,60,12
46,28,37,12
47,50,96,12
48,76,31,12
49,22,45,12
50,65,89,12
51,89,87,12
52,75,83,12
53,23,85,12
54,91,15,12
55,55,35,12
56,7,4,12
57,47,58,12
58,46,38,12
59,76,83,12
60,68,66,12
61,2,3,12
62,65,32,12
63,67,73,12
64,15,85,12
65,10,36,12
66,40,74,12
67,83,34,12
68,50,45,12
69,21,81,12
1,45,26,13
2,81,37,13
3,96,4,13
4,47,67,13
5,59,56,13
6,29,66,13
7,92,57,13
8,30,93,13
9,66,68,13
10,40,80,13
11,95,10,13
12,9,65,13
13,24,6,13
14,92,94,13
15,99,51,13
16,69,71,13
17,98,47,13
18,53,38,13
19,42,96,13
20,47,21,13
21,83,15,13
22,28,23,13
23,33,66,13
24,33,9,13
25,36,21,13
26,29,10,13
27,53,17,13
28,53,35,13
29,25,7,13
30,3,76,13
31,80,55,13
32,81,18,13
33,58,84,13
34,90,46,13
35,37,89,13
36,11,33,13
37,63,6,13
38,63,31,13
39,99,49,13
40,10,77,13
41,69,74,13
42,35,40,13
43,4,49,13
44,38,74,13
45,53,61,13
46,28,36,13
47,51,95,13
48,77,32,13
49,21,45,13
50,64,89,13
51,89,88,13
52,75,83,13
53,24,86,13
54,91,15,13
55,56,34,13
56,8,4,13
57,47,58,13
58,47,37,13
59,74,83,13
60,68,67,13
61,1,2,13
62,64,32,13
63,67,73,13
64,16,86,13
65,11,35,13
66,40,74,13
67,82,33,13
68,51,46,13
69,22,80,13
1,45,25,14
2,80,38,14
3,97,5,14
4,48,68,14
5,60,57,14
6,29,67,14
7,92,57,14
8,30,94,14
9,67,67,14
10,40,79,14
11,96,11,14
12,9,66,14
13,26,6,14
14,91,94,14
15,98,51,14
16,68,70,14
17,97,48,14
18,53,39,14
19,41,97,14
20,48,21,14
21,82,15,14
22,29,24,14
23,34,66,14
24,33,9,14
25,35,22,14
26,28,10,14
27,54,16,14
28,54,35,14
29,25,7,14
30,2,77,14
31,79,55,14
32,81,17,14
33,57,85,14
34,91,45,14
35,37,88,14
36,11,34,14
37,64,7,14
38,63,32,14
39,98,50,14
40,10,76,14
41,70,74,14
42,34,39,14
43,5,49,14
44,38,74,14
45,53,62,14
46,27,36,14
47,51,94,14
48,78,33,14
49,22,45,14
50,65,88,14
51,89,89,14
52,76,82,14
53,24,87,14
54,92,16,14
55,55,34,14
56,7,4,14
57,47,59,14
58,47,38,14
59,73,84,14
60,69,68,14
61,0,3,14
62,65,33,14
63,68,72,14
64,16,85,14
65,10,36,14
66,39,74,14
67,83,32,14
68,51,47,14
69,21,81,14
1,44,24,15
2,80,37,15
3,98,4,15
4,48,68,15
5,60,56,15
6,29,68,15
7,93,58,15
8,30,93,15
9,68,67,15
10,41,79,15
11,96,10,15
12,10,67,15
13,27,5,15
14,90,93,15
15,99,50,15
16,69,69,15
17,97,48,15
18,54,39,15
19,40,96,15
20,49,22,15
21,81,15,15
22,29,23,15
23,35,65,15
24,33,8,15
25,35,23,15
26,29,9,15
27,54,15,15
28,54,34,15
29,25,6,15
30,1,76,15
31,79,55,15
32,81,18,15
33,57,84,15
34,91,46,15
35,37,89,15
36,12,34,15
37,64,7,15
38,64,31,15
39,98,49,15
40,10,76,15
41,69,74,15
42,34,39,15
43,4,48,15
44,37,73,15
45,52,61,15
46,28,36,15
47,50,93,15
48,79,34,15
49,23,46,15
50,64,88,15
51,89,90,15
52,77,82,15
53,25,87,15
54,93,15,15
55,54,33,15
56,7,3,15
57,47,58,15
58,46,39,15
59,74,83,15
60,70,67,15
61,0,2,15
62,65,32,15
63,68,71,15
64,17,85,15
65,9,37,15
66,38,75,15
67,83,33,15
68,52,47,15
69,20,80,15
1,43,23,16
2,80,37,16
3,98,4,16
4,48,69,16
5,59,55,16
6,30,67,16
7,94,57,16
8,30,94,16
9,69,66,16
10,41,78,16
11,95,11,16
12,10,66,16
13,27,5,16
14,91,93,16
15,98,50,16
16,69,70,16
17,98,47,16
18,53,38,16
19,41,97,16
20,48,23,16
21,82,15,16
22,29,22,16
23,35,64,16
24,32,9,16
25,34,22,16
26,29,8,16
27,55,16,16
28,53,35,16
29,26,6,16
30,0,77,16
31,80,56,16
32,82,19,16
33,56,83,16
34,90,46,16
35,38,90,16
36,13,35,16
37,63,6,16
38,64,31,16
39,99,49,16
40,9,76,16
41,68,75,16
42,33,40,16
43,5,47,16
44,36,73,16
45,52,62,16
46,28,37,16
47,49,93,16
48,80,35,16
49,23,47,16
50,63,88,16
51,88,90,16
52,76,82,16
53,25,86,16
54,94,15,16
55,55,34,16
56,7,4,16
57,48,58,16
58,47,38,16
59,74,82,16
60,69,68,16
61,1,1,16
62,64,32,16
63,67,72,16
64,17,85,16
65,8,37,16
66,37,75,16
67,82,32,16
68,53,47,16
69,20,79,16
1,44,23,17
2,80,38,17
3,97,4,17
4,49,68,17
5,59,56,17
6,31,66,17
7,94,57,17
8,30,93,17
9,70,67,17
10,42,79,17
11,94,12,17
12,9,65,17
13,26,5,17
14,92,94,17
15,97,49,17
16,68,70,17
17,98,48,17
18,53,38,17
19,40,97,17
20,48,23,17
21,82,14,17
22,30,21,17
23,36,63,17
24,31,8,17
25,33,21,17
26,29,7,17
27,54,16,17
28,53,34,17
29,27,6,17
30,1,78,17
31,79,57,17
32,81,18,17
33,55,83,17
34,91,47,17
35,37,91,17
36,14,35,17
37,64,5,17
38,64,30,17
39,98,49,17
40,10,77,17
41,67,76,17
42,32,39,17
43,4,48,17
44,35,72,17
45,52,61,17
46,28,38,17
47,48,93,17
48,79,35,17
49,23,47,17
50,63,89,17
51,87,90,17
52,77,81,17
53,24,86,17
54,95,16,17
55,55,34,17
56,8,5,17
57,48,59,17
58,46,39,17
59,73,83,17
60,68,69,17
61,0,0,17
62,65,32,17
63,67,71,17
64,17,86,17
65,7,36,17
66,38,74,17
67,81,32,17
68,52,48,17
69,20,79,17
1,43,24,18
2,81,37,18
3,97,5,18
4,50,68,18
5,58,56,18
6,32,65,18
7,93,57,18
8,29,92,18
9,70,67,18
10,41,79,18
11,95,12,18
12,8,65,18
13,25,4,18
14,92,94,18
15,97,49,18
16,69,70,18
17,97,47,18
18,53,39,18
19,40,98,18
20,49,23,18
21,83,14,18
22,30,21,18
23,35,63,18
24,32,8,18
25,33,22,18
26,28,8,18
27,55,16,18
28,52,33,18
29,28,5,18
30,0,79,18
31,78,57,18
32,81,19,18
33,55,84,18
34,90,48,18
35,38,90,18
36,15,34,18
37,65,4,18
38,64,29,18
39,99,48,18
40,11,78,18
41,67,76,18
42,31,39,18
43,3,49,18
44,36,71,18
45,52,60,18
46,28,39,18
47,47,92,18
48,80,36,18
49,24,46,18
50,62,88,18
51,87,90,18
52,78,81,18
53,24,85,18
54,96,15,18
55,56,33,18
56,8,5,18
57,47,60,18
58,47,40,18
59,72,83,18
60,68,68,18
61,1,1,18
62,64,32,18
63,67,72,18
64,16,86,18
65,8,35,18
66,38,75,18
67,80,33,18
68,51,47,18
69,20,78,18
1,42,25,19
2,80,37,19
3,96,6,19
4,49,68,19
5,58,56,19
6,31,65,19
7,93,57,19
8,29,92,19
9,71,66,19
10,42,80,19
11,96,12,19
12,7,66,19
13,24,3,19
14,93,93,19
15,98,48,19
16,69,70,19
17,97,47,19
18,52,39,19
19,41,97,19
20,50,23,19
21,84,13,19
22,30,20,19
23,35,62,19
24,33,7,19
25,33,22,19
26,29,9,19
27,55,16,19
28,52,33,19
29,28,6,19
30,1,80,19
31,79,57,19
32,81,19,19
33,56,84,19
34,89,47,19
35,38,90,19
36,14,34,19
37,64,3,19
38,65,29,19
39,99,47,19
40,12,77,19
41,68,76,19
42,31,38,19
43,3,48,19
44,37,70,19
45,52,61,19
46,28,40,19
47,48,91,19
48,79,36,19
49,24,47,19
50,63,89,19
51,86,91,19
52,77,81,19
53,23,85,19
54,97,15,19
55,57,33,19
56,9,5,19
57,46,59,19
58,48,41,19
59,72,84,19
60,68,67,19
61,2,1,19
62,63,31,19
63,67,73,19
64,16,85,19
65,8,36,19
66,37,74,19
67,80,32,19
68,52,46,19
69,20,79,19
1,43,25,20
2,80,36,20
3,95,6,20
4,50,67,20
5,58,56,20
6,32,64,20
7,94,58,20
8,30,91,20
9,70,66,20
10,43,80,20
11,97,11,20
12,7,67,20
13,23,4,20
14,94,94,20
15,99,49,20
16,70,69,20
17,97,47,20
18,52,38,20
19,40,98,20
20,49,24,20
21,83,13,20
22,29,21,20
23,34,61,20
24,32,6,20
25,34,21,20
26,28,10,20
27,55,17,20
28,53,34,20
29,28,6,20
30,1,80,20
31,78,58,20
32,80,19,20
33,57,83,20
34,88,48,20
35,37,90,20
36,15,35,20
37,65,4,20
38,64,29,20
39,99,46,20
40,11,77,20
41,68,77,20
42,30,37,20
43,2,48,20
44,38,71,20
45,51,61,20
46,29,40,20
47,48,92,20
48,80,35,20
49,24,47,20
50,64,88,20
51,87,92,20
52,76,82,20
53,23,84,20
54,97,16,20
55,57,32,20
56,8,4,20
57,46,59,20
58,48,41,20
59,71,84,20
60,67,68,20
61,2,1,20
62,62,30,20
63,67,74,20
64,15,85,20
65,8,36,20
66,37,73,20
67,80,31,20
68,51,47,20
69,20,80,20
1,44,24,21
2,79,36,21
3,94,5,21
4,50,66,21
5,58,56,21
6,32,63,21
7,93,59,21
8,30,91,21
9,69,67,21
10,44,80,21
11,96,11,21
12,6,66,21
13,23,3,21
14,93,93,21
15,99,49,21
16,69,68,21
17,97,46,21
18,52,38,21
19,41,97,21
20,48,23,21
21,84,13,21
22,28,21,21
23,35,62,21
24,32,7,21
25,34,20,21
26,28,9,21
27,56,17,21
28,52,34,21
29,27,5,21
30,1,80,21
31,79,59,21
32,81,20,21
33,57,84,21
34,87,49,21
35,36,91,21
36,14,35,21
37,66,4,21
38,65,28,21
39,99,46,21
40,11,78,21
41,69,77,21
42,29,38,21
43,2,48,21
44,38,71,21
45,52,60,21
46,28,41,21
47,49,93,21
48,80,35,21
49,23,47,21
50,64,88,21
51,86,92,21
52,77,81,21
53,23,84,21
54,96,17,21
55,57,33,21
56,7,3,21
57,45,59,21
58,49,41,21
59,72,84,21
60,66,69,21
61,2,2,21
62,61,30,21
63,66,74,21
64,14,86,21
65,9,37,21
66,36,73,21
67,79,32,21
68,50,47,21
69,20,79,21
1,45,25,22
2,78,35,22
3,95,5,22
4,50,65,22
5,57,55,22
6,32,62,22
7,93,58,22
8,30,92,22
9,70,66,22
10,44,79,22
11,96,11,22
12,7,65,22
13,22,4,22
14,92,93,22
15,98,50,22
16,70,68,22
17,96,46,22
18,52,39,22
19,42,97,22
20,49,23,22
21,83,12,22
22,28,21,22
23,35,61,22
24,32,8,22
25,33,20,22
26,28,8,22
27,55,16,22
28,53,33,22
29,28,4,22
30,0,79,22
31,78,60,22
32,82,20,22
33,58,84,22
34,86,49,22
35,37,90,22
36,13,35,22
37,67,3,22
38,65,27,22
39,98,47,22
40,11,78,22
41,68,78,22
42,29,38,22
43,1,48,22
44,38,72,22
45,52,61,22
46,29,41,22
47,48,92,22
48,81,34,22
49,22,46,22
50,64,87,22
51,85,92,22
52,77,80,22
53,22,85,22
54,96,17,22
55,57,33,22
56,6,4,22
57,44,58,22
58,50,40,22
59,72,83,22
60,66,69,22
61,3,1,22
62,61,30,22
63,67,75,22
64,15,85,22
65,8,37,22
66,35,74,22
67,79,33,22
68,50,47,22
69,21,79,22
1,44,25,23
2,77,34,23
3,96,5,23
4,49,65,23
5,58,55,23
6,32,63,23
7,93,59,23
8,31,91,23
9,69,66,23
10,44,78,23
11,96,11,23
12,8,64,23
13,21,3,23
14,92,92,23
15,99,49,23
16,69,68,23
17,96,45,23
18,53,39,23
19,42,97,23
20,48,23,23
21,84,11,23
22,29,20,23
23,35,60,23
24,32,9,23
25,34,19,23
26,27,7,23
27,54,16,23
28,52,33,23
29,29,3,23
30,1,79,23
31,79,60,23
32,83,20,23
33,59,85,23
34,85,49,23
35,37,91,23
36,13,36,23
37,66,3,23
38,66,28,23
39,97,48,23
40,12,78,23
41,69,79,23
42,28,39,23
43,2,48,23
44,39,71,23
45,52,60,23
46,28,40,23
47,49,92,23
48,80,34,23
49,23,47,23
50,65,86,23
51,84,92,23
52,78,79,23
53,21,85,23
54,95,17,23
55,56,34,23
56,5,4,23
57,45,58,23
58,49,39,23
59,73,83,23
60,67,68,23
61,4,0,23
62,60,30,23
63,68,76,23
64,15,85,23
65,7,36,23
66,36,73,23
67,78,34,23
68,49,47,23
69,21,78,23
1,43,26,24
2,76,33,24
3,96,6,24
4,50,66,24
5,59,54,24
6,31,62,24
7,93,59,24
8,32,91,24
9,68,67,24
10,45,77,24
11,96,11,24
12,9,64,24
13,20,2,24
14,92,91,24
15,98,50,24
16,68,69,24
17,95,46,24
18,53,40,24
19,42,97,24
20,49,24,24
21,83,10,24
22,30,19,24
23,34,60,24
24,33,10,24
25,35,19,24
26,26,8,24
27,53,16,24
28,53,32,24
29,29,4,24
30,0,78,24
31,78,61,24
32,82,21,24
33,60,85,24
34,86,48,24
35,37,92,24
36,14,35,24
37,66,4,24
38,67,27,24
39,97,49,24
40,13,79,24
41,69,79,24
42,27,41,24
43,3,49,24
44,38,72,24
45,52,59,24
46,29,41,24
47,48,93,24
48,81,33,24
49,22,48,24
50,64,85,24
51,84,93,24
52,77,80,24
53,21,85,24
54,94,16,24
55,57,33,24
56,4,4,24
57,45,58,24
58,50,39,24
59,72,83,24
60,67,69,24
61,4,0,24
62,59,30,24
63,68,77,24
64,16,84,24
65,8,37,24
66,37,72,24
67,78,33,24
68,50,46,24
69,22,77,24
1,42,26,25
2,75,34,25
3,97,5,25
4,51,67,25
5,60,53,25
6,31,62,25
7,94,58,25
8,31,92,25
9,69,67,25
10,46,77,25
11,96,10,25
12,9,64,25
13,19,2,25
14,93,92,25
15,98,51,25
16,69,69,25
17,95,45,25
18,52,39,25
19,41,97,25
20,49,24,25
21,82,10,25
22,29,19,25
23,35,61,25
24,32,10,25
25,35,20,25
26,27,9,25
27,52,17,25
28,52,33,25
29,30,5,25
30,1,77,25
31,77,60,25
32,81,22,25
33,61,86,25
34,85,48,25
35,38,91,25
36,15,34,25
37,66,5,25
38,66,26,25
39,96,50,25
40,14,79,25
41,70,80,25
42,26,40,25
43,2,48,25
44,39,71,25
45,53,58,25
46,29,40,25
47,47,92,25
48,81,33,25
49,21,48,25
50,63,86,25
51,84,94,25
52,76,80,25
53,21,84,25
54,93,16,25
55,57,33,25
56,3,5,25
57,45,57,25
58,50,39,25
59,71,84,25
60,66,70,25
61,3,1,25
62,59,31,25
63,69,78,25
64,17,83,25
65,9,36,25
66,38,73,25
67,79,33,25
68,49,46,25
69,22,76,25
1,41,25,26
2,75,33,26
3,96,6,26
4,50,67,26
5,60,54,26
6,31,62,26
7,94,59,26
8,32,93,26
9,68,67,26
10,47,76,26
11,97,10,26
12,9,65,26
13,18,1,26
14,93,93,26
15,99,52,26
16,70,68,26
17,95,46,26
18,52,39,26
19,42,96,26
20,50,23,26
21,82,9,26
22,30,20,26
23,34,61,26
24,32,10,26
25,35,21,26
26,27,10,26
27,53,18,26
28,51,33,26
29,29,4,26
30,0,77,26
31,76,60,26
32,81,23,26
33,62,85,26
34,86,47,26
35,38,92,26
36,16,35,26
37,65,6,26
38,67,26,26
39,96,50,26
40,15,79,26
41,69,80,26
42,25,41,26
43,2,49,26
44,39,71,26
45,52,59,26
46,29,41,26
47,48,91,26
48,82,33,26
49,21,49,26
50,62,86,26
51,85,93,26
52,77,81,26
53,20,85,26
54,93,15,26
55,56,32,26
56,4,5,26
57,45,57,26
58,50,38,26
59,70,84,26
60,66,69,26
61,4,2,26
62,58,30,26
63,68,79,26
64,16,82,26
65,9,36,26
66,39,72,26
67,79,33,26
68,49,47,26
69,21,77,26
1,40,25,27
2,75,34,27
3,95,7,27
4,49,67,27
5,59,54,27
6,31,61,27
7,94,58,27
8,33,94,27
9,68,66,27
10,47,77,27
11,97,11,27
12,8,66,27
13,17,1,27
14,93,94,27
15,98,52,27
16,69,68,27
17,96,47,27
18,52,40,27
19,41,97,27
20,50,24,27
21,83,9,27
22,31,20,27
23,35,61,27
24,33,9,27
25,36,21,27
26,26,10,27
27,52,19,27
28,52,34,27
29,29,4,27
30,0,77,27
31,75,60,27
32,80,24,27
33,63,85,27
34,86,48,27
35,39,92,27
36,15,36,27
37,66,7,27
38,68,26,27
39,96,51,27
40,16,78,27
41,68,80,27
42,24,41,27
43,1,48,27
44,38,72,27
45,52,58,27
46,28,42,27
47,49,92,27
48,82,34,27
49,22,49,27
50,63,86,27
51,85,93,27
52,78,82,27
53,19,84,27
54,92,16,27
55,57,31,27
56,4,6,27
57,45,57,27
58,50,38,27
59,69,84,27
60,66,70,27
61,3,2,27
62,57,30,27
63,68,79,27
64,16,83,27
65,9,37,27
66,40,73,27
67,80,34,27
68,50,47,27
69,21,77,27
1,39,26,28
2,75,34,28
3,95,8,28
4,48,66,28
5,59,53,28
6,32,62,28
7,94,59,28
8,34,95,28
9,69,67,28
10,48,76,28
11,98,10,28
12,8,66,28
13,17,0,28
14,92,93,28
15,97,52,28
16,70,69,28
17,95,46,28
18,53,41,28
19,41,96,28
20,51,23,28
21,82,9,28
22,30,19,28
23,36,62,28
24,34,8,28
25,36,21,28
26,27,10,28
27,51,20,28
28,52,34,28
29,30,3,28
30,1,76,28
31,76,60,28
32,80,24,28
33,64,84,28
34,85,49,28
35,38,92,28
36,15,37,28
37,67,8,28
38,68,26,28
39,96,51,28
40,17,78,28
41,67,79,28
42,24,41,28
43,1,48,28
44,39,73,28
45,52,57,28
46,29,41,28
47,50,91,28
48,83,35,28
49,22,48,28
50,63,86,28
51,85,94,28
52,78,83,28
53,18,84,28
54,93,16,28
55,58,30,28
56,5,6,28
57,46,56,28
58,49,39,28
59,69,85,28
60,66,71,28
61,4,3,28
62,57,29,28
63,67,78,28
64,15,82,28
65,8,38,28
66,38,72,28
67,81,34,28
68,50,48,28
69,20,76,28
1,40,25,29
2,74,33,29
3,96,8,29
4,47,66,29
5,59,53,29
6,33,61,29
7,95,59,29
8,35,95,29
9,68,68,29
10,49,75,29
11,97,11,29
12,8,67,29
13,17,0,29
14,91,93,29
15,96,53,29
16,70,70,29
17,96,45,29
18,54,40,29
19,42,96,29
20,50,23,29
21,83,9,29
22,30,18,29
23,37,63,29
24,33,8,29
25,37,22,29
26,27,9,29
27,50,21,29
28,51,34,29
29,29,4,29
30,2,76,29
31,76,59,29
32,80,25,29
33,65,84,29
34,84,49,29
35,39,91,29
36,14,36,29
37,68,7,29
38,68,26,29
39,97,52,29
40,17,77,29
41,66,78,29
42,23,41,29
43,0,48,29
44,39,72,29
45,53,57,29
46,28,40,29
47,50,92,29
48,82,34,29
49,21,48,29
50,62,87,29
51,86,93,29
52,78,82,29
53,17,85,29
54,93,16,29
55,56,29,29
56,4,5,29
57,45,55,29
58,49,39,29
59,68,84,29
60,67,70,29
61,5,3,29
62,57,28,29
63,66,79,29
64,15,81,29
65,9,38,29
66,38,71,29
67,81,33,29
68,49,48,29
69,20,76,29
1,41,26,30
2,73,34,30
3,97,9,30
4,46,66,30
5,59,53,30
6,34,61,30
7,94,59,30
8,35,95,30
9,68,69,30
10,50,75,30
11,96,11,30
12,9,66,30
13,16,0,30
14,91,93,30
15,96,54,30
16,69,71,30
17,97,46,30
18,54,39,30
19,41,95,30
20,50,23,30
21,84,10,30
22,31,19,30
23,38,62,30
24,33,9,30
25,37,22,30
26,26,8,30
27,49,20,30
28,51,35,30
29,28,5,30
30,2,75,30
31,77,58,30
32,80,26,30
33,64,85,30
34,83,49,30
35,39,91,30
36,13,35,30
37,68,7,30
38,69,26,30
39,96,52,30
40,16,76,30
41,65,79,30
42,22,42,30
43,1,48,30
44,39,73,30
45,52,57,30
46,28,39,30
47,50,91,30
48,82,34,30
49,20,48,30
50,61,86,30
51,87,92,30
52,78,82,30
53,17,85,30
54,94,17,30
55,56,29,30
56,5,4,30
57,45,54,30
58,50,39,30
59,67,83,30
60,68,70,30
61,5,3,30
62,57,29,30
63,65,78,30
64,15,81,30
65,10,39,30
66,39,72,30
67,80,34,30
68,50,47,30
69,20,75,30
1,42,27,31
2,74,34,31
3,97,8,31
4,47,66,31
5,60,53,31
6,34,62,31
7,94,60,31
8,36,95,31
9,68,68,31
10,49,76,31
11,95,11,31
12,10,67,31
13,15,1,31
14,92,94,31
15,95,53,31
16,69,70,31
17,96,46,31
18,53,39,31
19,42,96,31
20,51,22,31
21,84,9,31
22,32,18,31
23,37,62,31
24,33,9,31
25,38,22,31
26,27,7,31
27,48,20,31
28,52,34,31
29,28,4,31
30,2,75,31
31,76,58,31
32,80,27,31
33,65,86,31
34,82,50,31
35,38,92,31
36,14,34,31
37,68,7,31
38,70,27,31
39,95,51,31
40,17,77,31
41,65,79,31
42,22,42,31
43,0,49,31
44,40,74,31
45,51,56,31
46,29,40,31
47,51,91,31
48,82,35,31
49,21,47,31
50,60,85,31
51,87,93,31
52,79,81,31
53,17,85,31
54,93,18,31
55,55,30,31
56,5,5,31
57,46,53,31
58,49,38,31
59,68,84,31
60,69,69,31
61,6,3,31
62,58,29,31
63,65,78,31
64,16,82,31
65,11,38,31
66,40,73,31
67,80,35,31
68,50,48,31
69,19,75,31
1,43,27,32
2,74,35,32
3,98,8,32
4,47,66,32
5,61,53,32
6,34,61,32
7,95,60,32
8,37,95,32
9,69,68,32
10,49,75,32
11,94,12,32
12,10,68,32
13,16,2,32
14,93,95,32
15,94,54,32
16,69,70,32
17,97,46,32
18,52,38,32
19,42,96,32
20,51,23,32
21,84,10,32
22,33,18,32
23,36,61,32
24,34,8,32
25,39,23,32
26,28,8,32
27,49,19,32
28,53,34,32
29,28,5,32
30,2,76,32
31,75,58,32
32,81,28,32
33,64,86,32
34,81,51,32
35,39,91,32
36,14,35,32
37,67,8,32
38,70,26,32
39,96,52,32
40,18,78,32
41,64,78,32
42,22,43,32
43,0,50,32
44,40,75,32
45,51,55,32
46,28,40,32
47,51,91,32
48,81,35,32
49,20,46,32
50,61,85,32
51,87,94,32
52,78,81,32
53,16,85,32
54,92,18,32
55,54,31,32
56,5,6,32
57,45,54,32
58,48,38,32
59,69,84,32
60,68,69,32
61,6,4,32
62,57,28,32
63,65,79,32
64,16,82,32
65,11,37,32
66,39,72,32
67,80,35,32
68,51,47,32
69,20,74,32
1,44,27,33
2,73,35,33
3,98,9,33
4,46,66,33
5,61,53,33
6,33,62,33
7,94,59,33
8,36,94,33
9,69,68,33
10,48,76,33
11,94,13,33
12,10,68,33
13,17,3,33
14,94,95,33
15,95,55,33
16,69,70,33
17,98,45,33
18,52,39,33
19,42,97,33
20,52,24,33
21,84,10,33
22,34,19,33
23,37,62,33
24,35,8,33
25,40,22,33
26,29,7,33
27,49,20,33
28,54,33,33
29,27,5,33
30,1,77,33
31,76,58,33
32,82,29,33
33,65,87,33
34,82,52,33
35,38,92,33
36,15,36,33
37,66,7,33
38,69,25,33
39,96,52,33
40,18,79,33
41,65,78,33
42,21,44,33
43,1,49,33
44,40,75,33
45,52,55,33
46,27,39,33
47,52,90,33
48,81,36,33
49,21,45,33
50,62,86,33
51,87,94,33
52,78,82,33
53,16,86,33
54,93,19,33
55,55,31,33
56,6,7,33
57,45,55,33
58,48,39,33
59,69,84,33
60,67,69,33
61,7,4,33
62,57,27,33
63,64,78,33
64,15,83,33
65,10,37,33
66,38,72,33
67,80,34,33
68,50,48,33
69,20,75,33
1,44,26,34
2,72,36,34
3,99,8,34
4,45,65,34
5,62,53,34
6,33,63,34
7,94,60,34
8,37,93,34
9,70,67,34
10,47,76,34
11,95,12,34
12,10,68,34
13,18,2,34
14,94,95,34
15,95,54,34
16,69,69,34
17,98,45,34
18,52,38,34
19,42,96,34
20,52,23,34
21,83,10,34
22,34,18,34
23,38,62,34
24,35,8,34
25,40,21,34
26,28,7,34
27,49,20,34
28,55,34,34
29,27,4,34
30,1,78,34
31,77,58,34
32,81,30,34
33,64,88,34
34,82,52,34
35,38,92,34
36,15,37,34
37,66,7,34
38,70,24,34
39,96,53,34
40,19,78,34
41,66,78,34
42,22,43,34
43,0,49,34
44,41,75,34
45,51,55,34
46,27,39,34
47,51,91,34
48,81,35,34
49,22,46,34
50,62,85,34
51,87,94,34
52,79,83,34
53,17,87,34
54,94,18,34
55,55,31,34
56,7,7,34
57,45,54,34
58,49,39,34
59,70,83,34
60,68,69,34
61,7,4,34
62,58,28,34
63,64,78,34
64,14,82,34
65,11,38,34
66,37,71,34
67,79,34,34
68,49,49,34
69,19,75,34
1,45,25,35
2,72,36,35
3,99,8,35
4,45,66,35
5,63,54,35
6,33,64,35
7,94,59,35
8,38,93,35
9,70,68,35
10,47,75,35
11,94,12,35
12,10,67,35
13,18,2,35
14,95,96,35
15,96,55,35
16,68,68,35
17,97,45,35
18,51,38,35
19,41,97,35
20,52,22,35
21,82,11,35
22,33,19,35
23,39,61,35
24,35,7,35
25,41,21,35
26,27,6,35
27,49,21,35
28,55,33,35
29,28,5,35
30,2,79,35
31,76,57,35
32,82,30,35
33,63,87,35
34,83,52,35
35,39,93,35
36,16,36,35
37,66,7,35
38,71,25,35
39,95,52,35
40,19,79,35
41,67,78,35
42,22,43,35
43,0,48,35
44,41,76,35
45,52,56,35
46,27,40,35
47,51,92,35
48,80,34,35
49,23,45,35
50,61,86,35
51,88,93,35
52,78,82,35
53,16,87,35
54,93,17,35
55,56,30,35
56,7,8,35
57,44,55,35
58,48,39,35
59,69,82,35
60,68,69,35
61,8,3,35
62,57,27,35
63,63,79,35
64,14,83,35
65,10,39,35
66,36,71,35
67,78,34,35
68,48,50,35
69,19,76,35
1,45,24,36
2,72,37,36
3,98,7,36
4,45,65,36
5,64,54,36
6,34,63,36
7,94,60,36
8,38,94,36
9,71,69,36
10,47,76,36
11,95,12,36
12,9,67,36
13,18,1,36
14,96,95,36
15,97,55,36
16,67,68,36
17,98,45,36
18,51,39,36
19,41,98,36
20,52,21,36
21,81,11,36
22,33,18,36
23,38,60,36
24,36,6,36
25,41,22,36
26,28,6,36
27,49,21,36
28,55,32,36
29,27,6,36
30,2,79,36
31,75,57,36
32,83,31,36
33,63,86,36
34,83,53,36
35,39,94,36
36,16,37,36
37,67,7,36
38,71,24,36
39,94,52,36
40,18,80,36
41,67,77,36
42,23,44,36
43,1,48,36
44,41,76,36
45,52,56,36
46,26,41,36
47,50,92,36
48,81,34,36
49,24,46,36
50,61,87,36
51,88,92,36
52,79,82,36
53,15,86,36
54,92,18,36
55,55,29,36
56,7,9,36
57,43,56,36
58,48,39,36
59,69,82,36
60,67,69,36
61,8,3,36
62,57,26,36
63,63,79,36
64,13,84,36
65,10,39,36
66,36,70,36
67,78,33,36
68,47,51,36
69,18,76,36
1,45,24,37
2,72,38,37
3,98,6,37
4,45,66,37
5,65,53,37
6,35,64,37
7,95,61,37
8,37,94,37
9,70,68,37
10,48,75,37
11,95,11,37
12,8,67,37
13,19,2,37
14,97,94,37
15,96,54,37
16,67,68,37
17,98,46,37
18,51,39,37
19,40,97,37
20,51,21,37
21,81,12,37
22,33,18,37
23,38,60,37
24,37,7,37
25,41,22,37
26,28,5,37
27,50,20,37
28,55,32,37
29,26,7,37
30,2,78,37
31,75,56,37
32,82,32,37
33,64,85,37
34,83,52,37
35,39,93,37
36,16,38,37
37,66,6,37
38,70,25,37
39,94,51,37
40,18,79,37
41,67,78,37
42,23,43,37
43,2,48,37
44,41,75,37
45,51,55,37
46,26,41,37
47,51,93,37
48,82,34,37
49,25,45,37
50,60,88,37
51,87,91,37
52,79,82,37
53,16,86,37
54,93,17,37
55,56,30,37
56,6,8,37
57,42,56,37
58,49,39,37
59,69,83,37
60,68,68,37
61,7,2,37
62,58,26,37
63,64,78,37
64,14,85,37
65,11,40,37
66,37,70,37
67,79,33,37
68,47,51,37
69,18,75,37
1,45,24,38
2,71,37,38
3,99,7,38
4,44,65,38
5,65,52,38
6,36,64,38
7,95,61,38
8,37,93,38
9,70,69,38
10,47,76,38
11,94,11,38
12,8,66,38
13,20,1,38
14,97,95,38
15,96,53,38
16,67,67,38
17,99,46,38
18,51,38,38
19,40,96,38
20,51,22,38
21,81,13,38
22,33,18,38
23,37,59,38
24,38,7,38
25,40,23,38
26,27,4,38
27,51,21,38
28,56,32,38
29,27,6,38
30,3,77,38
31,75,57,38
32,81,32,38
33,65,86,38
34,84,53,38
35,39,94,38
36,15,38,38
37,65,7,38
38,69,24,38
39,93,51,38
40,18,80,38
41,66,78,38
42,24,44,38
43,3,49,38
44,40,75,38
45,52,54,38
46,26,42,38
47,52,94,38
48,81,33,38
49,24,46,38
50,60,88,38
51,87,92,38
52,79,81,38
53,17,86,38
54,93,17,38
55,56,30,38
56,7,9,38
57,42,56,38
58,49,40,38
59,69,83,38
60,68,66,38
61,7,3,38
62,57,26,38
63,64,77,38
64,15,85,38
65,10,39,38
66,37,70,38
67,78,34,38
68,46,52,38
69,18,74,38
1,46,24,39
2,70,36,39
3,98,7,39
4,43,66,39
5,65,51,39
6,37,63,39
7,96,62,39
8,36,93,39
9,69,70,39
10,47,77,39
11,95,10,39
12,7,67,39
13,21,1,39
14,98,95,39
15,96,54,39
16,68,67,39
17,98,46,39
18,51,38,39
19,39,96,39
20,52,21,39
21,82,14,39
22,34,18,39
23,38,58,39
24,37,7,39
25,40,22,39
26,28,3,39
27,51,20,39
28,56,32,39
29,27,5,39
30,2,78,39
31,75,58,39
32,80,32,39
33,66,85,39
34,83,52,39
35,39,93,39
36,15,39,39
37,64,8,39
38,70,25,39
39,94,50,39
40,17,80,39
41,67,79,39
42,25,44,39
43,4,49,39
44,39,75,39
45,53,55,39
46,26,41,39
47,53,94,39
48,81,34,39
49,24,45,39
50,60,87,39
51,86,93,39
52,79,81,39
53,16,86,39
54,93,16,39
55,56,30,39
56,7,9,39
57,42,57,39
58,49,41,39
59,69,83,39
60,69,67,39
61,6,4,39
62,58,27,39
63,65,77,39
64,15,84,39
65,11,40,39
66,38,69,39
67,79,33,39
68,45,51,39
69,18,75,39
1,46,25,40
2,71,36,40
3,97,7,40
4,42,67,40
5,65,51,40
6,38,62,40
7,96,61,40
8,36,92,40
9,69,69,40
10,46,76,40
11,94,10,40
12,8,66,40
13,20,2,40
14,97,94,40
15,97,54,40
16,68,67,40
17,99,45,40
18,52,37,40
19,39,95,40
20,52,21,40
21,81,13,40
22,35,17,40
23,39,59,40
24,38,7,40
25,39,22,40
26,29,3,40
27,51,20,40
28,57,33,40
29,27,4,40
30,3,77,40
31,74,57,40
32,81,33,40
33,67,85,40
34,84,52,40
35,38,94,40
36,15,39,40
37,65,7,40
38,71,25,40
39,94,50,40
40,18,79,40
41,68,78,40
42,23,45,40
43,4,49,40
44,39,76,40
45,53,54,40
46,27,42,40
47,52,95,40
48,81,35,40
49,23,46,40
50,61,86,40
51,85,93,40
52,80,81,40
53,16,86,40
54,93,17,40
55,57,31,40
56,8,9,40
57,43,56,40
58,50,41,40
59,68,83,40
60,68,68,40
61,7,3,40
62,58,27,40
63,66,77,40
64,14,83,40
65,12,41,40
66,39,68,40
67,78,32,40
68,44,50,40
69,19,75,40
1,45,26,41
2,71,36,41
3,98,8,41
4,43,67,41
5,64,52,41
6,38,62,41
7,96,62,41
8,35,91,41
9,68,69,41
10,45,75,41
11,94,9,41
12,8,65,41
13,20,1,41
14,96,94,41
15,97,54,41
16,67,66,41
17,99,45,41
18,52,37,41
19,38,96,41
20,53,20,41
21,81,13,41
22,36,16,41
23,39,60,41
24,37,6,41
25,39,22,41
26,29,4,41
27,52,19,41
28,56,34,41
29,28,4,41
30,4,77,41
31,74,57,41
32,80,33,41
33,66,86,41
34,85,51,41
35,39,95,41
36,16,38,41
37,66,7,41
38,70,24,41
39,94,49,41
40,18,79,41
41,68,78,41
42,24,46,41
43,5,50,41
44,39,77,41
45,52,53,41
46,28,43,41
47,51,95,41
48,80,35,41
49,22,47,41
50,60,85,41
51,85,92,41
52,80,80,41
53,15,87,41
54,93,18,41
55,56,31,41
56,7,9,41
57,42,56,41
58,49,41,41
59,69,83,41
60,67,67,41
61,7,4,41
62,57,26,41
63,66,77,41
64,13,83,41
65,13,40,41
66,40,67,41
67,79,33,41
68,44,49,41
69,18,76,41
1,46,26,42
2,70,37,42
3,99,9,42
4,42,67,42
5,63,53,42
6,38,63,42
7,95,63,42
8,34,90,42
9,67,70,42
10,46,74,42
11,95,10,42
12,9,64,42
13,19,2,42
14,97,94,42
15,98,53,42
16,67,66,42
17,99,44,42
18,52,36,42
19,38,94,42
20,53,20,42
21,81,13,42
22,37,16,42
23,40,61,42
24,38,7,42
25,39,23,42
26,28,5,42
27,51,20,42
28,57,33,42
29,29,3,42
30,3,77,42
31,75,57,42
32,80,34,42
33,65,85,42
34,85,51,42
35,40,94,42
36,15,37,42
37,65,7,42
38,69,24,42
39,93,49,42
40,17,80,42
41,67,78,42
42,24,47,42
43,4,51,42
44,40,77,42
45,51,53,42
46,29,42,42
47,52,95,42
48,79,34,42
49,22,47,42
50,59,86,42
51,85,92,42
52,81,79,42
53,16,88,42
54,94,18,42
55,56,31,42
56,7,8,42
57,42,56,42
58,48,41,42
59,69,82,42
60,66,66,42
61,6,3,42
62,58,26,42
63,68,79,42
64,13,83,42
65,12,39,42
66,40,68,42
67,80,33,42
68,45,50,42
69,17,75,42
1,45,25,43
2,71,38,43
3,99,9,43
4,42,66,43
5,62,53,43
6,38,62,43
7,94,62,43
8,34,90,43
9,67,69,43
10,47,74,43
11,95,10,43
12,10,65,43
13,20,1,43
14,97,94,43
15,99,54,43
16,67,65,43
17,99,45,43
18,51,37,43
19,37,93,43
20,52,19,43
21,80,13,43
22,37,17,43
23,41,60,43
24,38,6,43
25,40,24,43
26,28,6,43
27,51,19,43
28,57,32,43
29,29,3,43
30,4,76,43
31,75,58,43
32,80,35,43
33,65,84,43
34,85,52,43
35,41,94,43
36,16,38,43
37,64,8,43
38,69,25,43
39,93,48,43
40,18,81,43
41,68,77,43
42,25,47,43
43,3,50,43
44,41,76,43
45,50,54,43
46,28,43,43
47,53,95,43
48,79,35,43
49,23,47,43
50,58,87,43
51,85,93,43
52,82,80,43
53,17,88,43
54,94,17,43
55,55,31,43
56,6,7,43
57,41,56,43
58,49,42,43
59,70,81,43
60,67,66,43
61,6,3,43
62,59,25,43
63,68,78,43
64,14,84,43
65,12,40,43
66,40,68,43
67,80,34,43
68,46,51,43
69,17,75,43
1,46,25,44
2,72,38,44
3,99,9,44
4,43,67,44
5,61,53,44
6,39,62,44
7,95,62,44
8,33,91,44
9,68,68,44
10,47,74,44
11,95,11,44
12,11,66,44
13,20,2,44
14,97,93,44
15,98,54,44
16,68,65,44
17,99,46,44
18,50,37,44
19,38,92,44
20,52,19,44
21,81,12,44
22,37,18,44
23,42,59,44
24,38,6,44
25,40,24,44
26,27,5,44
27,52,18,44
28,57,33,44
29,28,3,44
30,3,77,44
31,75,58,44
32,81,34,44
33,65,83,44
34,86,51,44
35,40,95,44
36,15,38,44
37,64,8,44
38,68,26,44
39,94,49,44
40,17,82,44
41,69,76,44
42,25,46,44
43,3,50,44
44,40,76,44
45,49,55,44
46,29,42,44
47,53,94,44
48,78,36,44
49,23,47,44
50,59,88,44
51,85,92,44
52,81,81,44
53,17,87,44
54,95,17,44
55,54,32,44
56,5,6,44
57,42,57,44
58,49,42,44
59,70,81,44
60,69,65,44
61,6,4,44
62,58,25,44
63,69,77,44
64,15,85,44
65,12,40,44
66,40,69,44
67,80,34,44
68,45,52,44
69,18,74,44
1,46,26,45
2,73,39,45
3,99,9,45
4,42,66,45
5,60,54,45
6,40,62,45
7,94,63,45
8,32,92,45
9,69,67,45
10,47,74,45
11,94,10,45
12,10,65,45
13,19,1,45
14,98,92,45
15,98,54,45
16,67,64,45
17,98,46,45
18,51,38,45
19,38,92,45
20,53,19,45
21,81,13,45
22,37,19,45
23,42,59,45
24,39,6,45
25,41,25,45
26,26,6,45
27,53,17,45
28,58,32,45
29,29,2,45
30,3,78,45
31,74,57,45
32,81,35,45
33,65,83,45
34,87,51,45
35,41,96,45
36,14,39,45
37,64,9,45
38,68,25,45
39,93,48,45
40,17,83,45
41,68,76,45
42,25,46,45
43,4,50,45
44,39,77,45
45,49,56,45
46,28,42,45
47,54,93,45
48,79,37,45
49,22,47,45
50,59,87,45
51,84,92,45
52,82,80,45
53,18,87,45
54,95,17,45
55,54,33,45
56,5,7,45
57,41,57,45
58,49,42,45
59,70,82,45
60,69,65,45
61,6,3,45
62,57,24,45
63,68,78,45
64,15,84,45
65,11,41,45
66,39,69,45
67,80,33,45
68,44,52,45
69,19,75,45
1,45,25,46
2,72,39,46
3,99,10,46
4,42,65,46
5,60,54,46
6,41,61,46
7,93,64,46
8,31,92,46
9,69,66,46
10,47,74,46
11,93,9,46
12,10,66,46
13,19,2,46
14,97,92,46
15,98,55,46
16,66,64,46
17,99,46,46
18,51,37,46
19,37,91,46
20,52,18,46
21,82,12,46
22,38,18,46
23,42,60,46
24,39,5,46
25,41,26,46
26,25,7,46
27,52,17,46
28,57,33,46
29,28,3,46
30,4,77,46
31,75,58,46
32,81,35,46
33,64,84,46
34,88,51,46
35,40,96,46
36,14,38,46
37,65,9,46
38,69,24,46
39,93,48,46
40,18,82,46
41,69,75,46
42,24,45,46
43,5,51,46
44,38,78,46
45,50,57,46
46,29,41,46
47,53,93,46
48,79,37,46
49,23,48,46
50,59,88,46
51,84,92,46
52,81,80,46
53,17,86,46
54,95,17,46
55,55,33,46
56,6,8,46
57,42,58,46
58,49,42,46
59,71,82,46
60,68,65,46
61,7,3,46
62,58,24,46
63,67,79,46
64,14,83,46
65,10,40,46
66,39,70,46
67,80,32,46
68,44,53,46
69,18,74,46
1,44,25,47
2,73,38,47
3,99,11,47
4,42,64,47
5,60,53,47
6,41,60,47
7,93,65,47
8,30,91,47
9,70,65,47
10,47,74,47
11,94,8,47
12,9,65,47
13,20,1,47
14,97,93,47
15,99,55,47
16,67,65,47
17,98,47,47
18,50,36,47
19,36,92,47
20,51,18,47
21,82,13,47
22,39,18,47
23,43,61,47
24,38,5,47
25,42,27,47
26,24,6,47
27,53,16,47
28,57,32,47
29,28,4,47
30,4,77,47
31,74,58,47
32,80,36,47
33,63,85,47
34,88,50,47
35,41,97,47
36,14,37,47
37,64,8,47
38,70,23,47
39,93,49,47
40,18,83,47
41,70,74,47
42,24,45,47
43,6,52,47
44,38,79,47
45,49,57,47
46,28,41,47
47,53,94,47
48,80,38,47
49,23,49,47
50,59,88,47
51,84,93,47
52,82,80,47
53,18,86,47
54,95,16,47
55,56,34,47
56,6,9,47
57,42,58,47
58,49,43,47
59,71,81,47
60,68,64,47
61,7,2,47
62,57,25,47
63,67,79,47
64,13,83,47
65,10,41,47
66,38,70,47
67,79,31,47
68,45,54,47
69,18,74,47
1,43,24,48
2,73,39,48
3,99,10,48
4,43,65,48
5,60,52,48
6,41,59,48
7,92,64,48
8,31,91,48
9,70,64,48
10,46,74,48
11,95,9,48
12,8,64,48
13,21,1,48
14,96,93,48
15,99,55,48
16,66,64,48
17,97,47,48
18,49,35,48
19,37,92,48
20,50,18,48
21,81,14,48
22,39,17,48
23,44,61,48
24,39,4,48
25,42,26,48
26,23,5,48
27,52,15,48
28,56,32,48
29,28,5,48
30,5,76,48
31,75,58,48
32,79,37,48
33,62,84,48
34,89,50,48
35,41,96,48
36,14,38,48
37,65,8,48
38,71,23,48
39,92,49,48
40,18,84,48
41,70,73,48
42,24,46,48
43,6,53,48
44,38,79,48
45,49,58,48
46,29,42,48
47,52,94,48
48,81,37,48
49,23,49,48
50,60,89,48
51,85,93,48
52,82,79,48
53,19,85,48
54,95,16,48
55,57,33,48
56,6,10,48
57,41,58,48
58,50,42,48
59,72,81,48
60,69,65,48
61,8,3,48
62,56,25,48
63,66,78,48
64,13,83,48
65,10,40,48
66,37,71,48
67,78,31,48
68,44,55,48
69,19,73,48
1,44,24,49
2,73,40,49
3,99,11,49
4,42,66,49
5,61,51,49
6,40,60,49
7,93,63,49
8,32,90,49
9,70,66,49
10,47,75,49
11,95,9,49
12,9,64,49
13,20,0,49
14,95,94,49
15,99,56,49
16,65,65,49
17,98,48,49
18,48,36,49
19,36,91,49
20,51,17,49
21,81,14,49
22,38,17,49
23,45,60,49
24,39,5,49
25,42,25,49
26,22,4,49
27,51,16,49
28,58,32,49
29,27,6,49
30,6,77,49
31,74,58,49
32,79,38,49
33,62,83,49
34,90,50,49
35,42,95,49
36,13,38,49
37,66,7,49
38,71,23,49
39,92,49,49
40,19,84,49
41,71,73,49
42,23,47,49
43,5,54,49
44,37,80,49
45,49,59,49
46,30,43,49
47,53,94,49
48,82,36,49
49,23,49,49
50,60,90,49
51,84,94,49
52,83,79,49
53,20,86,49
54,96,16,49
55,56,33,49
56,5,9,49
57,40,58,49
58,50,41,49
59,71,82,49
60,70,65,49
61,7,2,49
62,55,25,49
63,66,78,49
64,13,84,49
65,9,40,49
66,37,71,49
67,79,32,49
68,45,56,49
69,18,74,49
1,43,23,50
2,73,40,50
3,99,10,50
4,41,65,50
5,60,52,50
6,40,59,50
7,93,62,50
8,31,90,50
9,69,66,50
10,46,75,50
11,95,9,50
12,10,65,50
13,19,0,50
14,96,93,50
15,98,55,50
16,66,66,50
17,99,49,50
18,47,35,50
19,35,92,50
20,52,18,50
21,82,15,50
22,38,17,50
23,44,59,50
24,39,5,50
25,43,24,50
26,23,4,50
27,52,15,50
28,57,32,50
29,27,7,50
30,5,76,50
31,75,59,50
32,80,37,50
33,63,84,50
34,89,50,50
35,43,94,50
36,14,38,50
37,66,8,50
38,72,22,50
39,93,48,50
40,19,83,50
41,71,74,50
42,22,46,50
43,5,53,50
44,38,80,50
45,49,59,50
46,31,44,50
47,54,94,50
48,83,35,50
49,22,49,50
50,60,91,50
51,85,93,50
52,82,78,50
53,20,87,50
54,95,16,50
55,56,33,50
56,5,9,50
57,40,58,50
58,50,40,50
59,70,81,50
60,69,64,50
61,7,1,50
62,55,26,50
63,66,77,50
64,14,84,50
65,10,39,50
66,38,72,50
67,79,31,50
68,46,56,50
69,18,75,50
1,42,22,51
2,74,40,51
3,98,11,51
4,40,64,51
5,59,52,51
6,39,58,51
7,93,63,51
8,32,90,51
9,68,65,51
10,47,75,51
11,94,8,51
12,9,65,51
13,19,1,51
14,95,94,51
15,99,55,51
16,66,65,51
17,99,49,51
18,47,34,51
19,36,92,51
20,51,18,51
21,83,15,51
22,39,17,51
23,45,59,51
24,40,4,51
25,42,25,51
26,23,3,51
27,53,16,51
28,56,32,51
29,28,7,51
30,6,76,51
31,76,58,51
32,79,37,51
33,62,85,51
34,90,51,51
35,44,93,51
36,15,38,51
37,66,9,51
38,72,22,51
39,94,48,51
40,18,83,51
41,72,75,51
42,23,47,51
43,5,53,51
44,39,80,51
45,48,60,51
46,30,45,51
47,53,94,51
48,83,34,51
49,22,48,51
50,60,91,51
51,85,92,51
52,83,78,51
53,21,86,51
54,95,16,51
55,57,34,51
56,4,10,51
57,41,58,51
58,51,39,51
59,70,81,51
60,68,64,51
61,7,1,51
62,55,26,51
63,65,76,51
64,14,84,51
65,9,39,51
66,38,73,51
67,80,32,51
68,46,56,51
69,19,76,51
1,43,21,52
2,74,40,52
3,99,11,52
4,41,63,52
5,58,52,52
6,39,59,52
7,92,63,52
8,32,90,52
9,67,65,52
10,46,76,52
11,95,7,52
12,9,66,52
13,18,0,52
14,94,94,52
15,99,56,52
16,66,66,52
17,98,49,52
18,48,35,52
19,37,91,52
20,51,17,52
21,83,15,52
22,40,18,52
23,44,58,52
24,41,5,52
25,43,25,52
26,24,2,52
27,52,17,52
28,55,32,52
29,29,8,52
30,7,76,52
31,77,58,52
32,79,38,52
33,61,85,52
34,91,50,52
35,45,94,52
36,15,37,52
37,67,10,52
38,72,21,52
39,95,48,52
40,19,82,52
41,72,76,52
42,22,46,52
43,4,54,52
44,39,81,52
45,47,60,52
46,30,44,52
47,54,93,52
48,82,35,52
49,22,49,52
50,61,92,52
51,85,91,52
52,82,79,52
53,22,86,52
54,94,15,52
55,57,33,52
56,3,11,52
57,40,58,52
58,52,40,52
59,71,81,52
60,67,64,52
61,7,2,52
62,54,27,52
63,65,75,52
64,15,84,52
65,9,39,52
66,39,73,52
67,79,31,52
68,46,57,52
69,18,77,52
1,42,21,53
2,73,40,53
3,99,12,53
4,40,63,53
5,59,51,53
6,40,59,53
7,92,63,53
8,33,91,53
9,67,65,53
10,46,75,53
11,96,6,53
12,9,65,53
13,19,1,53
14,94,93,53
15,99,57,53
16,66,67,53
17,99,48,53
18,49,34,53
19,36,92,53
20,51,16,53
21,84,16,53
22,40,17,53
23,43,57,53
24,42,5,53
25,43,24,53
26,25,3,53
27,50,15,53
28,54,31,53
29,29,8,53
30,8,75,53
31,78,59,53
32,78,37,53
33,61,86,53
34,91,49,53
35,46,93,53
36,16,37,53
37,67,11,53
38,73,20,53
39,95,49,53
40,19,81,53
41,72,77,53
42,22,45,53
43,4,53,53
44,38,82,53
45,47,60,53
46,31,44,53
47,55,94,53
48,83,35,53
49,23,50,53
50,61,93,53
51,85,91,53
52,82,79,53
53,23,86,53
54,94,16,53
55,56,32,53
56,2,11,53
57,39,57,53
58,52,40,53
59,70,82,53
60,66,64,53
61,8,3,53
62,54,27,53
63,64,76,53
64,16,83,53
65,8,40,53
66,38,72,53
67,80,32,53
68,45,56,53
69,18,76,53
1,42,21,54
2,74,40,54
3,99,13,54
4,40,63,54
5,58,52,54
6,41,58,54
7,93,64,54
8,33,92,54
9,68,65,54
10,47,75,54
11,95,6,54
12,10,64,54
13,18,1,54
14,93,94,54
15,99,56,54
16,65,66,54
17,99,47,54
18,49,33,54
19,37,92,54
20,50,17,54
21,85,17,54
22,41,16,54
23,44,58,54
24,41,4,54
25,42,23,54
26,25,2,54
27,50,16,54
28,54,32,54
29,30,7,54
30,8,74,54
31,77,60,54
32,77,37,54
33,60,86,54
34,92,48,54
35,45,93,54
36,15,36,54
37,66,10,54
38,73,21,54
39,94,48,54
40,20,80,54
41,72,78,54
42,23,46,54
43,5,52,54
44,37,83,54
45,46,59,54
46,31,45,54
47,55,93,54
48,84,36,54
49,22,50,54
50,62,94,54
51,85,90,54
52,82,78,54
53,23,87,54
54,95,17,54
55,56,33,54
56,2,10,54
57,38,56,54
58,51,40,54
59,70,82,54
60,65,63,54
61,9,2,54
62,53,26,54
63,65,76,54
64,16,84,54
65,8,41,54
66,39,72,54
67,80,32,54
68,46,57,54
69,19,75,54
1,42,20,55
2,73,41,55
3,99,13,55
4,40,62,55
5,58,53,55
6,42,58,55
7,93,65,55
8,33,93,55
9,69,64,55
10,46,76,55
11,94,7,55
12,11,64,55
13,19,1,55
14,92,93,55
15,99,57,55
16,66,66,55
17,98,48,55
18,48,33,55
19,38,93,55
20,51,17,55
21,84,18,55
22,40,17,55
23,45,57,55
24,40,3,55
25,43,24,55
26,25,2,55
27,49,17,55
28,54,32,55
29,30,8,55
30,9,75,55
31,78,59,55
32,76,38,55
33,59,85,55
34,91,48,55
35,44,93,55
36,14,35,55
37,65,10,55
38,73,21,55
39,94,47,55
40,21,81,55
41,71,79,55
42,22,45,55
43,5,53,55
44,37,83,55
45,45,59,55
46,31,46,55
47,55,94,55
48,83,35,55
49,23,49,55
50,63,93,55
51,86,91,55
52,82,77,55
53,23,87,55
54,95,16,55
55,55,33,55
56,1,9,55
57,39,57,55
58,50,41,55
59,70,82,55
60,66,64,55
61,9,1,55
62,52,26,55
63,65,76,55
64,15,84,55
65,8,40,55
66,38,72,55
67,80,33,55
68,46,56,55
69,19,76,55
1,43,19,56
2,73,41,56
3,98,14,56
4,39,61,56
5,59,52,56
6,42,58,56
7,94,64,56
8,33,93,56
9,70,64,56
10,47,75,56
11,94,7,56
12,11,65,56
13,19,1,56
14,92,92,56
15,99,57,56
16,67,67,56
17,99,49,56
18,47,33,56
19,38,94,56
20,52,18,56
21,84,18,56
22,40,18,56
23,45,58,56
24,39,4,56
25,44,23,56
26,24,1,56
27,48,16,56
28,54,33,56
29,29,9,56
30,9,76,56
31,79,60,56
32,76,39,56
33,60,86,56
34,92,49,56
35,45,93,56
36,13,35,56
37,66,11,56
38,73,22,56
39,95,47,56
40,20,82,56
41,71,80,56
42,21,45,56
43,6,52,56
44,37,82,56
45,46,60,56
46,31,45,56
47,55,94,56
48,83,35,56
49,24,49,56
50,64,93,56
51,85,91,56
52,83,76,56
53,24,86,56
54,95,17,56
55,54,34,56
56,2,8,56
57,38,57,56
58,51,41,56
59,71,82,56
60,67,63,56
61,10,2,56
62,52,27,56
63,65,76,56
64,15,85,56
65,9,40,56
66,37,71,56
67,79,33,56
68,47,55,56
69,20,75,56
1,42,19,57
2,74,41,57
3,99,15,57
4,40,61,57
5,59,51,57
6,41,59,57
7,94,63,57
8,32,92,57
9,70,64,57
10,46,74,57
11,94,7,57
12,12,65,57
13,18,1,57
14,93,93,57
15,99,57,57
16,68,68,57
17,99,48,57
18,47,32,57
19,37,93,57
20,51,18,57
21,84,18,57
22,41,19,57
23,46,59,57
24,38,4,57
25,43,22,57
26,24,2,57
27,48,17,57
28,54,32,57
29,30,8,57
30,9,75,57
31,79,59,57
32,75,38,57
33,59,85,57
34,93,49,57
35,46,92,57
36,12,35,57
37,66,12,57
38,74,22,57
39,94,47,57
40,20,82,57
41,70,80,57
42,22,44,57
43,5,52,57
44,36,81,57
45,47,60,57
46,32,44,57
47,54,94,57
48,84,34,57
49,25,49,57
50,64,94,57
51,86,90,57
52,84,76,57
53,24,87,57
54,95,18,57
55,55,34,57
56,3,7,57
57,38,57,57
58,52,40,57
59,72,81,57
60,68,63,57
61,11,3,57
62,52,27,57
63,66,76,57
64,14,86,57
65,10,40,57
66,36,72,57
67,78,32,57
68,48,55,57
69,21,75,57
1,40,20,58
2,74,41,58
3,98,16,58
4,39,60,58
5,58,50,58
6,40,58,58
7,94,64,58
8,32,92,58
9,69,64,58
10,46,75,58
11,94,6,58
12,12,64,58
13,19,2,58
14,93,92,58
15,98,58,58
16,67,68,58
17,98,49,58
18,47,31,58
19,37,93,58
20,50,19,58
21,85,18,58
22,41,20,58
23,47,59,58
24,37,4,58
25,43,21,58
26,23,1,58
27,48,18,58
28,55,33,58
29,29,7,58
30,10,74,58
31,78,59,58
32,74,37,58
33,58,84,58
34,92,48,58
35,46,91,58
36,12,35,58
37,67,12,58
38,75,22,58
39,94,48,58
40,21,82,58
41,71,80,58
42,22,44,58
43,5,53,58
44,37,80,58
45,47,60,58
46,32,45,58
47,55,93,58
48,83,35,58
49,26,49,58
50,64,95,58
51,87,90,58
52,85,76,58
53,24,88,58
54,94,19,58
55,55,34,58
56,2,7,58
57,37,57,58
58,51,39,58
59,73,81,58
60,67,64,58
61,10,2,58
62,51,28,58
63,65,75,58
64,14,85,58
65,10,40,58
66,36,72,58
67,78,33,58
68,48,54,58
69,22,75,58
1,42,20,59
2,73,41,59
3,98,17,59
4,39,60,59
5,57,49,59
6,40,59,59
7,95,64,59
8,32,91,59
9,70,65,59
10,46,74,59
11,93,5,59
12,12,63,59
13,19,2,59
14,94,93,59
15,98,59,59
16,67,69,59
17,98,48,59
18,46,30,59
19,38,94,59
20,51,20,59
21,85,17,59
22,40,21,59
23,47,59,59
24,36,3,59
25,43,21,59
26,23,1,59
27,49,17,59
28,54,34,59
29,28,6,59
30,11,73,59
31,78,60,59
32,74,38,59
33,58,83,59
34,91,49,59
35,46,92,59
36,12,36,59
37,66,11,59
38,76,21,59
39,94,48,59
40,21,82,59
41,71,81,59
42,23,45,59
43,6,53,59
44,36,79,59
45,48,60,59
46,31,46,59
47,54,94,59
48,82,34,59
49,27,48,59
50,64,95,59
51,88,90,59
52,84,76,59
53,25,89,59
54,93,18,59
55,55,33,59
56,3,7,59
57,37,57,59
58,50,40,59
59,73,82,59
60,68,65,59
61,10,1,59
62,52,29,59
63,65,76,59
64,15,85,59
65,10,40,59
66,37,72,59
67,77,33,59
68,47,55,59
69,21,76,59
1,41,21,60
2,72,41,60
3,99,18,60
4,39,59,60
5,57,49,60
6,39,58,60
7,96,63,60
8,33,92,60
9,69,65,60
10,47,74,60
11,93,6,60
12,11,62,60
13,19,3,60
14,94,92,60
15,99,60,60
16,68,69,60
17,98,49,60
18,47,31,60
19,37,94,60
20,50,19,60
21,84,18,60
22,39,22,60
23,47,60,60
24,37,4,60
25,44,21,60
26,24,1,60
27,50,17,60
28,54,33,60
29,29,7,60
30,11,72,60
31,78,60,60
32,74,39,60
33,59,83,60
34,90,49,60
35,46,93,60
36,13,35,60
37,67,10,60
38,75,22,60
39,95,47,60
40,20,83,60
41,72,80,60
42,22,46,60
43,6,52,60
44,35,78,60
45,47,61,60
46,32,47,60
47,55,93,60
48,82,34,60
49,28,48,60
50,64,95,60
51,88,91,60
52,83,75,60
53,26,88,60
54,92,17,60
55,55,33,60
56,2,6,60
57,38,58,60
58,50,39,60
59,72,81,60
60,68,66,60
61,11,0,60
62,53,28,60
63,66,77,60
64,16,86,60
65,11,39,60
66,38,72,60
67,76,32,60
68,47,54,60
69,21,77,60
1,40,21,61
2,73,41,61
3,98,17,61
4,40,58,61
5,57,50,61
6,39,59,61
7,97,63,61
8,33,91,61
9,69,66,61
10,47,74,61
11,92,7,61
12,10,63,61
13,19,3,61
14,94,92,61
15,99,59,61
16,68,69,61
17,99,49,61
18,47,32,61
19,36,93,61
20,51,20,61
21,84,17,61
22,40,22,61
23,46,59,61
24,38,3,61
25,44,21,61
26,23,1,61
27,50,18,61
28,54,32,61
29,29,8,61
30,11,72,61
31,78,59,61
32,75,38,61
33,59,83,61
34,90,49,61
35,46,94,61
36,12,35,61
37,66,11,61
38,75,21,61
39,95,46,61
40,20,83,61
41,73,81,61
42,22,45,61
43,6,52,61
44,35,79,61
45,48,62,61
46,33,48,61
47,56,94,61
48,83,34,61
49,29,49,61
50,63,96,61
51,88,91,61
52,84,74,61
53,27,89,61
54,93,16,61
55,55,34,61
56,1,5,61
57,38,59,61
58,50,38,61
59,73,82,61
60,68,65,61
61,11,1,61
62,53,27,61
63,67,77,61
64,15,85,61
65,10,38,61
66,37,71,61
67,75,32,61
68,48,55,61
69,22,77,61
1,41,21,62
2,72,40,62
3,98,16,62
4,39,58,62
5,58,49,62
6,38,58,62
7,97,64,62
8,34,92,62
9,69,67,62
10,47,75,62
11,91,8,62
12,9,63,62
13,19,3,62
14,93,91,62
15,98,60,62
16,68,69,62
17,99,49,62
18,47,32,62
19,35,92,62
20,51,19,62
21,85,17,62
22,41,22,62
23,47,59,62
24,39,2,62
25,43,21,62
26,22,2,62
27,50,17,62
28,55,32,62
29,29,9,62
30,11,73,62
31,77,59,62
32,75,37,62
33,59,82,62
34,89,48,62
35,46,94,62
36,12,34,62
37,66,11,62
38,74,22,62
39,96,45,62
40,20,82,62
41,72,81,62
42,23,45,62
43,6,52,62
44,34,80,62
45,49,63,62
46,32,49,62
47,55,93,62
48,83,35,62
49,30,49,62
50,64,97,62
51,89,92,62
52,84,73,62
53,27,88,62
54,94,15,62
55,55,33,62
56,1,6,62
57,38,60,62
58,50,39,62
59,74,82,62
60,67,66,62
61,10,2,62
62,53,28,62
63,67,77,62
64,14,85,62
65,11,39,62
66,38,70,62
67,74,33,62
68,49,56,62
69,23,77,62
1,42,21,63
2,73,40,63
3,97,17,63
4,40,58,63
5,57,50,63
6,37,57,63
7,96,65,63
8,34,91,63
9,69,67,63
10,46,74,63
11,92,8,63
12,8,63,63
13,19,2,63
14,94,91,63
15,97,59,63
16,67,68,63
17,99,48,63
18,46,31,63
19,36,92,63
20,52,18,63
21,86,17,63
22,41,22,63
23,48,58,63
24,38,2,63
25,43,20,63
26,23,2,63
27,49,16,63
28,56,33,63
29,29,8,63
30,12,72,63
31,77,59,63
32,76,36,63
33,59,82,63
34,88,47,63
35,47,93,63
36,12,33,63
37,65,12,63
38,74,22,63
39,96,44,63
40,21,81,63
41,71,80,63
42,23,45,63
43,7,51,63
44,33,80,63
45,49,63,63
46,32,48,63
47,55,92,63
48,83,35,63
49,30,50,63
50,65,98,63
51,89,91,63
52,84,72,63
53,27,89,63
54,95,15,63
55,55,32,63
56,0,7,63
57,38,60,63
58,51,38,63
59,73,81,63
60,68,65,63
61,9,1,63
62,54,29,63
63,68,78,63
64,13,85,63
65,10,40,63
66,37,70,63
67,74,33,63
68,50,55,63
69,22,77,63
1,42,23,64
2,74,40,64
3,97,18,64
4,39,57,64
5,56,51,64
6,36,57,64
7,97,65,64
8,33,90,64
9,70,66,64
10,45,73,64
11,93,7,64
12,9,62,64
13,18,3,64
14,93,91,64
15,97,59,64
16,66,69,64
17,98,48,64
18,47,32,64
19,37,93,64
20,53,18,64
21,86,17,64
22,42,22,64
23,47,58,64
24,37,1,64
25,44,21,64
26,24,2,64
27,50,17,64
28,54,31,64
29,28,9,64
30,11,73,64
31,76,60,64
32,75,37,64
33,58,83,64
34,87,48,64
35,48,93,64
36,13,32,64
37,66,13,64
38,75,21,64
39,97,43,64
40,20,82,64
41,71,80,64
42,22,46,64
43,6,50,64
44,32,81,64
45,48,62,64
46,32,47,64
47,56,93,64
48,83,35,64
49,31,51,64
50,64,98,64
51,89,92,64
52,83,73,64
53,28,90,64
54,95,14,64
55,56,31,64
56,1,8,64
57,37,61,64
58,50,37,64
59,72,82,64
60,69,64,64
61,8,0,64
62,55,28,64
63,67,78,64
64,13,84,64
65,10,39,64
66,36,69,64
67,74,33,64
68,49,55,64
69,23,77,64
1,41,23,65
2,73,40,65
3,96,17,65
4,39,57,65
5,57,52,65
6,37,56,65
7,98,66,65
8,33,90,65
9,70,67,65
10,45,72,65
11,92,6,65
12,10,63,65
13,17,3,65
14,94,90,65
15,96,59,65
16,66,68,65
17,99,48,65
18,48,31,65
19,38,93,65
20,54,19,65
21,86,18,65
22,42,22,65
23,46,59,65
24,38,0,65
25,44,20,65
26,24,2,65
27,50,17,65
28,54,31,65
29,27,10,65
30,11,73,65
31,76,61,65
32,74,38,65
33,58,84,65
34,88,49,65
35,47,92,65
36,13,31,65
37,65,12,65
38,75,21,65
39,96,42,65
40,21,83,65
41,72,80,65
42,23,47,65
43,6,49,65
44,32,81,65
45,49,63,65
46,33,47,65
47,56,93,65
48,82,36,65
49,31,50,65
50,64,98,65
51,89,91,65
52,83,73,65
53,28,90,65
54,94,15,65
55,56,31,65
56,2,7,65
57,38,61,65
58,49,36,65
59,71,82,65
60,70,64,65
61,8,1,65
62,55,28,65
63,67,78,65
64,14,85,65
65,11,40,65
66,35,69,65
67,75,34,65
68,50,55,65
69,24,76,65
1,41,24,66
2,72,40,66
3,97,16,66
4,40,57,66
5,57,51,66
6,36,56,66
7,97,66,66
8,34,90,66
9,71,68,66
10,46,72,66
11,93,5,66
12,11,63,66
13,16,2,66
14,94,89,66
15,97,58,66
16,66,69,66
17,99,49,66
18,48,32,66
19,38,92,66
20,54,18,66
21,87,17,66
22,43,23,66
23,47,59,66
24,37,1,66
25,45,21,66
26,23,1,66
27,49,18,66
28,55,31,66
29,26,11,66
30,11,73,66
31,76,62,66
32,74,38,66
33,57,84,66
34,89,48,66
35,46,92,66
36,13,30,66
37,65,13,66
38,76,21,66
39,95,42,66
40,20,83,66
41,73,81,66
42,24,48,66
43,7,48,66
44,33,82,66
45,49,63,66
46,32,48,66
47,56,94,66
48,82,36,66
49,32,50,66
50,64,97,66
51,89,92,66
52,83,72,66
53,29,89,66
54,94,15,66
55,56,31,66
56,1,7,66
57,39,60,66
58,50,36,66
59,71,83,66
60,71,64,66
61,7,2,66
62,56,27,66
63,67,78,66
64,15,85,66
65,11,39,66
66,36,70,66
67,74,33,66
68,51,56,66
69,23,77,66
1,41,25,67
2,71,40,67
3,98,16,67
4,40,57,67
5,56,50,67
6,35,55,67
7,96,67,67
8,33,89,67
9,71,68,67
10,47,71,67
11,92,5,67
12,11,62,67
13,16,2,67
14,93,90,67
15,96,57,67
16,67,68,67
17,99,49,67
18,48,33,67
19,38,93,67
20,55,17,67
21,87,17,67
22,43,22,67
23,47,58,67
24,37,1,67
25,46,22,67
26,22,0,67
27,48,19,67
28,55,30,67
29,26,12,67
30,11,73,67
31,76,63,67
32,73,38,67
33,58,85,67
34,88,47,67
35,46,93,67
36,12,31,67
37,64,12,67
38,76,20,67
39,96,42,67
40,20,82,67
41,72,82,67
42,24,49,67
43,8,47,67
44,32,81,67
45,49,63,67
46,31,49,67
47,56,93,67
48,81,37,67
49,32,50,67
50,64,97,67
51,89,91,67
52,82,72,67
53,29,90,67
54,93,14,67
55,55,32,67
56,1,8,67
57,38,60,67
58,49,35,67
59,71,82,67
60,71,65,67
61,7,3,67
62,56,28,67
63,66,77,67
64,14,84,67
65,10,40,67
66,36,70,67
67,74,34,67
68,50,55,67
69,22,77,67
1,40,24,68
2,71,40,68
3,99,15,68
4,41,58,68
5,57,49,68
6,36,54,68
7,95,67,68
8,33,88,68
9,71,67,68
10,46,70,68
11,92,5,68
12,12,62,68
13,16,1,68
14,92,91,68
15,97,56,68
16,68,67,68
17,98,50,68
18,48,32,68
19,39,94,68
20,54,16,68
21,86,16,68
22,42,21,68
23,46,58,68
24,38,1,68
25,45,23,68
26,21,0,68
27,47,19,68
28,54,29,68
29,26,13,68
30,11,74,68
31,76,63,68
32,72,38,68
33,59,86,68
34,89,47,68
35,45,93,68
36,12,32,68
37,64,13,68
38,75,19,68
39,95,41,68
40,19,81,68
41,72,81,68
42,23,49,68
43,9,46,68
44,31,81,68
45,50,62,68
46,32,49,68
47,57,93,68
48,81,36,68
49,32,51,68
50,63,97,68
51,89,92,68
52,82,72,68
53,30,91,68
54,92,14,68
55,54,33,68
56,1,7,68
57,39,60,68
58,49,34,68
59,72,83,68
60,70,64,68
61,6,2,68
62,56,28,68
63,67,77,68
64,13,83,68
65,10,39,68
66,37,69,68
67,74,34,68
68,49,54,68
69,23,78,68
1,39,24,69
2,72,41,69
3,98,14,69
4,40,59,69
5,58,48,69
6,35,54,69
7,96,67,69
8,33,88,69
9,70,67,69
10,45,70,69
11,93,6,69
12,13,63,69
13,16,0,69
14,93,90,69
15,98,57,69
16,69,66,69
17,97,49,69
18,48,31,69
19,40,94,69
20,54,15,69
21,85,15,69
22,43,22,69
23,45,58,69
24,38,0,69
25,46,22,69
26,22,1,69
27,47,20,69
28,53,30,69
29,26,14,69
30,10,73,69
31,75,63,69
32,71,37,69
33,58,87,69
34,89,46,69
35,45,92,69
36,11,31,69
37,65,14,69
38,76,20,69
39,96,42,69
40,19,82,69
41,73,80,69
42,23,48,69
43,8,46,69
44,31,82,69
45,51,62,69
46,32,49,69
47,58,93,69
48,80,37,69
49,31,51,69
50,64,98,69
51,90,92,69
52,83,72,69
53,31,90,69
54,91,15,69
55,54,32,69
56,0,8,69
57,41,58,69
58,49,34,69
59,72,82,69
60,71,63,69
61,5,3,69
62,57,29,69
63,68,76,69
64,14,83,69
65,10,40,69
66,36,70,69
67,75,34,69
68,49,54,69
69,24,78,69
1,40,24,70
2,73,40,70
3,97,15,70
4,40,58,70
5,59,48,70
6,34,55,70
7,95,67,70
8,33,88,70
9,70,68,70
10,45,69,70
11,92,6,70
12,12,64,70
13,17,0,70
14,94,89,70
15,99,58,70
16,69,66,70
17,96,50,70
18,47,32,70
19,40,95,70
20,55,14,70
21,84,15,70
22,42,21,70
23,44,58,70
24,37,1,70
25,45,21,70
26,22,2,70
27,48,21,70
28,53,30,70
29,25,15,70
30,10,72,70
31,75,64,70
32,71,37,70
33,58,88,70
34,88,47,70
35,46,92,70
36,11,31,70
37,65,14,70
38,75,20,70
39,95,41,70
40,20,82,70
41,73,79,70
42,23,47,70
43,7,46,70
44,30,82,70
45,51,63,70
46,32,50,70
47,57,93,70
48,79,38,70
49,30,51,70
50,63,99,70
51,90,92,70
52,83,71,70
53,30,89,70
54,92,16,70
55,54,33,70
56,1,7,70
57,41,59,70
58,48,35,70
59,73,81,70
60,70,62,70
61,4,4,70
62,58,29,70
63,67,76,70
64,13,83,70
65,9,41,70
66,35,70,70
67,74,34,70
68,48,54,70
69,24,77,70
1,39,25,71
2,74,40,71
3,96,15,71
4,41,57,71
5,59,48,71
6,35,56,71
7,95,66,71
8,32,87,71
9,71,68,71
10,46,70,71
11,92,6,71
12,12,63,71
13,18,0,71
14,95,89,71
15,98,59,71
16,68,66,71
17,97,49,71
18,46,32,71
19,39,94,71
20,56,13,71
21,85,16,71
22,41,21,71
23,44,57,71
24,38,0,71
25,44,22,71
26,21,3,71
27,49,21,71
28,54,31,71
29,25,15,71
30,10,71,71
31,76,65,71
32,72,37,71
33,58,89,71
34,89,46,71
35,47,91,71
36,10,30,71
37,65,14,71
38,74,20,71
39,94,42,71
40,21,83,71
41,73,78,71
42,22,46,71
43,6,46,71
44,29,82,71
45,52,64,71
46,31,49,71
47,58,93,71
48,80,39,71
49,29,50,71
50,62,98,71
51,89,91,71
52,83,72,71
53,31,90,71
54,91,16,71
55,55,33,71
56,0,7,71
57,40,58,71
58,48,36,71
59,72,81,71
60,71,61,71
61,5,5,71
62,59,28,71
63,67,76,71
64,12,84,71
65,10,42,71
66,35,71,71
67,73,35,71
68,49,55,71
69,24,78,71
1,40,24,72
2,74,39,72
3,97,14,72
4,40,56,72
5,60,49,72
6,35,57,72
7,94,67,72
8,33,87,72
9,71,67,72
10,45,70,72
11,92,6,72
12,11,64,72
13,19,0,72
14,95,88,72
15,99,60,72
16,68,67,72
17,98,50,72
18,45,31,72
19,39,93,72
20,55,12,72
21,85,15,72
22,42,22,72
23,45,57,72
24,39,1,72
25,44,22,72
26,21,2,72
27,49,21,72
28,53,32,72
29,24,15,72
30,10,71,72
31,77,65,72
32,71,38,72
33,57,89,72
34,89,47,72
35,46,90,72
36,11,29,72
37,66,14,72
38,74,20,72
39,95,41,72
40,21,83,72
41,72,77,72
42,22,45,72
43,5,46,72
44,30,81,72
45,51,64,72
46,30,48,72
47,58,92,72
48,81,39,72
49,28,49,72
50,61,97,72
51,89,92,72
52,84,73,72
53,31,89,72
54,92,17,72
55,55,34,72
56,0,6,72
57,40,59,72
58,48,36,72
59,73,81,72
60,72,61,72
61,6,4,72
62,59,29,72
63,67,76,72
64,11,84,72
65,9,42,72
66,34,71,72
67,73,36,72
68,50,54,72
69,24,79,72
1,39,25,73
2,73,39,73
3,96,14,73
4,40,57,73
5,61,50,73
6,36,58,73
7,95,68,73
8,34,88,73
9,72,66,73
10,45,71,73
11,93,7,73
12,10,65,73
13,19,0,73
14,95,89,73
15,99,60,73
16,68,67,73
17,98,50,73
18,46,31,73
19,40,94,73
20,54,13,73
21,86,14,73
22,41,22,73
23,45,58,73
24,40,0,73
25,43,21,73
26,21,2,73
27,50,22,73
28,52,32,73
29,23,14,73
30,10,70,73
31,76,64,73
32,70,39,73
33,56,90,73
34,88,47,73
35,47,90,73
36,12,28,73
37,66,15,73
38,74,20,73
39,94,41,73
40,22,84,73
41,73,77,73
42,23,44,73
43,4,45,73
44,30,80,73
45,50,64,73
46,31,49,73
47,57,92,73
48,81,40,73
49,28,50,73
50,61,98,73
51,89,92,73
52,84,72,73
53,32,89,73
54,92,18,73
55,56,33,73
56,0,7,73
57,40,58,73
58,47,37,73
59,73,82,73
60,73,60,73
61,7,4,73
62,58,29,73
63,68,76,73
64,10,84,73
65,9,42,73
66,34,72,73
67,74,35,73
68,49,54,73
69,23,80,73
1,40,25,74
2,73,40,74
3,96,14,74
4,39,57,74
5,61,50,74
6,35,58,74
7,96,69,74
8,34,88,74
9,71,66,74
10,44,71,74
11,93,6,74
12,9,66,74
13,18,1,74
14,95,88,74
15,99,59,74
16,67,66,74
17,99,50,74
18,47,32,74
19,41,94,74
20,55,13,74
21,85,14,74
22,40,22,74
23,44,59,74
24,41,0,74
25,43,21,74
26,20,2,74
27,50,23,74
28,53,33,74
29,23,15,74
30,11,70,74
31,75,64,74
32,70,40,74
33,55,90,74
34,89,46,74
35,47,91,74
36,11,27,74
37,65,16,74
38,74,19,74
39,93,41,74
40,21,83,74
41,74,77,74
42,24,43,74
43,4,46,74
44,29,81,74
45,49,65,74
46,32,48,74
47,56,93,74
48,80,40,74
49,28,50,74
50,62,98,74
51,90,93,74
52,83,73,74
53,31,88,74
54,93,18,74
55,56,33,74
56,0,8,74
57,40,58,74
58,47,36,74
59,72,83,74
60,72,61,74
61,6,5,74
62,58,29,74
63,69,75,74
64,11,84,74
65,9,41,74
66,34,71,74
67,73,36,74
68,49,53,74
69,24,81,74
1,40,25,75
2,72,41,75
3,96,14,75
4,39,57,75
5,60,49,75
6,36,59,75
7,97,69,75
8,34,87,75
9,71,67,75
10,44,71,75
11,94,6,75
12,8,66,75
13,18,0,75
14,94,89,75
15,99,58,75
16,66,67,75
17,98,49,75
18,48,32,75
19,40,94,75
20,56,12,75
21,86,14,75
22,40,23,75
23,45,59,75
24,42,0,75
25,44,22,75
26,20,3,75
27,51,22,75
28,52,34,75
29,23,15,75
30,11,69,75
31,75,63,75
32,71,41,75
33,54,89,75
34,88,45,75
35,48,90,75
36,10,26,75
37,65,16,75
38,75,18,75
39,94,42,75
40,20,82,75
41,74,76,75
42,24,43,75
43,3,46,75
44,29,82,75
45,48,66,75
46,32,49,75
47,57,93,75
48,81,40,75
49,29,50,75
50,63,97,75
51,91,92,75
52,84,72,75
53,31,87,75
54,94,18,75
55,57,33,75
56,0,7,75
57,38,57,75
58,47,37,75
59,71,83,75
60,73,60,75
61,6,6,75
62,59,30,75
63,70,75,75
64,11,83,75
65,8,42,75
66,34,72,75
67,74,35,75
68,49,52,75
69,23,81,75
1,41,26,76
2,72,41,76
3,96,14,76
4,40,58,76
5,61,48,76
6,35,59,76
7,96,70,76
8,35,87,76
9,70,66,76
10,45,72,76
11,94,7,76
12,8,67,76
13,18,0,76
14,95,88,76
15,99,57,76
16,66,66,76
17,98,50,76
18,47,32,76
19,41,94,76
20,55,11,76
21,85,14,76
22,40,23,76
23,46,59,76
24,43,0,76
25,45,21,76
26,19,3,76
27,52,22,76
28,53,33,76
29,23,15,76
30,10,69,76
31,75,63,76
32,71,41,76
33,53,90,76
34,87,46,76
35,49,89,76
36,10,27,76
37,65,17,76
38,74,18,76
39,94,41,76
40,19,83,76
41,75,77,76
42,24,42,76
43,3,47,76
44,30,83,76
45,49,66,76
46,31,49,76
47,58,93,76
48,80,40,76
49,29,49,76
50,64,98,76
51,90,91,76
52,83,72,76
53,31,86,76
54,94,18,76
55,57,33,76
56,0,8,76
57,38,57,76
58,48,37,76
59,71,83,76
60,74,59,76
61,5,5,76
62,59,29,76
63,69,75,76
64,12,82,76
65,8,42,76
66,35,72,76
67,75,36,76
68,48,52,76
69,22,80,76
1,42,27,77
2,72,42,77
3,96,13,77
4,40,59,77
5,62,47,77
6,36,59,77
7,95,71,77
8,34,87,77
9,69,65,77
10,45,72,77
11,95,8,77
12,7,66,77
13,17,0,77
14,94,89,77
15,98,56,77
16,66,67,77
17,99,49,77
18,47,31,77
19,40,95,77
20,56,12,77
21,85,15,77
22,40,23,77
23,45,59,77
24,44,0,77
25,45,21,77
26,18,4,77
27,53,22,77
28,52,32,77
29,24,14,77
30,11,69,77
31,74,62,77
32,72,40,77
33,54,90,77
34,88,46,77
35,50,88,77
36,11,26,77
37,65,17,77
38,74,18,77
39,93,41,77
40,19,82,77
41,75,77,77
42,25,42,77
43,3,48,77
44,29,82,77
45,50,65,77
46,31,50,77
47,59,93,77
48,81,41,77
49,30,50,77
50,65,98,77
51,89,91,77
52,83,71,77
53,30,86,77
54,95,17,77
55,57,34,77
56,1,9,77
57,37,58,77
58,49,36,77
59,72,82,77
60,73,59,77
61,5,6,77
62,59,28,77
63,69,76,77
64,13,82,77
65,8,42,77
66,34,71,77
67,74,35,77
68,47,52,77
69,21,80,77
1,43,28,78
2,73,41,78
3,95,13,78
4,41,60,78
5,63,48,78
6,36,59,78
7,96,70,78
8,33,86,78
9,70,64,78
10,46,71,78
11,96,8,78
12,8,67,78
13,18,1,78
14,95,90,78
15,99,55,78
16,67,66,78
17,99,48,78
18,48,31,78
19,39,95,78
20,57,13,78
21,86,15,78
22,39,23,78
23,44,59,78
24,45,0,78
25,46,20,78
26,18,5,78
27,52,22,78
28,51,31,78
29,23,15,78
30,10,69,78
31,73,63,78
32,71,39,78
33,55,91,78
34,87,45,78
35,51,87,78
36,10,26,78
37,64,18,78
38,75,19,78
39,94,42,78
40,18,83,78
41,76,76,78
42,24,41,78
43,2,47,78
44,28,82,78
45,50,65,78
46,30,49,78
47,58,94,78
48,82,42,78
49,31,51,78
50,66,98,78
51,88,92,78
52,84,72,78
53,30,86,78
54,94,17,78
55,58,34,78
56,1,9,78
57,37,57,78
58,50,36,78
59,71,81,78
60,73,59,78
61,5,6,78
62,59,27,78
63,69,77,78
64,14,82,78
65,9,43,78
66,34,72,78
67,74,34,78
68,47,51,78
69,21,80,78
1,43,28,79
2,72,40,79
3,94,13,79
4,40,60,79
5,63,48,79
6,36,58,79
7,97,71,79
8,33,87,79
9,70,65,79
10,46,70,79
11,97,8,79
12,7,68,79
13,18,2,79
14,94,89,79
15,98,54,79
16,68,65,79
17,98,47,79
18,48,32,79
19,39,96,79
20,57,13,79
21,86,16,79
22,40,24,79
23,43,59,79
24,46,1,79
25,46,20,79
26,18,5,79
27,53,21,79
28,52,30,79
29,24,16,79
30,9,68,79
31,74,64,79
32,72,38,79
33,56,92,79
34,88,46,79
35,50,88,79
36,11,26,79
37,64,18,79
38,75,19,79
39,94,41,79
40,18,84,79
41,77,77,79
42,24,40,79
43,2,48,79
44,28,83,79
45,51,65,79
46,31,50,79
47,57,95,79
48,81,41,79
49,32,49,79
50,65,98,79
51,89,92,79
52,83,71,79
53,30,85,79
54,93,17,79
55,58,33,79
56,2,10,79
57,37,58,79
58,49,35,79
59,70,80,79
60,73,60,79
61,6,7,79
62,60,28,79
63,68,77,79
64,14,82,79
65,8,42,79
66,35,73,79
67,73,33,79
68,48,51,79
69,22,80,79
1,43,29,80
2,71,40,80
3,93,12,80
4,40,60,80
5,64,49,80
6,37,59,80
7,98,72,80
8,33,88,80
9,71,66,80
10,46,71,80
11,97,7,80
12,6,67,80
13,18,1,80
14,93,89,80
15,98,54,80
16,68,64,80
17,99,47,80
18,49,31,80
19,39,95,80
20,56,13,80
21,85,16,80
22,40,24,80
23,42,59,80
24,45,2,80
25,45,20,80
26,19,4,80
27,54,22,80
28,52,30,80
29,24,17,80
30,10,67,80
31,74,64,80
32,73,38,80
33,55,92,80
34,88,46,80
35,50,88,80
36,12,27,80
37,64,17,80
38,76,19,80
39,93,41,80
40,17,84,80
41,77,78,80
42,23,41,80
43,3,47,80
44,29,82,80
45,50,66,80
46,30,50,80
47,58,95,80
48,82,40,80
49,32,50,80
50,64,98,80
51,89,92,80
52,83,72,80
53,31,85,80
54,93,16,80
55,57,32,80
56,2,11,80
57,38,58,80
58,48,36,80
59,71,81,80
60,74,59,80
61,7,8,80
62,59,27,80
63,67,77,80
64,13,81,80
65,8,41,80
66,34,74,80
67,72,33,80
68,49,51,80
69,23,81,80
1,42,29,81
2,70,40,81
3,93,12,81
4,41,59,81
5,64,50,81
6,37,59,81
7,99,71,81
8,34,88,81
9,70,65,81
10,45,71,81
11,98,8,81
12,7,67,81
13,17,0,81
14,94,90,81
15,98,53,81
16,69,65,81
17,98,48,81
18,49,30,81
19,40,96,81
20,57,14,81
21,84,17,81
22,40,24,81
23,42,59,81
24,44,2,81
25,46,19,81
26,19,3,81
27,54,21,81
28,51,30,81
29,24,16,81
30,9,67,81
31,73,63,81
32,74,38,81
33,56,92,81
34,88,45,81
35,50,89,81
36,13,28,81
37,65,18,81
38,75,19,81
39,94,42,81
40,16,85,81
41,78,78,81
42,23,40,81
43,4,48,81
44,29,81,81
45,50,66,81
46,30,49,81
47,59,95,81
48,81,39,81
49,31,49,81
50,65,99,81
51,89,93,81
52,83,73,81
53,32,85,81
54,93,17,81
55,58,32,81
56,2,11,81
57,38,59,81
58,49,35,81
59,70,82,81
60,73,60,81
61,6,8,81
62,58,27,81
63,68,78,81
64,13,81,81
65,7,40,81
66,35,75,81
67,72,34,81
68,48,52,81
69,23,81,81
1,42,28,82
2,71,41,82
3,93,11,82
4,41,60,82
5,63,50,82
6,38,60,82
7,98,70,82
8,35,88,82
9,71,64,82
10,45,70,82
11,97,7,82
12,6,68,82
13,16,1,82
14,93,90,82
15,97,53,82
16,70,66,82
17,97,49,82
18,50,29,82
19,41,95,82
20,58,13,82
21,83,16,82
22,41,24,82
23,43,58,82
24,45,1,82
25,46,19,82
26,20,4,82
27,54,22,82
28,50,30,82
29,24,15,82
30,8,66,82
31,72,62,82
32,75,38,82
33,56,92,82
34,89,45,82
35,51,89,82
36,12,29,82
37,64,17,82
38,74,18,82
39,95,43,82
40,17,86,82
41,78,78,82
42,23,41,82
43,4,48,82
44,29,82,82
45,49,67,82
46,30,49,82
47,58,95,82
48,82,39,82
49,31,49,82
50,66,98,82
51,90,94,82
52,83,73,82
53,31,84,82
54,93,16,82
55,57,33,82
56,3,12,82
57,39,58,82
58,50,36,82
59,69,81,82
60,73,59,82
61,6,8,82
62,59,27,82
63,68,78,82
64,12,82,82
65,7,40,82
66,34,76,82
67,73,35,82
68,47,51,82
69,22,81,82
1,42,27,83
2,71,40,83
3,94,11,83
4,41,60,83
5,64,50,83
6,38,59,83
7,99,70,83
8,34,88,83
9,71,64,83
10,46,71,83
11,96,6,83
12,5,68,83
13,16,2,83
14,92,90,83
15,97,52,83
16,70,66,83
17,98,49,83
18,49,30,83
19,41,95,83
20,59,13,83
21,84,15,83
22,41,24,83
23,44,57,83
24,44,0,83
25,46,20,83
26,20,4,83
27,53,22,83
28,51,31,83
29,24,16,83
30,9,65,83
31,72,62,83
32,74,38,83
33,55,92,83
34,89,45,83
35,51,89,83
36,11,28,83
37,63,18,83
38,74,19,83
39,96,44,83
40,16,86,83
41,77,79,83
42,23,41,83
43,5,47,83
44,28,83,83
45,50,67,83
46,29,49,83
47,57,95,83
48,83,40,83
49,30,50,83
50,66,97,83
51,89,93,83
52,84,72,83
53,30,84,83
54,93,15,83
55,57,34,83
56,3,11,83
57,38,57,83
58,49,36,83
59,69,82,83
60,74,59,83
61,6,8,83
62,60,28,83
63,67,79,83
64,13,83,83
65,6,40,83
66,33,75,83
67,73,36,83
68,46,51,83
69,21,81,83
1,43,28,84
2,72,39,84
3,95,11,84
4,40,61,84
5,63,49,84
6,38,59,84
7,98,71,84
8,33,89,84
9,72,65,84
10,45,72,84
11,97,6,84
12,4,67,84
13,16,3,84
14,92,89,84
15,96,52,84
16,70,65,84
17,98,49,84
18,49,30,84
19,41,95,84
20,60,13,84
21,85,14,84
22,41,24,84
23,43,58,84
24,44,0,84
25,47,21,84
26,20,3,84
27,54,22,84
28,50,30,84
29,25,15,84
30,8,65,84
31,73,63,84
32,75,37,84
33,54,93,84
34,89,45,84
35,51,90,84
36,11,28,84
37,62,17,84
38,75,18,84
39,97,45,84
40,15,86,84
41,76,80,84
42,24,41,84
43,4,47,84
44,28,82,84
45,51,66,84
46,29,49,84
47,57,95,84
48,82,41,84
49,29,51,84
50,67,96,84
51,90,93,84
52,84,71,84
53,30,84,84
54,94,14,84
55,57,35,84
56,4,10,84
57,39,57,84
58,50,37,84
59,69,83,84
60,74,58,84
61,7,8,84
62,59,27,84
63,66,79,84
64,12,83,84
65,7,39,84
66,34,74,84
67,73,36,84
68,47,51,84
69,22,80,84
1,42,27,85
2,71,39,85
3,96,10,85
4,41,62,85
5,62,49,85
6,39,58,85
7,99,71,85
8,33,88,85
9,72,64,85
10,45,73,85
11,98,5,85
12,3,67,85
13,15,4,85
14,92,90,85
15,97,52,85
16,71,66,85
17,99,48,85
18,50,31,85
19,41,94,85
20,59,13,85
21,84,15,85
22,42,24,85
23,44,58,85
24,45,0,85
25,48,21,85
26,19,4,85
27,53,23,85
28,50,29,85
29,25,16,85
30,8,65,85
31,73,62,85
32,74,36,85
33,55,92,85
34,89,46,85
35,51,90,85
36,11,28,85
37,61,16,85
38,76,18,85
39,96,44,85
40,16,87,85
41,75,80,85
42,23,42,85
43,4,47,85
44,29,83,85
45,52,66,85
46,28,48,85
47,56,96,85
48,82,42,85
49,29,51,85
50,66,95,85
51,90,92,85
52,85,72,85
53,31,85,85
54,95,14,85
55,58,36,85
56,4,10,85
57,39,56,85
58,51,37,85
59,70,82,85
60,75,57,85
61,7,9,85
62,60,27,85
63,67,79,85
64,12,82,85
65,8,40,85
66,33,73,85
67,73,37,85
68,46,52,85
69,23,80,85
1,41,28,86
2,72,39,86
3,95,9,86
4,40,62,86
5,61,50,86
6,39,58,86
7,99,70,86
8,32,89,86
9,71,64,86
10,44,74,86
11,99,5,86
12,3,68,86
13,14,4,86
14,91,89,86
15,97,52,86
16,70,67,86
17,99,47,86
18,49,30,86
19,40,93,86
20,58,13,86
21,83,15,86
22,43,23,86
23,44,57,86
24,44,0,86
25,47,21,86
26,18,3,86
27,52,22,86
28,50,29,86
29,25,15,86
30,7,65,86
31,72,63,86
32,74,35,86
33,54,92,86
34,89,46,86
35,50,91,86
36,10,29,86
37,62,17,86
38,75,17,86
39,95,44,86
40,17,87,86
41,75,80,86
42,24,43,86
43,4,48,86
44,30,84,86
45,51,67,86
46,29,48,86
47,57,97,86
48,82,43,86
49,28,50,86
50,67,95,86
51,91,93,86
52,84,73,86
53,32,86,86
54,94,15,86
55,59,35,86
56,5,11,86
57,40,55,86
58,50,38,86
59,71,82,86
60,76,58,86
61,8,8,86
62,60,27,86
63,68,79,86
64,13,82,86
65,8,41,86
66,32,74,86
67,73,36,86
68,47,53,86
69,24,80,86
1,42,28,87
2,72,39,87
3,94,9,87
4,39,61,87
5,61,49,87
6,39,59,87
7,98,70,87
8,31,89,87
9,70,64,87
10,44,75,87
11,98,5,87
12,3,68,87
13,15,4,87
14,92,88,87
15,97,53,87
16,70,67,87
17,98,48,87
18,50,30,87
19,40,94,87
20,57,12,87
21,84,14,87
22,44,24,87
23,44,56,87
24,44,0,87
25,47,20,87
26,17,4,87
27,52,23,87
28,49,29,87
29,24,16,87
30,7,65,87
31,72,63,87
32,75,36,87
33,55,91,87
34,88,47,87
35,51,90,87
36,11,28,87
37,62,17,87
38,74,17,87
39,94,43,87
40,17,88,87
41,75,80,87
42,23,44,87
43,3,49,87
44,30,83,87
45,52,67,87
46,29,49,87
47,57,97,87
48,81,44,87
49,28,51,87
50,68,94,87
51,92,94,87
52,83,72,87
53,32,86,87
54,94,16,87
55,60,36,87
56,4,10,87
57,40,54,87
58,49,38,87
59,71,82,87
60,76,57,87
61,7,8,87
62,60,26,87
63,69,80,87
64,14,83,87
65,8,42,87
66,32,73,87
67,72,37,87
68,46,52,87
69,23,81,87
1,43,28,88
2,73,38,88
3,95,10,88
4,40,61,88
5,60,48,88
6,40,58,88
7,98,71,88
8,30,90,88
9,69,64,88
10,45,76,88
11,98,4,88
12,4,69,88
13,14,4,88
14,92,89,88
15,96,52,88
16,70,68,88
17,99,49,88
18,51,30,88
19,39,94,88
20,56,11,88
21,85,13,88
22,45,24,88
23,45,56,88
24,44,1,88
25,48,19,88
26,18,3,88
27,53,24,88
28,50,29,88
29,25,15,88
30,7,65,88
31,73,62,88
32,75,37,88
33,55,92,88
34,88,47,88
35,52,89,88
36,11,29,88
37,61,16,88
38,73,16,88
39,93,43,88
40,16,87,88
41,76,81,88
42,23,43,88
43,4,50,88
44,29,83,88
45,52,66,88
46,30,48,88
47,58,96,88
48,81,43,88
49,29,51,88
50,67,95,88
51,92,94,88
52,84,72,88
53,33,87,88
54,93,17,88
55,61,36,88
56,3,9,88
57,41,54,88
58,49,38,88
59,71,81,88
60,76,57,88
61,7,9,88
62,61,26,88
63,69,79,88
64,14,84,88
65,9,42,88
66,31,74,88
67,72,36,88
68,47,53,88
69,24,80,88
1,43,27,89
2,74,38,89
3,94,9,89
4,40,61,89
5,59,49,89
6,41,58,89
7,98,71,89
8,31,90,89
9,70,65,89
10,44,77,89
11,98,3,89
12,5,69,89
13,14,3,89
14,91,90,89
15,95,53,89
16,71,68,89
17,99,50,89
18,51,29,89
19,39,93,89
20,55,10,89
21,85,13,89
22,46,24,89
23,45,55,89
24,45,2,89
25,49,20,89
26,19,2,89
27,53,23,89
28,50,30,89
29,26,15,89
30,6,64,89
31,74,63,89
32,76,38,89
33,54,93,89
34,87,46,89
35,53,88,89
36,12,28,89
37,62,17,89
38,73,17,89
39,94,44,89
40,15,86,89
41,75,80,89
42,24,42,89
43,3,50,89
44,30,82,89
45,52,65,89
46,30,47,89
47,57,97,89
48,81,44,89
49,29,51,89
50,67,95,89
51,93,93,89
52,85,73,89
53,32,86,89
54,92,17,89
55,61,36,89
56,2,10,89
57,42,54,89
58,50,37,89
59,71,80,89
60,75,57,89
61,7,10,89
62,61,25,89
63,69,79,89
64,14,84,89
65,10,42,89
66,30,73,89
67,72,35,89
68,48,52,89
69,24,80,89
1,44,27,90
2,73,38,90
3,93,9,90
4,41,60,90
5,59,49,90
6,42,59,90
7,99,70,90
8,30,89,90
9,69,66,90
10,44,78,90
11,98,3,90
12,6,69,90
13,14,3,90
14,90,90,90
15,94,52,90
16,72,68,90
17,99,50,90
18,50,28,90
19,40,93,90
20,54,9,90
21,85,13,90
22,46,23,90
23,45,56,90
24,46,1,90
25,49,19,90
26,20,1,90
27,54,24,90
28,49,31,90
29,27,15,90
30,6,63,90
31,74,64,90
32,76,38,90
33,53,92,90
34,86,47,90
35,54,87,90
36,13,27,90
37,62,18,90
38,72,18,90
39,93,45,90
40,14,86,90
41,75,81,90
42,25,41,90
43,4,49,90
44,29,82,90
45,53,65,90
46,30,46,90
47,56,97,90
48,82,43,90
49,29,50,90
50,68,95,90
51,94,94,90
52,86,73,90
53,33,87,90
54,92,17,90
55,62,37,90
56,1,10,90
57,42,54,90
58,50,38,90
59,71,81,90
60,76,56,90
61,8,9,90
62,60,26,90
63,69,78,90
64,15,84,90
65,10,42,90
66,30,73,90
67,71,34,90
68,49,52,90
69,23,81,90
1,43,28,91
2,73,37,91
3,92,10,91
4,43,60,91
5,59,50,91
6,43,58,91
7,98,71,91
8,31,88,91
9,70,66,91
10,43,77,91
11,99,2,91
12,5,68,91
13,15,2,91
14,89,89,91
15,94,53,91
16,72,69,91
17,98,50,91
18,50,29,91
19,40,92,91
20,54,9,91
21,84,13,91
22,46,22,91
23,45,57,91
24,45,1,91
25,50,19,91
26,20,0,91
27,53,25,91
28,48,30,91
29,27,14,91
30,5,62,91
31,74,64,91
32,76,37,91
33,52,91,91
34,87,47,91
35,53,86,91
36,14,26,91
37,61,18,91
38,72,18,91
39,92,44,91
40,15,87,91
41,75,81,91
42,24,40,91
43,5,48,91
44,28,83,91
45,52,66,91
46,29,47,91
47,57,97,91
48,81,42,91
49,30,50,91
50,67,94,91
51,95,94,91
52,87,72,91
53,32,88,91
54,93,16,91
55,61,38,91
56,2,10,91
57,41,54,91
58,49,38,91
59,70,80,91
60,77,56,91
61,7,10,91
62,60,27,91
63,70,78,91
64,15,83,91
65,9,42,91
66,31,72,91
67,72,35,91
68,48,52,91
69,23,82,91
1,42,29,92
2,73,37,92
3,93,11,92
4,42,60,92
5,60,50,92
6,44,59,92
7,97,70,92
8,33,87,92
9,70,65,92
10,43,76,92
11,98,1,92
12,4,68,92
13,15,1,92
14,89,88,92
15,93,53,92
16,72,70,92
17,97,49,92
18,51,30,92
19,39,93,92
20,53,9,92
21,85,13,92
22,47,21,92
23,44,57,92
24,45,0,92
25,51,18,92
26,19,1,92
27,53,26,92
28,48,30,92
29,26,13,92
30,6,61,92
31,75,63,92
32,75,37,92
33,53,92,92
34,88,46,92
35,52,85,92
36,15,26,92
37,61,17,92
38,73,17,92
39,93,45,92
40,14,87,92
41,76,80,92
42,24,40,92
43,4,49,92
44,29,82,92
45,51,66,92
46,29,48,92
47,56,98,92
48,82,43,92
49,31,50,92
50,68,93,92
51,95,95,92
52,87,72,92
53,31,89,92
54,94,15,92
55,61,39,92
56,3,9,92
57,42,55,92
58,50,39,92
59,71,80,92
60,78,56,92
61,8,10,92
62,61,27,92
63,69,78,92
64,15,82,92
65,8,41,92
66,31,72,92
67,73,35,92
68,48,53,92
69,23,82,92
1,43,29,93
2,72,37,93
3,93,10,93
4,42,60,93
5,59,49,93
6,45,58,93
7,96,70,93
8,33,87,93
9,71,66,93
10,42,75,93
11,97,2,93
12,4,68,93
13,14,2,93
14,90,88,93
15,94,54,93
16,73,69,93
17,98,48,93
18,52,29,93
19,39,94,93
20,53,9,93
21,85,13,93
22,46,21,93
23,45,57,93
24,44,0,93
25,51,18,93
26,19,2,93
27,52,27,93
28,49,30,93
29,26,13,93
30,7,60,93
31,74,62,93
32,75,36,93
33,52,92,93
34,87,46,93
35,51,86,93
36,15,25,93
37,60,16,93
38,73,18,93
39,92,44,93
40,15,87,93
41,76,79,93
42,24,39,93
43,3,48,93
44,29,82,93
45,52,66,93
46,30,49,93
47,57,97,93
48,81,42,93
49,30,50,93
50,68,94,93
51,94,95,93
52,86,73,93
53,32,90,93
54,93,16,93
55,61,39,93
56,2,10,93
57,42,56,93
58,51,39,93
59,72,79,93
60,78,55,93
61,7,9,93
62,60,27,93
63,70,77,93
64,15,82,93
65,8,41,93
66,31,73,93
67,72,34,93
68,47,52,93
69,22,81,93
1,42,29,94
2,72,38,94
3,94,9,94
4,42,59,94
5,59,49,94
6,46,59,94
7,96,69,94
8,32,88,94
9,71,66,94
10,43,75,94
11,98,3,94
12,4,69,94
13,15,2,94
14,89,88,94
15,94,54,94
16,74,68,94
17,97,49,94
18,52,29,94
19,38,93,94
20,52,10,94
21,84,13,94
22,46,21,94
23,46,58,94
24,45,0,94
25,52,17,94
26,18,1,94
27,53,26,94
28,49,29,94
29,25,14,94
30,7,61,94
31,73,63,94
32,74,37,94
33,52,91,94
34,86,46,94
35,52,87,94
36,16,24,94
37,61,17,94
38,73,18,94
39,91,43,94
40,16,86,94
41,76,78,94
42,24,40,94
43,3,48,94
44,28,82,94
45,51,67,94
46,30,49,94
47,57,96,94
48,82,41,94
49,31,51,94
50,69,93,94
51,95,94,94
52,86,73,94
53,33,90,94
54,92,17,94
55,61,40,94
56,3,9,94
57,43,57,94
58,50,39,94
59,72,78,94
60,78,54,94
61,8,8,94
62,61,27,94
63,70,76,94
64,14,81,94
65,8,42,94
66,32,72,94
67,71,33,94
68,48,51,94
69,22,82,94
1,41,28,95
2,73,39,95
3,95,8,95
4,42,58,95
5,60,48,95
6,47,59,95
7,96,68,95
8,33,87,95
9,70,67,95
10,44,74,95
11,99,4,95
12,3,70,95
13,16,1,95
14,88,88,95
15,95,55,95
16,74,67,95
17,98,48,95
18,53,29,95
19,38,93,95
20,51,9,95
21,85,13,95
22,46,22,95
23,47,57,95
24,45,0,95
25,52,16,95
26,18,1,95
27,54,27,95
28,50,30,95
29,25,13,95
30,8,60,95
31,74,62,95
32,75,36,95
33,51,90,95
34,87,45,95
35,52,88,95
36,16,25,95
37,60,16,95
38,73,17,95
39,92,43,95
40,17,87,95
41,77,79,95
42,23,41,95
43,3,48,95
44,29,81,95
45,51,66,95
46,31,49,95
47,56,96,95
48,81,41,95
49,32,52,95
50,69,92,95
51,94,93,95
52,86,72,95
53,34,90,95
54,93,17,95
55,62,41,95
56,2,8,95
57,42,56,95
58,51,38,95
59,72,78,95
60,78,53,95
61,9,9,95
62,60,27,95
63,71,75,95
64,14,82,95
65,8,41,95
66,33,71,95
67,71,33,95
68,48,51,95
69,23,81,95
1,40,27,96
2,73,38,96
3,96,9,96
4,42,59,96
5,59,48,96
6,47,60,96
7,96,67,96
8,33,86,96
9,70,67,96
10,43,75,96
11,99,5,96
12,3,71,96
13,15,0,96
14,89,88,96
15,96,54,96
16,75,68,96
17,98,49,96
18,52,30,96
19,37,93,96
20,51,8,96
21,86,12,96
22,47,21,96
23,47,58,96
24,46,0,96
25,51,16,96
26,17,2,96
27,55,27,96
28,50,31,96
29,24,13,96
30,8,59,96
31,75,61,96
32,75,35,96
33,50,89,96
34,87,46,96
35,53,89,96
36,17,25,96
37,60,17,96
38,73,18,96
39,93,44,96
40,16,87,96
41,76,80,96
42,22,40,96
43,4,48,96
44,28,80,96
45,50,67,96
46,30,49,96
47,55,95,96
48,81,42,96
49,32,53,96
50,69,93,96
51,95,92,96
52,86,71,96
53,33,89,96
54,92,16,96
55,63,41,96
56,2,9,96
57,41,56,96
58,52,38,96
59,71,78,96
60,78,53,96
61,10,8,96
62,60,28,96
63,71,74,96
64,14,83,96
65,7,40,96
66,32,72,96
67,72,34,96
68,48,50,96
69,23,81,96
1,40,28,97
2,72,37,97
3,96,10,97
4,43,60,97
5,59,49,97
6,46,59,97
7,96,67,97
8,33,87,97
9,69,67,97
10,43,75,97
11,98,4,97
12,2,70,97
13,15,1,97
14,88,87,97
15,96,55,97
16,76,67,97
17,98,50,97
18,52,29,97
19,36,94,97
20,52,8,97
21,86,11,97
22,46,20,97
23,48,59,97
24,45,1,97
25,50,17,97
26,18,3,97
27,55,26,97
28,51,32,97
29,23,14,97
30,9,60,97
31,75,62,97
32,76,34,97
33,50,89,97
34,86,47,97
35,52,89,97
36,16,26,97
37,59,17,97
38,73,18,97
39,93,45,97
40,15,87,97
41,75,80,97
42,21,40,97
43,3,48,97
44,28,79,97
45,49,67,97
46,29,48,97
47,56,95,97
48,82,42,97
49,31,52,97
50,69,93,97
51,94,91,97
52,86,72,97
53,32,88,97
54,91,15,97
55,64,40,97
56,1,9,97
57,40,55,97
58,52,38,97
59,71,79,97
60,78,53,97
61,10,9,97
62,60,27,97
63,71,73,97
64,14,83,97
65,6,40,97
66,32,73,97
67,72,35,97
68,48,49,97
69,24,80,97
1,39,27,98
2,72,38,98
3,95,10,98
4,42,61,98
5,59,49,98
6,45,59,98
7,97,68,98
8,34,88,98
9,68,66,98
10,43,75,98
11,97,4,98
12,1,69,98
13,14,1,98
14,89,86,98
15,97,55,98
16,77,66,98
17,98,51,98
18,52,30,98
19,36,95,98
20,51,8,98
21,86,10,98
22,47,21,98
23,47,58,98
24,45,2,98
25,50,18,98
26,19,3,98
27,56,26,98
28,51,31,98
29,22,14,98
30,10,59,98
31,74,62,98
32,75,35,98
33,50,89,98
34,85,48,98
35,53,89,98
36,16,26,98
37,59,16,98
38,73,19,98
39,93,46,98
40,14,87,98
41,75,79,98
42,21,40,98
43,3,49,98
44,28,78,98
45,49,66,98
46,29,49,98
47,55,94,98
48,81,43,98
49,30,52,98
50,70,93,98
51,93,90,98
52,85,73,98
53,32,87,98
54,90,16,98
55,63,40,98
56,0,10,98
57,40,54,98
58,51,37,98
59,71,79,98
60,77,52,98
61,11,8,98
62,60,26,98
63,70,73,98
64,15,83,98
65,6,40,98
66,31,74,98
67,71,35,98
68,49,48,98
69,24,81,98
1,40,27,99
2,72,39,99
3,94,11,99
4,41,60,99
5,60,49,99
6,44,59,99
7,98,69,99
8,35,87,99
9,69,67,99
10,43,76,99
11,98,3,99
12,1,69,99
13,13,0,99
14,89,85,99
15,97,54,99
16,78,65,99
17,98,50,99
18,52,31,99
19,37,94,99
20,51,7,99
21,87,9,99
22,48,21,99
23,47,58,99
24,45,1,99
25,50,17,99
26,19,4,99
27,56,25,99
28,50,31,99
29,23,13,99
30,10,58,99
31,73,63,99
32,74,36,99
33,51,89,99
34,86,49,99
35,54,90,99
36,15,27,99
37,58,16,99
38,74,20,99
39,94,46,99
40,14,87,99
41,74,80,99
42,20,41,99
43,4,49,99
44,27,79,99
45,50,66,99
46,29,50,99
47,55,95,99
48,81,43,99
49,29,51,99
50,69,94,99
51,93,89,99
52,84,73,99
53,32,87,99
54,91,15,99
55,62,39,99
56,0,11,99
57,39,53,99
58,52,36,99
59,70,78,99
60,76,52,99
61,11,8,99
62,59,25,99
63,70,72,99
64,14,83,99
65,6,40,99
66,30,75,99
67,70,36,99
68,50,48,99
69,24,81,99
1,40,27,100
2,73,40,100
3,94,12,100
4,42,61,100
5,59,49,100
6,45,58,100
7,97,69,100
8,35,86,100
9,69,66,100
10,44,75,100
11,98,2,100
12,0,68,100
13,13,0,100
14,88,84,100
15,98,54,100
16,79,66,100
17,99,51,100
18,53,30,100
19,37,95,100
20,50,6,100
21,87,8,100
22,48,22,100
23,47,57,100
24,44,2,100
25,50,16,100
26,19,4,100
27,56,26,100
28,50,30,100
29,22,14,100
30,9,58,100
31,74,62,100
32,73,35,100
33,52,90,100
34,87,50,100
35,53,90,100
36,16,28,100
37,58,15,100
38,74,19,100
39,95,46,100
40,13,87,100
41,74,79,100
42,20,41,100
43,5,50,100
44,28,80,100
45,51,67,100
46,30,51,100
47,55,95,100
48,81,44,100
49,29,50,100
50,68,93,100
51,94,88,100
52,84,74,100
53,33,86,100
54,92,15,100
55,63,40,100
56,1,10,100
57,39,53,100
58,53,36,100
59,71,77,100
60,77,51,100
61,10,8,100
62,58,26,100
63,69,73,100
64,14,84,100
65,6,41,100
66,30,76,100
67,70,36,100
68,50,49,100
69,24,80,100
