1,75,55,1
2,94,9,1
3,56,63,1
4,90,67,1
5,72,68,1
6,97,11,1
7,95,39,1
8,30,93,1
9,44,47,1
10,17,39,1
11,14,69,1
12,18,57,1
13,48,4,1
14,83,30,1
15,14,17,1
16,6,14,1
17,49,49,1
18,78,0,1
19,94,71,1
20,20,78,1
21,40,83,1
22,94,3,1
23,34,5,1
24,98,76,1
25,56,62,1
26,32,61,1
27,17,42,1
28,79,76,1
29,35,2,1
30,93,2,1
31,92,59,1
32,37,28,1
33,1,77,1
34,91,97,1
35,24,54,1
36,11,13,1
37,25,88,1
38,77,30,1
39,69,25,1
40,93,82,1
41,91,37,1
42,36,77,1
43,32,63,1
44,28,14,1
45,95,22,1
46,45,88,1
47,79,39,1
48,58,27,1
49,31,69,1
50,23,60,1
51,78,30,1
52,40,13,1
53,92,30,1
1,75,54,2
2,93,8,2
3,56,64,2
4,91,67,2
5,73,69,2
6,98,12,2
7,95,39,2
8,30,93,2
9,43,46,2
10,18,39,2
11,13,68,2
12,19,58,2
13,48,3,2
14,82,30,2
15,15,17,2
16,5,13,2
17,50,48,2
18,78,0,2
19,94,72,2
20,19,79,2
21,39,84,2
22,95,4,2
23,35,6,2
24,98,76,2
25,57,62,2
26,32,62,2
27,18,42,2
28,78,75,2
29,34,3,2
30,92,3,2
31,92,58,2
32,36,27,2
33,2,77,2
34,90,97,2
35,24,53,2
36,11,12,2
37,25,88,2
38,78,31,2
39,68,24,2
40,92,82,2
41,91,37,2
42,35,78,2
43,33,62,2
44,28,14,2
45,96,22,2
46,46,87,2
47,79,40,2
48,57,28,2
49,30,68,2
50,22,59,2
51,78,30,2
52,40,12,2
53,92,30,2
1,74,55,3
2,92,9,3
3,55,64,3
4,91,68,3
5,73,69,3
6,99,12,3
7,96,38,3
8,30,94,3
9,43,45,3
10,17,39,3
11,14,69,3
12,19,58,3
13,47,3,3
14,83,30,3
15,15,17,3
16,5,12,3
17,49,48,3
18,78,1,3
19,94,71,3
20,20,78,3
21,40,84,3
22,95,5,3
23,35,5,3
24,99,77,3
25,58,63,3
26,31,62,3
27,19,43,3
28,77,75,3
29,35,2,3
30,93,3,3
31,91,59,3
32,35,27,3
33,2,76,3
34,91,96,3
35,23,53,3
36,11,12,3
37,25,87,3
38,77,32,3
39,68,23,3
40,93,82,3
41,90,36,3
42,34,77,3
43,34,63,3
44,28,13,3
45,97,21,3
46,46,87,3
47,80,41,3
48,58,27,3
49,31,68,3
50,21,58,3
51,79,29,3
52,41,11,3
53,91,30,3
1,74,56,4
2,93,9,4
3,55,65,4
4,92,68,4
5,74,68,4
6,99,11,4
7,96,39,4
8,31,94,4
9,44,44,4
10,18,38,4
11,13,69,4
12,20,59,4
13,46,3,4
14,82,30,4
15,15,18,4
16,6,11,4
17,50,47,4
18,77,2,4
19,95,71,4
20,21,77,4
21,41,83,4
22,94,4,4
23,34,6,4
24,99,77,4
25,57,62,4
26,31,61,4
27,18,44,4
28,78,74,4
29,36,3,4
30,95,4,4
31,92,59,4
32,34,27,4
33,2,75,4
34,90,96,4
35,23,54,4
36,12,12,4
37,26,88,4
38,76,33,4
39,68,24,4
40,94,83,4
41,89,37,4
42,33,76,4
43,35,63,4
44,29,12,4
45,96,21,4
46,47,88,4
47,80,42,4
48,58,28,4
49,30,69,4
50,21,57,4
51,78,29,4
52,42,12,4
53,91,29,4
1,75,57,5
2,93,8,5
3,54,66,5
4,92,69,5
5,74,68,5
6,99,12,5
7,97,40,5
8,30,95,5
9,45,43,5
10,18,39,5
11,12,70,5
12,20,60,5
13,46,4,5
14,81,30,5
15,14,18,5
16,7,12,5
17,51,48,5
18,76,2,5
19,96,70,5
20,20,77,5
21,42,82,5
22,93,4,5
23,35,6,5
24,98,76,5
25,57,61,5
26,31,62,5
27,17,44,5
28,79,73,5
29,36,4,5
30,96,5,5
31,93,60,5
32,34,28,5
33,3,75,5
34,89,96,5
35,24,53,5
36,11,12,5
37,25,87,5
38,76,34,5
39,69,25,5
40,94,82,5
41,90,36,5
42,33,77,5
43,35,62,5
44,28,11,5
45,95,20,5
46,47,88,5
47,79,41,5
48,59,27,5
49,30,69,5
50,22,57,5
51,77,28,5
52,41,11,5
53,90,30,5
1,76,57,6
2,93,8,6
3,54,67,6
4,93,68,6
5,73,67,6
6,98,13,6
7,96,41,6
8,31,94,6
9,45,42,6
10,17,40,6
11,11,69,6
12,19,61,6
13,45,3,6
14,82,31,6
15,13,18,6
16,8,11,6
17,52,48,6
18,76,2,6
19,95,70,6
20,19,77,6
21,41,82,6
22,92,5,6
23,35,6,6
24,98,75,6
25,58,60,6
26,31,62,6
27,18,44,6
28,79,74,6
29,37,4,6
30,95,5,6
31,92,61,6
32,34,29,6
33,4,75,6
34,88,96,6
35,25,54,6
36,12,11,6
37,25,87,6
38,75,33,6
39,68,25,6
40,95,82,6
41,90,37,6
42,32,78,6
43,36,61,6
44,28,12,6
45,94,21,6
46,48,89,6
47,78,41,6
48,59,28,6
49,30,69,6
50,23,56,6
51,76,29,6
52,42,10,6
53,91,29,6
1,76,57,7
2,92,7,7
3,55,66,7
4,92,67,7
5,73,66,7
6,97,12,7
7,95,41,7
8,31,95,7
9,44,43,7
10,16,39,7
11,12,70,7
12,20,60,7
13,45,4,7
14,83,32,7
15,14,17,7
16,7,12,7
17,51,47,7
18,76,3,7
19,96,69,7
20,20,78,7
21,41,82,7
22,92,5,7
23,34,5,7
24,97,75,7
25,59,61,7
26,30,61,7
27,19,43,7
28,79,75,7
29,36,4,7
30,96,4,7
31,93,62,7
32,34,28,7
33,3,76,7
34,89,95,7
35,26,54,7
36,12,12,7
37,24,88,7
38,74,33,7
39,67,24,7
40,96,82,7
41,91,37,7
42,33,78,7
43,37,61,7
44,28,11,7
45,94,21,7
46,47,89,7
47,79,41,7
48,59,29,7
49,29,68,7
50,23,55,7
51,77,30,7
52,42,9,7
53,91,29,7
1,75,58,8
2,91,8,8
3,54,66,8
4,91,68,8
5,72,67,8
6,98,11,8
7,94,40,8
8,31,95,8
9,43,43,8
10,16,40,8
11,13,71,8
12,19,59,8
13,44,5,8
14,83,31,8
15,15,18,8
16,6,13,8
17,52,46,8
18,77,4,8
19,95,68,8
20,21,79,8
21,40,83,8
22,91,6,8
23,35,6,8
24,97,74,8
25,60,61,8
26,29,61,8
27,20,42,8
28,78,75,8
29,37,5,8
30,95,4,8
31,93,61,8
32,33,28,8
33,2,77,8
34,88,95,8
35,26,55,8
36,13,12,8
37,23,89,8
38,74,34,8
39,67,24,8
40,97,83,8
41,90,38,8
42,33,78,8
43,36,62,8
44,29,11,8
45,93,20,8
46,46,89,8
47,78,42,8
48,58,28,8
49,30,69,8
50,24,56,8
51,76,29,8
52,41,8,8
53,92,29,8
1,76,59,9
2,92,7,9
3,54,67,9
4,90,69,9
5,72,66,9
6,97,11,9
7,93,41,9
8,30,96,9
9,44,42,9
10,17,40,9
11,14,71,9
12,18,59,9
13,44,6,9
14,83,31,9
15,15,19,9
16,7,13,9
17,51,47,9
18,76,4,9
19,94,69,9
20,20,78,9
21,41,84,9
22,90,5,9
23,36,6,9
24,96,73,9
25,61,62,9
26,30,62,9
27,20,42,9
28,78,75,9
29,38,5,9
30,94,4,9
31,92,60,9
32,34,28,9
33,3,77,9
34,89,96,9
35,26,55,9
36,14,11,9
37,22,88,9
38,74,33,9
39,66,24,9
40,96,82,9
41,91,38,9
42,34,78,9
43,37,63,9
44,29,10,9
45,94,20,9
46,46,88,9
47,79,41,9
48,59,29,9
49,31,68,9
50,23,56,9
51,77,28,9
52,42,8,9
53,93,28,9
1,76,59,10
2,91,6,10
3,55,66,10
4,91,69,10
5,71,66,10
6,98,10,10
7,93,40,10
8,31,97,10
9,45,42,10
10,16,41,10
11,13,72,10
12,17,59,10
13,45,5,10
14,82,30,10
15,14,20,10
16,8,13,10
17,50,46,10
18,76,3,10
19,93,69,10
20,20,77,10
21,40,85,10
22,91,5,10
23,36,5,10
24,97,72,10
25,61,62,10
26,29,63,10
27,19,43,10
28,79,74,10
29,39,6,10
30,93,5,10
31,91,61,10
32,33,28,10
33,2,77,10
34,90,97,10
35,27,56,10
36,15,12,10
37,22,89,10
38,73,33,10
39,67,24,10
40,96,81,10
41,90,39,10
42,34,77,10
43,38,62,10
44,28,11,10
45,93,20,10
46,46,87,10
47,79,41,10
48,59,28,10
49,32,69,10
50,22,56,10
51,77,29,10
52,43,8,10
53,92,28,10
1,77,58,11
2,90,5,11
3,54,66,11
4,90,68,11
5,72,67,11
6,98,9,11
7,93,41,11
8,32,98,11
9,46,43,11
10,15,42,11
11,14,71,11
12,18,58,11
13,45,4,11
14,81,30,11
15,15,20,11
16,7,14,11
17,50,46,11
18,75,2,11
19,94,70,11
20,21,76,11
21,40,85,11
22,92,6,11
23,37,5,11
24,97,72,11
25,60,62,11
26,29,64,11
27,19,43,11
28,79,75,11
29,40,6,11
30,94,6,11
31,91,60,11
32,33,27,11
33,2,77,11
34,90,98,11
35,27,57,11
36,14,11,11
37,22,90,11
38,72,34,11
39,68,24,11
40,96,80,11
41,89,39,11
42,35,77,11
43,39,63,11
44,28,11,11
45,93,20,11
46,45,86,11
47,80,40,11
48,58,27,11
49,32,70,11
50,22,57,11
51,77,29,11
52,44,7,11
53,93,27,11
1,78,59,12
2,91,4,12
3,54,67,12
4,89,67,12
5,71,67,12
6,98,10,12
7,94,40,12
8,31,99,12
9,45,43,12
10,15,43,12
11,15,70,12
12,18,57,12
13,46,5,12
14,81,29,12
15,15,19,12
16,7,14,12
17,51,47,12
18,74,3,12
19,94,70,12
20,20,75,12
21,40,84,12
22,91,7,12
23,38,6,12
24,96,73,12
25,61,61,12
26,28,65,12
27,19,42,12
28,79,75,12
29,40,7,12
30,95,7,12
31,92,61,12
32,33,26,12
33,3,77,12
34,90,98,12
35,26,58,12
36,14,11,12
37,23,89,12
38,72,35,12
39,69,24,12
40,95,80,12
41,90,40,12
42,34,77,12
43,38,64,12
44,27,10,12
45,92,21,12
46,44,87,12
47,81,40,12
48,58,26,12
49,31,70,12
50,21,57,12
51,77,30,12
52,44,6,12
53,93,26,12
1,78,59,13
2,90,4,13
3,55,67,13
4,89,68,13
5,71,66,13
6,98,9,13
7,93,40,13
8,30,98,13
9,45,43,13
10,15,44,13
11,15,71,13
12,19,56,13
13,46,6,13
14,82,29,13
15,16,20,13
16,6,13,13
17,52,47,13
18,74,4,13
19,93,69,13
20,19,74,13
21,39,83,13
22,90,6,13
23,37,7,13
24,95,72,13
25,60,61,13
26,27,65,13
27,18,42,13
28,80,76,13
29,39,8,13
30,95,6,13
31,93,62,13
32,33,25,13
33,4,77,13
34,89,98,13
35,25,57,13
36,13,12,13
37,23,89,13
38,73,35,13
39,70,25,13
40,94,81,13
41,89,39,13
42,35,78,13
43,37,64,13
44,27,9,13
45,93,21,13
46,45,88,13
47,82,41,13
48,59,27,13
49,31,70,13
50,22,57,13
51,76,31,13
52,44,6,13
53,93,27,13
1,77,60,14
2,89,4,14
3,55,66,14
4,89,69,14
5,71,67,14
6,99,10,14
7,93,39,14
8,29,99,14
9,44,44,14
10,15,44,14
11,16,72,14
12,18,55,14
13,45,7,14
14,83,28,14
15,15,20,14
16,7,13,14
17,51,48,14
18,74,4,14
19,94,68,14
20,19,75,14
21,39,83,14
22,91,6,14
23,36,6,14
24,94,72,14
25,59,62,14
26,26,66,14
27,18,42,14
28,80,77,14
29,39,8,14
30,96,5,14
31,92,61,14
32,33,24,14
33,5,77,14
34,90,98,14
35,25,56,14
36,12,11,14
37,24,88,14
38,74,34,14
39,69,26,14
40,94,80,14
41,88,38,14
42,36,77,14
43,38,65,14
44,28,9,14
45,94,21,14
46,45,89,14
47,82,42,14
48,60,27,14
49,32,69,14
50,21,58,14
51,77,31,14
52,45,6,14
53,94,26,14
1,78,59,15
2,89,4,15
3,54,66,15
4,88,70,15
5,70,66,15
6,99,9,15
7,93,38,15
8,28,98,15
9,44,45,15
10,15,43,15
11,16,72,15
12,18,55,15
13,44,7,15
14,82,29,15
15,14,19,15
16,6,13,15
17,50,47,15
18,73,5,15
19,95,68,15
20,18,75,15
21,38,84,15
22,91,7,15
23,35,6,15
24,94,71,15
25,60,62,15
26,25,66,15
27,17,42,15
28,80,76,15
29,40,7,15
30,97,6,15
31,92,62,15
32,32,25,15
33,4,77,15
34,89,98,15
35,24,57,15
36,11,12,15
37,23,88,15
38,75,34,15
39,68,25,15
40,93,79,15
41,87,37,15
42,37,77,15
43,39,65,15
44,27,8,15
45,94,20,15
46,45,90,15
47,83,43,15
48,61,26,15
49,33,70,15
50,21,59,15
51,77,31,15
52,43,8,15
53,95,25,15
1,78,60,16
2,89,3,16
3,53,67,16
4,89,71,16
5,71,67,16
6,98,8,16
7,92,39,16
8,28,99,16
9,44,45,16
10,14,43,16
11,17,72,16
12,17,55,16
13,44,7,16
14,81,28,16
15,14,20,16
16,5,14,16
17,49,48,16
18,73,6,16
19,95,69,16
20,19,76,16
21,39,85,16
22,92,7,16
23,36,6,16
24,95,71,16
25,59,61,16
26,26,66,16
27,16,41,16
28,80,75,16
29,40,8,16
30,96,6,16
31,92,62,16
32,31,25,16
33,4,76,16
34,88,99,16
35,24,58,16
36,12,13,16
37,24,88,16
38,76,33,16
39,68,26,16
40,92,80,16
41,88,38,16
42,38,78,16
43,40,65,16
44,28,9,16
45,95,20,16
46,44,91,16
47,83,44,16
48,62,27,16
49,32,70,16
50,21,59,16
51,76,30,16
52,42,7,16
53,96,24,16
1,79,61,17
2,88,4,17
3,54,68,17
4,89,71,17
5,72,68,17
6,97,8,17
7,93,38,17
8,29,99,17
9,45,45,17
10,14,42,17
11,17,73,17
12,16,54,17
13,44,7,17
14,80,29,17
15,13,19,17
16,5,15,17
17,48,48,17
18,73,5,17
19,96,69,17
20,18,77,17
21,40,85,17
22,93,8,17
23,36,7,17
24,95,72,17
25,58,61,17
26,26,65,17
27,16,40,17
28,79,75,17
29,41,7,17
30,97,5,17
31,91,62,17
32,32,25,17
33,4,77,17
34,87,99,17
35,25,58,17
36,11,12,17
37,23,89,17
38,77,33,17
39,68,25,17
40,93,79,17
41,87,37,17
42,37,77,17
43,41,65,17
44,28,10,17
45,94,21,17
46,43,90,17
47,82,43,17
48,63,28,17
49,33,70,17
50,21,59,17
51,77,31,17
52,42,7,17
53,95,23,17
1,80,61,18
2,88,3,18
3,55,68,18
4,89,71,18
5,72,67,18
6,96,8,18
7,93,39,18
8,30,98,18
9,45,46,18
10,13,41,18
11,18,72,18
12,16,54,18
13,43,7,18
14,81,29,18
15,14,18,18
16,6,14,18
17,49,49,18
18,74,4,18
19,96,68,18
20,18,76,18
21,41,86,18
22,94,8,18
23,36,8,18
24,96,71,18
25,58,60,18
26,25,66,18
27,16,41,18
28,79,76,18
29,42,6,18
30,96,6,18
31,92,61,18
32,33,25,18
33,5,78,18
34,87,99,18
35,24,58,18
36,10,11,18
37,23,90,18
38,78,32,18
39,68,25,18
40,92,78,18
41,86,36,18
42,38,77,18
43,42,65,18
44,27,9,18
45,93,22,18
46,42,89,18
47,82,44,18
48,63,28,18
49,33,71,18
50,21,60,18
51,78,31,18
52,41,6,18
53,94,23,18
1,80,62,19
2,89,2,19
3,56,68,19
4,88,71,19
5,73,68,19
6,96,9,19
7,93,39,19
8,31,99,19
9,45,46,19
10,14,42,19
11,17,73,19
12,16,54,19
13,44,6,19
14,81,30,19
15,13,18,19
16,7,14,19
17,48,48,19
18,73,5,19
19,95,69,19
20,18,75,19
21,42,85,19
22,94,7,19
23,37,8,19
24,95,71,19
25,57,61,19
26,25,66,19
27,17,40,19
28,79,75,19
29,43,6,19
30,96,6,19
31,92,60,19
32,33,25,19
33,4,77,19
34,87,98,19
35,25,58,19
36,9,11,19
37,24,91,19
38,79,32,19
39,69,25,19
40,92,78,19
41,86,36,19
42,39,77,19
43,41,66,19
44,27,9,19
45,94,22,19
46,41,90,19
47,83,43,19
48,62,28,19
49,32,71,19
50,22,61,19
51,77,31,19
52,40,7,19
53,93,22,19
1,79,62,20
2,89,3,20
3,57,69,20
4,88,70,20
5,72,68,20
6,95,10,20
7,92,38,20
8,31,99,20
9,46,45,20
10,14,42,20
11,16,72,20
12,16,54,20
13,44,7,20
14,82,31,20
15,14,18,20
16,8,14,20
17,47,47,20
18,72,6,20
19,96,70,20
20,19,76,20
21,41,85,20
22,94,6,20
23,38,8,20
24,95,72,20
25,57,60,20
26,24,65,20
27,16,39,20
28,79,75,20
29,44,6,20
30,95,6,20
31,92,59,20
32,34,24,20
33,4,77,20
34,88,97,20
35,26,59,20
36,9,10,20
37,25,92,20
38,80,32,20
39,70,24,20
40,92,77,20
41,87,36,20
42,38,77,20
43,41,66,20
44,26,8,20
45,95,21,20
46,40,89,20
47,82,42,20
48,63,28,20
49,31,72,20
50,23,60,20
51,76,30,20
52,40,7,20
53,93,23,20
1,78,62,21
2,90,2,21
3,58,68,21
4,89,70,21
5,72,68,21
6,94,11,21
7,91,39,21
8,30,98,21
9,47,45,21
10,14,42,21
11,15,72,21
12,16,54,21
13,44,8,21
14,83,32,21
15,13,19,21
16,7,13,21
17,48,46,21
18,71,6,21
19,95,71,21
20,18,77,21
21,40,86,21
22,95,7,21
23,39,7,21
24,96,72,21
25,58,60,21
26,25,64,21
27,16,40,21
28,80,76,21
29,43,6,21
30,95,5,21
31,92,59,21
32,33,23,21
33,4,76,21
34,89,98,21
35,26,59,21
36,8,11,21
37,24,93,21
38,81,32,21
39,71,24,21
40,92,77,21
41,87,36,21
42,39,76,21
43,41,67,21
44,25,8,21
45,95,22,21
46,41,89,21
47,82,43,21
48,62,29,21
49,30,73,21
50,24,61,21
51,75,31,21
52,40,6,21
53,92,24,21
1,79,63,22
2,89,1,22
3,58,69,22
4,90,70,22
5,73,68,22
6,93,10,22
7,91,40,22
8,31,98,22
9,48,45,22
10,13,41,22
11,16,73,22
12,16,53,22
13,43,7,22
14,84,31,22
15,13,19,22
16,6,12,22
17,49,45,22
18,71,5,22
19,94,71,22
20,17,77,22
21,41,86,22
22,96,8,22
23,39,8,22
24,96,72,22
25,58,59,22
26,25,65,22
27,17,41,22
28,80,77,22
29,42,6,22
30,94,5,22
31,92,59,22
32,33,22,22
33,3,76,22
34,90,99,22
35,27,59,22
36,7,10,22
37,23,92,22
38,82,33,22
39,70,24,22
40,92,77,22
41,86,35,22
42,38,76,22
43,42,67,22
44,25,8,22
45,96,23,22
46,42,88,22
47,83,43,22
48,62,28,22
49,29,73,22
50,23,60,22
51,76,30,22
52,39,5,22
53,91,24,22
1,79,62,23
2,89,1,23
3,58,70,23
4,91,70,23
5,72,69,23
6,94,9,23
7,92,41,23
8,30,98,23
9,48,44,23
10,14,42,23
11,17,74,23
12,15,52,23
13,44,6,23
14,83,30,23
15,13,20,23
16,6,13,23
17,49,45,23
18,70,5,23
19,95,72,23
20,16,77,23
21,40,86,23
22,97,9,23
23,38,7,23
24,95,73,23
25,57,58,23
26,25,65,23
27,17,42,23
28,81,78,23
29,43,6,23
30,93,4,23
31,92,60,23
32,32,21,23
33,3,77,23
34,91,98,23
35,27,58,23
36,6,11,23
37,24,92,23
38,83,33,23
39,69,25,23
40,91,77,23
41,86,36,23
42,37,77,23
43,43,67,23
44,26,7,23
45,95,22,23
46,43,87,23
47,84,43,23
48,63,28,23
49,28,72,23
50,24,60,23
51,76,30,23
52,39,5,23
53,91,24,23
1,78,62,24
2,88,2,24
3,57,71,24
4,91,69,24
5,72,70,24
6,95,8,24
7,93,42,24
8,29,97,24
9,49,43,24
10,13,41,24
11,18,73,24
12,14,53,24
13,45,7,24
14,83,30,24
15,12,21,24
16,7,14,24
17,49,46,24
18,69,5,24
19,94,71,24
20,16,78,24
21,39,85,24
22,96,9,24
23,37,7,24
24,96,73,24
25,58,57,24
26,25,64,24
27,17,43,24
28,80,78,24
29,44,5,24
30,92,4,24
31,92,59,24
32,31,21,24
33,2,77,24
34,91,98,24
35,27,59,24
36,6,12,24
37,24,91,24
38,84,32,24
39,68,26,24
40,92,78,24
41,86,37,24
42,37,77,24
43,44,68,24
44,26,8,24
45,96,22,24
46,42,86,24
47,84,42,24
48,63,28,24
49,29,72,24
50,24,61,24
51,76,29,24
52,39,4,24
53,90,25,24
1,78,63,25
2,87,1,25
3,57,70,25
4,90,68,25
5,72,70,25
6,94,9,25
7,92,43,25
8,29,98,25
9,50,44,25
10,12,42,25
11,18,73,25
12,13,52,25
13,44,7,25
14,84,30,25
15,13,20,25
16,6,13,25
17,49,45,25
18,68,4,25
19,94,72,25
20,15,77,25
21,38,86,25
22,95,9,25
23,37,7,25
24,97,73,25
25,57,57,25
26,25,64,25
27,17,43,25
28,80,78,25
29,44,6,25
30,92,5,25
31,92,58,25
32,32,22,25
33,3,76,25
34,90,99,25
35,28,58,25
36,7,12,25
37,25,92,25
38,84,31,25
39,67,25,25
40,93,78,25
41,86,36,25
42,38,76,25
43,45,68,25
44,27,7,25
45,95,21,25
46,41,87,25
47,83,43,25
48,64,29,25
49,29,73,25
50,23,61,25
51,76,29,25
52,39,4,25
53,91,24,25
1,78,62,26
2,88,1,26
3,58,69,26
4,89,68,26
5,72,71,26
6,94,10,26
7,93,42,26
8,29,99,26
9,50,45,26
10,11,41,26
11,17,72,26
12,12,51,26
13,45,8,26
14,84,29,26
15,13,20,26
16,5,14,26
17,48,44,26
18,69,4,26
19,93,72,26
20,15,76,26
21,39,85,26
22,95,8,26
23,37,6,26
24,98,73,26
25,56,58,26
26,24,64,26
27,16,42,26
28,79,78,26
29,43,5,26
30,91,5,26
31,91,59,26
32,31,23,26
33,2,75,26
34,90,98,26
35,28,59,26
36,7,11,26
37,25,93,26
38,85,32,26
39,67,25,26
40,94,77,26
41,86,35,26
42,37,77,26
43,45,67,26
44,28,6,26
45,95,22,26
46,42,87,26
47,82,44,26
48,63,30,26
49,28,72,26
50,24,60,26
51,77,28,26
52,39,3,26
53,91,25,26
1,77,63,27
2,87,2,27
3,57,68,27
4,90,68,27
5,72,70,27
6,95,9,27
7,92,43,27
8,29,98,27
9,49,46,27
10,10,40,27
11,16,73,27
12,11,51,27
13,45,8,27
14,83,28,27
15,14,21,27
16,4,15,27
17,47,44,27
18,68,4,27
19,93,73,27
20,15,77,27
21,39,84,27
22,96,9,27
23,38,6,27
24,97,74,27
25,55,57,27
26,24,65,27
27,15,42,27
28,78,78,27
29,44,4,27
30,91,5,27
31,91,60,27
32,32,23,27
33,1,75,27
34,90,98,27
35,29,60,27
36,6,12,27
37,24,94,27
38,85,33,27
39,67,26,27
40,93,78,27
41,85,36,27
42,37,78,27
43,46,67,27
44,29,6,27
45,95,23,27
46,43,88,27
47,81,44,27
48,64,30,27
49,28,71,27
50,23,59,27
51,77,29,27
52,40,4,27
53,90,25,27
1,76,64,28
2,88,1,28
3,58,68,28
4,89,67,28
5,72,71,28
6,95,9,28
7,91,42,28
8,30,98,28
9,49,45,28
10,9,41,28
11,15,72,28
12,10,50,28
13,44,8,28
14,82,27,28
15,13,20,28
16,4,14,28
17,48,43,28
18,69,4,28
19,93,74,28
20,15,77,28
21,40,84,28
22,96,8,28
23,39,5,28
24,97,74,28
25,54,56,28
26,24,65,28
27,15,41,28
28,77,78,28
29,43,5,28
30,90,4,28
31,92,59,28
32,31,24,28
33,0,74,28
34,91,98,28
35,29,61,28
36,7,11,28
37,23,93,28
38,85,32,28
39,68,27,28
40,92,79,28
41,85,35,28
42,38,77,28
43,46,66,28
44,29,5,28
45,94,22,28
46,43,89,28
47,81,45,28
48,63,30,28
49,27,70,28
50,22,60,28
51,76,29,28
52,41,4,28
53,89,26,28
1,76,65,29
2,89,0,29
3,57,69,29
4,89,66,29
5,72,71,29
6,94,10,29
7,92,42,29
8,31,98,29
9,49,45,29
10,8,42,29
11,14,72,29
12,11,49,29
13,43,9,29
14,83,26,29
15,12,21,29
16,3,13,29
17,47,43,29
18,68,4,29
19,92,73,29
20,15,76,29
21,41,85,29
22,95,7,29
23,39,5,29
24,97,73,29
25,55,55,29
26,24,65,29
27,16,41,29
28,77,79,29
29,43,4,29
30,91,4,29
31,92,58,29
32,32,25,29
33,1,73,29
34,90,99,29
35,30,60,29
36,6,10,29
37,24,93,29
38,86,31,29
39,68,26,29
40,92,78,29
41,86,36,29
42,37,76,29
43,46,66,29
44,30,4,29
45,94,23,29
46,43,90,29
47,80,46,29
48,63,31,29
49,27,70,29
50,22,59,29
51,75,29,29
52,42,4,29
53,88,27,29
1,76,66,30
2,88,1,30
3,56,69,30
4,89,67,30
5,72,70,30
6,95,10,30
7,92,42,30
8,30,98,30
9,50,45,30
10,9,42,30
11,13,71,30
12,11,48,30
13,44,9,30
14,84,25,30
15,11,20,30
16,2,14,30
17,48,42,30
18,67,4,30
19,91,72,30
20,14,75,30
21,40,85,30
22,96,6,30
23,38,6,30
24,98,74,30
25,56,56,30
26,24,65,30
27,17,41,30
28,76,80,30
29,43,5,30
30,90,5,30
31,93,57,30
32,31,24,30
33,2,72,30
34,90,98,30
35,30,59,30
36,5,11,30
37,24,92,30
38,87,32,30
39,68,25,30
40,91,79,30
41,85,37,30
42,36,77,30
43,45,67,30
44,30,5,30
45,95,23,30
46,44,90,30
47,81,45,30
48,62,31,30
49,26,69,30
50,22,59,30
51,76,28,30
52,41,5,30
53,88,28,30
1,75,67,31
2,89,1,31
3,57,68,31
4,90,68,31
5,72,71,31
6,95,9,31
7,93,42,31
8,30,99,31
9,50,44,31
10,8,41,31
11,13,70,31
12,10,48,31
13,44,10,31
14,83,24,31
15,11,21,31
16,1,14,31
17,48,42,31
18,68,4,31
19,92,71,31
20,15,75,31
21,40,86,31
22,95,6,31
23,37,5,31
24,97,73,31
25,57,57,31
26,23,65,31
27,17,42,31
28,76,80,31
29,44,6,31
30,91,6,31
31,94,58,31
32,30,24,31
33,1,72,31
34,91,99,31
35,31,58,31
36,4,11,31
37,25,92,31
38,86,32,31
39,67,24,31
40,91,80,31
41,86,36,31
42,36,78,31
43,46,66,31
44,29,5,31
45,95,23,31
46,44,91,31
47,80,45,31
48,61,31,31
49,27,68,31
50,21,59,31
51,76,28,31
52,42,6,31
53,88,28,31
1,74,68,32
2,88,2,32
3,58,69,32
4,90,69,32
5,72,72,32
6,95,8,32
7,92,41,32
8,29,98,32
9,50,44,32
10,9,41,32
11,12,70,32
12,11,48,32
13,44,10,32
14,82,25,32
15,11,20,32
16,0,14,32
17,48,43,32
18,67,5,32
19,92,72,32
20,15,75,32
21,41,87,32
22,94,6,32
23,36,6,32
24,98,74,32
25,58,56,32
26,23,65,32
27,16,42,32
28,77,80,32
29,44,6,32
30,92,6,32
31,94,58,32
32,29,23,32
33,1,73,32
34,91,99,32
35,30,57,32
36,3,10,32
37,24,91,32
38,87,33,32
39,66,24,32
40,90,81,32
41,87,36,32
42,37,79,32
43,47,67,32
44,29,4,32
45,95,22,32
46,43,91,32
47,79,45,32
48,62,30,32
49,28,68,32
50,22,59,32
51,77,29,32
52,42,7,32
53,87,27,32
1,73,69,33
2,87,1,33
3,58,68,33
4,90,70,33
5,72,73,33
6,94,7,33
7,93,42,33
8,28,99,33
9,49,44,33
10,9,42,33
11,11,69,33
12,12,47,33
13,43,9,33
14,81,26,33
15,11,21,33
16,0,13,33
17,48,43,33
18,68,6,33
19,92,73,33
20,14,76,33
21,41,88,33
22,93,7,33
23,36,5,33
24,99,74,33
25,58,55,33
26,22,64,33
27,17,41,33
28,77,79,33
29,45,5,33
30,93,6,33
31,94,58,33
32,29,22,33
33,0,72,33
34,91,99,33
35,31,57,33
36,4,10,33
37,23,90,33
38,86,32,33
39,65,23,33
40,89,80,33
41,88,35,33
42,38,80,33
43,46,67,33
44,28,3,33
45,95,22,33
46,43,90,33
47,78,44,33
48,61,29,33
49,29,68,33
50,21,58,33
51,76,28,33
52,42,7,33
53,88,26,33
1,73,70,34
2,87,2,34
3,58,68,34
4,89,69,34
5,72,74,34
6,94,7,34
7,94,41,34
8,27,98,34
9,48,44,34
10,8,41,34
11,12,69,34
12,11,48,34
13,43,9,34
14,82,27,34
15,10,20,34
16,1,12,34
17,49,44,34
18,68,7,34
19,92,73,34
20,15,77,34
21,41,88,34
22,92,6,34
23,36,6,34
24,99,75,34
25,59,55,34
26,22,64,34
27,17,42,34
28,77,79,34
29,45,6,34
30,93,7,34
31,93,57,34
32,29,23,34
33,0,73,34
34,91,98,34
35,30,56,34
36,3,10,34
37,22,89,34
38,87,31,34
39,65,24,34
40,89,81,34
41,88,36,34
42,38,80,34
43,46,66,34
44,28,2,34
45,95,22,34
46,44,91,34
47,78,44,34
48,60,29,34
49,29,69,34
50,22,57,34
51,75,29,34
52,41,8,34
53,89,27,34
1,73,70,35
2,88,1,35
3,57,67,35
4,88,70,35
5,71,75,35
6,94,7,35
7,94,41,35
8,26,98,35
9,48,43,35
10,8,41,35
11,13,70,35
12,10,49,35
13,44,8,35
14,83,28,35
15,11,19,35
16,2,11,35
17,49,44,35
18,69,7,35
19,92,73,35
20,14,77,35
21,40,88,35
22,92,7,35
23,37,7,35
24,99,74,35
25,58,55,35
26,22,64,35
27,17,41,35
28,77,79,35
29,44,6,35
30,92,8,35
31,94,58,35
32,30,24,35
33,0,74,35
34,92,98,35
35,29,55,35
36,2,9,35
37,22,89,35
38,87,30,35
39,64,24,35
40,90,82,35
41,89,36,35
42,39,80,35
43,47,67,35
44,28,2,35
45,96,23,35
46,43,91,35
47,79,45,35
48,59,28,35
49,29,68,35
50,22,58,35
51,76,30,35
52,41,8,35
53,90,26,35
1,73,70,36
2,89,2,36
3,58,66,36
4,87,71,36
5,71,75,36
6,94,8,36
7,95,40,36
8,26,98,36
9,48,43,36
10,8,40,36
11,12,71,36
12,11,49,36
13,44,7,36
14,83,28,36
15,11,20,36
16,3,11,36
17,50,43,36
18,69,8,36
19,91,73,36
20,13,76,36
21,39,87,36
22,93,7,36
23,36,8,36
24,98,73,36
25,59,54,36
26,23,63,36
27,16,42,36
28,77,80,36
29,43,5,36
30,91,8,36
31,94,57,36
32,30,24,36
33,1,74,36
34,91,97,36
35,29,55,36
36,1,8,36
37,21,90,36
38,86,31,36
39,65,24,36
40,90,83,36
41,90,35,36
42,39,80,36
43,46,68,36
44,27,2,36
45,97,24,36
46,42,90,36
47,78,44,36
48,58,27,36
49,28,68,36
50,21,58,36
51,75,30,36
52,42,8,36
53,91,27,36
1,72,70,37
2,90,3,37
3,59,67,37
4,87,70,37
5,71,76,37
6,95,9,37
7,95,39,37
8,26,99,37
9,47,42,37
10,9,39,37
11,11,72,37
12,11,49,37
13,45,6,37
14,82,29,37
15,11,20,37
16,4,12,37
17,50,44,37
18,68,7,37
19,90,74,37
20,14,76,37
21,38,87,37
22,92,6,37
23,37,8,37
24,97,73,37
25,58,55,37
26,24,63,37
27,17,43,37
28,76,81,37
29,44,4,37
30,91,8,37
31,95,56,37
32,29,23,37
33,1,75,37
34,92,97,37
35,28,55,37
36,2,7,37
37,22,90,37
38,86,32,37
39,65,24,37
40,90,84,37
41,91,35,37
42,38,80,37
43,46,69,37
44,27,1,37
45,97,24,37
46,42,89,37
47,79,45,37
48,58,27,37
49,27,67,37
50,21,58,37
51,74,29,37
52,43,8,37
53,90,26,37
1,73,71,38
2,90,3,38
3,59,68,38
4,88,69,38
5,72,77,38
6,95,10,38
7,95,40,38
8,25,99,38
9,48,43,38
10,8,40,38
11,12,72,38
12,11,50,38
13,44,7,38
14,81,29,38
15,12,19,38
16,3,12,38
17,49,44,38
18,69,6,38
19,89,73,38
20,14,77,38
21,37,87,38
22,91,5,38
23,37,8,38
24,97,74,38
25,59,56,38
26,24,62,38
27,16,43,38
28,75,81,38
29,44,5,38
30,92,7,38
31,95,55,38
32,30,24,38
33,1,75,38
34,91,98,38
35,28,56,38
36,2,6,38
37,23,89,38
38,86,33,38
39,64,24,38
40,89,83,38
41,90,35,38
42,39,81,38
43,45,68,38
44,26,0,38
45,98,23,38
46,43,89,38
47,79,45,38
48,59,27,38
49,26,67,38
50,20,59,38
51,75,30,38
52,44,8,38
53,91,26,38
1,74,70,39
2,89,4,39
3,58,68,39
4,87,69,39
5,72,77,39
6,96,11,39
7,95,40,39
8,26,99,39
9,47,43,39
10,9,41,39
11,13,72,39
12,10,49,39
13,44,7,39
14,81,29,39
15,13,18,39
16,2,13,39
17,49,45,39
18,69,5,39
19,90,73,39
20,15,77,39
21,38,87,39
22,90,4,39
23,38,9,39
24,97,74,39
25,59,57,39
26,25,61,39
27,17,42,39
28,74,80,39
29,45,5,39
30,92,7,39
31,95,56,39
32,31,25,39
33,0,76,39
34,91,99,39
35,27,55,39
36,2,6,39
37,23,89,39
38,87,34,39
39,63,24,39
40,90,83,39
41,90,35,39
42,40,81,39
43,44,67,39
44,27,1,39
45,99,23,39
46,44,90,39
47,79,45,39
48,58,27,39
49,27,67,39
50,19,58,39
51,75,29,39
52,44,9,39
53,91,27,39
1,73,69,40
2,89,3,40
3,59,67,40
4,88,68,40
5,73,76,40
6,97,12,40
7,96,41,40
8,26,98,40
9,46,42,40
10,9,40,40
11,12,72,40
12,11,49,40
13,43,7,40
14,80,29,40
15,14,17,40
16,1,13,40
17,50,46,40
18,70,4,40
19,91,73,40
20,14,77,40
21,38,86,40
22,89,4,40
23,37,10,40
24,96,74,40
25,58,58,40
26,25,60,40
27,18,42,40
28,73,81,40
29,46,4,40
30,93,8,40
31,95,55,40
32,31,24,40
33,0,75,40
34,90,98,40
35,28,54,40
36,3,5,40
37,22,88,40
38,87,34,40
39,63,23,40
40,90,83,40
41,90,36,40
42,39,81,40
43,43,66,40
44,27,0,40
45,99,24,40
46,43,91,40
47,79,46,40
48,59,27,40
49,28,68,40
50,18,59,40
51,74,29,40
52,43,10,40
53,91,27,40
1,74,70,41
2,90,3,41
3,59,66,41
4,88,69,41
5,72,75,41
6,96,12,41
7,95,40,41
8,27,97,41
9,47,41,41
10,8,40,41
11,13,71,41
12,12,48,41
13,42,6,41
14,79,30,41
15,13,17,41
16,2,12,41
17,49,46,41
18,69,5,41
19,91,74,41
20,13,76,41
21,37,87,41
22,90,2,41
23,36,10,41
24,96,75,41
25,58,57,41
26,26,61,41
27,17,42,41
28,72,81,41
29,47,3,41
30,93,9,41
31,94,54,41
32,32,25,41
33,0,76,41
34,90,98,41
35,29,53,41
36,4,5,41
37,23,89,41
38,87,35,41
39,62,24,41
40,90,84,41
41,89,35,41
42,38,82,41
43,42,65,41
44,26,0,41
45,98,23,41
46,44,92,41
47,78,46,41
48,60,26,41
49,28,67,41
50,18,59,41
51,73,30,41
52,44,9,41
53,91,27,41
1,73,70,42
2,91,3,42
3,58,67,42
4,88,68,42
5,72,75,42
6,96,12,42
7,95,39,42
8,27,98,42
9,46,40,42
10,9,40,42
11,12,70,42
12,12,49,42
13,41,7,42
14,78,30,42
15,14,16,42
16,1,13,42
17,48,47,42
18,68,6,42
19,90,74,42
20,14,76,42
21,38,88,42
22,89,2,42
23,36,10,42
24,96,75,42
25,58,56,42
26,25,60,42
27,18,42,42
28,72,80,42
29,47,2,42
30,92,10,42
31,95,53,42
32,32,26,42
33,0,77,42
34,90,98,42
35,28,53,42
36,3,4,42
37,22,89,42
38,88,34,42
39,63,25,42
40,90,85,42
41,88,35,42
42,39,81,42
43,43,65,42
44,25,0,42
45,98,22,42
46,43,92,42
47,77,45,42
48,60,25,42
49,29,66,42
50,19,60,42
51,74,30,42
52,43,10,42
53,91,27,42
1,72,71,43
2,90,3,43
3,58,68,43
4,89,67,43
5,72,75,43
6,96,13,43
7,96,39,43
8,28,97,43
9,46,41,43
10,8,40,43
11,13,70,43
12,11,50,43
13,41,7,43
14,78,29,43
15,13,17,43
16,2,12,43
17,47,46,43
18,68,7,43
19,91,73,43
20,14,75,43
21,37,89,43
22,90,2,43
23,35,10,43
24,96,75,43
25,57,57,43
26,24,60,43
27,18,43,43
28,72,80,43
29,48,1,43
30,92,10,43
31,96,52,43
32,32,25,43
33,1,76,43
34,90,97,43
35,28,52,43
36,2,3,43
37,22,89,43
38,89,34,43
39,62,25,43
40,89,84,43
41,88,35,43
42,40,80,43
43,44,64,43
44,24,0,43
45,99,23,43
46,44,93,43
47,77,46,43
48,60,25,43
49,30,66,43
50,19,59,43
51,74,30,43
52,44,10,43
53,91,28,43
1,71,72,44
2,91,2,44
3,59,67,44
4,89,68,44
5,73,74,44
6,96,13,44
7,95,39,44
8,27,98,44
9,47,42,44
10,8,39,44
11,14,69,44
12,11,51,44
13,40,8,44
14,79,30,44
15,14,16,44
16,2,11,44
17,47,46,44
18,69,8,44
19,92,72,44
20,13,75,44
21,38,88,44
22,89,1,44
23,34,10,44
24,96,75,44
25,56,56,44
26,25,59,44
27,18,42,44
28,72,80,44
29,49,1,44
30,93,11,44
31,96,51,44
32,32,24,44
33,2,76,44
34,89,98,44
35,28,51,44
36,3,2,44
37,21,88,44
38,89,34,44
39,63,26,44
40,88,84,44
41,87,34,44
42,41,80,44
43,45,63,44
44,24,1,44
45,99,23,44
46,43,93,44
47,77,47,44
48,60,25,44
49,31,66,44
50,18,60,44
51,74,31,44
52,44,10,44
53,90,28,44
1,71,71,45
2,90,1,45
3,59,68,45
4,89,69,45
5,73,73,45
6,96,13,45
7,96,38,45
8,28,98,45
9,48,43,45
10,8,40,45
11,13,68,45
12,10,51,45
13,40,9,45
14,78,30,45
15,15,17,45
16,1,11,45
17,48,46,45
18,68,8,45
19,92,72,45
20,12,75,45
21,37,87,45
22,89,2,45
23,34,11,45
24,96,76,45
25,55,57,45
26,24,58,45
27,19,42,45
28,72,81,45
29,49,0,45
30,92,12,45
31,96,52,45
32,31,23,45
33,3,77,45
34,88,98,45
35,28,51,45
36,3,1,45
37,22,88,45
38,89,33,45
39,64,25,45
40,87,83,45
41,88,35,45
42,40,79,45
43,44,64,45
44,24,2,45
45,98,23,45
46,42,93,45
47,77,48,45
48,61,25,45
49,30,65,45
50,18,60,45
51,74,31,45
52,43,11,45
53,91,29,45
1,71,71,46
2,90,0,46
3,60,68,46
4,89,68,46
5,74,74,46
6,95,14,46
7,96,38,46
8,29,99,46
9,48,44,46
10,8,40,46
11,13,69,46
12,11,51,46
13,39,8,46
14,77,31,46
15,15,18,46
16,2,11,46
17,47,46,46
18,69,8,46
19,92,73,46
20,12,76,46
21,37,88,46
22,89,2,46
23,33,10,46
24,95,77,46
25,55,58,46
26,24,58,46
27,18,43,46
28,73,82,46
29,49,1,46
30,92,12,46
31,96,52,46
32,30,23,46
33,3,76,46
34,89,97,46
35,29,50,46
36,3,0,46
37,22,89,46
38,90,34,46
39,64,24,46
40,87,84,46
41,89,35,46
42,41,78,46
43,43,64,46
44,24,1,46
45,98,22,46
46,41,94,46
47,76,47,46
48,62,24,46
49,31,65,46
50,17,61,46
51,75,32,46
52,42,12,46
53,92,30,46
1,70,70,47
2,89,1,47
3,59,68,47
4,88,68,47
5,75,74,47
6,96,15,47
7,97,37,47
8,29,98,47
9,47,44,47
10,7,39,47
11,13,70,47
12,12,50,47
13,40,9,47
14,77,30,47
15,16,19,47
16,2,10,47
17,47,47,47
18,68,7,47
19,93,72,47
20,11,76,47
21,37,88,47
22,90,3,47
23,33,10,47
24,96,77,47
25,54,58,47
26,25,58,47
27,17,43,47
28,73,83,47
29,49,2,47
30,93,13,47
31,96,53,47
32,30,24,47
33,2,77,47
34,89,98,47
35,29,51,47
36,3,1,47
37,22,89,47
38,90,33,47
39,64,25,47
40,88,83,47
41,89,34,47
42,42,77,47
43,43,65,47
44,24,0,47
45,97,23,47
46,41,94,47
47,75,48,47
48,63,24,47
49,31,65,47
50,18,60,47
51,74,33,47
52,43,12,47
53,93,31,47
1,69,70,48
2,89,0,48
3,59,67,48
4,87,68,48
5,76,74,48
6,97,14,48
7,98,37,48
8,29,99,48
9,47,43,48
10,8,40,48
11,13,70,48
12,12,49,48
13,41,9,48
14,77,31,48
15,16,20,48
16,1,9,48
17,46,46,48
18,68,8,48
19,93,71,48
20,11,77,48
21,36,88,48
22,89,2,48
23,33,11,48
24,97,76,48
25,53,58,48
26,25,59,48
27,17,42,48
28,72,84,48
29,50,2,48
30,94,12,48
31,95,54,48
32,31,24,48
33,1,78,48
34,89,97,48
35,30,51,48
36,2,1,48
37,21,90,48
38,91,34,48
39,65,25,48
40,89,82,48
41,90,35,48
42,41,78,48
43,44,65,48
44,25,1,48
45,98,22,48
46,42,93,48
47,76,47,48
48,63,23,48
49,30,65,48
50,19,59,48
51,75,33,48
52,43,11,48
53,92,31,48
1,70,69,49
2,89,0,49
3,60,66,49
4,88,67,49
5,76,75,49
6,96,15,49
7,99,38,49
8,29,99,49
9,46,43,49
10,8,39,49
11,12,69,49
12,11,49,49
13,42,9,49
14,77,32,49
15,15,21,49
16,2,9,49
17,46,47,49
18,68,8,49
19,93,72,49
20,11,78,49
21,37,89,49
22,89,1,49
23,32,10,49
24,98,77,49
25,53,59,49
26,24,59,49
27,18,43,49
28,72,83,49
29,50,1,49
30,94,11,49
31,96,54,49
32,32,25,49
33,1,79,49
34,88,96,49
35,29,51,49
36,2,1,49
37,20,91,49
38,92,34,49
39,66,26,49
40,89,82,49
41,89,36,49
42,40,77,49
43,44,66,49
44,24,2,49
45,97,22,49
46,43,92,49
47,75,46,49
48,62,24,49
49,29,64,49
50,18,59,49
51,76,34,49
52,43,11,49
53,92,31,49
1,70,70,50
2,90,0,50
3,59,66,50
4,88,68,50
5,75,75,50
6,97,16,50
7,98,39,50
8,30,98,50
9,47,42,50
10,7,40,50
11,12,70,50
12,11,50,50
13,43,10,50
14,77,32,50
15,16,21,50
16,3,9,50
17,45,48,50
18,67,8,50
19,94,71,50
20,12,79,50
21,37,90,50
22,88,0,50
23,31,10,50
24,98,77,50
25,52,59,50
26,23,58,50
27,18,43,50
28,72,84,50
29,51,2,50
30,95,10,50
31,95,54,50
32,31,24,50
33,2,79,50
34,89,95,50
35,28,51,50
36,1,0,50
37,20,92,50
38,93,35,50
39,67,25,50
40,89,81,50
41,88,37,50
42,40,77,50
43,45,67,50
44,23,3,50
45,96,21,50
46,42,92,50
47,75,46,50
48,61,23,50
49,28,65,50
50,19,60,50
51,77,33,50
52,43,11,50
53,92,31,50
1,69,69,51
2,89,1,51
3,58,65,51
4,88,68,51
5,76,74,51
6,96,17,51
7,98,38,51
8,31,99,51
9,48,43,51
10,8,39,51
11,11,71,51
12,12,49,51
13,42,10,51
14,76,32,51
15,17,20,51
16,4,10,51
17,44,48,51
18,68,7,51
19,95,70,51
20,12,78,51
21,37,89,51
22,87,1,51
23,32,9,51
24,98,78,51
25,53,59,51
26,23,57,51
27,17,43,51
28,72,85,51
29,51,1,51
30,94,9,51
31,96,53,51
32,31,25,51
33,1,78,51
34,89,95,51
35,27,51,51
36,2,0,51
37,21,91,51
38,94,35,51
39,67,25,51
40,90,81,51
41,88,36,51
42,39,77,51
43,46,67,51
44,24,3,51
45,95,21,51
46,42,93,51
47,74,45,51
48,61,23,51
49,29,65,51
50,18,60,51
51,78,33,51
52,41,11,51
53,93,30,51
1,69,70,52
2,90,1,52
3,57,66,52
4,87,68,52
5,75,74,52
6,97,16,52
7,98,39,52
8,31,99,52
9,47,42,52
10,9,38,52
11,12,71,52
12,12,49,52
13,42,10,52
14,75,33,52
15,17,19,52
16,3,10,52
17,43,48,52
18,67,6,52
19,96,71,52
20,12,78,52
21,37,90,52
22,88,1,52
23,33,8,52
24,98,78,52
25,54,59,52
26,22,58,52
27,17,43,52
28,73,84,52
29,50,2,52
30,93,10,52
31,95,53,52
32,31,24,52
33,0,79,52
34,88,96,52
35,26,50,52
36,1,0,52
37,20,90,52
38,94,34,52
39,68,24,52
40,91,80,52
41,89,35,52
42,38,78,52
43,46,67,52
44,25,2,52
45,94,21,52
46,43,93,52
47,73,44,52
48,61,22,52
49,28,66,52
50,18,60,52
51,78,32,52
52,41,10,52
53,92,29,52
1,69,70,53
2,89,2,53
3,56,66,53
4,87,67,53
5,75,73,53
6,97,16,53
7,98,38,53
8,30,98,53
9,46,43,53
10,9,39,53
11,11,70,53
12,11,49,53
13,41,9,53
14,75,33,53
15,16,20,53
16,4,9,53
17,44,47,53
18,66,7,53
19,97,72,53
20,12,77,53
21,37,91,53
22,87,1,53
23,34,7,53
24,98,79,53
25,54,60,53
26,22,59,53
27,17,44,53
28,72,83,53
29,50,3,53
30,94,10,53
31,96,52,53
32,31,25,53
33,0,79,53
34,89,97,53
35,27,50,53
36,0,0,53
37,21,89,53
38,95,33,53
39,67,25,53
40,91,81,53
41,90,34,53
42,38,78,53
43,47,66,53
44,26,1,53
45,93,22,53
46,44,92,53
47,72,45,53
48,61,21,53
49,29,67,53
50,17,59,53
51,77,31,53
52,42,11,53
53,92,30,53
1,69,71,54
2,90,2,54
3,56,67,54
4,87,67,54
5,75,72,54
6,97,17,54
7,99,38,54
8,30,99,54
9,46,42,54
10,9,39,54
11,11,69,54
12,10,48,54
13,42,10,54
14,74,32,54
15,15,20,54
16,4,10,54
17,45,47,54
18,65,6,54
19,97,71,54
20,12,78,54
21,36,91,54
22,87,0,54
23,35,6,54
24,99,80,54
25,54,61,54
26,21,59,54
27,17,45,54
28,72,82,54
29,50,4,54
30,94,9,54
31,95,51,54
32,30,25,54
33,0,78,54
34,89,96,54
35,28,49,54
36,1,0,54
37,20,88,54
38,95,32,54
39,66,26,54
40,91,82,54
41,90,35,54
42,38,77,54
43,47,65,54
44,25,0,54
45,92,21,54
46,43,91,54
47,73,46,54
48,61,21,54
49,29,68,54
50,18,60,54
51,76,30,54
52,42,11,54
53,92,31,54
1,68,71,55
2,91,3,55
3,55,67,55
4,88,66,55
5,76,71,55
6,97,16,55
7,98,38,55
8,31,98,55
9,46,41,55
10,9,39,55
11,10,69,55
12,9,48,55
13,42,9,55
14,74,32,55
15,16,19,55
16,3,11,55
17,45,46,55
18,66,6,55
19,96,70,55
20,13,77,55
21,37,90,55
22,87,1,55
23,34,6,55
24,98,80,55
25,55,60,55
26,20,59,55
27,17,46,55
28,73,82,55
29,50,3,55
30,93,10,55
31,95,51,55
32,31,25,55
33,1,78,55
34,89,96,55
35,27,50,55
36,2,1,55
37,21,89,55
38,95,33,55
39,67,27,55
40,91,83,55
41,90,35,55
42,37,77,55
43,46,64,55
44,25,0,55
45,92,20,55
46,43,92,55
47,72,45,55
48,61,21,55
49,28,68,55
50,18,60,55
51,76,29,55
52,41,11,55
53,92,30,55
1,69,72,56
2,92,4,56
3,56,67,56
4,89,65,56
5,75,70,56
6,96,17,56
7,97,39,56
8,32,97,56
9,47,41,56
10,8,39,56
11,11,68,56
12,10,49,56
13,42,10,56
14,75,32,56
15,16,19,56
16,2,11,56
17,46,47,56
18,66,5,56
19,97,71,56
20,14,76,56
21,37,91,56
22,88,0,56
23,34,5,56
24,98,81,56
25,56,60,56
26,19,60,56
27,16,45,56
28,73,81,56
29,50,4,56
30,93,9,56
31,95,52,56
32,31,26,56
33,2,77,56
34,88,96,56
35,28,50,56
36,1,0,56
37,20,90,56
38,95,32,56
39,68,26,56
40,92,84,56
41,90,36,56
42,38,76,56
43,46,65,56
44,25,1,56
45,93,20,56
46,44,91,56
47,71,44,56
48,62,22,56
49,28,69,56
50,18,59,56
51,77,28,56
52,40,11,56
53,93,31,56
1,68,71,57
2,92,5,57
3,57,66,57
4,88,66,57
5,75,69,57
6,95,17,57
7,98,40,57
8,32,98,57
9,46,40,57
10,8,39,57
11,10,68,57
12,10,48,57
13,43,10,57
14,75,33,57
15,15,19,57
16,1,10,57
17,45,46,57
18,66,6,57
19,96,72,57
20,14,76,57
21,38,90,57
22,89,1,57
23,34,6,57
24,99,82,57
25,57,59,57
26,19,59,57
27,15,46,57
28,74,80,57
29,50,3,57
30,94,10,57
31,95,51,57
32,31,26,57
33,1,78,57
34,87,96,57
35,27,49,57
36,1,0,57
37,19,91,57
38,95,32,57
39,69,26,57
40,92,84,57
41,91,35,57
42,39,76,57
43,45,66,57
44,24,2,57
45,93,21,57
46,44,90,57
47,70,44,57
48,62,22,57
49,28,68,57
50,17,60,57
51,77,29,57
52,40,11,57
53,94,31,57
1,69,72,58
2,91,5,58
3,57,65,58
4,88,65,58
5,75,68,58
6,95,16,58
7,98,40,58
8,32,97,58
9,46,39,58
10,9,40,58
11,11,69,58
12,9,48,58
13,43,10,58
14,76,34,58
15,15,19,58
16,1,9,58
17,45,46,58
18,67,5,58
19,97,73,58
20,13,75,58
21,37,90,58
22,89,2,58
23,35,6,58
24,99,81,58
25,57,59,58
26,20,58,58
27,15,47,58
28,74,80,58
29,50,2,58
30,93,11,58
31,95,52,58
32,31,26,58
33,0,78,58
34,86,95,58
35,26,49,58
36,0,0,58
37,20,92,58
38,95,32,58
39,68,25,58
40,93,85,58
41,92,36,58
42,38,75,58
43,44,66,58
44,24,3,58
45,92,21,58
46,45,89,58
47,70,45,58
48,62,22,58
49,28,69,58
50,18,61,58
51,77,30,58
52,39,12,58
53,95,30,58
1,68,73,59
2,90,4,59
3,57,65,59
4,87,66,59
5,75,67,59
6,94,16,59
7,97,41,59
8,33,97,59
9,47,40,59
10,10,40,59
11,12,70,59
12,10,49,59
13,42,10,59
14,77,33,59
15,16,19,59
16,1,9,59
17,44,46,59
18,67,4,59
19,97,72,59
20,12,76,59
21,37,91,59
22,90,1,59
23,34,6,59
24,99,81,59
25,56,58,59
26,21,58,59
27,14,48,59
28,73,80,59
29,51,1,59
30,94,10,59
31,96,52,59
32,31,27,59
33,1,78,59
34,85,96,59
35,27,50,59
36,0,1,59
37,21,92,59
38,94,33,59
39,68,26,59
40,93,84,59
41,93,35,59
42,38,74,59
43,45,66,59
44,25,2,59
45,92,20,59
46,45,90,59
47,70,44,59
48,63,21,59
49,27,69,59
50,17,61,59
51,78,29,59
52,40,12,59
53,95,29,59
1,68,72,60
2,91,5,60
3,57,64,60
4,86,67,60
5,74,66,60
6,93,16,60
7,96,42,60
8,32,98,60
9,47,40,60
10,10,40,60
11,12,69,60
12,11,50,60
13,42,11,60
14,76,34,60
15,16,19,60
16,1,10,60
17,44,45,60
18,68,4,60
19,96,73,60
20,12,76,60
21,37,92,60
22,90,0,60
23,35,6,60
24,99,82,60
25,55,58,60
26,21,58,60
27,14,49,60
28,73,81,60
29,52,1,60
30,94,9,60
31,95,52,60
32,30,28,60
33,0,79,60
34,84,96,60
35,28,51,60
36,1,0,60
37,22,92,60
38,93,32,60
39,68,25,60
40,93,85,60
41,92,34,60
42,37,75,60
43,45,65,60
44,26,2,60
45,93,21,60
46,44,90,60
47,69,45,60
48,63,21,60
49,28,69,60
50,16,61,60
51,77,29,60
52,40,11,60
53,96,29,60
1,67,71,61
2,90,6,61
3,57,64,61
4,85,68,61
5,74,67,61
6,92,15,61
7,96,42,61
8,33,99,61
9,48,41,61
10,11,40,61
11,13,70,61
12,11,49,61
13,42,12,61
14,75,33,61
15,15,18,61
16,2,9,61
17,43,46,61
18,68,4,61
19,96,73,61
20,11,76,61
21,36,93,61
22,90,1,61
23,35,5,61
24,98,81,61
25,56,57,61
26,22,57,61
27,14,49,61
28,74,82,61
29,51,1,61
30,95,10,61
31,94,51,61
32,30,27,61
33,1,80,61
34,85,97,61
35,28,50,61
36,1,1,61
37,23,91,61
38,93,31,61
39,69,24,61
40,93,84,61
41,93,33,61
42,36,75,61
43,44,66,61
44,25,3,61
45,94,21,61
46,44,90,61
47,70,46,61
48,62,22,61
49,27,70,61
50,15,61,61
51,76,29,61
52,41,12,61
53,95,29,61
1,66,71,62
2,91,5,62
3,58,64,62
4,85,67,62
5,74,68,62
6,92,16,62
7,95,43,62
8,34,98,62
9,49,40,62
10,12,40,62
11,12,69,62
12,11,50,62
13,42,13,62
14,76,34,62
15,15,18,62
16,3,8,62
17,43,47,62
18,69,3,62
19,96,72,62
20,12,75,62
21,37,94,62
22,91,2,62
23,36,6,62
24,99,80,62
25,55,58,62
26,22,56,62
27,14,50,62
28,75,83,62
29,52,1,62
30,94,10,62
31,95,52,62
32,29,28,62
33,2,79,62
34,86,97,62
35,29,50,62
36,2,0,62
37,24,90,62
38,93,31,62
39,69,25,62
40,94,85,62
41,94,34,62
42,37,76,62
43,45,67,62
44,25,4,62
45,95,21,62
46,43,90,62
47,71,45,62
48,61,23,62
49,26,70,62
50,16,62,62
51,77,30,62
52,42,11,62
53,94,30,62
1,65,72,63
2,90,4,63
3,57,65,63
4,84,68,63
5,75,68,63
6,93,17,63
7,95,42,63
8,34,98,63
9,49,39,63
10,12,39,63
11,12,69,63
12,11,49,63
13,42,12,63
14,76,35,63
15,14,17,63
16,4,7,63
17,44,46,63
18,69,2,63
19,96,73,63
20,13,74,63
21,36,93,63
22,90,2,63
23,35,5,63
24,99,80,63
25,54,59,63
26,23,57,63
27,14,51,63
28,75,84,63
29,52,0,63
30,94,11,63
31,96,52,63
32,28,28,63
33,2,78,63
34,85,97,63
35,29,50,63
36,3,0,63
37,23,91,63
38,93,30,63
39,68,24,63
40,95,86,63
41,93,35,63
42,38,75,63
43,45,66,63
44,24,3,63
45,94,21,63
46,43,89,63
47,72,46,63
48,60,23,63
49,27,71,63
50,17,63,63
51,77,31,63
52,41,10,63
53,94,29,63
1,66,71,64
2,89,4,64
3,56,66,64
4,85,69,64
5,74,67,64
6,93,17,64
7,96,41,64
8,33,97,64
9,48,39,64
10,12,38,64
11,13,69,64
12,11,48,64
13,42,11,64
14,77,35,64
15,13,18,64
16,5,8,64
17,44,47,64
18,68,3,64
19,95,72,64
20,14,74,64
21,37,92,64
22,89,1,64
23,34,6,64
24,99,79,64
25,54,58,64
26,23,57,64
27,14,51,64
28,74,84,64
29,53,1,64
30,94,11,64
31,96,51,64
32,29,28,64
33,1,77,64
34,86,98,64
35,30,50,64
36,2,0,64
37,24,91,64
38,95,28,64
39,69,23,64
40,94,85,64
41,94,34,64
42,38,76,64
43,46,65,64
44,24,2,64
45,94,21,64
46,42,89,64
47,71,46,64
48,60,22,64
49,27,70,64
50,18,64,64
51,76,31,64
52,41,9,64
53,93,30,64
1,66,71,65
2,90,4,65
3,56,67,65
4,84,69,65
5,74,66,65
6,92,18,65
7,97,42,65
8,34,97,65
9,49,40,65
10,13,38,65
11,13,69,65
12,10,48,65
13,42,10,65
14,76,34,65
15,14,19,65
16,5,9,65
17,44,48,65
18,68,3,65
19,96,73,65
20,14,75,65
21,38,91,65
22,88,2,65
23,34,6,65
24,99,79,65
25,55,58,65
26,22,56,65
27,14,52,65
28,75,84,65
29,52,0,65
30,95,10,65
31,96,52,65
32,28,28,65
33,0,78,65
34,86,99,65
35,31,49,65
36,1,0,65
37,25,90,65
38,94,27,65
39,70,23,65
40,93,85,65
41,94,33,65
42,39,77,65
43,45,66,65
44,23,3,65
45,93,22,65
46,41,89,65
47,71,46,65
48,59,23,65
49,28,69,65
50,17,64,65
51,76,31,65
52,42,11,65
53,92,31,65
1,65,70,66
2,90,5,66
3,56,68,66
4,84,70,66
5,75,65,66
6,93,19,66
7,96,41,66
8,34,97,66
9,48,41,66
10,12,38,66
11,14,70,66
12,10,49,66
13,43,10,66
14,75,33,66
15,15,20,66
16,4,9,66
17,44,47,66
18,68,4,66
19,96,74,66
20,13,75,66
21,39,90,66
22,88,1,66
23,34,5,66
24,98,80,66
25,54,57,66
26,23,56,66
27,14,51,66
28,74,84,66
29,52,1,66
30,95,11,66
31,95,52,66
32,29,27,66
33,0,79,66
34,85,98,66
35,30,48,66
36,1,1,66
37,24,90,66
38,94,28,66
39,70,22,66
40,92,84,66
41,94,32,66
42,40,77,66
43,44,66,66
44,23,2,66
45,92,22,66
46,42,90,66
47,70,47,66
48,60,22,66
49,28,69,66
50,16,63,66
51,76,31,66
52,43,12,66
53,91,32,66
1,64,70,67
2,91,5,67
3,57,68,67
4,84,71,67
5,74,65,67
6,93,18,67
7,95,42,67
8,33,98,67
9,49,42,67
10,11,37,67
11,15,71,67
12,10,49,67
13,44,9,67
14,75,34,67
15,16,19,67
16,3,9,67
17,45,47,67
18,68,3,67
19,97,75,67
20,12,74,67
21,39,91,67
22,89,1,67
23,34,4,67
24,97,79,67
25,54,58,67
26,23,57,67
27,15,50,67
28,73,83,67
29,51,2,67
30,95,12,67
31,94,51,67
32,29,26,67
33,1,80,67
34,86,98,67
35,29,48,67
36,1,1,67
37,24,89,67
38,94,29,67
39,71,23,67
40,93,85,67
41,95,31,67
42,39,77,67
43,43,65,67
44,22,2,67
45,91,21,67
46,41,90,67
47,70,47,67
48,60,21,67
49,28,70,67
50,17,62,67
51,75,31,67
52,43,12,67
53,91,32,67
1,63,70,68
2,90,4,68
3,58,68,68
4,83,72,68
5,74,65,68
6,92,17,68
7,96,43,68
8,34,98,68
9,50,42,68
10,10,37,68
11,15,71,68
12,11,50,68
13,44,8,68
14,76,33,68
15,15,18,68
16,4,8,68
17,46,48,68
18,67,3,68
19,98,75,68
20,11,73,68
21,38,92,68
22,89,0,68
23,33,4,68
24,97,78,68
25,55,59,68
26,24,56,68
27,16,49,68
28,73,82,68
29,52,2,68
30,95,11,68
31,93,52,68
32,28,26,68
33,0,81,68
34,87,99,68
35,29,47,68
36,1,1,68
37,23,89,68
38,94,29,68
39,71,22,68
40,93,84,68
41,94,30,68
42,39,78,68
43,42,65,68
44,21,1,68
45,91,21,68
46,42,90,68
47,70,48,68
48,59,20,68
49,29,70,68
50,16,62,68
51,76,30,68
52,42,12,68
53,92,33,68
1,63,71,69
2,91,3,69
3,57,67,69
4,84,71,69
5,75,65,69
6,91,17,69
7,96,44,69
8,34,97,69
9,49,41,69
10,11,38,69
11,14,70,69
12,12,51,69
13,43,9,69
14,77,34,69
15,15,18,69
16,5,7,69
17,46,47,69
18,66,4,69
19,98,75,69
20,10,72,69
21,38,92,69
22,88,0,69
23,33,3,69
24,97,79,69
25,55,60,69
26,23,55,69
27,17,48,69
28,72,83,69
29,52,1,69
30,96,11,69
31,92,53,69
32,28,26,69
33,0,81,69
34,87,98,69
35,30,47,69
36,1,1,69
37,23,89,69
38,93,29,69
39,70,22,69
40,92,83,69
41,94,30,69
42,40,79,69
43,43,65,69
44,21,1,69
45,90,22,69
46,41,90,69
47,71,48,69
48,60,20,69
49,29,71,69
50,15,63,69
51,76,29,69
52,43,11,69
53,92,33,69
1,62,71,70
2,92,4,70
3,58,67,70
4,85,72,70
5,74,65,70
6,91,18,70
7,96,45,70
8,35,98,70
9,50,40,70
10,10,39,70
11,14,70,70
12,13,52,70
13,43,8,70
14,78,34,70
15,16,17,70
16,4,7,70
17,45,48,70
18,66,3,70
19,97,75,70
20,11,71,70
21,39,93,70
22,89,0,70
23,33,4,70
24,97,80,70
25,56,60,70
26,23,55,70
27,16,47,70
28,73,82,70
29,52,2,70
30,95,11,70
31,92,53,70
32,29,27,70
33,1,82,70
34,87,98,70
35,31,48,70
36,2,0,70
37,23,88,70
38,92,30,70
39,69,23,70
40,92,82,70
41,94,31,70
42,41,80,70
43,44,64,70
44,20,2,70
45,89,23,70
46,41,90,70
47,72,49,70
48,61,19,70
49,29,70,70
50,16,63,70
51,76,30,70
52,43,10,70
53,91,33,70
1,62,71,71
2,93,5,71
3,58,66,71
4,86,73,71
5,75,64,71
6,92,17,71
7,95,46,71
8,36,98,71
9,50,39,71
10,9,39,71
11,14,70,71
12,13,52,71
13,43,7,71
14,78,34,71
15,15,16,71
16,3,8,71
17,45,48,71
18,66,4,71
19,96,76,71
20,11,70,71
21,40,93,71
22,88,0,71
23,33,3,71
24,97,81,71
25,55,61,71
26,22,56,71
27,15,48,71
28,73,83,71
29,53,3,71
30,96,11,71
31,92,54,71
32,28,27,71
33,2,81,71
34,86,98,71
35,31,47,71
36,2,1,71
37,23,89,71
38,93,31,71
39,70,23,71
40,91,81,71
41,93,32,71
42,40,81,71
43,44,63,71
44,20,3,71
45,88,24,71
46,41,91,71
47,71,48,71
48,61,19,71
49,29,70,71
50,17,63,71
51,76,30,71
52,43,9,71
53,90,33,71
1,63,71,72
2,93,5,72
3,57,66,72
4,85,73,72
5,75,65,72
6,93,16,72
7,96,47,72
8,35,99,72
9,50,38,72
10,9,38,72
11,13,69,72
12,14,53,72
13,43,8,72
14,79,33,72
15,16,17,72
16,2,9,72
17,45,48,72
18,65,4,72
19,96,77,72
20,11,71,72
21,39,93,72
22,89,0,72
23,34,3,72
24,96,81,72
25,55,60,72
26,21,57,72
27,16,49,72
28,73,84,72
29,52,4,72
30,96,10,72
31,92,53,72
32,28,27,72
33,3,80,72
34,87,97,72
35,32,47,72
36,1,2,72
37,23,90,72
38,94,30,72
39,71,23,72
40,92,82,72
41,94,32,72
42,41,80,72
43,43,63,72
44,19,2,72
45,87,24,72
46,41,90,72
47,72,48,72
48,61,19,72
49,28,71,72
50,16,63,72
51,76,31,72
52,44,10,72
53,90,34,72
1,63,72,73
2,93,5,73
3,58,67,73
4,86,73,73
5,76,65,73
6,93,16,73
7,96,48,73
8,34,99,73
9,51,37,73
10,8,39,73
11,13,68,73
12,13,52,73
13,42,8,73
14,80,34,73
15,15,17,73
16,2,10,73
17,45,48,73
18,66,5,73
19,95,77,73
20,10,72,73
21,40,93,73
22,89,0,73
23,34,3,73
24,95,80,73
25,56,60,73
26,21,57,73
27,15,49,73
28,73,85,73
29,51,5,73
30,96,10,73
31,93,53,73
32,27,26,73
33,2,79,73
34,86,96,73
35,33,48,73
36,1,1,73
37,22,89,73
38,95,31,73
39,72,23,73
40,92,83,73
41,94,33,73
42,40,81,73
43,42,63,73
44,20,3,73
45,86,25,73
46,41,89,73
47,71,48,73
48,62,20,73
49,28,70,73
50,17,63,73
51,75,32,73
52,45,10,73
53,91,34,73
1,64,72,74
2,92,4,74
3,58,66,74
4,85,72,74
5,75,64,74
6,93,17,74
7,96,48,74
8,34,99,74
9,50,37,74
10,9,39,74
11,14,68,74
12,13,53,74
13,43,9,74
14,81,35,74
15,14,17,74
16,1,11,74
17,46,49,74
18,65,5,74
19,94,78,74
20,10,71,74
21,41,92,74
22,88,1,74
23,34,2,74
24,94,80,74
25,57,59,74
26,22,58,74
27,16,48,74
28,72,85,74
29,52,6,74
30,95,11,74
31,93,53,74
32,28,27,74
33,1,80,74
34,87,95,74
35,34,48,74
36,0,2,74
37,21,90,74
38,96,30,74
39,73,22,74
40,93,83,74
41,95,34,74
42,41,81,74
43,42,64,74
44,21,4,74
45,85,26,74
46,41,90,74
47,70,47,74
48,61,20,74
49,29,71,74
50,16,62,74
51,74,33,74
52,46,9,74
53,90,33,74
1,63,71,75
2,92,4,75
3,58,67,75
4,86,72,75
5,75,63,75
6,94,16,75
7,96,47,75
8,35,99,75
9,50,38,75
10,8,38,75
11,14,68,75
12,13,53,75
13,42,8,75
14,81,36,75
15,15,16,75
16,0,11,75
17,46,48,75
18,65,6,75
19,95,78,75
20,9,71,75
21,42,92,75
22,89,1,75
23,35,1,75
24,95,79,75
25,58,60,75
26,21,58,75
27,15,47,75
28,72,84,75
29,51,5,75
30,94,10,75
31,94,54,75
32,28,26,75
33,0,81,75
34,88,94,75
35,34,48,75
36,1,1,75
37,20,90,75
38,95,29,75
39,74,23,75
40,94,84,75
41,96,34,75
42,41,82,75
43,42,63,75
44,21,4,75
45,85,25,75
46,42,90,75
47,70,47,75
48,62,20,75
49,28,71,75
50,16,62,75
51,73,32,75
52,47,10,75
53,90,32,75
1,64,71,76
2,92,4,76
3,58,67,76
4,87,73,76
5,76,63,76
6,93,17,76
7,95,48,76
8,36,98,76
9,49,37,76
10,8,38,76
11,13,68,76
12,14,52,76
13,41,8,76
14,81,35,76
15,14,17,76
16,1,12,76
17,45,48,76
18,66,5,76
19,94,78,76
20,9,72,76
21,42,93,76
22,90,1,76
23,35,0,76
24,95,79,76
25,57,59,76
26,21,57,76
27,16,47,76
28,72,83,76
29,50,5,76
30,94,9,76
31,95,53,76
32,28,26,76
33,1,80,76
34,87,93,76
35,34,47,76
36,2,0,76
37,21,89,76
38,96,29,76
39,73,23,76
40,95,84,76
41,97,34,76
42,41,81,76
43,42,64,76
44,20,3,76
45,84,25,76
46,41,91,76
47,70,48,76
48,62,20,76
49,27,71,76
50,15,63,76
51,72,31,76
52,46,11,76
53,91,33,76
1,63,70,77
2,93,5,77
3,59,68,77
4,88,72,77
5,76,63,77
6,94,18,77
7,95,47,77
8,37,98,77
9,50,37,77
10,7,38,77
11,13,67,77
12,14,53,77
13,40,8,77
14,81,35,77
15,14,18,77
16,1,12,77
17,46,48,77
18,65,5,77
19,93,77,77
20,9,71,77
21,42,94,77
22,90,2,77
23,35,0,77
24,94,78,77
25,58,60,77
26,20,58,77
27,15,46,77
28,72,84,77
29,50,4,77
30,93,8,77
31,95,53,77
32,28,26,77
33,2,79,77
34,86,93,77
35,33,47,77
36,1,1,77
37,20,90,77
38,96,29,77
39,72,24,77
40,94,83,77
41,98,34,77
42,41,82,77
43,41,64,77
44,21,3,77
45,84,24,77
46,41,92,77
47,69,49,77
48,62,20,77
49,26,70,77
50,16,64,77
51,71,32,77
52,47,12,77
53,92,34,77
1,64,71,78
2,94,5,78
3,58,68,78
4,89,73,78
5,77,64,78
6,94,19,78
7,94,46,78
8,38,99,78
9,51,37,78
10,7,38,78
11,14,68,78
12,14,52,78
13,40,7,78
14,80,34,78
15,14,17,78
16,0,11,78
17,45,48,78
18,65,4,78
19,93,78,78
20,10,72,78
21,43,95,78
22,90,1,78
23,34,1,78
24,94,77,78
25,57,59,78
26,20,58,78
27,15,47,78
28,71,84,78
29,50,3,78
30,94,8,78
31,95,52,78
32,28,26,78
33,1,80,78
34,85,94,78
35,33,46,78
36,0,2,78
37,19,90,78
38,96,30,78
39,73,24,78
40,94,84,78
41,97,33,78
42,40,83,78
43,40,65,78
44,20,2,78
45,84,25,78
46,40,93,78
47,69,48,78
48,62,21,78
49,27,70,78
50,15,64,78
51,70,33,78
52,47,13,78
53,93,35,78
1,64,71,79
2,93,5,79
3,58,69,79
4,89,73,79
5,78,65,79
6,93,20,79
7,94,47,79
8,37,99,79
9,51,37,79
10,6,37,79
11,13,67,79
12,15,52,79
13,39,8,79
14,80,33,79
15,13,17,79
16,0,10,79
17,45,47,79
18,66,3,79
19,93,78,79
20,10,73,79
21,44,96,79
22,90,2,79
23,35,2,79
24,95,77,79
25,58,58,79
26,21,57,79
27,16,47,79
28,70,84,79
29,50,3,79
30,95,9,79
31,94,52,79
32,28,26,79
33,0,81,79
34,85,94,79
35,33,45,79
36,1,2,79
37,20,90,79
38,96,29,79
39,74,24,79
40,93,84,79
41,98,34,79
42,40,82,79
43,39,65,79
44,19,1,79
45,84,25,79
46,40,93,79
47,70,48,79
48,63,21,79
49,27,71,79
50,16,65,79
51,69,32,79
52,46,12,79
53,93,34,79
1,64,71,80
2,92,6,80
3,59,68,80
4,89,72,80
5,77,64,80
6,94,21,80
7,93,48,80
8,37,98,80
9,50,36,80
10,5,37,80
11,13,67,80
12,14,53,80
13,39,8,80
14,79,34,80
15,13,16,80
16,1,9,80
17,44,46,80
18,67,4,80
19,94,78,80
20,9,73,80
21,45,95,80
22,89,3,80
23,36,1,80
24,96,77,80
25,58,57,80
26,20,57,80
27,15,46,80
28,69,83,80
29,50,2,80
30,94,9,80
31,94,52,80
32,29,27,80
33,0,82,80
34,84,93,80
35,32,44,80
36,1,1,80
37,19,90,80
38,96,29,80
39,75,23,80
40,94,84,80
41,97,33,80
42,40,81,80
43,39,66,80
44,18,0,80
45,83,26,80
46,39,92,80
47,69,47,80
48,62,21,80
49,28,70,80
50,16,66,80
51,68,32,80
52,45,13,80
53,94,34,80
1,64,72,81
2,92,5,81
3,59,67,81
4,88,72,81
5,78,63,81
6,93,21,81
7,92,48,81
8,37,97,81
9,51,35,81
10,4,38,81
11,12,67,81
12,15,52,81
13,38,9,81
14,78,34,81
15,14,17,81
16,2,9,81
17,45,45,81
18,66,4,81
19,95,77,81
20,10,73,81
21,46,94,81
22,89,4,81
23,37,2,81
24,96,77,81
25,59,58,81
26,21,58,81
27,14,47,81
28,70,83,81
29,49,3,81
30,93,10,81
31,95,53,81
32,29,27,81
33,1,83,81
34,84,93,81
35,33,43,81
36,0,0,81
37,20,90,81
38,97,29,81
39,74,23,81
40,95,83,81
41,97,33,81
42,39,82,81
43,39,66,81
44,17,0,81
45,82,25,81
46,39,92,81
47,68,46,81
48,62,21,81
49,27,71,81
50,17,66,81
51,69,31,81
52,44,12,81
53,94,33,81
1,63,73,82
2,92,5,82
3,58,67,82
4,89,73,82
5,77,64,82
6,94,22,82
7,92,47,82
8,36,98,82
9,52,35,82
10,5,38,82
11,13,67,82
12,15,53,82
13,39,8,82
14,77,34,82
15,13,17,82
16,2,9,82
17,45,46,82
18,66,5,82
19,96,76,82
20,10,72,82
21,47,95,82
22,88,5,82
23,38,1,82
24,95,77,82
25,60,57,82
26,22,59,82
27,14,46,82
28,71,83,82
29,48,2,82
30,93,9,82
31,96,52,82
32,29,28,82
33,1,84,82
34,83,92,82
35,34,43,82
36,1,1,82
37,21,90,82
38,98,28,82
39,75,24,82
40,96,84,82
41,97,34,82
42,38,83,82
43,39,65,82
44,17,0,82
45,81,26,82
46,39,92,82
47,68,46,82
48,63,22,82
49,27,71,82
50,18,66,82
51,68,31,82
52,45,13,82
53,95,34,82
1,63,74,83
2,92,4,83
3,57,67,83
4,88,72,83
5,76,65,83
6,94,23,83
7,91,46,83
8,37,98,83
9,51,35,83
10,4,37,83
11,13,68,83
12,15,54,83
13,40,8,83
14,76,34,83
15,14,17,83
16,3,8,83
17,46,45,83
18,65,5,83
19,95,76,83
20,10,72,83
21,47,95,83
22,89,4,83
23,38,1,83
24,94,77,83
25,61,57,83
26,23,58,83
27,13,45,83
28,72,84,83
29,49,2,83
30,92,8,83
31,97,53,83
32,29,27,83
33,0,83,83
34,83,91,83
35,33,43,83
36,1,2,83
37,20,90,83
38,98,29,83
39,75,23,83
40,95,84,83
41,96,33,83
42,39,82,83
43,39,64,83
44,16,0,83
45,81,25,83
46,40,92,83
47,67,45,83
48,62,21,83
49,27,71,83
50,19,65,83
51,67,31,83
52,46,14,83
53,94,33,83
1,62,75,84
2,92,3,84
3,56,67,84
4,87,73,84
5,75,66,84
6,95,22,84
7,90,46,84
8,37,97,84
9,52,35,84
10,4,38,84
11,14,69,84
12,16,55,84
13,39,9,84
14,75,34,84
15,13,17,84
16,3,7,84
17,46,44,84
18,64,5,84
19,95,77,84
20,9,73,84
21,47,95,84
22,89,5,84
23,39,1,84
24,95,78,84
25,61,58,84
26,22,59,84
27,13,46,84
28,73,83,84
29,48,1,84
30,91,8,84
31,96,53,84
32,28,28,84
33,1,84,84
34,84,92,84
35,32,44,84
36,2,2,84
37,20,89,84
38,98,30,84
39,75,22,84
40,96,83,84
41,97,34,84
42,39,82,84
43,38,63,84
44,15,0,84
45,82,26,84
46,41,91,84
47,67,44,84
48,61,22,84
49,28,70,84
50,18,64,84
51,67,32,84
52,47,14,84
53,95,33,84
1,63,75,85
2,93,4,85
3,56,67,85
4,87,74,85
5,74,67,85
6,96,22,85
7,89,45,85
8,37,96,85
9,51,36,85
10,3,37,85
11,13,70,85
12,16,55,85
13,39,10,85
14,76,33,85
15,12,18,85
16,4,7,85
17,47,44,85
18,65,6,85
19,95,77,85
20,10,74,85
21,47,94,85
22,90,6,85
23,40,2,85
24,96,76,85
25,61,58,85
26,21,58,85
27,14,47,85
28,72,82,85
29,48,0,85
30,91,7,85
31,96,52,85
32,27,29,85
33,0,83,85
34,85,92,85
35,31,44,85
36,2,3,85
37,21,90,85
38,97,31,85
39,76,22,85
40,97,83,85
41,98,34,85
42,38,81,85
43,39,62,85
44,15,1,85
45,83,25,85
46,42,91,85
47,67,43,85
48,62,21,85
49,29,70,85
50,18,63,85
51,66,32,85
52,47,15,85
53,96,32,85
1,63,74,86
2,94,3,86
3,55,66,86
4,88,73,86
5,75,67,86
6,95,23,86
7,89,46,86
8,38,96,86
9,50,35,86
10,4,37,86
11,14,69,86
12,17,54,86
13,38,9,86
14,76,34,86
15,11,18,86
16,4,8,86
17,46,43,86
18,65,6,86
19,95,77,86
20,9,75,86
21,48,95,86
22,90,7,86
23,39,1,86
24,95,75,86
25,61,58,86
26,21,59,86
27,13,46,86
28,71,83,86
29,47,0,86
30,90,8,86
31,97,53,86
32,26,28,86
33,0,83,86
34,84,93,86
35,32,44,86
36,3,3,86
37,22,91,86
38,98,31,86
39,77,21,86
40,96,84,86
41,97,34,86
42,39,82,86
43,38,61,86
44,14,0,86
45,83,25,86
46,42,90,86
47,68,43,86
48,63,21,86
49,30,71,86
50,17,63,86
51,67,32,86
52,47,16,86
53,96,31,86
1,63,74,87
2,95,3,87
3,54,65,87
4,87,73,87
5,74,66,87
6,94,24,87
7,89,46,87
8,38,96,87
9,49,35,87
10,3,36,87
11,13,70,87
12,16,53,87
13,37,10,87
14,77,33,87
15,10,19,87
16,3,8,87
17,45,42,87
18,66,7,87
19,96,76,87
20,8,75,87
21,47,95,87
22,91,6,87
23,38,2,87
24,94,76,87
25,62,57,87
26,21,59,87
27,13,45,87
28,70,84,87
29,48,0,87
30,89,7,87
31,98,54,87
32,27,28,87
33,0,82,87
34,83,94,87
35,32,43,87
36,2,2,87
37,22,92,87
38,97,30,87
39,78,20,87
40,97,85,87
41,98,35,87
42,39,83,87
43,37,61,87
44,15,1,87
45,82,24,87
46,42,91,87
47,69,44,87
48,62,21,87
49,30,71,87
50,16,64,87
51,66,32,87
52,46,15,87
53,96,30,87
1,62,73,88
2,96,2,88
3,55,65,88
4,86,73,88
5,73,66,88
6,94,24,88
7,88,45,88
8,38,96,88
9,48,34,88
10,4,35,88
11,14,70,88
12,17,54,88
13,36,11,88
14,76,32,88
15,10,18,88
16,2,9,88
17,44,41,88
18,66,7,88
19,95,75,88
20,8,74,88
21,48,95,88
22,91,6,88
23,37,2,88
24,95,76,88
25,63,58,88
26,20,59,88
27,14,44,88
28,69,83,88
29,49,1,88
30,88,6,88
31,98,55,88
32,27,29,88
33,1,83,88
34,84,93,88
35,31,44,88
36,1,2,88
37,21,92,88
38,97,29,88
39,78,19,88
40,98,84,88
41,99,35,88
42,40,82,88
43,37,60,88
44,16,2,88
45,82,25,88
46,41,90,88
47,68,44,88
48,63,20,88
49,31,71,88
50,17,64,88
51,65,31,88
52,47,15,88
53,95,31,88
1,61,73,89
2,96,2,89
3,55,65,89
4,86,72,89
5,73,65,89
6,93,25,89
7,89,46,89
8,38,96,89
9,47,33,89
10,4,35,89
11,13,70,89
12,17,55,89
13,36,11,89
14,76,32,89
15,9,19,89
16,3,8,89
17,43,41,89
18,67,8,89
19,95,74,89
20,7,74,89
21,49,95,89
22,90,7,89
23,36,3,89
24,94,76,89
25,62,58,89
26,20,59,89
27,14,45,89
28,70,84,89
29,48,1,89
30,87,6,89
31,99,56,89
32,27,30,89
33,0,82,89
34,84,94,89
35,32,45,89
36,0,2,89
37,22,91,89
38,96,28,89
39,77,18,89
40,98,85,89
41,98,35,89
42,41,81,89
43,38,59,89
44,17,1,89
45,81,24,89
46,40,91,89
47,67,45,89
48,64,20,89
49,30,71,89
50,18,65,89
51,64,31,89
52,47,14,89
53,95,32,89
1,62,74,90
2,96,3,90
3,55,66,90
4,85,72,90
5,74,66,90
6,93,26,90
7,89,47,90
8,38,95,90
9,47,34,90
10,3,36,90
11,13,70,90
12,16,55,90
13,36,12,90
14,75,32,90
15,8,19,90
16,3,8,90
17,44,42,90
18,67,9,90
19,96,73,90
20,8,73,90
21,48,96,90
22,91,7,90
23,37,2,90
24,93,76,90
25,63,57,90
26,19,60,90
27,15,46,90
28,69,84,90
29,48,2,90
30,87,5,90
31,99,56,90
32,28,30,90
33,1,81,90
34,84,95,90
35,33,46,90
36,1,2,90
37,23,92,90
38,96,27,90
39,78,17,90
40,98,84,90
41,98,34,90
42,40,82,90
43,39,60,90
44,16,0,90
45,82,23,90
46,41,92,90
47,68,44,90
48,64,19,90
49,29,70,90
50,17,64,90
51,63,32,90
52,47,14,90
53,96,33,90
1,61,74,91
2,95,3,91
3,54,65,91
4,86,73,91
5,74,66,91
6,92,26,91
7,89,46,91
8,39,95,91
9,46,35,91
10,3,35,91
11,13,71,91
12,16,56,91
13,36,11,91
14,76,32,91
15,9,18,91
16,4,9,91
17,44,41,91
18,66,8,91
19,95,72,91
20,9,73,91
21,49,97,91
22,92,6,91
23,38,1,91
24,93,76,91
25,64,58,91
26,19,60,91
27,16,45,91
28,68,85,91
29,47,2,91
30,87,6,91
31,99,57,91
32,29,29,91
33,2,81,91
34,84,94,91
35,32,47,91
36,1,1,91
37,22,91,91
38,97,28,91
39,77,16,91
40,98,84,91
41,98,34,91
42,39,81,91
43,38,61,91
44,15,1,91
45,83,22,91
46,41,92,91
47,69,44,91
48,63,18,91
49,28,69,91
50,18,64,91
51,62,31,91
52,46,13,91
53,97,32,91
1,62,74,92
2,94,2,92
3,55,64,92
4,85,74,92
5,75,66,92
6,93,27,92
7,90,47,92
8,38,95,92
9,45,35,92
10,4,36,92
11,14,70,92
12,15,57,92
13,35,10,92
14,76,31,92
15,10,18,92
16,5,10,92
17,45,41,92
18,66,9,92
19,96,72,92
20,10,73,92
21,48,97,92
22,93,5,92
23,37,0,92
24,92,77,92
25,64,57,92
26,18,61,92
27,16,45,92
28,69,84,92
29,46,2,92
30,86,6,92
31,98,56,92
32,29,29,92
33,1,81,92
34,84,93,92
35,31,46,92
36,1,0,92
37,21,90,92
38,98,28,92
39,76,15,92
40,98,85,92
41,98,33,92
42,39,82,92
43,39,61,92
44,16,2,92
45,83,22,92
46,40,93,92
47,69,43,92
48,63,19,92
49,27,70,92
50,18,63,92
51,62,32,92
52,47,12,92
53,96,31,92
1,63,75,93
2,95,1,93
3,56,63,93
4,85,74,93
5,75,67,93
6,94,28,93
7,90,46,93
8,37,95,93
9,46,34,93
10,4,35,93
11,13,71,93
12,15,58,93
13,34,10,93
14,77,31,93
15,10,17,93
16,4,11,93
17,46,42,93
18,65,10,93
19,96,71,93
20,10,72,93
21,49,97,93
22,94,4,93
23,38,1,93
24,91,77,93
25,65,58,93
26,17,60,93
27,16,44,93
28,68,84,93
29,46,2,93
30,87,7,93
31,99,56,93
32,30,30,93
33,2,80,93
34,85,92,93
35,31,45,93
36,2,0,93
37,22,90,93
38,97,29,93
39,76,14,93
40,98,84,93
41,98,34,93
42,38,82,93
43,39,60,93
44,17,2,93
45,83,23,93
46,41,94,93
47,68,43,93
48,64,18,93
49,27,70,93
50,17,62,93
51,62,31,93
52,48,12,93
53,97,32,93
1,63,74,94
2,95,2,94
3,55,63,94
4,84,73,94
5,74,68,94
6,93,29,94
7,91,47,94
8,36,96,94
9,47,35,94
10,4,36,94
11,12,72,94
12,15,58,94
13,35,9,94
14,77,31,94
15,10,17,94
16,5,12,94
17,47,43,94
18,66,11,94
19,97,71,94
20,11,73,94
21,50,96,94
22,95,3,94
23,39,0,94
24,92,77,94
25,66,57,94
26,17,61,94
27,16,45,94
28,67,84,94
29,45,2,94
30,86,8,94
31,98,56,94
32,29,31,94
33,2,81,94
34,85,91,94
35,32,45,94
36,1,0,94
37,21,91,94
38,96,29,94
39,77,14,94
40,98,85,94
41,98,35,94
42,37,81,94
43,38,59,94
44,16,1,94
45,82,23,94
46,41,94,94
47,68,44,94
48,65,17,94
49,26,69,94
50,17,62,94
51,62,32,94
52,47,11,94
53,97,33,94
1,64,75,95
2,94,3,95
3,55,62,95
4,84,72,95
5,75,69,95
6,93,28,95
7,92,46,95
8,37,97,95
9,46,35,95
10,4,35,95
11,12,72,95
12,16,59,95
13,35,8,95
14,76,31,95
15,9,16,95
16,6,11,95
17,48,44,95
18,66,11,95
19,97,71,95
20,10,73,95
21,49,95,95
22,94,4,95
23,38,0,95
24,92,76,95
25,66,58,95
26,18,61,95
27,16,45,95
28,68,83,95
29,44,2,95
30,87,8,95
31,98,55,95
32,29,32,95
33,2,80,95
34,85,91,95
35,31,45,95
36,1,0,95
37,22,90,95
38,96,30,95
39,76,14,95
40,99,85,95
41,97,34,95
42,37,82,95
43,39,58,95
44,16,0,95
45,83,23,95
46,41,94,95
47,67,43,95
48,65,16,95
49,27,69,95
50,16,63,95
51,63,31,95
52,46,11,95
53,97,33,95
1,64,74,96
2,95,3,96
3,54,62,96
4,84,72,96
5,74,69,96
6,94,29,96
7,93,45,96
8,38,96,96
9,45,35,96
10,5,35,96
11,11,73,96
12,16,60,96
13,36,9,96
14,75,31,96
15,8,15,96
16,5,10,96
17,49,43,96
18,67,11,96
19,98,70,96
20,10,73,96
21,48,96,96
22,96,3,96
23,37,0,96
24,91,75,96
25,65,59,96
26,19,62,96
27,16,45,96
28,68,84,96
29,45,1,96
30,87,7,96
31,98,55,96
32,29,33,96
33,1,81,96
34,86,91,96
35,31,45,96
36,0,1,96
37,23,90,96
38,96,31,96
39,75,13,96
40,98,84,96
41,97,35,96
42,38,81,96
43,39,58,96
44,15,1,96
45,84,23,96
46,40,94,96
47,68,44,96
48,64,17,96
49,28,68,96
50,17,62,96
51,63,31,96
52,46,10,96
53,97,32,96
1,63,73,97
2,96,2,97
3,55,61,97
4,85,71,97
5,75,70,97
6,95,28,97
7,94,44,97
8,38,95,97
9,44,34,97
10,6,35,97
11,12,72,97
12,17,59,97
13,36,10,97
14,74,30,97
15,8,16,97
16,4,9,97
17,49,42,97
18,66,10,97
19,98,69,97
20,11,73,97
21,47,97,97
22,97,3,97
23,38,0,97
24,90,76,97
25,65,59,97
26,18,63,97
27,16,44,97
28,67,83,97
29,46,0,97
30,86,8,97
31,99,56,97
32,29,34,97
33,1,82,97
34,85,92,97
35,30,44,97
36,1,2,97
37,22,89,97
38,96,31,97
39,75,14,97
40,99,84,97
41,98,34,97
42,37,81,97
43,39,59,97
44,16,0,97
45,84,22,97
46,41,94,97
47,68,43,97
48,63,16,97
49,27,68,97
50,17,62,97
51,64,30,97
52,45,9,97
53,97,31,97
1,64,74,98
2,95,2,98
3,56,60,98
4,86,72,98
5,74,71,98
6,96,27,98
7,94,43,98
8,39,96,98
9,45,35,98
10,5,36,98
11,11,71,98
12,16,58,98
13,35,9,98
14,75,30,98
15,9,15,98
16,4,8,98
17,50,42,98
18,66,9,98
19,97,68,98
20,12,72,98
21,48,97,98
22,98,4,98
23,38,1,98
24,89,76,98
25,65,58,98
26,17,63,98
27,16,44,98
28,68,83,98
29,45,0,98
30,87,7,98
31,99,57,98
32,29,35,98
33,1,82,98
34,86,92,98
35,30,43,98
36,1,3,98
37,22,89,98
38,97,30,98
39,74,15,98
40,99,84,98
41,98,34,98
42,38,80,98
43,39,58,98
44,16,0,98
45,85,22,98
46,41,95,98
47,69,44,98
48,64,16,98
49,26,69,98
50,16,62,98
51,63,29,98
52,45,10,98
53,98,31,98
1,65,74,99
2,94,2,99
3,55,59,99
4,87,71,99
5,75,71,99
6,97,27,99
7,94,42,99
8,40,95,99
9,44,35,99
10,6,36,99
11,12,70,99
12,16,59,99
13,35,8,99
14,76,30,99
15,8,16,99
16,3,7,99
17,49,42,99
18,65,10,99
19,98,68,99
20,12,71,99
21,49,96,99
22,98,3,99
23,37,2,99
24,90,75,99
25,64,57,99
26,17,63,99
27,16,43,99
28,69,82,99
29,44,0,99
30,88,8,99
31,99,56,99
32,30,36,99
33,2,83,99
34,85,91,99
35,31,42,99
36,2,3,99
37,23,89,99
38,96,31,99
39,73,15,99
40,99,83,99
41,97,33,99
42,39,79,99
43,40,59,99
44,17,0,99
45,86,23,99
46,42,96,99
47,70,44,99
48,65,16,99
49,27,69,99
50,17,61,99
51,64,28,99
52,44,10,99
53,98,32,99
1,65,74,100
2,95,1,100
3,56,60,100
4,88,71,100
5,76,72,100
6,96,26,100
7,94,42,100
8,41,96,100
9,43,36,100
10,5,37,100
11,13,71,100
12,17,58,100
13,35,9,100
14,76,29,100
15,9,17,100
16,4,6,100
17,50,41,100
18,66,9,100
19,97,68,100
20,12,71,100
21,48,95,100
22,97,4,100
23,36,2,100
24,91,74,100
25,65,58,100
26,17,62,100
27,15,44,100
28,68,83,100
29,44,1,100
30,87,7,100
31,98,56,100
32,29,35,100
33,1,84,100
34,86,92,100
35,32,42,100
36,3,2,100
37,23,88,100
38,95,30,100
39,72,14,100
40,99,82,100
41,99,33,100
42,40,78,100
43,41,59,100
44,18,1,100
45,87,22,100
46,43,97,100
47,70,45,100
48,66,15,100
49,28,69,100
50,17,60,100
51,63,27,100
52,45,11,100
53,98,33,100
