1,9,19,1
2,38,95,1
3,83,64,1
4,12,13,1
5,49,34,1
6,25,92,1
7,43,99,1
8,73,35,1
9,75,52,1
10,68,53,1
11,34,23,1
12,37,8,1
13,22,52,1
14,89,37,1
15,92,29,1
16,61,68,1
17,62,5,1
18,39,45,1
19,37,90,1
20,1,64,1
21,56,78,1
22,30,85,1
23,20,74,1
24,47,10,1
25,90,24,1
26,8,9,1
27,31,36,1
28,51,72,1
29,90,51,1
30,27,35,1
31,26,38,1
32,22,58,1
33,77,81,1
34,78,89,1
35,87,49,1
36,95,50,1
37,73,42,1
38,64,32,1
39,68,13,1
40,81,6,1
41,44,91,1
42,77,45,1
43,63,64,1
44,51,61,1
45,32,18,1
1,9,18,2
2,38,94,2
3,82,63,2
4,12,13,2
5,48,34,2
6,26,92,2
7,44,99,2
8,72,35,2
9,76,51,2
10,69,53,2
11,34,23,2
12,38,7,2
13,21,51,2
14,89,37,2
15,92,29,2
16,60,69,2
17,63,5,2
18,39,46,2
19,36,90,2
20,0,64,2
21,55,77,2
22,29,84,2
23,20,74,2
24,47,10,2
25,91,23,2
26,7,9,2
27,30,36,2
28,51,72,2
29,90,51,2
30,27,35,2
31,25,38,2
32,22,57,2
33,77,81,2
34,77,89,2
35,87,48,2
36,95,49,2
37,73,43,2
38,65,31,2
39,68,13,2
40,82,5,2
41,43,91,2
42,78,45,2
43,62,64,2
44,51,61,2
45,32,19,2
1,8,19,3
2,37,94,3
3,81,64,3
4,11,12,3
5,49,33,3
6,26,93,3
7,43,99,3
8,72,35,3
9,77,52,3
10,70,53,3
11,35,23,3
12,38,8,3
13,21,50,3
14,89,38,3
15,93,29,3
16,59,69,3
17,62,6,3
18,39,47,3
19,35,90,3
20,1,64,3
21,55,78,3
22,29,85,3
23,21,74,3
24,48,10,3
25,92,22,3
26,7,10,3
27,30,37,3
28,50,72,3
29,90,50,3
30,26,34,3
31,24,37,3
32,23,57,3
33,78,81,3
34,77,89,3
35,88,49,3
36,94,48,3
37,72,43,3
38,66,30,3
39,67,12,3
40,81,5,3
41,42,92,3
42,78,44,3
43,62,63,3
44,52,60,3
45,31,19,3
1,7,20,4
2,37,95,4
3,80,63,4
4,12,13,4
5,49,34,4
6,26,94,4
7,43,99,4
8,73,36,4
9,78,53,4
10,70,52,4
11,34,22,4
12,37,9,4
13,20,50,4
14,90,39,4
15,92,30,4
16,60,68,4
17,63,6,4
18,38,47,4
19,34,89,4
20,2,63,4
21,56,79,4
22,30,85,4
23,21,74,4
24,48,11,4
25,93,22,4
26,7,11,4
27,29,36,4
28,49,71,4
29,89,50,4
30,26,34,4
31,24,36,4
32,22,56,4
33,78,82,4
34,76,89,4
35,87,48,4
36,95,49,4
37,72,44,4
38,65,31,4
39,68,11,4
40,82,4,4
41,43,91,4
42,78,45,4
43,61,64,4
44,51,59,4
45,31,19,4
1,6,21,5
2,37,94,5
3,81,62,5
4,12,14,5
5,48,35,5
6,25,94,5
7,42,99,5
8,72,37,5
9,79,53,5
10,70,53,5
11,33,22,5
12,38,10,5
13,19,51,5
14,91,40,5
15,93,30,5
16,61,68,5
17,63,6,5
18,38,48,5
19,33,90,5
20,3,64,5
21,55,78,5
22,29,86,5
23,20,74,5
24,48,11,5
25,94,21,5
26,7,10,5
27,28,37,5
28,48,72,5
29,89,50,5
30,26,34,5
31,23,36,5
32,21,55,5
33,78,81,5
34,77,89,5
35,88,49,5
36,95,48,5
37,73,44,5
38,65,31,5
39,69,11,5
40,82,5,5
41,44,90,5
42,77,44,5
43,61,65,5
44,52,60,5
45,30,19,5
1,5,20,6
2,36,94,6
3,80,63,6
4,13,13,6
5,49,34,6
6,25,95,6
7,43,98,6
8,72,36,6
9,79,54,6
10,69,54,6
11,34,21,6
12,37,11,6
13,20,51,6
14,92,40,6
15,94,29,6
16,62,67,6
17,64,6,6
18,38,49,6
19,32,91,6
20,3,64,6
21,56,77,6
22,29,87,6
23,21,74,6
24,47,10,6
25,93,21,6
26,6,10,6
27,29,38,6
28,48,72,6
29,89,50,6
30,25,34,6
31,24,37,6
32,22,54,6
33,77,81,6
34,76,88,6
35,87,49,6
36,96,48,6
37,73,45,6
38,64,31,6
39,70,12,6
40,81,4,6
41,43,91,6
42,76,44,6
43,60,66,6
44,53,59,6
45,31,18,6
1,4,20,7
2,37,95,7
3,81,64,7
4,14,13,7
5,50,34,7
6,26,95,7
7,42,98,7
8,73,35,7
9,78,53,7
10,70,55,7
11,34,22,7
12,36,10,7
13,19,52,7
14,92,40,7
15,94,28,7
16,62,68,7
17,64,6,7
18,38,48,7
19,32,91,7
20,3,65,7
21,57,77,7
22,30,88,7
23,21,73,7
24,46,9,7
25,94,21,7
26,6,9,7
27,30,37,7
28,49,71,7
29,90,49,7
30,25,34,7
31,24,36,7
32,21,53,7
33,78,82,7
34,75,89,7
35,88,49,7
36,96,47,7
37,74,46,7
38,63,32,7
39,71,13,7
40,80,5,7
41,42,91,7
42,76,45,7
43,60,67,7
44,53,60,7
45,32,18,7
1,5,19,8
2,36,94,8
3,82,63,8
4,14,14,8
5,51,33,8
6,27,96,8
7,43,99,8
8,73,36,8
9,77,52,8
10,70,55,8
11,34,22,8
12,35,9,8
13,18,51,8
14,91,39,8
15,95,29,8
16,61,67,8
17,63,6,8
18,39,49,8
19,31,92,8
20,3,65,8
21,56,77,8
22,30,87,8
23,22,73,8
24,45,8,8
25,95,21,8
26,7,10,8
27,29,37,8
28,50,70,8
29,90,50,8
30,24,35,8
31,25,36,8
32,21,52,8
33,78,83,8
34,75,89,8
35,88,48,8
36,97,47,8
37,73,47,8
38,64,32,8
39,72,13,8
40,81,4,8
41,42,92,8
42,77,45,8
43,59,68,8
44,52,60,8
45,33,18,8
1,4,20,9
2,35,93,9
3,82,64,9
4,13,15,9
5,51,32,9
6,26,97,9
7,43,99,9
8,72,37,9
9,78,52,9
10,71,54,9
11,35,23,9
12,34,10,9
13,18,51,9
14,90,40,9
15,95,30,9
16,62,68,9
17,62,5,9
18,38,50,9
19,31,93,9
20,3,66,9
21,57,76,9
22,29,87,9
23,22,73,9
24,44,9,9
25,95,22,9
26,6,9,9
27,29,36,9
28,49,70,9
29,91,51,9
30,23,35,9
31,25,37,9
32,21,52,9
33,77,84,9
34,75,89,9
35,89,49,9
36,96,46,9
37,74,47,9
38,64,32,9
39,73,12,9
40,81,3,9
41,41,91,9
42,76,44,9
43,60,67,9
44,51,60,9
45,33,17,9
1,5,19,10
2,36,93,10
3,81,64,10
4,13,14,10
5,50,31,10
6,27,96,10
7,44,99,10
8,71,38,10
9,79,51,10
10,71,54,10
11,34,23,10
12,33,11,10
13,17,50,10
14,89,40,10
15,94,30,10
16,61,68,10
17,63,4,10
18,37,51,10
19,32,94,10
20,2,66,10
21,58,76,10
22,28,86,10
23,23,73,10
24,45,9,10
25,95,23,10
26,7,9,10
27,28,35,10
28,50,69,10
29,90,52,10
30,22,35,10
31,26,37,10
32,22,53,10
33,78,83,10
34,75,90,10
35,90,49,10
36,96,45,10
37,74,47,10
38,64,33,10
39,72,13,10
40,82,4,10
41,42,90,10
42,77,43,10
43,59,68,10
44,50,59,10
45,34,17,10
1,5,19,11
2,36,94,11
3,81,64,11
4,14,13,11
5,51,31,11
6,27,96,11
7,44,98,11
8,70,38,11
9,79,51,11
10,72,55,11
11,34,24,11
12,34,12,11
13,16,51,11
14,89,41,11
15,95,30,11
16,60,67,11
17,63,5,11
18,38,50,11
19,33,94,11
20,1,66,11
21,58,77,11
22,27,85,11
23,24,72,11
24,45,10,11
25,94,23,11
26,6,8,11
27,27,35,11
28,49,68,11
29,91,52,11
30,23,36,11
31,25,38,11
32,21,53,11
33,79,84,11
34,75,90,11
35,89,48,11
36,95,45,11
37,74,46,11
38,63,34,11
39,73,14,11
40,83,4,11
41,43,91,11
42,77,44,11
43,60,69,11
44,51,60,11
45,33,18,11
1,6,19,12
2,36,93,12
3,81,63,12
4,13,13,12
5,51,30,12
6,28,96,12
7,43,99,12
8,70,38,12
9,79,51,12
10,71,54,12
11,34,23,12
12,35,12,12
13,17,51,12
14,88,41,12
15,95,30,12
16,61,68,12
17,64,5,12
18,39,49,12
19,32,95,12
20,2,67,12
21,57,76,12
22,28,84,12
23,23,72,12
24,46,11,12
25,94,22,12
26,6,8,12
27,27,34,12
28,49,68,12
29,90,51,12
30,24,35,12
31,24,37,12
32,21,54,12
33,80,84,12
34,74,89,12
35,90,49,12
36,94,44,12
37,73,45,12
38,62,34,12
39,73,13,12
40,82,5,12
41,43,90,12
42,77,44,12
43,60,70,12
44,51,60,12
45,33,17,12
1,7,20,13
2,35,94,13
3,82,64,13
4,14,13,13
5,51,31,13
6,27,97,13
7,44,99,13
8,70,38,13
9,80,50,13
10,72,54,13
11,33,23,13
12,34,11,13
13,16,51,13
14,88,42,13
15,94,31,13
16,61,68,13
17,65,5,13
18,39,48,13
19,32,95,13
20,3,68,13
21,57,77,13
22,29,83,13
23,23,71,13
24,46,11,13
25,95,21,13
26,7,8,13
27,28,33,13
28,48,68,13
29,91,52,13
30,25,34,13
31,24,37,13
32,20,55,13
33,79,84,13
34,74,90,13
35,91,49,13
36,95,43,13
37,74,46,13
38,62,33,13
39,73,12,13
40,82,5,13
41,44,90,13
42,77,43,13
43,61,71,13
44,52,59,13
45,32,16,13
1,8,21,14
2,34,94,14
3,81,64,14
4,13,14,14
5,50,31,14
6,26,97,14
7,43,99,14
8,69,37,14
9,81,51,14
10,72,53,14
11,33,23,14
12,33,10,14
13,17,52,14
14,87,41,14
15,94,31,14
16,60,69,14
17,65,4,14
18,38,48,14
19,32,96,14
20,4,67,14
21,56,76,14
22,30,84,14
23,22,71,14
24,47,12,14
25,96,20,14
26,6,8,14
27,28,33,14
28,49,69,14
29,90,53,14
30,26,35,14
31,24,38,14
32,21,56,14
33,79,85,14
34,73,89,14
35,90,49,14
36,94,44,14
37,73,45,14
38,63,33,14
39,72,13,14
40,82,6,14
41,45,89,14
42,77,44,14
43,62,72,14
44,51,59,14
45,33,17,14
1,7,22,15
2,33,93,15
3,82,64,15
4,14,13,15
5,50,30,15
6,27,97,15
7,43,98,15
8,68,37,15
9,80,50,15
10,72,53,15
11,33,23,15
12,33,11,15
13,17,52,15
14,86,42,15
15,94,30,15
16,61,69,15
17,65,5,15
18,37,47,15
19,33,96,15
20,5,68,15
21,55,75,15
22,31,85,15
23,23,72,15
24,48,13,15
25,96,20,15
26,5,7,15
27,27,33,15
28,48,70,15
29,91,52,15
30,26,34,15
31,25,39,15
32,20,56,15
33,78,85,15
34,74,88,15
35,90,49,15
36,93,44,15
37,72,45,15
38,63,33,15
39,72,14,15
40,83,5,15
41,46,90,15
42,78,45,15
43,63,72,15
44,50,60,15
45,32,16,15
1,7,21,16
2,34,92,16
3,83,63,16
4,13,13,16
5,51,29,16
6,28,97,16
7,43,97,16
8,69,36,16
9,81,51,16
10,73,53,16
11,34,24,16
12,32,10,16
13,18,51,16
14,85,41,16
15,93,30,16
16,60,70,16
17,66,4,16
18,36,47,16
19,33,97,16
20,6,69,16
21,55,75,16
22,30,84,16
23,24,71,16
24,49,13,16
25,95,19,16
26,5,8,16
27,27,32,16
28,47,69,16
29,92,53,16
30,25,34,16
31,25,39,16
32,21,55,16
33,79,85,16
34,74,88,16
35,90,50,16
36,92,45,16
37,73,44,16
38,63,34,16
39,72,15,16
40,84,5,16
41,46,90,16
42,77,44,16
43,62,73,16
44,49,59,16
45,31,17,16
1,8,21,17
2,35,93,17
3,83,64,17
4,14,13,17
5,50,29,17
6,29,98,17
7,44,97,17
8,69,35,17
9,80,52,17
10,73,53,17
11,34,24,17
12,32,11,17
13,19,51,17
14,84,41,17
15,94,31,17
16,59,70,17
17,66,5,17
18,37,47,17
19,32,97,17
20,5,70,17
21,56,75,17
22,31,84,17
23,23,70,17
24,48,13,17
25,95,19,17
26,4,9,17
27,28,33,17
28,46,70,17
29,91,54,17
30,24,35,17
31,26,39,17
32,20,55,17
33,80,84,17
34,73,87,17
35,91,49,17
36,93,46,17
37,72,43,17
38,62,33,17
39,73,15,17
40,85,5,17
41,47,90,17
42,78,45,17
43,63,72,17
44,48,59,17
45,30,18,17
1,9,21,18
2,36,94,18
3,82,63,18
4,15,14,18
5,50,28,18
6,29,98,18
7,43,96,18
8,68,35,18
9,79,52,18
10,74,54,18
11,34,24,18
12,31,10,18
13,19,51,18
14,84,40,18
15,95,32,18
16,58,69,18
17,66,5,18
18,37,47,18
19,31,97,18
20,5,69,18
21,56,75,18
22,32,83,18
23,24,71,18
24,48,14,18
25,95,18,18
26,5,10,18
27,28,34,18
28,46,70,18
29,92,55,18
30,24,34,18
31,26,39,18
32,21,54,18
33,79,83,18
34,72,87,18
35,90,48,18
36,92,45,18
37,72,42,18
38,61,34,18
39,72,16,18
40,84,4,18
41,46,89,18
42,77,45,18
43,62,71,18
44,48,58,18
45,30,17,18
1,10,22,19
2,37,94,19
3,83,62,19
4,14,15,19
5,49,29,19
6,28,99,19
7,44,95,19
8,67,34,19
9,78,53,19
10,73,55,19
11,33,25,19
12,31,9,19
13,18,51,19
14,84,39,19
15,96,32,19
16,59,69,19
17,66,6,19
18,37,46,19
19,30,98,19
20,5,69,19
21,55,76,19
22,32,82,19
23,23,72,19
24,49,14,19
25,95,17,19
26,5,11,19
27,29,35,19
28,47,71,19
29,92,54,19
30,23,35,19
31,26,39,19
32,21,55,19
33,80,82,19
34,72,87,19
35,91,49,19
36,93,46,19
37,72,43,19
38,61,35,19
39,73,15,19
40,84,4,19
41,46,90,19
42,77,45,19
43,62,71,19
44,47,57,19
45,30,17,19
1,10,23,20
2,38,93,20
3,84,61,20
4,15,16,20
5,50,30,20
6,29,99,20
7,43,95,20
8,68,35,20
9,79,53,20
10,73,54,20
11,33,24,20
12,30,10,20
13,17,52,20
14,84,39,20
15,97,31,20
16,58,68,20
17,65,7,20
18,36,46,20
19,30,98,20
20,6,70,20
21,54,75,20
22,33,82,20
23,23,73,20
24,49,14,20
25,94,16,20
26,5,11,20
27,28,36,20
28,47,71,20
29,91,53,20
30,23,36,20
31,27,40,20
32,21,56,20
33,81,82,20
34,72,88,20
35,91,50,20
36,94,47,20
37,71,42,20
38,62,35,20
39,74,16,20
40,84,4,20
41,46,90,20
42,78,46,20
43,62,71,20
44,47,56,20
45,29,16,20
1,9,23,21
2,37,94,21
3,83,61,21
4,14,16,21
5,50,29,21
6,31,97,21
7,42,96,21
8,67,35,21
9,79,54,21
10,72,55,21
11,33,23,21
12,29,9,21
13,16,52,21
14,83,38,21
15,96,30,21
16,58,69,21
17,66,6,21
18,35,46,21
19,29,97,21
20,5,69,21
21,53,74,21
22,34,82,21
23,22,72,21
24,48,14,21
25,94,16,21
26,6,11,21
27,28,37,21
28,48,71,21
29,92,54,21
30,24,35,21
31,26,39,21
32,20,55,21
33,80,83,21
34,71,88,21
35,90,51,21
36,94,47,21
37,71,43,21
38,62,36,21
39,75,17,21
40,83,4,21
41,47,90,21
42,79,45,21
43,61,70,21
44,46,55,21
45,30,17,21
1,9,24,22
2,36,95,22
3,83,60,22
4,13,16,22
5,50,30,22
6,30,98,22
7,42,96,22
8,66,34,22
9,78,55,22
10,72,56,22
11,34,22,22
12,30,10,22
13,16,51,22
14,84,39,22
15,95,31,22
16,58,68,22
17,67,5,22
18,36,46,22
19,30,97,22
20,6,69,22
21,52,74,22
22,34,82,22
23,22,73,22
24,48,13,22
25,95,17,22
26,7,11,22
27,29,37,22
28,48,70,22
29,92,53,22
30,25,35,22
31,27,39,22
32,21,56,22
33,81,83,22
34,71,88,22
35,89,51,22
36,93,47,22
37,71,44,22
38,61,35,22
39,75,18,22
40,84,5,22
41,46,91,22
42,79,46,22
43,61,69,22
44,45,54,22
45,30,18,22
1,8,24,23
2,35,96,23
3,83,61,23
4,12,15,23
5,50,31,23
6,31,97,23
7,42,97,23
8,67,35,23
9,78,55,23
10,73,57,23
11,33,22,23
12,30,9,23
13,15,51,23
14,85,39,23
15,94,31,23
16,58,69,23
17,66,4,23
18,35,47,23
19,30,96,23
20,5,69,23
21,51,74,23
22,34,81,23
23,22,73,23
24,49,13,23
25,94,17,23
26,8,10,23
27,30,38,23
28,47,71,23
29,93,52,23
30,26,34,23
31,26,39,23
32,20,55,23
33,82,83,23
34,71,88,23
35,88,51,23
36,93,47,23
37,70,45,23
38,62,36,23
39,74,18,23
40,84,5,23
41,47,90,23
42,80,47,23
43,61,70,23
44,44,53,23
45,29,18,23
1,8,24,24
2,35,96,24
3,84,62,24
4,11,14,24
5,51,31,24
6,29,95,24
7,41,96,24
8,66,34,24
9,79,56,24
10,73,57,24
11,34,22,24
12,31,9,24
13,16,50,24
14,85,40,24
15,95,32,24
16,58,68,24
17,65,3,24
18,35,48,24
19,28,94,24
20,5,70,24
21,51,74,24
22,35,80,24
23,21,74,24
24,49,14,24
25,93,17,24
26,9,10,24
27,30,38,24
28,47,70,24
29,94,52,24
30,27,35,24
31,25,39,24
32,19,56,24
33,81,84,24
34,71,87,24
35,89,51,24
36,94,47,24
37,71,44,24
38,63,35,24
39,74,18,24
40,85,5,24
41,47,89,24
42,79,47,24
43,60,70,24
44,44,52,24
45,28,19,24
1,9,24,25
2,36,95,25
3,83,62,25
4,11,13,25
5,51,30,25
6,29,96,25
7,42,97,25
8,65,35,25
9,78,57,25
10,73,57,25
11,33,22,25
12,31,8,25
13,17,51,25
14,86,39,25
15,95,31,25
16,58,68,25
17,64,2,25
18,36,47,25
19,29,94,25
20,5,69,25
21,51,74,25
22,34,81,25
23,22,74,25
24,49,15,25
25,93,18,25
26,10,10,25
27,31,38,25
28,48,71,25
29,94,52,25
30,28,35,25
31,25,38,25
32,19,56,25
33,81,84,25
34,72,86,25
35,89,52,25
36,93,47,25
37,70,43,25
38,62,35,25
39,75,17,25
40,84,6,25
41,46,89,25
42,80,46,25
43,61,71,25
44,44,51,25
45,29,20,25
1,8,25,26
2,37,96,26
3,84,63,26
4,11,13,26
5,52,29,26
6,29,97,26
7,42,98,26
8,64,36,26
9,79,56,26
10,74,56,26
11,33,21,26
12,32,8,26
13,17,50,26
14,85,40,26
15,94,32,26
16,58,67,26
17,64,1,26
18,36,47,26
19,29,95,26
20,5,68,26
21,52,74,26
22,35,82,26
23,21,74,26
24,49,14,26
25,94,18,26
26,11,11,26
27,30,38,26
28,47,70,26
29,94,53,26
30,27,36,26
31,25,38,26
32,20,55,26
33,80,85,26
34,73,85,26
35,90,53,26
36,93,46,26
37,70,44,26
38,63,36,26
39,75,18,26
40,85,5,26
41,46,88,26
42,80,47,26
43,61,70,26
44,43,51,26
45,28,19,26
1,8,25,27
2,36,97,27
3,83,63,27
4,10,13,27
5,52,28,27
6,29,96,27
7,43,99,27
8,65,36,27
9,78,55,27
10,75,55,27
11,34,22,27
12,31,9,27
13,18,50,27
14,86,39,27
15,95,33,27
16,58,68,27
17,63,0,27
18,37,46,27
19,28,96,27
20,4,67,27
21,51,73,27
22,35,81,27
23,21,73,27
24,49,15,27
25,93,18,27
26,12,10,27
27,31,38,27
28,48,70,27
29,95,53,27
30,28,35,27
31,25,37,27
32,19,55,27
33,80,84,27
34,74,85,27
35,89,54,27
36,94,46,27
37,70,45,27
38,62,35,27
39,76,19,27
40,85,4,27
41,46,89,27
42,79,48,27
43,61,69,27
44,43,51,27
45,28,18,27
1,9,24,28
2,36,97,28
3,82,63,28
4,11,14,28
5,52,29,28
6,29,97,28
7,42,98,28
8,66,35,28
9,79,55,28
10,75,54,28
11,33,21,28
12,31,8,28
13,19,50,28
14,86,38,28
15,95,33,28
16,57,67,28
17,63,1,28
18,36,47,28
19,28,97,28
20,3,66,28
21,51,72,28
22,34,81,28
23,21,72,28
24,49,16,28
25,92,18,28
26,12,11,28
27,30,39,28
28,47,71,28
29,96,52,28
30,27,36,28
31,25,38,28
32,18,55,28
33,79,85,28
34,75,86,28
35,89,53,28
36,93,45,28
37,70,44,28
38,63,34,28
39,76,20,28
40,85,4,28
41,45,88,28
42,78,49,28
43,60,70,28
44,44,52,28
45,27,17,28
1,10,25,29
2,37,97,29
3,81,64,29
4,11,13,29
5,51,30,29
6,28,96,29
7,43,98,29
8,65,34,29
9,79,54,29
10,74,55,29
11,34,20,29
12,31,9,29
13,18,49,29
14,85,39,29
15,94,34,29
16,56,68,29
17,62,2,29
18,36,47,29
19,29,96,29
20,4,67,29
21,51,73,29
22,35,81,29
23,20,71,29
24,50,17,29
25,91,19,29
26,12,10,29
27,29,38,29
28,46,70,29
29,97,52,29
30,26,35,29
31,24,37,29
32,17,55,29
33,78,86,29
34,76,87,29
35,88,53,29
36,94,46,29
37,69,44,29
38,62,33,29
39,77,21,29
40,84,3,29
41,44,88,29
42,78,48,29
43,59,71,29
44,43,51,29
45,27,18,29
1,9,26,30
2,38,97,30
3,81,65,30
4,11,12,30
5,51,31,30
6,27,97,30
7,42,98,30
8,66,35,30
9,78,54,30
10,73,56,30
11,33,20,30
12,32,10,30
13,18,48,30
14,86,40,30
15,94,35,30
16,57,67,30
17,63,2,30
18,36,47,30
19,28,97,30
20,5,66,30
21,51,73,30
22,35,82,30
23,19,70,30
24,50,18,30
25,92,19,30
26,13,9,30
27,28,39,30
28,47,71,30
29,98,52,30
30,27,34,30
31,25,36,30
32,16,56,30
33,79,87,30
34,77,86,30
35,89,53,30
36,94,45,30
37,70,45,30
38,62,33,30
39,77,22,30
40,84,2,30
41,45,88,30
42,79,48,30
43,60,72,30
44,43,50,30
45,27,17,30
1,9,26,31
2,37,97,31
3,80,64,31
4,10,12,31
5,50,31,31
6,26,98,31
7,41,97,31
8,66,36,31
9,78,53,31
10,74,57,31
11,34,19,31
12,33,9,31
13,19,47,31
14,85,39,31
15,94,35,31
16,57,66,31
17,62,3,31
18,36,48,31
19,27,98,31
20,5,65,31
21,52,72,31
22,34,83,31
23,18,71,31
24,49,18,31
25,93,20,31
26,13,9,31
27,28,38,31
28,48,72,31
29,97,52,31
30,27,35,31
31,25,36,31
32,15,57,31
33,79,88,31
34,77,87,31
35,88,52,31
36,93,45,31
37,69,45,31
38,61,33,31
39,77,23,31
40,84,3,31
41,46,87,31
42,78,47,31
43,60,71,31
44,43,49,31
45,26,16,31
1,10,26,32
2,37,96,32
3,79,64,32
4,11,11,32
5,51,31,32
6,26,97,32
7,41,96,32
8,65,35,32
9,78,52,32
10,73,56,32
11,35,19,32
12,34,8,32
13,20,48,32
14,84,40,32
15,93,36,32
16,56,67,32
17,63,3,32
18,37,47,32
19,27,99,32
20,4,65,32
21,53,71,32
22,33,83,32
23,19,71,32
24,48,17,32
25,94,19,32
26,14,10,32
27,29,38,32
28,49,72,32
29,98,53,32
30,26,35,32
31,24,35,32
32,15,58,32
33,80,87,32
34,78,86,32
35,88,53,32
36,92,44,32
37,69,44,32
38,60,32,32
39,77,23,32
40,83,4,32
41,47,86,32
42,78,48,32
43,61,72,32
44,43,49,32
45,26,16,32
1,10,27,33
2,36,96,33
3,78,65,33
4,10,10,33
5,52,32,33
6,27,98,33
7,41,97,33
8,66,36,33
9,78,53,33
10,74,57,33
11,35,20,33
12,34,9,33
13,20,49,33
14,84,39,33
15,94,37,33
16,56,68,33
17,64,4,33
18,36,46,33
19,28,98,33
20,4,65,33
21,52,72,33
22,34,84,33
23,19,70,33
24,48,17,33
25,93,18,33
26,15,11,33
27,29,37,33
28,50,71,33
29,99,52,33
30,25,35,33
31,23,34,33
32,15,59,33
33,81,88,33
34,77,85,33
35,88,53,33
36,91,45,33
37,69,44,33
38,59,33,33
39,76,23,33
40,83,3,33
41,48,86,33
42,77,48,33
43,61,73,33
44,42,48,33
45,25,17,33
1,10,28,34
2,35,96,34
3,77,64,34
4,10,11,34
5,51,32,34
6,27,98,34
7,40,96,34
8,65,37,34
9,78,52,34
10,74,56,34
11,34,19,34
12,34,9,34
13,21,48,34
14,83,39,34
15,95,36,34
16,55,69,34
17,63,5,34
18,36,46,34
19,27,97,34
20,4,65,34
21,52,73,34
22,34,85,34
23,19,69,34
24,47,17,34
25,92,19,34
26,14,11,34
27,28,36,34
28,51,71,34
29,99,53,34
30,24,34,34
31,22,34,34
32,15,59,34
33,81,89,34
34,78,84,34
35,87,54,34
36,91,46,34
37,70,45,34
38,60,34,34
39,75,23,34
40,84,3,34
41,49,85,34
42,76,49,34
43,60,72,34
44,43,48,34
45,26,17,34
1,10,28,35
2,36,96,35
3,78,64,35
4,9,10,35
5,51,31,35
6,26,99,35
7,41,97,35
8,65,38,35
9,79,53,35
10,73,55,35
11,33,18,35
12,33,10,35
13,21,49,35
14,82,38,35
15,96,35,35
16,56,68,35
17,63,5,35
18,37,47,35
19,27,98,35
20,5,66,35
21,52,73,35
22,33,84,35
23,19,68,35
24,46,16,35
25,93,19,35
26,14,10,35
27,28,36,35
28,51,72,35
29,98,54,35
30,25,33,35
31,23,35,35
32,15,58,35
33,81,90,35
34,79,83,35
35,86,53,35
36,90,47,35
37,70,44,35
38,61,34,35
39,76,23,35
40,83,2,35
41,49,84,35
42,76,48,35
43,61,73,35
44,42,49,35
45,26,17,35
1,11,28,36
2,36,97,36
3,79,63,36
4,9,9,36
5,52,32,36
6,28,99,36
7,40,97,36
8,64,37,36
9,78,52,36
10,74,55,36
11,33,19,36
12,33,10,36
13,22,48,36
14,82,37,36
15,95,35,36
16,57,68,36
17,63,6,36
18,37,46,36
19,27,99,36
20,5,66,36
21,51,73,36
22,33,83,36
23,19,68,36
24,46,16,36
25,92,20,36
26,13,9,36
27,27,35,36
28,50,74,36
29,99,55,36
30,26,33,36
31,23,35,36
32,16,57,36
33,81,90,36
34,80,83,36
35,86,54,36
36,89,48,36
37,70,44,36
38,61,35,36
39,76,22,36
40,83,3,36
41,50,85,36
42,76,48,36
43,61,73,36
44,42,48,36
45,25,16,36
1,12,29,37
2,37,96,37
3,80,64,37
4,9,8,37
5,51,33,37
6,29,98,37
7,41,96,37
8,64,36,37
9,77,51,37
10,74,54,37
11,33,18,37
12,34,11,37
13,23,47,37
14,82,37,37
15,95,35,37
16,58,69,37
17,62,6,37
18,36,45,37
19,28,99,37
20,6,67,37
21,51,75,37
22,32,83,37
23,19,69,37
24,45,17,37
25,92,21,37
26,12,9,37
27,27,35,37
28,50,74,37
29,99,56,37
30,26,32,37
31,24,34,37
32,16,57,37
33,82,91,37
34,79,82,37
35,87,53,37
36,90,49,37
37,70,45,37
38,61,36,37
39,76,21,37
40,83,2,37
41,49,86,37
42,75,49,37
43,60,72,37
44,43,48,37
45,24,15,37
1,12,29,38
2,36,95,38
3,79,65,38
4,9,8,38
5,52,33,38
6,29,99,38
7,41,96,38
8,65,36,38
9,76,50,38
10,74,53,38
11,32,18,38
12,33,10,38
13,22,47,38
14,82,38,38
15,94,36,38
16,57,69,38
17,61,5,38
18,36,45,38
19,29,98,38
20,5,67,38
21,50,76,38
22,31,82,38
23,20,69,38
24,44,18,38
25,92,22,38
26,12,9,38
27,27,35,38
28,50,73,38
29,99,55,38
30,25,33,38
31,26,33,38
32,15,57,38
33,83,91,38
34,79,82,38
35,86,53,38
36,91,48,38
37,71,46,38
38,62,36,38
39,77,20,38
40,84,1,38
41,50,85,38
42,74,49,38
43,61,72,38
44,44,49,38
45,25,14,38
1,11,29,39
2,37,95,39
3,80,65,39
4,10,8,39
5,53,33,39
6,30,98,39
7,41,96,39
8,66,37,39
9,77,49,39
10,74,53,39
11,31,17,39
12,33,9,39
13,22,48,39
14,83,37,39
15,95,36,39
16,58,68,39
17,62,4,39
18,36,44,39
19,29,99,39
20,5,66,39
21,49,76,39
22,31,83,39
23,19,68,39
24,44,18,39
25,91,23,39
26,13,9,39
27,26,34,39
28,50,72,39
29,99,56,39
30,24,34,39
31,26,32,39
32,14,58,39
33,83,92,39
34,80,81,39
35,87,52,39
36,92,48,39
37,70,46,39
38,62,37,39
39,78,21,39
40,85,2,39
41,49,86,39
42,74,48,39
43,61,71,39
44,44,48,39
45,24,15,39
1,10,30,40
2,38,94,40
3,79,66,40
4,11,9,40
5,52,32,40
6,31,98,40
7,41,97,40
8,66,37,40
9,78,49,40
10,75,54,40
11,30,16,40
12,33,9,40
13,21,49,40
14,84,37,40
15,95,36,40
16,59,68,40
17,62,5,40
18,35,44,40
19,28,98,40
20,4,65,40
21,49,76,40
22,32,84,40
23,20,67,40
24,45,17,40
25,91,24,40
26,12,10,40
27,27,34,40
28,49,73,40
29,98,56,40
30,25,35,40
31,27,31,40
32,14,59,40
33,82,91,40
34,79,81,40
35,86,51,40
36,91,49,40
37,71,45,40
38,61,38,40
39,78,20,40
40,84,2,40
41,50,87,40
42,75,47,40
43,60,72,40
44,43,49,40
45,24,16,40
1,10,29,41
2,39,95,41
3,78,65,41
4,10,9,41
5,51,32,41
6,31,98,41
7,40,96,41
8,66,38,41
9,78,50,41
10,74,55,41
11,29,16,41
12,32,8,41
13,20,50,41
14,83,36,41
15,94,36,41
16,58,68,41
17,62,4,41
18,34,43,41
19,29,98,41
20,5,64,41
21,48,76,41
22,32,83,41
23,21,67,41
24,44,16,41
25,91,24,41
26,11,9,41
27,27,34,41
28,49,74,41
29,98,56,41
30,25,34,41
31,27,32,41
32,14,59,41
33,81,90,41
34,79,80,41
35,86,52,41
36,90,49,41
37,72,44,41
38,61,38,41
39,77,19,41
40,85,1,41
41,51,86,41
42,76,46,41
43,60,71,41
44,43,50,41
45,25,15,41
1,10,30,42
2,39,95,42
3,78,64,42
4,9,9,42
5,52,31,42
6,31,97,42
7,38,95,42
8,67,38,42
9,78,50,42
10,75,54,42
11,29,15,42
12,33,9,42
13,20,51,42
14,82,37,42
15,95,37,42
16,59,68,42
17,62,4,42
18,34,43,42
19,28,98,42
20,5,64,42
21,47,75,42
22,32,83,42
23,20,67,42
24,45,15,42
25,92,25,42
26,11,8,42
27,26,33,42
28,50,74,42
29,98,55,42
30,25,35,42
31,27,33,42
32,14,58,42
33,81,91,42
34,78,81,42
35,86,53,42
36,90,49,42
37,73,45,42
38,61,39,42
39,77,18,42
40,84,0,42
41,51,85,42
42,77,47,42
43,60,71,42
44,42,51,42
45,26,15,42
1,11,29,43
2,37,95,43
3,77,63,43
4,10,9,43
5,51,31,43
6,30,98,43
7,39,96,43
8,68,38,43
9,79,49,43
10,74,55,43
11,28,14,43
12,32,9,43
13,20,51,43
14,82,37,43
15,95,36,43
16,59,68,43
17,61,3,43
18,33,42,43
19,27,99,43
20,4,63,43
21,47,76,43
22,32,83,43
23,19,68,43
24,44,14,43
25,91,25,43
26,12,8,43
27,25,32,43
28,49,75,43
29,99,56,43
30,25,35,43
31,28,32,43
32,15,57,43
33,80,91,43
34,78,81,43
35,85,54,43
36,90,50,43
37,72,45,43
38,60,39,43
39,76,19,43
40,84,0,43
41,50,86,43
42,78,46,43
43,59,72,43
44,42,51,43
45,26,15,43
1,12,29,44
2,37,95,44
3,76,64,44
4,10,9,44
5,52,30,44
6,30,99,44
7,40,97,44
8,67,37,44
9,79,48,44
10,74,55,44
11,28,14,44
12,33,8,44
13,19,52,44
14,83,36,44
15,95,35,44
16,60,67,44
17,60,2,44
18,32,42,44
19,28,98,44
20,3,63,44
21,48,75,44
22,33,82,44
23,19,68,44
24,45,15,44
25,91,24,44
26,12,8,44
27,25,31,44
28,49,76,44
29,98,56,44
30,24,35,44
31,28,31,44
32,14,57,44
33,81,91,44
34,77,82,44
35,85,53,44
36,91,51,44
37,71,45,44
38,61,39,44
39,76,19,44
40,84,1,44
41,51,86,44
42,77,45,44
43,60,71,44
44,41,50,44
45,27,15,44
1,12,29,45
2,37,96,45
3,75,63,45
4,10,8,45
5,53,29,45
6,29,99,45
7,39,98,45
8,67,38,45
9,78,47,45
10,73,55,45
11,29,14,45
12,33,8,45
13,19,51,45
14,83,36,45
15,95,35,45
16,60,68,45
17,60,2,45
18,31,41,45
19,28,97,45
20,2,62,45
21,48,76,45
22,34,83,45
23,18,69,45
24,45,15,45
25,90,25,45
26,13,8,45
27,25,31,45
28,49,77,45
29,98,55,45
30,23,36,45
31,29,32,45
32,13,56,45
33,81,91,45
34,76,81,45
35,85,54,45
36,91,52,45
37,72,44,45
38,60,39,45
39,75,20,45
40,84,0,45
41,50,87,45
42,77,44,45
43,59,72,45
44,40,51,45
45,27,14,45
1,13,30,46
2,37,97,46
3,75,63,46
4,10,9,46
5,52,28,46
6,30,99,46
7,38,98,46
8,68,39,46
9,78,47,46
10,74,56,46
11,29,13,46
12,32,9,46
13,19,52,46
14,83,35,46
15,96,34,46
16,60,68,46
17,60,2,46
18,32,42,46
19,28,98,46
20,2,63,46
21,47,77,46
22,33,82,46
23,18,70,46
24,44,16,46
25,90,25,46
26,12,9,46
27,26,32,46
28,49,77,46
29,99,55,46
30,24,35,46
31,28,33,46
32,12,55,46
33,81,90,46
34,76,80,46
35,85,54,46
36,90,51,46
37,72,45,46
38,60,39,46
39,75,20,46
40,84,1,46
41,51,86,46
42,78,44,46
43,59,73,46
44,41,50,46
45,28,15,46
1,13,29,47
2,37,98,47
3,74,64,47
4,11,9,47
5,51,27,47
6,29,98,47
7,37,97,47
8,68,39,47
9,77,48,47
10,75,55,47
11,28,13,47
12,32,10,47
13,19,52,47
14,82,36,47
15,96,34,47
16,60,69,47
17,60,1,47
18,31,42,47
19,28,98,47
20,2,64,47
21,47,77,47
22,32,82,47
23,17,70,47
24,45,17,47
25,91,25,47
26,13,9,47
27,27,31,47
28,50,77,47
29,98,56,47
30,24,34,47
31,29,33,47
32,12,56,47
33,81,89,47
34,75,79,47
35,86,55,47
36,90,52,47
37,72,46,47
38,61,39,47
39,74,19,47
40,84,1,47
41,50,85,47
42,77,45,47
43,60,72,47
44,41,49,47
45,27,14,47
1,14,28,48
2,38,97,48
3,73,65,48
4,12,9,48
5,52,28,48
6,27,99,48
7,37,96,48
8,67,39,48
9,76,48,48
10,74,56,48
11,26,13,48
12,32,9,48
13,20,52,48
14,83,37,48
15,97,35,48
16,60,70,48
17,59,1,48
18,32,43,48
19,27,98,48
20,1,64,48
21,47,78,48
22,31,82,48
23,16,70,48
24,44,18,48
25,92,26,48
26,14,8,48
27,26,32,48
28,51,78,48
29,99,55,48
30,25,33,48
31,28,32,48
32,12,56,48
33,81,89,48
34,74,79,48
35,85,54,48
36,90,53,48
37,72,46,48
38,60,39,48
39,73,20,48
40,83,1,48
41,50,84,48
42,78,44,48
43,59,71,48
44,40,49,48
45,27,14,48
1,15,27,49
2,39,97,49
3,74,64,49
4,12,9,49
5,53,29,49
6,26,98,49
7,37,97,49
8,68,39,49
9,76,48,49
10,75,55,49
11,25,12,49
12,32,8,49
13,20,53,49
14,82,38,49
15,98,34,49
16,61,69,49
17,60,0,49
18,33,44,49
19,27,98,49
20,0,63,49
21,46,77,49
22,31,81,49
23,16,69,49
24,45,18,49
25,92,26,49
26,15,7,49
27,25,32,49
28,51,77,49
29,98,54,49
30,24,32,49
31,29,32,49
32,13,57,49
33,82,88,49
34,75,78,49
35,84,55,49
36,90,54,49
37,71,46,49
38,61,40,49
39,73,20,49
40,82,1,49
41,50,84,49
42,77,43,49
43,59,70,49
44,40,50,49
45,28,13,49
1,14,28,50
2,38,96,50
3,75,65,50
4,12,10,50
5,54,28,50
6,25,97,50
7,37,97,50
8,68,39,50
9,76,48,50
10,76,56,50
11,25,11,50
12,31,8,50
13,21,52,50
14,82,39,50
15,99,33,50
16,60,69,50
17,60,0,50
18,32,45,50
19,27,98,50
20,0,62,50
21,45,78,50
22,30,81,50
23,17,68,50
24,46,19,50
25,92,27,50
26,14,6,50
27,26,32,50
28,52,78,50
29,97,55,50
30,24,31,50
31,28,33,50
32,14,57,50
33,83,89,50
34,76,77,50
35,85,55,50
36,89,54,50
37,72,47,50
38,61,41,50
39,73,20,50
40,81,0,50
41,49,83,50
42,78,42,50
43,58,71,50
44,41,51,50
45,29,13,50
1,13,27,51
2,39,97,51
3,76,66,51
4,11,9,51
5,53,29,51
6,26,96,51
7,36,96,51
8,67,40,51
9,77,49,51
10,75,56,51
11,26,10,51
12,32,7,51
13,21,51,51
14,83,39,51
15,99,32,51
16,61,68,51
17,61,0,51
18,31,45,51
19,28,99,51
20,1,63,51
21,45,78,51
22,29,81,51
23,16,69,51
24,46,18,51
25,93,28,51
26,15,7,51
27,26,31,51
28,52,78,51
29,97,55,51
30,24,32,51
31,28,32,51
32,14,58,51
33,82,88,51
34,77,77,51
35,85,54,51
36,88,55,51
37,73,47,51
38,62,42,51
39,72,20,51
40,80,1,51
41,48,82,51
42,79,41,51
43,58,70,51
44,41,52,51
45,28,14,51
1,12,28,52
2,39,97,52
3,77,65,52
4,10,10,52
5,54,30,52
6,26,97,52
7,37,96,52
8,68,41,52
9,77,50,52
10,75,57,52
11,27,11,52
12,32,7,52
13,22,51,52
14,83,38,52
15,99,33,52
16,61,69,52
17,61,1,52
18,32,46,52
19,29,98,52
20,2,62,52
21,45,79,52
22,29,82,52
23,17,70,52
24,46,17,52
25,93,27,52
26,14,6,52
27,25,30,52
28,53,79,52
29,96,54,52
30,25,31,52
31,29,32,52
32,15,57,52
33,83,89,52
34,78,76,52
35,84,55,52
36,89,56,52
37,74,48,52
38,63,42,52
39,73,20,52
40,81,1,52
41,47,81,52
42,80,42,52
43,58,69,52
44,41,53,52
45,28,13,52
1,13,29,53
2,38,96,53
3,78,66,53
4,10,10,53
5,53,29,53
6,27,98,53
7,36,96,53
8,69,41,53
9,76,51,53
10,75,56,53
11,26,12,53
12,33,8,53
13,22,50,53
14,83,38,53
15,98,32,53
16,62,68,53
17,60,2,53
18,32,46,53
19,30,97,53
20,3,63,53
21,46,78,53
22,29,81,53
23,18,69,53
24,46,18,53
25,94,26,53
26,13,7,53
27,24,29,53
28,52,79,53
29,95,54,53
30,25,30,53
31,30,32,53
32,15,57,53
33,83,90,53
34,79,76,53
35,85,55,53
36,89,56,53
37,74,49,53
38,64,42,53
39,73,21,53
40,81,2,53
41,48,80,53
42,80,43,53
43,57,69,53
44,42,54,53
45,29,12,53
1,13,30,54
2,39,96,54
3,78,65,54
4,9,10,54
5,53,29,54
6,26,98,54
7,36,95,54
8,69,41,54
9,75,52,54
10,74,57,54
11,26,11,54
12,34,7,54
13,23,49,54
14,84,39,54
15,98,31,54
16,62,68,54
17,59,3,54
18,31,45,54
19,29,96,54
20,4,63,54
21,45,78,54
22,29,80,54
23,17,70,54
24,45,19,54
25,94,25,54
26,12,8,54
27,24,28,54
28,53,78,54
29,96,54,54
30,26,31,54
31,30,31,54
32,14,57,54
33,82,90,54
34,78,77,54
35,85,54,54
36,89,56,54
37,73,50,54
38,63,41,54
39,73,21,54
40,82,3,54
41,48,79,54
42,81,42,54
43,56,70,54
44,41,53,54
45,29,11,54
1,14,31,55
2,40,96,55
3,77,65,55
4,9,11,55
5,54,29,55
6,27,97,55
7,36,95,55
8,68,42,55
9,76,52,55
10,75,56,55
11,27,11,55
12,35,8,55
13,23,49,55
14,83,39,55
15,98,30,55
16,61,68,55
17,59,2,55
18,31,46,55
19,28,96,55
20,5,64,55
21,46,78,55
22,28,81,55
23,17,71,55
24,45,20,55
25,94,25,55
26,12,8,55
27,24,29,55
28,52,79,55
29,97,53,55
30,26,31,55
31,31,32,55
32,15,57,55
33,81,89,55
34,79,78,55
35,84,53,55
36,90,56,55
37,72,49,55
38,62,41,55
39,74,21,55
40,81,4,55
41,48,80,55
42,80,41,55
43,57,69,55
44,41,54,55
45,29,11,55
1,13,30,56
2,40,96,56
3,77,64,56
4,9,10,56
5,53,30,56
6,27,96,56
7,37,95,56
8,69,43,56
9,75,51,56
10,74,57,56
11,27,11,56
12,36,8,56
13,24,49,56
14,84,40,56
15,97,29,56
16,60,67,56
17,59,3,56
18,31,46,56
19,27,97,56
20,4,65,56
21,45,78,56
22,28,81,56
23,18,70,56
24,44,20,56
25,95,24,56
26,13,7,56
27,23,28,56
28,53,79,56
29,96,52,56
30,25,30,56
31,30,33,56
32,15,58,56
33,82,89,56
34,79,77,56
35,83,52,56
36,91,56,56
37,73,49,56
38,63,41,56
39,75,22,56
40,80,3,56
41,47,80,56
42,80,40,56
43,58,68,56
44,40,53,56
45,28,12,56
1,14,30,57
2,41,96,57
3,78,63,57
4,10,9,57
5,54,29,57
6,26,96,57
7,37,94,57
8,68,44,57
9,76,50,57
10,74,58,57
11,26,10,57
12,35,7,57
13,25,48,57
14,85,41,57
15,97,29,57
16,60,68,57
17,58,2,57
18,31,45,57
19,25,95,57
20,4,66,57
21,45,79,57
22,28,82,57
23,18,69,57
24,43,21,57
25,94,23,57
26,12,7,57
27,24,29,57
28,54,80,57
29,95,53,57
30,25,29,57
31,29,32,57
32,15,58,57
33,82,90,57
34,78,76,57
35,84,51,57
36,90,57,57
37,73,50,57
38,62,40,57
39,74,23,57
40,81,4,57
41,46,79,57
42,81,41,57
43,58,67,57
44,41,54,57
45,27,13,57
1,14,31,58
2,41,96,58
3,77,63,58
4,11,10,58
5,53,30,58
6,24,96,58
7,38,95,58
8,68,45,58
9,75,50,58
10,73,57,58
11,27,10,58
12,35,6,58
13,26,49,58
14,84,40,58
15,96,30,58
16,59,68,58
17,57,2,58
18,31,45,58
19,26,95,58
20,3,67,58
21,44,78,58
22,28,81,58
23,17,68,58
24,43,22,58
25,94,23,58
26,13,8,58
27,25,30,58
28,55,80,58
29,94,52,58
30,25,28,58
31,30,32,58
32,15,59,58
33,81,89,58
34,77,75,58
35,84,51,58
36,90,58,58
37,73,50,58
38,63,39,58
39,74,23,58
40,81,4,58
41,47,80,58
42,82,40,58
43,58,66,58
44,41,53,58
45,26,13,58
1,15,30,59
2,41,95,59
3,77,63,59
4,10,10,59
5,54,31,59
6,25,96,59
7,39,95,59
8,67,44,59
9,75,49,59
10,73,57,59
11,28,10,59
12,34,7,59
13,26,48,59
14,84,39,59
15,97,31,59
16,59,69,59
17,58,3,59
18,32,44,59
19,27,94,59
20,3,68,59
21,44,77,59
22,28,80,59
23,18,67,59
24,42,22,59
25,95,24,59
26,13,8,59
27,25,29,59
28,56,81,59
29,95,53,59
30,25,27,59
31,31,32,59
32,15,59,59
33,82,88,59
34,76,75,59
35,85,50,59
36,91,57,59
37,74,49,59
38,63,40,59
39,74,23,59
40,81,5,59
41,47,79,59
42,82,39,59
43,58,65,59
44,40,52,59
45,26,13,59
1,16,30,60
2,41,94,60
3,77,64,60
4,10,11,60
5,55,31,60
6,25,97,60
7,38,95,60
8,68,45,60
9,75,48,60
10,73,58,60
11,27,9,60
12,34,6,60
13,27,49,60
14,84,38,60
15,98,31,60
16,58,68,60
17,58,2,60
18,32,44,60
19,27,94,60
20,2,67,60
21,45,76,60
22,28,79,60
23,18,67,60
24,42,23,60
25,95,23,60
26,13,9,60
27,25,29,60
28,57,81,60
29,94,54,60
30,26,28,60
31,32,32,60
32,15,58,60
33,81,89,60
34,77,75,60
35,85,50,60
36,91,56,60
37,74,49,60
38,62,40,60
39,75,24,60
40,80,4,60
41,47,79,60
42,82,38,60
43,58,64,60
44,40,52,60
45,26,12,60
1,17,30,61
2,42,95,61
3,77,63,61
4,10,12,61
5,54,32,61
6,24,97,61
7,39,95,61
8,68,46,61
9,76,49,61
10,74,58,61
11,27,10,61
12,34,6,61
13,28,49,61
14,83,37,61
15,97,32,61
16,58,68,61
17,57,1,61
18,31,43,61
19,27,95,61
20,3,66,61
21,45,77,61
22,29,78,61
23,19,68,61
24,43,23,61
25,94,22,61
26,13,8,61
27,26,29,61
28,57,80,61
29,94,53,61
30,27,27,61
31,32,33,61
32,15,59,61
33,80,90,61
34,76,74,61
35,84,49,61
36,91,56,61
37,75,50,61
38,61,40,61
39,76,24,61
40,79,4,61
41,47,80,61
42,83,39,61
43,59,63,61
44,41,53,61
45,27,13,61
1,18,31,62
2,41,94,62
3,77,64,62
4,9,13,62
5,54,31,62
6,25,96,62
7,39,96,62
8,68,45,62
9,75,49,62
10,74,59,62
11,26,9,62
12,35,6,62
13,29,48,62
14,83,36,62
15,97,33,62
16,59,69,62
17,56,2,62
18,31,44,62
19,27,95,62
20,4,65,62
21,44,78,62
22,28,77,62
23,20,68,62
24,44,22,62
25,93,22,62
26,12,8,62
27,26,28,62
28,58,80,62
29,93,52,62
30,28,28,62
31,31,34,62
32,16,58,62
33,80,91,62
34,75,73,62
35,84,50,62
36,92,57,62
37,74,51,62
38,60,40,62
39,75,25,62
40,80,4,62
41,47,79,62
42,84,38,62
43,59,63,62
44,42,54,62
45,26,13,62
1,19,32,63
2,40,94,63
3,77,64,63
4,10,14,63
5,53,32,63
6,25,96,63
7,38,97,63
8,69,46,63
9,74,50,63
10,75,60,63
11,27,10,63
12,36,6,63
13,30,49,63
14,83,35,63
15,96,33,63
16,59,70,63
17,55,3,63
18,30,45,63
19,26,94,63
20,5,64,63
21,45,79,63
22,28,76,63
23,21,69,63
24,43,22,63
25,92,21,63
26,13,9,63
27,25,29,63
28,57,81,63
29,92,51,63
30,27,29,63
31,31,33,63
32,16,59,63
33,79,90,63
34,76,72,63
35,84,49,63
36,91,57,63
37,73,52,63
38,59,40,63
39,75,24,63
40,79,3,63
41,46,79,63
42,85,37,63
43,60,62,63
44,43,54,63
45,26,14,63
1,18,32,64
2,41,94,64
3,76,63,64
4,10,14,64
5,52,32,64
6,24,96,64
7,37,97,64
8,68,46,64
9,74,49,64
10,75,61,64
11,28,9,64
12,35,7,64
13,30,49,64
14,82,36,64
15,95,32,64
16,59,69,64
17,54,3,64
18,30,45,64
19,27,95,64
20,6,63,64
21,44,78,64
22,28,76,64
23,21,70,64
24,42,21,64
25,93,21,64
26,12,8,64
27,26,28,64
28,57,80,64
29,91,50,64
30,28,30,64
31,31,33,64
32,17,58,64
33,80,91,64
34,75,72,64
35,85,50,64
36,92,57,64
37,74,52,64
38,59,39,64
39,75,23,64
40,78,2,64
41,46,80,64
42,84,36,64
43,59,61,64
44,44,55,64
45,27,15,64
1,17,32,65
2,42,95,65
3,77,63,65
4,10,13,65
5,51,31,65
6,23,97,65
7,38,96,65
8,67,46,65
9,73,50,65
10,76,60,65
11,29,9,65
12,34,8,65
13,31,48,65
14,81,36,65
15,95,33,65
16,60,70,65
17,54,3,65
18,31,45,65
19,27,95,65
20,5,62,65
21,44,79,65
22,29,77,65
23,22,69,65
24,41,21,65
25,94,22,65
26,13,9,65
27,25,28,65
28,56,81,65
29,92,51,65
30,28,30,65
31,30,32,65
32,18,57,65
33,80,92,65
34,75,72,65
35,84,51,65
36,92,57,65
37,74,51,65
38,59,40,65
39,75,22,65
40,79,1,65
41,47,80,65
42,84,35,65
43,58,62,65
44,43,55,65
45,28,15,65
1,18,32,66
2,42,94,66
3,76,62,66
4,11,14,66
5,51,32,66
6,22,96,66
7,39,95,66
8,66,47,66
9,72,49,66
10,75,60,66
11,30,8,66
12,34,8,66
13,32,49,66
14,82,36,66
15,95,34,66
16,60,70,66
17,53,3,66
18,31,46,66
19,28,94,66
20,4,61,66
21,43,80,66
22,30,77,66
23,22,70,66
24,41,21,66
25,93,23,66
26,12,9,66
27,26,29,66
28,57,81,66
29,93,50,66
30,28,29,66
31,31,31,66
32,17,58,66
33,79,92,66
34,75,72,66
35,83,51,66
36,92,57,66
37,74,51,66
38,60,40,66
39,75,21,66
40,78,1,66
41,48,79,66
42,84,36,66
43,57,61,66
44,42,56,66
45,27,16,66
1,19,31,67
2,41,93,67
3,77,61,67
4,12,13,67
5,50,32,67
6,22,96,67
7,39,95,67
8,67,47,67
9,71,50,67
10,76,59,67
11,31,8,67
12,33,9,67
13,31,50,67
14,82,36,67
15,94,34,67
16,60,69,67
17,53,3,67
18,32,47,67
19,29,95,67
20,4,61,67
21,42,80,67
22,31,78,67
23,21,69,67
24,40,22,67
25,94,23,67
26,12,8,67
27,27,28,67
28,58,81,67
29,92,51,67
30,27,30,67
31,31,30,67
32,18,58,67
33,79,91,67
34,75,72,67
35,84,50,67
36,93,58,67
37,75,50,67
38,59,40,67
39,75,20,67
40,77,1,67
41,47,79,67
42,83,35,67
43,56,60,67
44,41,55,67
45,27,16,67
1,18,32,68
2,40,92,68
3,78,62,68
4,11,12,68
5,51,33,68
6,23,97,68
7,39,95,68
8,66,47,68
9,71,50,68
10,77,58,68
11,32,7,68
12,33,10,68
13,32,50,68
14,83,37,68
15,93,33,68
16,60,69,68
17,53,4,68
18,33,46,68
19,30,95,68
20,5,61,68
21,43,79,68
22,31,79,68
23,21,69,68
24,41,21,68
25,94,23,68
26,13,7,68
27,27,28,68
28,59,81,68
29,92,50,68
30,26,30,68
31,32,31,68
32,18,57,68
33,79,90,68
34,74,73,68
35,85,50,68
36,93,57,68
37,76,49,68
38,59,39,68
39,76,19,68
40,77,0,68
41,48,79,68
42,83,34,68
43,57,59,68
44,42,54,68
45,28,17,68
1,17,33,69
2,41,92,69
3,79,63,69
4,11,12,69
5,51,33,69
6,23,98,69
7,40,95,69
8,67,47,69
9,71,50,69
10,77,59,69
11,32,8,69
12,33,11,69
13,32,51,69
14,82,37,69
15,94,33,69
16,60,70,69
17,53,5,69
18,34,45,69
19,30,95,69
20,6,60,69
21,42,80,69
22,30,79,69
23,21,68,69
24,40,21,69
25,94,24,69
26,12,7,69
27,28,27,69
28,60,80,69
29,92,51,69
30,26,29,69
31,32,31,69
32,18,58,69
33,78,91,69
34,74,72,69
35,85,50,69
36,93,58,69
37,75,49,69
38,60,38,69
39,75,18,69
40,76,1,69
41,48,79,69
42,83,35,69
43,58,60,69
44,43,55,69
45,28,17,69
1,16,34,70
2,41,91,70
3,79,63,70
4,11,12,70
5,50,32,70
6,23,97,70
7,40,95,70
8,67,48,70
9,71,50,70
10,77,59,70
11,31,7,70
12,32,11,70
13,33,52,70
14,81,36,70
15,93,33,70
16,61,71,70
17,52,6,70
18,35,45,70
19,31,95,70
20,5,59,70
21,41,79,70
22,29,80,70
23,22,68,70
24,40,22,70
25,94,24,70
26,13,7,70
27,28,28,70
28,59,80,70
29,93,51,70
30,26,28,70
31,31,30,70
32,19,58,70
33,78,91,70
34,73,73,70
35,86,51,70
36,94,58,70
37,76,48,70
38,59,37,70
39,75,17,70
40,77,2,70
41,49,78,70
42,83,36,70
43,59,61,70
44,44,55,70
45,29,16,70
1,17,33,71
2,40,91,71
3,79,63,71
4,11,12,71
5,49,32,71
6,23,98,71
7,41,94,71
8,67,49,71
9,71,49,71
10,77,60,71
11,30,8,71
12,33,12,71
13,34,52,71
14,80,37,71
15,93,34,71
16,60,72,71
17,53,5,71
18,34,45,71
19,32,96,71
20,5,58,71
21,42,78,71
22,28,80,71
23,23,69,71
24,41,23,71
25,95,23,71
26,12,6,71
27,29,28,71
28,59,81,71
29,93,50,71
30,25,27,71
31,30,31,71
32,20,58,71
33,79,91,71
34,72,72,71
35,87,51,71
36,93,57,71
37,76,48,71
38,60,37,71
39,75,17,71
40,76,2,71
41,50,78,71
42,84,35,71
43,59,61,71
44,45,55,71
45,28,16,71
1,16,33,72
2,40,91,72
3,78,63,72
4,10,13,72
5,49,32,72
6,24,98,72
7,40,95,72
8,67,50,72
9,70,49,72
10,78,61,72
11,31,7,72
12,32,12,72
13,33,53,72
14,81,36,72
15,94,34,72
16,60,73,72
17,54,6,72
18,34,46,72
19,32,97,72
20,4,59,72
21,42,78,72
22,27,79,72
23,23,68,72
24,42,24,72
25,94,23,72
26,11,6,72
27,28,28,72
28,60,81,72
29,92,49,72
30,25,27,72
31,30,30,72
32,20,57,72
33,78,92,72
34,72,73,72
35,87,52,72
36,92,58,72
37,76,48,72
38,61,36,72
39,76,18,72
40,77,3,72
41,49,77,72
42,83,34,72
43,58,60,72
44,44,55,72
45,28,17,72
1,17,33,73
2,40,90,73
3,79,64,73
4,10,14,73
5,50,32,73
6,23,98,73
7,41,96,73
8,67,50,73
9,70,50,73
10,78,61,73
11,30,6,73
12,33,12,73
13,33,53,73
14,81,35,73
15,94,33,73
16,61,72,73
17,55,6,73
18,34,46,73
19,31,97,73
20,4,58,73
21,43,79,73
22,27,80,73
23,24,69,73
24,41,25,73
25,93,22,73
26,10,5,73
27,29,29,73
28,59,80,73
29,91,48,73
30,24,26,73
31,29,30,73
32,19,58,73
33,79,91,73
34,73,74,73
35,87,52,73
36,93,58,73
37,75,47,73
38,60,35,73
39,75,17,73
40,78,2,73
41,48,77,73
42,82,35,73
43,59,60,73
44,45,54,73
45,28,16,73
1,18,33,74
2,39,91,74
3,78,64,74
4,11,13,74
5,49,33,74
6,22,98,74
7,40,97,74
8,66,49,74
9,71,49,74
10,78,61,74
11,31,5,74
12,32,12,74
13,33,54,74
14,81,34,74
15,93,34,74
16,62,73,74
17,56,7,74
18,34,47,74
19,32,96,74
20,4,58,74
21,42,79,74
22,27,79,74
23,24,68,74
24,41,24,74
25,93,21,74
26,10,6,74
27,29,29,74
28,59,79,74
29,92,48,74
30,25,27,74
31,30,30,74
32,18,57,74
33,78,92,74
34,72,74,74
35,86,53,74
36,93,57,74
37,74,47,74
38,61,34,74
39,76,18,74
40,79,1,74
41,48,76,74
42,82,34,74
43,58,61,74
44,44,55,74
45,29,15,74
1,19,33,75
2,40,92,75
3,79,63,75
4,10,13,75
5,49,33,75
6,23,97,75
7,40,98,75
8,67,50,75
9,70,50,75
10,77,62,75
11,31,4,75
12,31,11,75
13,32,55,75
14,82,33,75
15,92,34,75
16,62,74,75
17,57,6,75
18,33,46,75
19,32,97,75
20,3,57,75
21,43,78,75
22,27,79,75
23,23,68,75
24,40,25,75
25,92,22,75
26,9,5,75
27,30,29,75
28,59,78,75
29,92,47,75
30,25,28,75
31,31,29,75
32,18,57,75
33,77,91,75
34,72,74,75
35,86,52,75
36,93,56,75
37,74,48,75
38,60,35,75
39,75,17,75
40,79,2,75
41,49,75,75
42,83,35,75
43,58,61,75
44,45,56,75
45,29,14,75
1,20,32,76
2,40,91,76
3,79,64,76
4,11,12,76
5,50,32,76
6,23,96,76
7,39,97,76
8,66,50,76
9,69,50,76
10,77,62,76
11,30,5,76
12,32,10,76
13,32,54,76
14,83,32,76
15,93,35,76
16,63,73,76
17,56,6,76
18,33,46,76
19,33,98,76
20,2,58,76
21,42,77,76
22,27,80,76
23,23,68,76
24,41,26,76
25,93,22,76
26,8,4,76
27,30,29,76
28,59,78,76
29,91,46,76
30,26,29,76
31,31,29,76
32,18,58,76
33,78,92,76
34,71,74,76
35,87,51,76
36,94,57,76
37,74,49,76
38,60,34,76
39,75,17,76
40,80,1,76
41,50,74,76
42,82,34,76
43,58,60,76
44,45,55,76
45,29,13,76
1,21,32,77
2,41,91,77
3,79,64,77
4,10,12,77
5,51,31,77
6,24,97,77
7,39,97,77
8,65,51,77
9,70,51,77
10,77,62,77
11,29,6,77
12,33,11,77
13,32,54,77
14,82,32,77
15,93,34,77
16,62,72,77
17,57,6,77
18,33,45,77
19,33,99,77
20,2,58,77
21,42,77,77
22,28,79,77
23,24,69,77
24,41,26,77
25,92,22,77
26,8,4,77
27,30,28,77
28,58,79,77
29,90,47,77
30,26,28,77
31,31,28,77
32,18,59,77
33,78,92,77
34,70,73,77
35,87,51,77
36,95,57,77
37,75,48,77
38,61,33,77
39,76,18,77
40,81,2,77
41,51,73,77
42,81,35,77
43,58,59,77
44,44,55,77
45,28,14,77
1,20,33,78
2,42,92,78
3,80,63,78
4,9,13,78
5,50,31,78
6,23,96,78
7,38,97,78
8,66,52,78
9,70,51,78
10,77,63,78
11,30,5,78
12,32,10,78
13,31,54,78
14,81,31,78
15,94,34,78
16,63,73,78
17,57,7,78
18,34,45,78
19,32,98,78
20,2,58,78
21,43,77,78
22,28,79,78
23,25,69,78
24,41,25,78
25,93,23,78
26,8,4,78
27,31,29,78
28,58,78,78
29,90,47,78
30,26,27,78
31,32,30,78
32,19,60,78
33,79,91,78
34,70,72,78
35,86,51,78
36,96,56,78
37,74,49,78
38,62,34,78
39,77,18,78
40,80,3,78
41,51,73,78
42,80,36,78
43,57,58,78
44,43,56,78
45,27,15,78
1,21,33,79
2,42,91,79
3,79,63,79
4,9,13,79
5,49,30,79
6,24,97,79
7,38,97,79
8,67,52,79
9,71,51,79
10,78,64,79
11,31,4,79
12,31,10,79
13,31,53,79
14,82,32,79
15,95,35,79
16,62,73,79
17,56,8,79
18,34,46,79
19,32,97,79
20,1,58,79
21,44,77,79
22,27,79,79
23,25,70,79
24,42,25,79
25,92,22,79
26,8,5,79
27,30,28,79
28,59,79,79
29,90,48,79
30,27,27,79
31,33,30,79
32,20,59,79
33,80,91,79
34,71,73,79
35,85,50,79
36,96,57,79
37,74,49,79
38,63,35,79
39,77,18,79
40,80,2,79
41,51,74,79
42,80,35,79
43,58,58,79
44,43,56,79
45,27,14,79
1,22,33,80
2,42,91,80
3,79,64,80
4,10,14,80
5,48,31,80
6,23,97,80
7,39,97,80
8,66,52,80
9,70,50,80
10,79,63,80
11,30,5,80
12,31,9,80
13,32,53,80
14,81,32,80
15,95,35,80
16,63,74,80
17,55,7,80
18,34,47,80
19,32,96,80
20,0,58,80
21,43,77,80
22,28,80,80
23,25,70,80
24,42,25,80
25,92,22,80
26,8,6,80
27,30,27,80
28,59,78,80
29,89,48,80
30,28,28,80
31,33,29,80
32,20,60,80
33,79,92,80
34,71,72,80
35,84,51,80
36,96,56,80
37,73,48,80
38,63,35,80
39,78,17,80
40,81,1,80
41,51,75,80
42,80,34,80
43,59,59,80
44,42,55,80
45,28,14,80
1,22,34,81
2,43,91,81
3,78,62,81
4,9,13,81
5,48,30,81
6,23,97,81
7,39,97,81
8,67,51,81
9,70,50,81
10,80,63,81
11,29,6,81
12,32,8,81
13,32,53,81
14,81,32,81
15,94,36,81
16,62,73,81
17,54,6,81
18,35,47,81
19,32,95,81
20,0,59,81
21,43,78,81
22,29,79,81
23,26,69,81
24,42,24,81
25,93,22,81
26,9,6,81
27,29,28,81
28,59,78,81
29,88,47,81
30,27,28,81
31,32,28,81
32,20,59,81
33,80,92,81
34,70,73,81
35,83,52,81
36,95,57,81
37,72,49,81
38,64,35,81
39,79,17,81
40,80,1,81
41,50,74,81
42,79,33,81
43,58,60,81
44,42,54,81
45,27,15,81
1,22,34,82
2,43,92,82
3,77,63,82
4,8,13,82
5,49,31,82
6,24,97,82
7,39,96,82
8,68,50,82
9,69,50,82
10,81,64,82
11,29,6,82
12,31,9,82
13,33,52,82
14,82,31,82
15,95,35,82
16,61,73,82
17,55,6,82
18,36,47,82
19,33,95,82
20,0,59,82
21,43,77,82
22,30,80,82
23,27,69,82
24,42,25,82
25,92,23,82
26,9,5,82
27,28,27,82
28,60,79,82
29,89,48,82
30,27,26,82
31,33,29,82
32,21,59,82
33,81,91,82
34,69,74,82
35,84,51,82
36,94,58,82
37,72,50,82
38,65,36,82
39,79,18,82
40,79,0,82
41,51,75,82
42,78,33,82
43,59,61,82
44,41,54,82
45,28,16,82
1,23,35,83
2,44,91,83
3,76,63,83
4,9,13,83
5,50,30,83
6,24,97,83
7,39,96,83
8,70,51,83
9,68,49,83
10,82,64,83
11,28,7,83
12,31,8,83
13,32,51,83
14,82,32,83
15,94,35,83
16,60,73,83
17,56,6,83
18,35,46,83
19,32,95,83
20,0,60,83
21,42,78,83
22,31,80,83
23,28,69,83
24,43,24,83
25,91,23,83
26,9,5,83
27,28,28,83
28,61,80,83
29,89,48,83
30,27,26,83
31,32,30,83
32,22,60,83
33,82,91,83
34,69,73,83
35,83,50,83
36,94,59,83
37,72,51,83
38,66,36,83
39,78,18,83
40,79,1,83
41,51,75,83
42,77,33,83
43,59,62,83
44,42,53,83
45,29,17,83
1,23,36,84
2,45,90,84
3,75,62,84
4,10,14,84
5,49,30,84
6,23,96,84
7,38,95,84
8,69,50,84
9,69,49,84
10,81,63,84
11,28,8,84
12,31,8,84
13,33,50,84
14,82,33,84
15,93,36,84
16,59,73,84
17,57,7,84
18,34,45,84
19,32,94,84
20,0,61,84
21,43,77,84
22,31,79,84
23,29,69,84
24,44,24,84
25,92,24,84
26,9,5,84
27,29,29,84
28,61,81,84
29,89,48,84
30,26,25,84
31,32,31,84
32,22,59,84
33,82,92,84
34,68,72,84
35,83,50,84
36,93,60,84
37,73,50,84
38,67,36,84
39,78,17,84
40,79,0,84
41,51,76,84
42,77,32,84
43,60,63,84
44,42,54,84
45,29,18,84
1,23,35,85
2,44,91,85
3,74,63,85
4,9,13,85
5,50,31,85
6,22,96,85
7,37,96,85
8,70,50,85
9,69,48,85
10,82,62,85
11,28,9,85
12,31,8,85
13,33,50,85
14,82,33,85
15,93,37,85
16,58,73,85
17,57,6,85
18,35,46,85
19,33,94,85
20,1,62,85
21,44,77,85
22,30,80,85
23,28,68,85
24,44,24,85
25,93,24,85
26,9,4,85
27,29,30,85
28,62,80,85
29,88,48,85
30,27,26,85
31,32,31,85
32,21,58,85
33,82,92,85
34,68,73,85
35,84,49,85
36,92,61,85
37,74,50,85
38,68,35,85
39,77,16,85
40,80,0,85
41,51,75,85
42,77,32,85
43,59,62,85
44,43,55,85
45,30,19,85
1,23,36,86
2,44,92,86
3,75,64,86
4,9,14,86
5,50,30,86
6,21,97,86
7,38,96,86
8,69,51,86
9,68,47,86
10,81,62,86
11,27,9,86
12,31,8,86
13,32,49,86
14,82,33,86
15,92,38,86
16,57,72,86
17,58,6,86
18,35,46,86
19,33,93,86
20,1,63,86
21,43,77,86
22,31,80,86
23,27,69,86
24,45,23,86
25,92,25,86
26,10,4,86
27,30,29,86
28,61,80,86
29,88,48,86
30,27,26,86
31,32,32,86
32,20,57,86
33,82,91,86
34,67,74,86
35,83,48,86
36,92,62,86
37,74,51,86
38,68,35,86
39,77,17,86
40,79,1,86
41,50,75,86
42,77,33,86
43,59,62,86
44,44,56,86
45,31,19,86
1,24,36,87
2,45,93,87
3,76,65,87
4,9,15,87
5,51,31,87
6,21,98,87
7,37,95,87
8,69,50,87
9,67,46,87
10,81,61,87
11,28,8,87
12,31,9,87
13,32,49,87
14,83,32,87
15,91,37,87
16,57,73,87
17,59,7,87
18,35,45,87
19,33,93,87
20,0,64,87
21,43,76,87
22,32,80,87
23,28,69,87
24,45,24,87
25,93,24,87
26,10,5,87
27,31,29,87
28,61,81,87
29,87,49,87
30,28,25,87
31,32,31,87
32,21,56,87
33,82,90,87
34,68,75,87
35,84,48,87
36,91,61,87
37,73,51,87
38,68,35,87
39,77,17,87
40,79,2,87
41,49,75,87
42,76,33,87
43,59,63,87
44,45,55,87
45,30,19,87
1,23,35,88
2,44,94,88
3,77,64,88
4,8,14,88
5,51,32,88
6,20,97,88
7,37,96,88
8,70,49,88
9,67,46,88
10,82,62,88
11,27,8,88
12,31,10,88
13,32,48,88
14,83,33,88
15,92,37,88
16,57,74,88
17,59,8,88
18,36,46,88
19,33,94,88
20,1,64,88
21,42,76,88
22,33,81,88
23,27,70,88
24,45,25,88
25,92,25,88
26,10,4,88
27,32,30,88
28,60,80,88
29,87,50,88
30,29,25,88
31,33,29,88
32,21,57,88
33,83,91,88
34,68,74,88
35,85,49,88
36,91,60,88
37,72,51,88
38,67,36,88
39,76,17,88
40,80,3,88
41,48,74,88
42,77,34,88
43,58,63,88
44,44,56,88
45,29,18,88
1,24,36,89
2,43,94,89
3,77,65,89
4,9,14,89
5,52,31,89
6,19,97,89
7,38,96,89
8,71,49,89
9,67,45,89
10,83,63,89
11,28,8,89
12,31,9,89
13,31,49,89
14,82,34,89
15,93,37,89
16,58,75,89
17,60,7,89
18,35,45,89
19,32,93,89
20,1,65,89
21,41,75,89
22,34,82,89
23,28,71,89
24,46,26,89
25,91,26,89
26,10,5,89
27,31,31,89
28,59,80,89
29,88,50,89
30,29,24,89
31,34,29,89
32,21,58,89
33,82,91,89
34,67,74,89
35,86,50,89
36,90,61,89
37,71,51,89
38,66,35,89
39,75,16,89
40,80,3,89
41,49,75,89
42,77,34,89
43,57,64,89
44,44,57,89
45,28,19,89
1,25,35,90
2,42,94,90
3,77,66,90
4,10,13,90
5,52,30,90
6,18,96,90
7,38,96,90
8,72,50,90
9,68,45,90
10,84,64,90
11,27,9,90
12,30,10,90
13,32,50,90
14,83,35,90
15,94,38,90
16,57,75,90
17,59,7,90
18,34,45,90
19,32,94,90
20,2,65,90
21,41,75,90
22,33,83,90
23,28,71,90
24,47,27,90
25,92,27,90
26,9,4,90
27,31,30,90
28,60,79,90
29,87,51,90
30,28,24,90
31,35,29,90
32,22,57,90
33,81,90,90
34,67,74,90
35,86,49,90
36,90,61,90
37,71,50,90
38,67,36,90
39,76,15,90
40,79,4,90
41,50,75,90
42,78,34,90
43,56,65,90
44,45,58,90
45,28,19,90
1,26,34,91
2,41,93,91
3,76,65,91
4,9,14,91
5,51,31,91
6,19,95,91
7,37,95,91
8,72,51,91
9,69,45,91
10,85,65,91
11,28,8,91
12,29,11,91
13,33,49,91
14,82,35,91
15,94,37,91
16,56,76,91
17,58,6,91
18,35,46,91
19,31,93,91
20,2,64,91
21,41,74,91
22,33,82,91
23,28,71,91
24,46,28,91
25,93,26,91
26,8,3,91
27,31,30,91
28,59,78,91
29,88,52,91
30,27,25,91
31,35,30,91
32,22,57,91
33,82,90,91
34,67,73,91
35,86,48,91
36,91,60,91
37,72,49,91
38,68,36,91
39,77,16,91
40,79,5,91
41,50,75,91
42,78,34,91
43,57,66,91
44,45,59,91
45,27,19,91
1,25,34,92
2,40,92,92
3,76,65,92
4,8,13,92
5,50,32,92
6,20,94,92
7,38,95,92
8,72,50,92
9,70,45,92
10,85,66,92
11,29,7,92
12,30,10,92
13,33,50,92
14,83,34,92
15,95,37,92
16,56,77,92
17,59,7,92
18,34,45,92
19,31,94,92
20,2,64,92
21,41,73,92
22,33,81,92
23,29,72,92
24,45,27,92
25,92,26,92
26,7,4,92
27,31,31,92
28,59,77,92
29,87,52,92
30,26,24,92
31,34,30,92
32,22,58,92
33,81,89,92
34,66,74,92
35,86,47,92
36,91,61,92
37,72,48,92
38,68,36,92
39,78,17,92
40,80,6,92
41,51,76,92
42,79,34,92
43,56,67,92
44,44,59,92
45,26,18,92
1,26,34,93
2,40,93,93
3,76,64,93
4,7,14,93
5,49,33,93
6,21,93,93
7,37,94,93
8,71,51,93
9,70,44,93
10,86,67,93
11,29,6,93
12,29,11,93
13,33,49,93
14,82,33,93
15,94,37,93
16,55,78,93
17,60,6,93
18,35,44,93
19,32,95,93
20,3,63,93
21,41,74,93
22,32,82,93
23,29,71,93
24,44,26,93
25,91,26,93
26,6,3,93
27,31,31,93
28,60,77,93
29,87,51,93
30,27,24,93
31,34,29,93
32,22,57,93
33,81,89,93
34,67,75,93
35,87,48,93
36,92,62,93
37,73,49,93
38,67,35,93
39,78,16,93
40,81,5,93
41,50,75,93
42,79,35,93
43,56,67,93
44,43,58,93
45,26,17,93
1,27,34,94
2,39,92,94
3,75,63,94
4,8,14,94
5,50,32,94
6,22,93,94
7,38,95,94
8,71,50,94
9,69,44,94
10,85,66,94
11,28,5,94
12,30,10,94
13,32,48,94
14,81,32,94
15,94,37,94
16,56,77,94
17,59,6,94
18,35,45,94
19,32,94,94
20,3,64,94
21,40,75,94
22,32,81,94
23,28,71,94
24,43,27,94
25,91,26,94
26,7,3,94
27,30,31,94
28,61,76,94
29,87,52,94
30,27,24,94
31,34,28,94
32,23,56,94
33,81,89,94
34,67,76,94
35,87,49,94
36,92,63,94
37,72,49,94
38,68,36,94
39,77,17,94
40,80,6,94
41,49,76,94
42,79,36,94
43,57,67,94
44,43,59,94
45,26,17,94
1,27,35,95
2,38,93,95
3,74,63,95
4,7,14,95
5,49,32,95
6,22,94,95
7,37,96,95
8,71,51,95
9,69,43,95
10,84,67,95
11,28,4,95
12,30,11,95
13,33,48,95
14,80,31,95
15,95,36,95
16,56,78,95
17,59,5,95
18,34,46,95
19,33,94,95
20,4,65,95
21,40,76,95
22,32,80,95
23,29,70,95
24,42,27,95
25,90,25,95
26,7,4,95
27,29,30,95
28,60,76,95
29,87,52,95
30,27,25,95
31,35,27,95
32,23,55,95
33,80,88,95
34,67,76,95
35,87,50,95
36,92,63,95
37,73,48,95
38,68,37,95
39,76,16,95
40,80,6,95
41,48,75,95
42,78,36,95
43,58,68,95
44,42,60,95
45,25,18,95
1,27,35,96
2,38,93,96
3,75,64,96
4,8,14,96
5,49,32,96
6,22,94,96
7,37,96,96
8,72,52,96
9,70,43,96
10,85,66,96
11,29,3,96
12,29,12,96
13,33,47,96
14,79,30,96
15,95,35,96
16,56,79,96
17,59,5,96
18,35,45,96
19,32,93,96
20,3,66,96
21,41,77,96
22,31,80,96
23,29,70,96
24,41,28,96
25,89,24,96
26,6,5,96
27,29,30,96
28,61,76,96
29,86,52,96
30,28,25,96
31,36,28,96
32,24,55,96
33,80,88,96
34,68,75,96
35,88,49,96
36,92,64,96
37,72,48,96
38,68,36,96
39,75,16,96
40,79,5,96
41,48,76,96
42,77,37,96
43,57,68,96
44,41,59,96
45,26,18,96
1,27,35,97
2,38,93,97
3,75,64,97
4,7,15,97
5,49,33,97
6,23,93,97
7,36,97,97
8,73,51,97
9,69,44,97
10,85,67,97
11,29,3,97
12,28,13,97
13,32,46,97
14,78,31,97
15,96,35,97
16,57,79,97
17,59,6,97
18,34,44,97
19,33,92,97
20,4,66,97
21,40,77,97
22,30,79,97
23,30,71,97
24,41,27,97
25,90,23,97
26,5,5,97
27,30,29,97
28,60,75,97
29,85,52,97
30,28,26,97
31,35,28,97
32,23,56,97
33,81,89,97
34,69,75,97
35,87,48,97
36,92,65,97
37,72,49,97
38,68,35,97
39,76,17,97
40,78,4,97
41,48,76,97
42,76,38,97
43,56,67,97
44,40,59,97
45,27,18,97
1,26,36,98
2,39,92,98
3,75,64,98
4,6,16,98
5,49,33,98
6,23,93,98
7,35,98,98
8,72,50,98
9,68,44,98
10,84,68,98
11,28,4,98
12,29,13,98
13,33,47,98
14,78,31,98
15,97,34,98
16,56,80,98
17,58,6,98
18,34,44,98
19,34,91,98
20,5,65,98
21,39,78,98
22,31,79,98
23,29,70,98
24,42,26,98
25,90,24,98
26,4,4,98
27,30,28,98
28,59,76,98
29,84,52,98
30,29,27,98
31,36,28,98
32,23,55,98
33,81,90,98
34,68,74,98
35,87,47,98
36,91,65,98
37,73,48,98
38,68,34,98
39,77,16,98
40,77,3,98
41,48,75,98
42,76,38,98
43,57,67,98
44,41,60,98
45,28,17,98
1,26,36,99
2,38,92,99
3,75,65,99
4,7,16,99
5,50,33,99
6,24,94,99
7,36,99,99
8,72,50,99
9,69,43,99
10,84,69,99
11,29,4,99
12,28,13,99
13,33,48,99
14,79,30,99
15,97,33,99
16,57,79,99
17,57,6,99
18,33,43,99
19,35,91,99
20,6,64,99
21,38,77,99
22,31,80,99
23,28,71,99
24,43,27,99
25,91,25,99
26,5,4,99
27,29,29,99
28,60,77,99
29,85,51,99
30,29,28,99
31,37,27,99
32,23,55,99
33,80,90,99
34,68,75,99
35,86,46,99
36,91,65,99
37,73,49,99
38,69,35,99
39,77,15,99
40,76,3,99
41,48,75,99
42,77,37,99
43,56,67,99
44,41,60,99
45,28,17,99
1,25,36,100
2,38,92,100
3,75,64,100
4,6,16,100
5,51,34,100
6,25,94,100
7,35,98,100
8,71,49,100
9,70,44,100
10,83,68,100
11,29,3,100
12,28,14,100
13,34,49,100
14,78,31,100
15,96,33,100
16,56,80,100
17,57,6,100
18,33,44,100
19,36,92,100
20,6,63,100
21,39,78,100
22,32,80,100
23,29,71,100
24,42,27,100
25,92,26,100
26,5,5,100
27,30,29,100
28,61,78,100
29,84,52,100
30,29,28,100
31,36,28,100
32,23,56,100
33,81,89,100
34,69,74,100
35,86,45,100
36,90,65,100
37,74,48,100
38,69,36,100
39,76,14,100
40,77,4,100
41,49,76,100
42,76,38,100
43,56,68,100
44,40,61,100
45,27,16,100
