1,36,21,1
2,68,29,1
3,64,91,1
4,24,85,1
5,93,6,1
6,63,43,1
7,58,46,1
8,96,14,1
9,42,84,1
10,38,17,1
11,79,20,1
12,75,97,1
13,56,97,1
14,57,39,1
15,0,78,1
16,44,59,1
17,54,37,1
18,34,18,1
19,91,65,1
20,77,2,1
21,70,28,1
22,39,23,1
23,47,77,1
24,9,40,1
25,12,96,1
26,63,71,1
27,94,61,1
28,99,62,1
29,99,13,1
30,18,95,1
31,65,35,1
32,7,88,1
33,12,60,1
34,32,9,1
35,55,24,1
36,54,93,1
37,87,89,1
38,97,4,1
39,6,86,1
40,90,14,1
41,90,69,1
42,36,95,1
43,83,6,1
44,82,67,1
45,98,41,1
46,13,65,1
47,14,64,1
48,50,24,1
49,5,50,1
50,20,13,1
51,37,10,1
52,20,72,1
53,39,40,1
54,30,35,1
55,73,91,1
56,23,56,1
57,74,48,1
58,85,74,1
59,22,56,1
60,28,10,1
61,7,71,1
62,54,50,1
63,24,84,1
64,26,66,1
65,16,55,1
66,64,53,1
67,88,74,1
68,29,22,1
69,95,81,1
70,91,62,1
71,32,48,1
72,55,70,1
73,84,35,1
74,13,47,1
75,23,70,1
76,5,45,1
77,30,51,1
78,16,57,1
79,82,53,1
80,87,17,1
1,36,22,2
2,68,28,2
3,64,90,2
4,25,84,2
5,92,7,2
6,64,42,2
7,57,45,2
8,96,14,2
9,43,85,2
10,37,18,2
11,80,21,2
12,76,96,2
13,57,97,2
14,56,39,2
15,0,79,2
16,43,59,2
17,54,37,2
18,34,19,2
19,90,65,2
20,76,3,2
21,70,27,2
22,40,23,2
23,46,76,2
24,9,41,2
25,13,96,2
26,64,72,2
27,94,62,2
28,99,63,2
29,98,14,2
30,18,95,2
31,65,34,2
32,8,88,2
33,11,61,2
34,33,10,2
35,56,23,2
36,55,92,2
37,88,90,2
38,98,3,2
39,7,85,2
40,89,13,2
41,91,69,2
42,37,96,2
43,84,5,2
44,81,67,2
45,97,40,2
46,14,65,2
47,13,63,2
48,50,23,2
49,5,49,2
50,19,12,2
51,36,11,2
52,21,71,2
53,40,39,2
54,30,34,2
55,73,91,2
56,24,57,2
57,73,49,2
58,86,74,2
59,23,57,2
60,28,10,2
61,7,70,2
62,55,49,2
63,23,84,2
64,26,65,2
65,16,55,2
66,65,53,2
67,87,74,2
68,30,22,2
69,96,81,2
70,91,62,2
71,32,47,2
72,54,71,2
73,85,35,2
74,13,47,2
75,24,70,2
76,4,46,2
77,31,52,2
78,16,56,2
79,81,52,2
80,86,18,2
1,36,21,3
2,68,28,3
3,63,91,3
4,26,83,3
5,91,7,3
6,64,42,3
7,57,44,3
8,97,15,3
9,44,85,3
10,37,18,3
11,80,21,3
12,77,96,3
13,58,96,3
14,55,40,3
15,0,78,3
16,43,60,3
17,53,37,3
18,35,19,3
19,89,65,3
20,76,3,3
21,69,28,3
22,40,22,3
23,45,77,3
24,10,42,3
25,13,97,3
26,64,72,3
27,94,62,3
28,98,64,3
29,98,15,3
30,18,94,3
31,65,34,3
32,9,87,3
33,11,62,3
34,33,9,3
35,57,24,3
36,54,91,3
37,88,89,3
38,98,3,3
39,8,84,3
40,89,14,3
41,91,70,3
42,36,96,3
43,85,6,3
44,81,66,3
45,97,40,3
46,13,66,3
47,12,62,3
48,50,23,3
49,5,50,3
50,20,11,3
51,36,11,3
52,20,70,3
53,41,39,3
54,30,35,3
55,72,92,3
56,24,58,3
57,72,48,3
58,86,74,3
59,24,56,3
60,28,10,3
61,7,71,3
62,54,50,3
63,22,84,3
64,25,64,3
65,17,54,3
66,65,53,3
67,87,75,3
68,30,23,3
69,96,80,3
70,92,62,3
71,32,47,3
72,54,71,3
73,84,35,3
74,12,46,3
75,23,69,3
76,3,47,3
77,30,53,3
78,16,55,3
79,82,51,3
80,85,18,3
1,35,22,4
2,67,28,4
3,63,91,4
4,27,82,4
5,91,6,4
6,63,41,4
7,56,45,4
8,96,15,4
9,44,84,4
10,36,17,4
11,81,20,4
12,76,95,4
13,58,97,4
14,55,41,4
15,0,78,4
16,43,59,4
17,52,36,4
18,35,18,4
19,90,64,4
20,77,2,4
21,69,29,4
22,39,23,4
23,45,77,4
24,9,41,4
25,13,98,4
26,65,72,4
27,93,62,4
28,97,64,4
29,98,16,4
30,19,94,4
31,65,34,4
32,10,88,4
33,11,61,4
34,32,9,4
35,57,25,4
36,55,91,4
37,87,90,4
38,98,3,4
39,7,83,4
40,90,13,4
41,90,70,4
42,36,95,4
43,84,5,4
44,80,67,4
45,97,40,4
46,14,65,4
47,11,63,4
48,51,23,4
49,4,51,4
50,19,10,4
51,35,11,4
52,21,69,4
53,42,39,4
54,31,36,4
55,73,93,4
56,23,58,4
57,71,48,4
58,85,73,4
59,25,57,4
60,28,11,4
61,7,70,4
62,53,49,4
63,23,83,4
64,25,63,4
65,17,55,4
66,66,54,4
67,87,74,4
68,30,22,4
69,96,81,4
70,92,62,4
71,31,46,4
72,55,72,4
73,85,35,4
74,12,47,4
75,23,68,4
76,2,48,4
77,31,54,4
78,15,55,4
79,82,51,4
80,84,19,4
1,35,22,5
2,66,29,5
3,63,91,5
4,26,83,5
5,90,6,5
6,62,42,5
7,57,45,5
8,97,15,5
9,44,84,5
10,35,16,5
11,82,20,5
12,75,95,5
13,57,97,5
14,56,42,5
15,1,77,5
16,44,60,5
17,52,35,5
18,36,19,5
19,91,65,5
20,76,3,5
21,68,29,5
22,38,23,5
23,45,78,5
24,8,40,5
25,13,99,5
26,66,73,5
27,94,62,5
28,97,63,5
29,97,17,5
30,20,93,5
31,65,33,5
32,11,89,5
33,11,62,5
34,31,10,5
35,58,25,5
36,56,90,5
37,86,90,5
38,98,3,5
39,6,82,5
40,91,12,5
41,91,71,5
42,36,95,5
43,84,4,5
44,80,67,5
45,96,39,5
46,15,66,5
47,11,64,5
48,52,24,5
49,5,50,5
50,19,11,5
51,36,11,5
52,21,70,5
53,41,40,5
54,31,35,5
55,73,93,5
56,24,57,5
57,71,48,5
58,84,73,5
59,25,58,5
60,29,12,5
61,8,71,5
62,52,49,5
63,23,83,5
64,25,64,5
65,17,56,5
66,67,55,5
67,88,74,5
68,30,21,5
69,95,81,5
70,92,62,5
71,32,47,5
72,56,71,5
73,85,36,5
74,13,47,5
75,22,68,5
76,2,47,5
77,31,54,5
78,15,54,5
79,81,52,5
80,85,19,5
1,36,21,6
2,65,30,6
3,64,91,6
4,25,83,6
5,89,5,6
6,61,43,6
7,58,46,6
8,97,16,6
9,45,83,6
10,34,17,6
11,81,20,6
12,75,95,6
13,58,98,6
14,57,42,6
15,1,77,6
16,43,60,6
17,51,35,6
18,36,19,6
19,92,66,6
20,75,2,6
21,67,29,6
22,38,23,6
23,44,78,6
24,9,39,6
25,12,99,6
26,65,74,6
27,93,63,6
28,98,64,6
29,98,18,6
30,20,94,6
31,66,32,6
32,12,88,6
33,11,62,6
34,30,10,6
35,57,26,6
36,55,91,6
37,85,91,6
38,97,4,6
39,7,81,6
40,92,13,6
41,91,72,6
42,37,96,6
43,85,3,6
44,81,67,6
45,97,39,6
46,14,67,6
47,12,64,6
48,53,23,6
49,4,49,6
50,19,11,6
51,35,12,6
52,21,71,6
53,41,40,6
54,30,34,6
55,74,93,6
56,25,57,6
57,71,49,6
58,84,72,6
59,24,58,6
60,29,11,6
61,7,71,6
62,53,49,6
63,22,82,6
64,24,64,6
65,16,57,6
66,68,54,6
67,87,74,6
68,29,22,6
69,96,81,6
70,92,61,6
71,31,46,6
72,56,72,6
73,84,37,6
74,14,48,6
75,21,69,6
76,2,47,6
77,32,53,6
78,15,53,6
79,81,52,6
80,85,18,6
1,37,22,7
2,65,30,7
3,64,92,7
4,26,83,7
5,89,6,7
6,60,44,7
7,57,45,7
8,98,17,7
9,46,82,7
10,34,16,7
11,81,20,7
12,74,94,7
13,57,99,7
14,57,41,7
15,0,77,7
16,43,59,7
17,50,34,7
18,37,20,7
19,91,67,7
20,76,3,7
21,67,29,7
22,37,23,7
23,45,78,7
24,9,38,7
25,13,98,7
26,66,73,7
27,93,62,7
28,99,64,7
29,98,18,7
30,21,94,7
31,67,32,7
32,11,88,7
33,11,63,7
34,31,11,7
35,56,25,7
36,55,92,7
37,85,92,7
38,98,3,7
39,6,81,7
40,92,12,7
41,90,72,7
42,38,97,7
43,85,4,7
44,82,68,7
45,97,39,7
46,15,67,7
47,11,65,7
48,52,24,7
49,3,48,7
50,19,11,7
51,35,11,7
52,22,70,7
53,41,39,7
54,29,34,7
55,75,94,7
56,25,58,7
57,71,48,7
58,84,71,7
59,25,57,7
60,29,10,7
61,7,72,7
62,54,49,7
63,22,82,7
64,23,63,7
65,17,58,7
66,69,55,7
67,86,74,7
68,30,23,7
69,96,80,7
70,93,60,7
71,32,47,7
72,56,72,7
73,83,36,7
74,15,47,7
75,20,69,7
76,1,47,7
77,31,54,7
78,15,52,7
79,80,52,7
80,84,19,7
1,37,22,8
2,65,29,8
3,64,91,8
4,25,82,8
5,90,7,8
6,59,43,8
7,56,46,8
8,98,16,8
9,46,81,8
10,35,17,8
11,80,20,8
12,73,93,8
13,56,98,8
14,56,41,8
15,1,77,8
16,42,59,8
17,51,35,8
18,36,19,8
19,91,66,8
20,77,4,8
21,68,28,8
22,38,22,8
23,45,79,8
24,10,37,8
25,13,97,8
26,65,74,8
27,92,62,8
28,99,65,8
29,98,19,8
30,20,93,8
31,66,32,8
32,10,89,8
33,12,64,8
34,31,10,8
35,56,24,8
36,56,92,8
37,86,91,8
38,99,2,8
39,5,80,8
40,91,12,8
41,89,73,8
42,38,96,8
43,86,4,8
44,83,67,8
45,97,40,8
46,15,67,8
47,10,66,8
48,53,25,8
49,3,47,8
50,19,11,8
51,35,10,8
52,23,71,8
53,41,38,8
54,28,33,8
55,76,95,8
56,26,57,8
57,72,49,8
58,84,71,8
59,25,57,8
60,28,10,8
61,8,73,8
62,54,50,8
63,23,83,8
64,23,64,8
65,18,59,8
66,68,56,8
67,85,73,8
68,29,24,8
69,97,79,8
70,93,59,8
71,31,47,8
72,55,72,8
73,82,36,8
74,14,48,8
75,21,69,8
76,2,47,8
77,32,55,8
78,16,53,8
79,81,52,8
80,83,19,8
1,38,23,9
2,64,30,9
3,65,91,9
4,25,81,9
5,90,6,9
6,59,42,9
7,56,47,9
8,99,16,9
9,47,80,9
10,34,17,9
11,79,19,9
12,74,92,9
13,56,97,9
14,57,41,9
15,2,78,9
16,43,60,9
17,50,34,9
18,36,20,9
19,90,67,9
20,78,3,9
21,68,28,9
22,37,23,9
23,45,79,9
24,10,37,9
25,14,98,9
26,64,75,9
27,93,61,9
28,98,65,9
29,99,18,9
30,19,94,9
31,65,33,9
32,10,88,9
33,13,63,9
34,31,9,9
35,56,24,9
36,57,92,9
37,86,92,9
38,99,2,9
39,4,80,9
40,91,11,9
41,88,74,9
42,38,97,9
43,86,3,9
44,82,68,9
45,98,41,9
46,15,68,9
47,11,66,9
48,54,25,9
49,4,47,9
50,19,10,9
51,35,10,9
52,23,72,9
53,41,37,9
54,29,32,9
55,77,94,9
56,27,58,9
57,73,48,9
58,85,70,9
59,24,56,9
60,28,9,9
61,7,73,9
62,54,50,9
63,22,82,9
64,24,64,9
65,17,58,9
66,68,56,9
67,84,72,9
68,28,25,9
69,98,78,9
70,92,60,9
71,32,46,9
72,55,71,9
73,83,37,9
74,15,47,9
75,20,68,9
76,2,47,9
77,32,56,9
78,16,53,9
79,82,51,9
80,83,18,9
1,39,23,10
2,64,29,10
3,64,91,10
4,26,81,10
5,90,5,10
6,60,43,10
7,57,46,10
8,98,16,10
9,47,81,10
10,35,18,10
11,79,19,10
12,73,92,10
13,56,98,10
14,56,42,10
15,3,79,10
16,43,61,10
17,50,34,10
18,35,21,10
19,89,66,10
20,77,4,10
21,69,27,10
22,36,22,10
23,46,79,10
24,11,36,10
25,15,97,10
26,65,76,10
27,92,62,10
28,99,64,10
29,99,17,10
30,20,95,10
31,66,32,10
32,10,89,10
33,14,63,10
34,30,8,10
35,55,24,10
36,57,93,10
37,86,91,10
38,99,2,10
39,5,81,10
40,92,12,10
41,87,75,10
42,38,96,10
43,87,3,10
44,83,67,10
45,98,42,10
46,16,67,10
47,10,65,10
48,55,26,10
49,5,47,10
50,18,11,10
51,35,11,10
52,22,73,10
53,41,36,10
54,28,32,10
55,76,94,10
56,28,58,10
57,74,47,10
58,85,69,10
59,24,55,10
60,27,9,10
61,6,74,10
62,53,49,10
63,23,81,10
64,25,64,10
65,16,58,10
66,69,55,10
67,84,72,10
68,28,25,10
69,97,77,10
70,92,60,10
71,32,46,10
72,55,71,10
73,84,38,10
74,16,47,10
75,20,67,10
76,2,47,10
77,31,57,10
78,17,54,10
79,82,52,10
80,84,17,10
1,38,22,11
2,65,29,11
3,63,90,11
4,27,81,11
5,89,4,11
6,60,43,11
7,57,45,11
8,97,16,11
9,48,81,11
10,35,17,11
11,79,18,11
12,73,92,11
13,56,99,11
14,55,43,11
15,3,79,11
16,43,60,11
17,51,35,11
18,37,21,11
19,90,65,11
20,78,4,11
21,69,28,11
22,35,23,11
23,45,80,11
24,12,35,11
25,14,98,11
26,65,76,11
27,93,61,11
28,99,64,11
29,98,16,11
30,21,94,11
31,67,33,11
32,11,90,11
33,14,62,11
34,31,8,11
35,55,23,11
36,57,92,11
37,87,91,11
38,98,3,11
39,4,80,11
40,91,13,11
41,86,76,11
42,38,95,11
43,87,2,11
44,82,66,11
45,97,42,11
46,16,67,11
47,11,65,11
48,54,26,11
49,4,48,11
50,18,10,11
51,35,10,11
52,23,74,11
53,40,36,11
54,28,31,11
55,75,93,11
56,29,57,11
57,73,47,11
58,85,69,11
59,24,54,11
60,26,9,11
61,6,75,11
62,53,48,11
63,23,82,11
64,24,64,11
65,15,58,11
66,70,54,11
67,85,71,11
68,29,26,11
69,97,76,11
70,94,61,11
71,33,47,11
72,54,71,11
73,83,38,11
74,15,47,11
75,19,68,11
76,2,48,11
77,32,57,11
78,17,54,11
79,83,51,11
80,85,18,11
1,39,22,12
2,64,28,12
3,62,89,12
4,26,82,12
5,89,4,12
6,61,44,12
7,56,45,12
8,97,15,12
9,48,82,12
10,34,17,12
11,79,19,12
12,74,93,12
13,57,99,12
14,55,42,12
15,2,78,12
16,44,60,12
17,52,35,12
18,37,22,12
19,90,64,12
20,79,4,12
21,70,28,12
22,34,22,12
23,46,79,12
24,11,35,12
25,14,97,12
26,65,77,12
27,93,61,12
28,99,65,12
29,99,17,12
30,21,94,12
31,67,33,12
32,11,90,12
33,13,63,12
34,30,8,12
35,56,23,12
36,58,92,12
37,88,90,12
38,99,3,12
39,3,80,12
40,92,12,12
41,87,75,12
42,39,94,12
43,86,2,12
44,82,67,12
45,98,43,12
46,15,68,12
47,10,66,12
48,54,27,12
49,5,48,12
50,18,11,12
51,36,9,12
52,22,74,12
53,40,35,12
54,27,30,12
55,76,92,12
56,28,56,12
57,74,48,12
58,86,70,12
59,25,55,12
60,26,8,12
61,5,74,12
62,54,49,12
63,24,82,12
64,23,64,12
65,15,57,12
66,70,55,12
67,85,70,12
68,30,27,12
69,98,77,12
70,95,61,12
71,33,46,12
72,54,72,12
73,84,37,12
74,15,46,12
75,18,67,12
76,2,47,12
77,31,56,12
78,17,53,12
79,84,50,12
80,85,17,12
1,39,21,13
2,63,29,13
3,61,88,13
4,25,83,13
5,88,5,13
6,60,43,13
7,55,46,13
8,97,16,13
9,47,82,13
10,33,17,13
11,78,20,13
12,74,93,13
13,56,99,13
14,55,41,13
15,1,78,13
16,44,59,13
17,53,36,13
18,37,21,13
19,91,65,13
20,79,3,13
21,71,28,13
22,34,21,13
23,45,79,13
24,10,36,13
25,14,97,13
26,64,77,13
27,93,61,13
28,99,66,13
29,98,18,13
30,20,93,13
31,68,32,13
32,11,90,13
33,14,63,13
34,31,9,13
35,57,23,13
36,58,92,13
37,89,89,13
38,98,3,13
39,3,79,13
40,93,11,13
41,86,74,13
42,38,94,13
43,85,1,13
44,83,66,13
45,99,43,13
46,15,69,13
47,9,65,13
48,54,27,13
49,4,48,13
50,18,11,13
51,36,8,13
52,22,75,13
53,41,34,13
54,27,29,13
55,75,92,13
56,28,57,13
57,74,49,13
58,87,70,13
59,26,54,13
60,25,8,13
61,6,75,13
62,53,50,13
63,24,81,13
64,23,63,13
65,14,56,13
66,70,54,13
67,85,69,13
68,31,27,13
69,99,77,13
70,96,60,13
71,32,47,13
72,53,72,13
73,85,38,13
74,14,47,13
75,17,66,13
76,3,48,13
77,31,57,13
78,16,52,13
79,85,49,13
80,85,18,13
1,38,21,14
2,62,28,14
3,62,87,14
4,25,83,14
5,87,6,14
6,60,42,14
7,54,47,14
8,96,15,14
9,48,81,14
10,33,18,14
11,77,19,14
12,75,93,14
13,57,99,14
14,56,40,14
15,1,77,14
16,45,60,14
17,53,36,14
18,36,20,14
19,92,64,14
20,80,2,14
21,71,29,14
22,35,20,14
23,44,79,14
24,9,36,14
25,15,96,14
26,65,76,14
27,93,60,14
28,99,65,14
29,98,18,14
30,21,93,14
31,67,33,14
32,12,91,14
33,13,63,14
34,30,8,14
35,56,22,14
36,59,91,14
37,90,88,14
38,97,2,14
39,2,78,14
40,93,12,14
41,86,74,14
42,38,94,14
43,84,0,14
44,83,65,14
45,98,42,14
46,16,69,14
47,10,64,14
48,54,26,14
49,5,47,14
50,17,10,14
51,37,8,14
52,21,74,14
53,40,33,14
54,28,29,14
55,75,91,14
56,29,58,14
57,75,49,14
58,88,70,14
59,26,55,14
60,24,8,14
61,5,74,14
62,52,49,14
63,25,82,14
64,23,64,14
65,15,55,14
66,69,54,14
67,86,68,14
68,30,27,14
69,99,77,14
70,96,61,14
71,32,47,14
72,54,72,14
73,85,39,14
74,13,46,14
75,16,67,14
76,2,49,14
77,30,58,14
78,16,52,14
79,84,49,14
80,84,17,14
1,38,20,15
2,61,29,15
3,63,86,15
4,25,83,15
5,88,7,15
6,61,43,15
7,53,46,15
8,96,16,15
9,48,81,15
10,33,18,15
11,77,18,15
12,75,92,15
13,56,99,15
14,55,40,15
15,1,78,15
16,44,60,15
17,53,35,15
18,36,19,15
19,91,64,15
20,80,1,15
21,71,28,15
22,34,19,15
23,43,80,15
24,10,37,15
25,14,97,15
26,65,77,15
27,93,60,15
28,98,64,15
29,97,19,15
30,22,92,15
31,67,34,15
32,12,90,15
33,13,63,15
34,29,9,15
35,55,23,15
36,58,92,15
37,91,89,15
38,96,1,15
39,2,77,15
40,92,11,15
41,85,75,15
42,39,93,15
43,83,1,15
44,84,64,15
45,97,43,15
46,15,68,15
47,10,63,15
48,53,27,15
49,6,46,15
50,17,9,15
51,37,8,15
52,21,73,15
53,39,32,15
54,27,30,15
55,76,93,15
56,29,59,15
57,76,49,15
58,88,69,15
59,26,55,15
60,23,8,15
61,6,74,15
62,52,50,15
63,25,82,15
64,23,63,15
65,16,54,15
66,70,54,15
67,87,67,15
68,29,28,15
69,99,78,15
70,97,61,15
71,33,46,15
72,54,73,15
73,84,40,15
74,13,45,15
75,17,68,15
76,1,48,15
77,30,57,15
78,15,53,15
79,83,48,15
80,84,17,15
1,39,20,16
2,61,29,16
3,62,87,16
4,26,83,16
5,87,6,16
6,62,44,16
7,53,46,16
8,97,15,16
9,49,80,16
10,33,17,16
11,77,17,16
12,74,93,16
13,56,99,16
14,56,40,16
15,0,78,16
16,44,59,16
17,52,34,16
18,37,19,16
19,90,65,16
20,81,0,16
21,70,29,16
22,34,20,16
23,43,79,16
24,11,36,16
25,14,96,16
26,65,77,16
27,93,60,16
28,97,65,16
29,98,19,16
30,23,93,16
31,68,33,16
32,13,89,16
33,12,63,16
34,28,10,16
35,55,22,16
36,58,92,16
37,90,88,16
38,97,1,16
39,1,78,16
40,91,11,16
41,85,75,16
42,40,92,16
43,84,1,16
44,83,63,16
45,96,42,16
46,14,68,16
47,11,62,16
48,53,26,16
49,6,45,16
50,18,10,16
51,37,7,16
52,20,72,16
53,40,32,16
54,28,30,16
55,76,93,16
56,29,59,16
57,76,50,16
58,88,70,16
59,27,54,16
60,24,9,16
61,6,75,16
62,53,49,16
63,26,84,16
64,24,62,16
65,16,54,16
66,71,55,16
67,86,68,16
68,29,29,16
69,98,79,16
70,98,62,16
71,34,47,16
72,55,74,16
73,84,39,16
74,14,44,16
75,18,67,16
76,2,48,16
77,30,56,16
78,15,53,16
79,84,49,16
80,85,18,16
1,39,20,17
2,60,29,17
3,63,88,17
4,27,82,17
5,87,6,17
6,61,44,17
7,52,47,17
8,97,15,17
9,49,79,17
10,34,17,17
11,78,17,17
12,75,93,17
13,56,98,17
14,55,41,17
15,1,77,17
16,45,59,17
17,52,34,17
18,37,20,17
19,90,64,17
20,81,1,17
21,70,30,17
22,35,19,17
23,42,78,17
24,12,37,17
25,14,97,17
26,64,76,17
27,93,61,17
28,96,64,17
29,97,19,17
30,24,93,17
31,67,32,17
32,14,88,17
33,13,64,17
34,29,9,17
35,55,21,17
36,57,91,17
37,91,88,17
38,96,2,17
39,2,78,17
40,91,11,17
41,84,76,17
42,39,91,17
43,84,2,17
44,84,62,17
45,95,41,17
46,13,68,17
47,10,61,17
48,54,26,17
49,7,46,17
50,19,9,17
51,37,7,17
52,20,71,17
53,41,32,17
54,29,30,17
55,76,94,17
56,29,59,17
57,76,50,17
58,88,70,17
59,28,54,17
60,24,8,17
61,6,75,17
62,52,48,17
63,27,83,17
64,24,61,17
65,16,52,17
66,72,55,17
67,85,69,17
68,30,29,17
69,98,79,17
70,99,62,17
71,34,47,17
72,54,74,17
73,84,39,17
74,15,44,17
75,18,68,17
76,3,47,17
77,30,55,17
78,16,54,17
79,83,49,17
80,84,17,17
1,39,20,18
2,59,28,18
3,62,89,18
4,26,83,18
5,86,7,18
6,61,44,18
7,51,48,18
8,97,14,18
9,50,79,18
10,35,16,18
11,79,16,18
12,74,94,18
13,57,99,18
14,54,41,18
15,0,77,18
16,44,59,18
17,51,35,18
18,37,21,18
19,91,63,18
20,80,0,18
21,71,31,18
22,35,19,18
23,41,79,18
24,12,38,18
25,15,96,18
26,63,75,18
27,93,61,18
28,96,64,18
29,97,19,18
30,24,94,18
31,68,33,18
32,13,87,18
33,13,63,18
34,29,8,18
35,56,21,18
36,56,91,18
37,92,88,18
38,96,1,18
39,2,78,18
40,91,10,18
41,85,76,18
42,38,92,18
43,85,1,18
44,84,61,18
45,95,42,18
46,14,68,18
47,9,62,18
48,53,25,18
49,6,47,18
50,19,9,18
51,37,7,18
52,20,71,18
53,41,32,18
54,29,30,18
55,76,94,18
56,29,58,18
57,77,50,18
58,87,70,18
59,28,55,18
60,24,9,18
61,5,76,18
62,52,49,18
63,27,83,18
64,25,61,18
65,15,52,18
66,73,55,18
67,85,70,18
68,31,28,18
69,99,79,18
70,99,63,18
71,33,46,18
72,55,73,18
73,84,39,18
74,15,45,18
75,19,69,18
76,4,47,18
77,31,56,18
78,17,55,18
79,83,50,18
80,85,16,18
1,40,21,19
2,58,29,19
3,63,89,19
4,27,82,19
5,87,6,19
6,61,45,19
7,51,50,19
8,96,14,19
9,51,80,19
10,36,17,19
11,79,15,19
12,75,94,19
13,56,98,19
14,54,40,19
15,1,76,19
16,45,59,19
17,51,34,19
18,38,21,19
19,91,63,19
20,80,1,19
21,72,31,19
22,34,20,19
23,41,78,19
24,13,38,19
25,14,97,19
26,63,75,19
27,94,61,19
28,97,64,19
29,98,19,19
30,25,93,19
31,69,32,19
32,13,88,19
33,13,62,19
34,28,9,19
35,56,21,19
36,57,92,19
37,92,89,19
38,95,2,19
39,2,77,19
40,92,11,19
41,85,76,19
42,37,93,19
43,86,0,19
44,85,60,19
45,95,41,19
46,13,67,19
47,9,63,19
48,53,26,19
49,5,48,19
50,18,8,19
51,37,8,19
52,19,70,19
53,40,33,19
54,29,31,19
55,75,95,19
56,29,58,19
57,76,50,19
58,87,71,19
59,27,56,19
60,24,8,19
61,6,77,19
62,53,50,19
63,26,84,19
64,26,61,19
65,15,52,19
66,73,55,19
67,86,69,19
68,30,28,19
69,98,79,19
70,99,62,19
71,34,47,19
72,54,72,19
73,84,40,19
74,15,46,19
75,20,71,19
76,4,47,19
77,32,57,19
78,18,54,19
79,83,51,19
80,85,17,19
1,39,21,20
2,58,30,20
3,64,88,20
4,27,81,20
5,87,7,20
6,61,44,20
7,51,50,20
8,97,15,20
9,51,79,20
10,35,18,20
11,80,16,20
12,76,93,20
13,56,97,20
14,55,41,20
15,2,76,20
16,44,59,20
17,51,34,20
18,39,22,20
19,92,64,20
20,79,0,20
21,72,32,20
22,33,20,20
23,41,78,20
24,13,37,20
25,15,98,20
26,62,76,20
27,94,62,20
28,96,65,20
29,98,19,20
30,24,93,20
31,69,31,20
32,13,87,20
33,14,62,20
34,27,10,20
35,57,22,20
36,57,92,20
37,91,90,20
38,96,3,20
39,3,75,20
40,92,11,20
41,84,77,20
42,37,94,20
43,86,0,20
44,86,60,20
45,94,41,20
46,12,68,20
47,9,62,20
48,54,25,20
49,5,48,20
50,17,8,20
51,36,8,20
52,19,69,20
53,41,33,20
54,28,31,20
55,74,95,20
56,29,57,20
57,77,51,20
58,86,72,20
59,27,55,20
60,25,7,20
61,5,77,20
62,53,51,20
63,26,84,20
64,25,62,20
65,15,51,20
66,74,56,20
67,87,69,20
68,30,27,20
69,97,78,20
70,98,61,20
71,34,47,20
72,53,73,20
73,83,40,20
74,14,45,20
75,19,71,20
76,4,48,20
77,32,57,20
78,17,55,20
79,84,50,20
80,86,16,20
1,39,20,21
2,57,30,21
3,63,88,21
4,27,80,21
5,86,7,21
6,61,44,21
7,50,50,21
8,98,14,21
9,50,79,21
10,35,19,21
11,79,16,21
12,77,94,21
13,57,96,21
14,54,42,21
15,2,75,21
16,45,60,21
17,50,33,21
18,39,23,21
19,92,64,21
20,80,1,21
21,73,33,21
22,32,20,21
23,41,77,21
24,13,37,21
25,14,98,21
26,61,75,21
27,95,61,21
28,97,64,21
29,97,20,21
30,23,93,21
31,69,32,21
32,14,86,21
33,15,63,21
34,28,9,21
35,57,23,21
36,58,92,21
37,91,91,21
38,95,3,21
39,1,76,21
40,92,12,21
41,85,76,21
42,37,95,21
43,85,1,21
44,86,61,21
45,93,40,21
46,11,68,21
47,10,62,21
48,53,26,21
49,6,47,21
50,16,7,21
51,35,8,21
52,20,69,21
53,40,34,21
54,27,31,21
55,74,95,21
56,30,56,21
57,77,50,21
58,85,72,21
59,28,54,21
60,25,6,21
61,6,76,21
62,53,50,21
63,27,83,21
64,25,61,21
65,15,52,21
66,75,57,21
67,86,69,21
68,29,27,21
69,98,77,21
70,97,62,21
71,34,48,21
72,54,72,21
73,84,40,21
74,15,46,21
75,18,72,21
76,3,48,21
77,33,58,21
78,18,54,21
79,83,51,21
80,85,15,21
1,38,21,22
2,57,31,22
3,64,89,22
4,27,79,22
5,87,8,22
6,60,43,22
7,51,51,22
8,99,13,22
9,49,78,22
10,34,18,22
11,80,17,22
12,76,93,22
13,56,97,22
14,53,42,22
15,3,74,22
16,45,60,22
17,49,32,22
18,40,22,22
19,91,63,22
20,80,1,22
21,72,33,22
22,31,20,22
23,41,78,22
24,12,36,22
25,13,99,22
26,62,75,22
27,96,61,22
28,98,63,22
29,98,19,22
30,24,94,22
31,70,32,22
32,15,86,22
33,16,63,22
34,29,9,22
35,57,22,22
36,58,93,22
37,90,90,22
38,96,2,22
39,2,77,22
40,93,13,22
41,86,75,22
42,36,95,22
43,84,1,22
44,86,60,22
45,93,39,22
46,10,68,22
47,10,62,22
48,54,27,22
49,7,48,22
50,17,6,22
51,36,7,22
52,20,70,22
53,41,34,22
54,26,31,22
55,73,94,22
56,29,55,22
57,77,51,22
58,85,71,22
59,27,55,22
60,24,7,22
61,7,75,22
62,54,51,22
63,27,83,22
64,26,62,22
65,15,51,22
66,76,58,22
67,87,68,22
68,30,26,22
69,99,76,22
70,97,62,22
71,35,49,22
72,53,72,22
73,85,41,22
74,15,47,22
75,17,72,22
76,2,47,22
77,33,57,22
78,19,54,22
79,84,51,22
80,84,15,22
1,38,20,23
2,57,32,23
3,65,90,23
4,27,79,23
5,86,8,23
6,61,44,23
7,51,51,23
8,99,13,23
9,50,79,23
10,33,18,23
11,79,17,23
12,76,94,23
13,55,97,23
14,52,41,23
15,3,73,23
16,44,59,23
17,50,33,23
18,41,22,23
19,92,63,23
20,81,0,23
21,72,34,23
22,32,21,23
23,42,77,23
24,13,37,23
25,12,98,23
26,63,74,23
27,95,60,23
28,99,64,23
29,98,19,23
30,24,95,23
31,70,32,23
32,15,85,23
33,17,62,23
34,28,8,23
35,56,22,23
36,59,93,23
37,89,91,23
38,97,3,23
39,3,76,23
40,94,13,23
41,86,74,23
42,37,95,23
43,85,2,23
44,85,60,23
45,93,38,23
46,9,69,23
47,11,61,23
48,55,28,23
49,7,49,23
50,17,6,23
51,36,8,23
52,19,71,23
53,42,35,23
54,27,32,23
55,72,95,23
56,30,55,23
57,78,51,23
58,85,70,23
59,27,56,23
60,23,8,23
61,7,74,23
62,53,52,23
63,28,82,23
64,27,62,23
65,14,52,23
66,77,59,23
67,88,68,23
68,30,26,23
69,98,77,23
70,96,62,23
71,34,48,23
72,53,71,23
73,85,40,23
74,16,47,23
75,18,71,23
76,1,47,23
77,32,58,23
78,20,54,23
79,85,52,23
80,84,14,23
1,39,19,24
2,57,33,24
3,64,91,24
4,28,79,24
5,86,8,24
6,61,43,24
7,52,52,24
8,98,12,24
9,51,79,24
10,33,19,24
11,79,17,24
12,75,93,24
13,54,98,24
14,52,42,24
15,3,74,24
16,45,60,24
17,49,34,24
18,41,23,24
19,93,64,24
20,82,0,24
21,72,35,24
22,31,22,24
23,41,77,24
24,12,37,24
25,12,99,24
26,63,74,24
27,95,61,24
28,98,64,24
29,99,20,24
30,25,95,24
31,69,32,24
32,14,85,24
33,18,61,24
34,27,9,24
35,56,23,24
36,60,92,24
37,89,90,24
38,97,4,24
39,4,75,24
40,93,12,24
41,87,73,24
42,37,95,24
43,86,2,24
44,84,59,24
45,94,39,24
46,10,68,24
47,12,61,24
48,55,29,24
49,6,48,24
50,17,7,24
51,36,8,24
52,19,70,24
53,42,35,24
54,26,33,24
55,71,95,24
56,29,55,24
57,77,51,24
58,84,69,24
59,26,56,24
60,22,8,24
61,7,75,24
62,51,51,24
63,29,82,24
64,27,61,24
65,15,52,24
66,78,58,24
67,89,67,24
68,31,25,24
69,97,76,24
70,97,61,24
71,34,49,24
72,54,70,24
73,85,39,24
74,15,48,24
75,19,71,24
76,0,47,24
77,31,57,24
78,19,54,24
79,86,52,24
80,84,14,24
1,38,20,25
2,58,34,25
3,65,92,25
4,27,78,25
5,85,8,25
6,62,42,25
7,52,53,25
8,98,11,25
9,51,79,25
10,32,18,25
11,78,17,25
12,74,93,25
13,55,99,25
14,53,41,25
15,3,73,25
16,45,60,25
17,48,34,25
18,40,24,25
19,94,65,25
20,81,0,25
21,72,34,25
22,30,21,25
23,41,78,25
24,11,36,25
25,12,99,25
26,63,74,25
27,94,61,25
28,99,65,25
29,98,20,25
30,26,96,25
31,69,32,25
32,13,85,25
33,19,62,25
34,27,10,25
35,55,22,25
36,61,91,25
37,90,91,25
38,98,5,25
39,3,75,25
40,94,12,25
41,88,72,25
42,38,94,25
43,85,1,25
44,84,58,25
45,93,38,25
46,11,67,25
47,12,61,25
48,54,28,25
49,6,47,25
50,16,7,25
51,35,8,25
52,20,72,25
53,41,35,25
54,27,33,25
55,71,96,25
56,29,54,25
57,78,51,25
58,83,69,25
59,26,56,25
60,22,8,25
61,7,76,25
62,52,52,25
63,30,81,25
64,26,61,25
65,15,52,25
66,78,59,25
67,88,66,25
68,31,24,25
69,98,75,25
70,96,60,25
71,34,48,25
72,53,70,25
73,85,39,25
74,14,47,25
75,20,71,25
76,0,48,25
77,32,57,25
78,18,53,25
79,85,53,25
80,84,14,25
1,37,19,26
2,58,33,26
3,64,93,26
4,27,79,26
5,84,8,26
6,62,41,26
7,52,53,26
8,98,12,26
9,50,79,26
10,32,19,26
11,78,17,26
12,75,94,26
13,55,99,26
14,53,40,26
15,2,74,26
16,45,61,26
17,49,34,26
18,41,23,26
19,94,66,26
20,82,1,26
21,71,34,26
22,29,21,26
23,42,78,26
24,10,37,26
25,13,99,26
26,63,75,26
27,95,62,26
28,99,66,26
29,99,20,26
30,27,96,26
31,68,32,26
32,13,84,26
33,20,61,26
34,26,9,26
35,55,21,26
36,61,91,26
37,90,92,26
38,97,6,26
39,3,76,26
40,95,13,26
41,87,73,26
42,38,95,26
43,84,0,26
44,83,59,26
45,94,37,26
46,11,68,26
47,11,61,26
48,55,29,26
49,7,48,26
50,15,6,26
51,34,8,26
52,19,71,26
53,40,35,26
54,28,34,26
55,70,97,26
56,28,55,26
57,77,52,26
58,82,68,26
59,26,55,26
60,22,9,26
61,6,76,26
62,51,52,26
63,29,80,26
64,27,60,26
65,16,51,26
66,79,60,26
67,87,65,26
68,32,25,26
69,98,75,26
70,96,60,26
71,34,49,26
72,54,69,26
73,86,39,26
74,15,46,26
75,20,70,26
76,1,47,26
77,31,57,26
78,17,54,26
79,85,54,26
80,85,14,26
1,37,20,27
2,57,34,27
3,65,93,27
4,28,78,27
5,84,7,27
6,63,40,27
7,51,53,27
8,97,12,27
9,50,80,27
10,32,20,27
11,78,16,27
12,76,94,27
13,54,98,27
14,54,40,27
15,3,75,27
16,46,61,27
17,48,34,27
18,41,22,27
19,94,67,27
20,83,2,27
21,71,33,27
22,28,20,27
23,43,78,27
24,11,38,27
25,13,98,27
26,64,74,27
27,95,61,27
28,98,66,27
29,98,20,27
30,26,96,27
31,69,33,27
32,12,83,27
33,21,61,27
34,25,9,27
35,55,21,27
36,60,90,27
37,90,93,27
38,96,5,27
39,4,75,27
40,96,13,27
41,87,72,27
42,38,95,27
43,85,1,27
44,82,60,27
45,94,36,27
46,11,69,27
47,10,62,27
48,55,29,27
49,8,48,27
50,14,5,27
51,34,8,27
52,20,72,27
53,41,34,27
54,29,35,27
55,71,97,27
56,27,55,27
57,77,51,27
58,83,68,27
59,26,55,27
60,22,9,27
61,5,76,27
62,50,52,27
63,29,79,27
64,27,59,27
65,16,52,27
66,78,60,27
67,88,64,27
68,31,24,27
69,98,76,27
70,97,60,27
71,34,50,27
72,54,69,27
73,87,38,27
74,16,47,27
75,20,70,27
76,2,48,27
77,31,58,27
78,16,54,27
79,85,53,27
80,85,13,27
1,38,20,28
2,57,34,28
3,66,92,28
4,29,78,28
5,85,8,28
6,63,41,28
7,49,51,28
8,98,13,28
9,49,81,28
10,31,20,28
11,77,16,28
12,76,94,28
13,54,97,28
14,55,41,28
15,3,74,28
16,45,60,28
17,48,35,28
18,41,22,28
19,95,67,28
20,84,3,28
21,70,34,28
22,27,20,28
23,43,78,28
24,12,37,28
25,13,99,28
26,63,75,28
27,94,61,28
28,98,65,28
29,99,20,28
30,26,97,28
31,69,34,28
32,13,82,28
33,20,61,28
34,26,8,28
35,55,22,28
36,60,89,28
37,91,92,28
38,97,6,28
39,2,73,28
40,96,13,28
41,87,72,28
42,37,94,28
43,85,1,28
44,81,60,28
45,94,36,28
46,12,69,28
47,11,62,28
48,56,29,28
49,8,47,28
50,13,6,28
51,34,9,28
52,21,71,28
53,42,34,28
54,30,34,28
55,71,98,28
56,28,54,28
57,76,50,28
58,84,68,28
59,26,55,28
60,21,10,28
61,5,77,28
62,51,51,28
63,30,80,28
64,28,58,28
65,16,51,28
66,78,60,28
67,88,64,28
68,32,25,28
69,99,77,28
70,97,61,28
71,33,51,28
72,53,69,28
73,86,39,28
74,15,48,28
75,21,69,28
76,2,47,28
77,31,57,28
78,16,53,28
79,84,52,28
80,84,14,28
1,37,20,29
2,58,33,29
3,65,91,29
4,28,77,29
5,85,9,29
6,63,41,29
7,49,50,29
8,97,14,29
9,49,81,29
10,31,21,29
11,76,15,29
12,75,95,29
13,53,98,29
14,56,42,29
15,4,73,29
16,44,60,29
17,48,36,29
18,42,21,29
19,96,67,29
20,83,3,29
21,69,35,29
22,28,21,29
23,43,77,29
24,11,36,29
25,14,99,29
26,63,75,29
27,95,60,29
28,98,66,29
29,98,19,29
30,27,98,29
31,68,35,29
32,12,81,29
33,20,60,29
34,27,8,29
35,56,22,29
36,61,89,29
37,92,92,29
38,97,5,29
39,1,74,29
40,95,12,29
41,87,71,29
42,37,95,29
43,84,2,29
44,82,59,29
45,95,37,29
46,13,68,29
47,11,61,29
48,57,29,29
49,7,48,29
50,14,7,29
51,35,10,29
52,20,72,29
53,43,33,29
54,31,33,29
55,72,99,29
56,28,54,29
57,77,51,29
58,85,68,29
59,27,54,29
60,21,9,29
61,5,78,29
62,51,51,29
63,29,79,29
64,27,59,29
65,16,51,29
66,77,61,29
67,89,65,29
68,33,24,29
69,99,77,29
70,97,62,29
71,32,52,29
72,52,70,29
73,85,40,29
74,16,47,29
75,22,70,29
76,2,47,29
77,31,57,29
78,17,52,29
79,85,51,29
80,83,13,29
1,37,21,30
2,57,34,30
3,64,92,30
4,28,78,30
5,85,9,30
6,63,42,30
7,50,51,30
8,97,13,30
9,48,81,30
10,31,20,30
11,75,15,30
12,75,96,30
13,54,99,30
14,55,42,30
15,5,72,30
16,44,61,30
17,48,35,30
18,41,21,30
19,96,68,30
20,82,3,30
21,70,34,30
22,27,20,30
23,42,78,30
24,11,36,30
25,15,98,30
26,64,74,30
27,96,59,30
28,99,65,30
29,98,20,30
30,27,97,30
31,68,34,30
32,13,80,30
33,21,59,30
34,28,8,30
35,55,22,30
36,61,88,30
37,93,92,30
38,98,4,30
39,0,74,30
40,94,11,30
41,86,72,30
42,38,96,30
43,83,3,30
44,81,60,30
45,95,37,30
46,13,68,30
47,10,61,30
48,58,28,30
49,8,48,30
50,15,8,30
51,35,11,30
52,20,73,30
53,43,34,30
54,31,32,30
55,71,98,30
56,28,54,30
57,78,51,30
58,84,67,30
59,26,54,30
60,20,10,30
61,6,78,30
62,52,51,30
63,28,79,30
64,27,58,30
65,17,51,30
66,78,61,30
67,88,64,30
68,33,25,30
69,99,77,30
70,98,61,30
71,32,52,30
72,52,69,30
73,84,39,30
74,17,47,30
75,23,69,30
76,1,47,30
77,32,57,30
78,18,52,30
79,84,51,30
80,82,14,30
1,36,21,31
2,57,34,31
3,64,93,31
4,27,78,31
5,86,10,31
6,63,42,31
7,50,51,31
8,98,14,31
9,47,80,31
10,31,20,31
11,74,14,31
12,75,97,31
13,54,99,31
14,56,42,31
15,4,73,31
16,43,60,31
17,49,36,31
18,42,21,31
19,96,69,31
20,83,4,31
21,70,33,31
22,26,19,31
23,42,77,31
24,10,36,31
25,14,98,31
26,63,73,31
27,95,59,31
28,98,66,31
29,98,20,31
30,26,97,31
31,67,35,31
32,14,79,31
33,22,60,31
34,29,9,31
35,54,22,31
36,60,88,31
37,93,91,31
38,97,4,31
39,1,73,31
40,93,12,31
41,86,71,31
42,37,97,31
43,83,3,31
44,82,60,31
45,94,36,31
46,13,68,31
47,10,60,31
48,57,27,31
49,8,48,31
50,16,8,31
51,36,10,31
52,21,74,31
53,42,35,31
54,32,33,31
55,70,98,31
56,28,54,31
57,77,52,31
58,85,67,31
59,25,53,31
60,21,11,31
61,6,78,31
62,52,50,31
63,29,78,31
64,28,58,31
65,16,50,31
66,78,60,31
67,89,64,31
68,33,26,31
69,99,77,31
70,99,61,31
71,33,52,31
72,52,68,31
73,83,40,31
74,18,48,31
75,23,70,31
76,2,46,31
77,32,57,31
78,19,53,31
79,83,52,31
80,81,14,31
1,36,20,32
2,58,33,32
3,65,94,32
4,26,77,32
5,87,10,32
6,63,42,32
7,49,50,32
8,98,14,32
9,46,80,32
10,32,19,32
11,74,14,32
12,74,98,32
13,55,99,32
14,55,41,32
15,3,73,32
16,44,59,32
17,50,37,32
18,42,21,32
19,97,68,32
20,82,5,32
21,69,32,32
22,26,18,32
23,43,78,32
24,10,36,32
25,15,99,32
26,62,72,32
27,95,60,32
28,99,65,32
29,98,20,32
30,26,97,32
31,67,35,32
32,14,78,32
33,22,61,32
34,28,8,32
35,55,21,32
36,60,88,32
37,93,90,32
38,96,5,32
39,1,73,32
40,93,11,32
41,86,72,32
42,37,98,32
43,84,4,32
44,82,59,32
45,94,36,32
46,14,69,32
47,10,61,32
48,56,28,32
49,8,49,32
50,16,9,32
51,36,11,32
52,22,73,32
53,41,36,32
54,33,33,32
55,70,97,32
56,27,55,32
57,77,51,32
58,84,68,32
59,26,54,32
60,20,12,32
61,6,79,32
62,53,51,32
63,28,78,32
64,29,58,32
65,16,50,32
66,78,59,32
67,88,64,32
68,34,27,32
69,99,77,32
70,98,61,32
71,34,53,32
72,51,68,32
73,84,41,32
74,17,48,32
75,23,70,32
76,1,47,32
77,32,56,32
78,19,54,32
79,82,52,32
80,80,14,32
1,36,19,33
2,58,33,33
3,65,95,33
4,25,78,33
5,86,11,33
6,63,41,33
7,49,50,33
8,98,13,33
9,47,80,33
10,31,20,33
11,74,14,33
12,75,97,33
13,54,99,33
14,56,42,33
15,4,73,33
16,43,58,33
17,50,38,33
18,41,21,33
19,96,68,33
20,83,4,33
21,70,33,33
22,25,19,33
23,44,79,33
24,10,37,33
25,14,98,33
26,62,71,33
27,95,60,33
28,99,64,33
29,99,19,33
30,26,97,33
31,66,34,33
32,14,77,33
33,23,61,33
34,28,9,33
35,54,22,33
36,60,89,33
37,93,91,33
38,96,5,33
39,2,73,33
40,94,10,33
41,87,72,33
42,37,98,33
43,83,5,33
44,81,59,33
45,93,35,33
46,13,69,33
47,10,60,33
48,55,27,33
49,9,49,33
50,15,9,33
51,35,12,33
52,23,73,33
53,40,36,33
54,33,32,33
55,69,98,33
56,27,53,33
57,77,52,33
58,85,67,33
59,28,53,33
60,19,13,33
61,6,78,33
62,54,52,33
63,29,79,33
64,30,58,33
65,15,51,33
66,78,60,33
67,88,63,33
68,35,28,33
69,98,78,33
70,97,61,33
71,33,54,33
72,51,69,33
73,84,42,33
74,16,48,33
75,22,70,33
76,0,48,33
77,33,55,33
78,20,54,33
79,82,51,33
80,79,13,33
1,37,20,34
2,58,33,34
3,64,96,34
4,24,79,34
5,86,10,34
6,64,42,34
7,48,51,34
8,99,13,34
9,46,81,34
10,31,20,34
11,74,15,34
12,75,98,34
13,53,98,34
14,55,43,34
15,5,72,34
16,44,57,34
17,50,37,34
18,41,21,34
19,97,68,34
20,83,3,34
21,71,34,34
22,24,20,34
23,43,78,34
24,9,36,34
25,14,97,34
26,62,72,34
27,94,61,34
28,99,64,34
29,99,20,34
30,27,98,34
31,65,34,34
32,14,77,34
33,22,60,34
34,29,9,34
35,53,22,34
36,59,88,34
37,92,92,34
38,97,4,34
39,2,74,34
40,93,11,34
41,87,72,34
42,37,99,34
43,82,5,34
44,82,59,34
45,94,34,34
46,14,70,34
47,9,59,34
48,56,28,34
49,8,48,34
50,16,8,34
51,36,13,34
52,24,73,34
53,39,35,34
54,34,32,34
55,70,98,34
56,27,54,34
57,76,52,34
58,86,68,34
59,29,52,34
60,19,13,34
61,7,78,34
62,54,53,34
63,28,80,34
64,29,59,34
65,15,50,34
66,79,61,34
67,87,64,34
68,36,27,34
69,98,78,34
70,97,61,34
71,33,54,34
72,50,68,34
73,84,42,34
74,17,47,34
75,22,70,34
76,1,47,34
77,33,56,34
78,20,54,34
79,82,51,34
80,80,14,34
1,37,19,35
2,57,32,35
3,65,97,35
4,24,79,35
5,86,9,35
6,65,41,35
7,49,51,35
8,99,12,35
9,45,80,35
10,32,21,35
11,74,16,35
12,76,99,35
13,52,98,35
14,54,43,35
15,6,72,35
16,44,57,35
17,49,36,35
18,40,21,35
19,98,68,35
20,84,2,35
21,72,35,35
22,24,19,35
23,44,78,35
24,9,36,35
25,14,98,35
26,61,71,35
27,95,60,35
28,99,65,35
29,98,21,35
30,27,99,35
31,65,34,35
32,14,76,35
33,23,60,35
34,30,10,35
35,54,22,35
36,58,88,35
37,92,91,35
38,98,5,35
39,3,74,35
40,93,11,35
41,88,73,35
42,36,98,35
43,81,5,35
44,82,59,35
45,93,34,35
46,15,71,35
47,10,60,35
48,55,28,35
49,9,48,35
50,17,8,35
51,37,12,35
52,25,73,35
53,40,34,35
54,33,33,35
55,70,99,35
56,28,54,35
57,77,51,35
58,86,68,35
59,29,53,35
60,18,13,35
61,6,79,35
62,54,52,35
63,29,80,35
64,30,59,35
65,14,50,35
66,78,60,35
67,88,63,35
68,36,28,35
69,97,77,35
70,96,60,35
71,33,53,35
72,50,69,35
73,83,42,35
74,17,46,35
75,21,69,35
76,1,46,35
77,32,55,35
78,20,55,35
79,82,50,35
80,80,14,35
1,37,19,36
2,58,32,36
3,65,98,36
4,25,79,36
5,86,8,36
6,64,42,36
7,48,52,36
8,98,11,36
9,45,80,36
10,32,20,36
11,73,17,36
12,76,98,36
13,52,99,36
14,54,44,36
15,7,73,36
16,44,56,36
17,49,35,36
18,40,21,36
19,98,68,36
20,84,3,36
21,71,34,36
22,23,19,36
23,45,78,36
24,8,36,36
25,15,98,36
26,62,70,36
27,96,61,36
28,99,65,36
29,98,22,36
30,26,99,36
31,64,35,36
32,15,75,36
33,22,59,36
34,30,10,36
35,54,23,36
36,58,87,36
37,92,91,36
38,98,6,36
39,2,74,36
40,92,11,36
41,87,73,36
42,37,98,36
43,80,4,36
44,83,60,36
45,94,34,36
46,15,70,36
47,10,59,36
48,56,29,36
49,9,47,36
50,16,7,36
51,37,12,36
52,25,74,36
53,39,33,36
54,33,34,36
55,71,98,36
56,27,53,36
57,77,52,36
58,87,67,36
59,30,53,36
60,18,12,36
61,7,79,36
62,53,53,36
63,28,80,36
64,29,58,36
65,15,50,36
66,77,61,36
67,89,63,36
68,35,29,36
69,96,78,36
70,95,60,36
71,34,53,36
72,51,69,36
73,83,42,36
74,18,47,36
75,21,70,36
76,2,46,36
77,31,55,36
78,20,55,36
79,82,50,36
80,80,14,36
1,37,20,37
2,59,32,37
3,66,99,37
4,26,78,37
5,86,9,37
6,63,41,37
7,47,51,37
8,98,12,37
9,44,81,37
10,32,19,37
11,72,16,37
12,77,98,37
13,52,98,37
14,54,44,37
15,7,72,37
16,44,55,37
17,48,35,37
18,40,20,37
19,98,67,37
20,83,2,37
21,70,34,37
22,23,19,37
23,45,77,37
24,9,37,37
25,16,98,37
26,61,69,37
27,96,62,37
28,99,65,37
29,99,22,37
30,25,99,37
31,64,36,37
32,16,74,37
33,22,59,37
34,30,11,37
35,54,22,37
36,59,86,37
37,92,92,37
38,98,6,37
39,2,75,37
40,92,11,37
41,86,73,37
42,37,98,37
43,81,5,37
44,82,59,37
45,95,34,37
46,16,70,37
47,9,60,37
48,55,28,37
49,10,48,37
50,15,6,37
51,36,12,37
52,24,73,37
53,39,32,37
54,33,33,37
55,70,97,37
56,28,53,37
57,76,53,37
58,88,67,37
59,31,53,37
60,18,11,37
61,8,78,37
62,53,54,37
63,27,80,37
64,29,59,37
65,14,50,37
66,76,60,37
67,89,63,37
68,36,28,37
69,97,79,37
70,95,59,37
71,33,52,37
72,52,69,37
73,82,43,37
74,19,46,37
75,22,70,37
76,3,45,37
77,31,56,37
78,19,56,37
79,82,50,37
80,81,13,37
1,37,21,38
2,59,31,38
3,66,99,38
4,25,77,38
5,86,9,38
6,63,42,38
7,46,52,38
8,97,12,38
9,43,80,38
10,32,18,38
11,72,16,38
12,77,99,38
13,51,98,38
14,53,44,38
15,7,72,38
16,45,56,38
17,47,35,38
18,39,20,38
19,99,67,38
20,84,1,38
21,69,35,38
22,23,18,38
23,45,77,38
24,9,37,38
25,16,97,38
26,62,69,38
27,95,62,38
28,99,64,38
29,98,21,38
30,25,98,38
31,65,36,38
32,16,73,38
33,23,59,38
34,30,11,38
35,53,22,38
36,60,86,38
37,92,92,38
38,98,7,38
39,1,75,38
40,93,11,38
41,86,72,38
42,36,99,38
43,82,6,38
44,83,60,38
45,96,34,38
46,15,71,38
47,8,59,38
48,56,29,38
49,10,48,38
50,15,6,38
51,36,12,38
52,24,72,38
53,39,32,38
54,33,33,38
55,69,96,38
56,27,53,38
57,76,53,38
58,87,67,38
59,31,53,38
60,17,12,38
61,9,79,38
62,54,54,38
63,26,81,38
64,29,60,38
65,14,49,38
66,77,59,38
67,88,62,38
68,37,28,38
69,98,79,38
70,94,59,38
71,32,53,38
72,51,69,38
73,81,42,38
74,19,47,38
75,23,70,38
76,3,45,38
77,30,56,38
78,20,55,38
79,82,50,38
80,82,12,38
1,37,21,39
2,58,32,39
3,65,99,39
4,26,77,39
5,87,10,39
6,63,43,39
7,46,51,39
8,96,12,39
9,44,80,39
10,31,19,39
11,73,17,39
12,76,98,39
13,51,97,39
14,53,45,39
15,8,73,39
16,45,56,39
17,46,36,39
18,39,19,39
19,99,67,39
20,84,2,39
21,68,34,39
22,23,18,39
23,44,78,39
24,9,37,39
25,15,98,39
26,62,69,39
27,95,63,39
28,98,63,39
29,97,21,39
30,25,99,39
31,64,35,39
32,15,72,39
33,22,58,39
34,29,11,39
35,54,23,39
36,59,85,39
37,91,92,39
38,98,8,39
39,1,74,39
40,93,11,39
41,86,73,39
42,36,99,39
43,83,7,39
44,82,59,39
45,95,33,39
46,15,71,39
47,8,60,39
48,57,29,39
49,11,48,39
50,14,6,39
51,36,11,39
52,24,73,39
53,38,32,39
54,34,33,39
55,70,96,39
56,26,52,39
57,75,54,39
58,86,68,39
59,31,54,39
60,18,12,39
61,8,80,39
62,53,54,39
63,27,80,39
64,30,60,39
65,14,48,39
66,76,60,39
67,88,61,39
68,37,27,39
69,99,80,39
70,93,59,39
71,33,54,39
72,50,68,39
73,82,43,39
74,19,47,39
75,23,71,39
76,2,45,39
77,29,56,39
78,19,54,39
79,82,50,39
80,82,12,39
1,36,22,40
2,59,31,40
3,66,98,40
4,25,76,40
5,88,10,40
6,63,42,40
7,45,51,40
8,97,11,40
9,44,79,40
10,30,19,40
11,72,17,40
12,77,98,40
13,52,98,40
14,52,45,40
15,9,74,40
16,45,57,40
17,47,36,40
18,40,18,40
19,98,66,40
20,84,1,40
21,67,33,40
22,22,18,40
23,44,78,40
24,9,36,40
25,14,97,40
26,63,68,40
27,94,62,40
28,98,62,40
29,96,22,40
30,24,99,40
31,64,36,40
32,14,73,40
33,23,57,40
34,29,10,40
35,54,23,40
36,59,86,40
37,90,93,40
38,99,7,40
39,0,73,40
40,94,10,40
41,85,72,40
42,35,98,40
43,84,7,40
44,81,58,40
45,95,33,40
46,15,71,40
47,9,60,40
48,58,28,40
49,11,47,40
50,13,5,40
51,37,10,40
52,23,72,40
53,38,32,40
54,33,32,40
55,70,97,40
56,26,52,40
57,74,55,40
58,87,67,40
59,31,53,40
60,17,11,40
61,8,80,40
62,53,53,40
63,28,79,40
64,30,60,40
65,13,47,40
66,77,60,40
67,87,62,40
68,36,28,40
69,98,80,40
70,93,58,40
71,32,54,40
72,50,67,40
73,82,44,40
74,20,46,40
75,23,71,40
76,2,44,40
77,29,56,40
78,19,55,40
79,81,49,40
80,83,13,40
1,37,23,41
2,58,32,41
3,66,97,41
4,25,77,41
5,89,10,41
6,62,41,41
7,45,50,41
8,98,10,41
9,44,79,41
10,29,19,41
11,73,18,41
12,78,98,41
13,52,98,41
14,51,46,41
15,8,75,41
16,44,57,41
17,46,36,41
18,39,18,41
19,98,67,41
20,83,1,41
21,67,34,41
22,23,18,41
23,44,77,41
24,10,35,41
25,14,98,41
26,64,67,41
27,93,61,41
28,97,61,41
29,95,22,41
30,24,99,41
31,63,35,41
32,14,74,41
33,23,58,41
34,29,9,41
35,55,22,41
36,58,86,41
37,90,92,41
38,98,8,41
39,0,73,41
40,94,10,41
41,84,72,41
42,36,98,41
43,83,8,41
44,80,59,41
45,95,34,41
46,15,70,41
47,8,59,41
48,59,28,41
49,12,46,41
50,14,4,41
51,37,10,41
52,24,73,41
53,39,33,41
54,33,33,41
55,71,97,41
56,26,52,41
57,75,56,41
58,86,66,41
59,30,53,41
60,18,11,41
61,9,81,41
62,53,52,41
63,28,78,41
64,29,61,41
65,12,47,41
66,78,61,41
67,87,63,41
68,36,27,41
69,97,80,41
70,92,57,41
71,32,53,41
72,50,67,41
73,81,45,41
74,21,46,41
75,22,71,41
76,2,44,41
77,30,57,41
78,20,56,41
79,80,48,41
80,83,14,41
1,38,24,42
2,59,31,42
3,65,97,42
4,26,78,42
5,90,9,42
6,62,42,42
7,44,51,42
8,97,11,42
9,45,79,42
10,28,18,42
11,74,17,42
12,79,97,42
13,52,97,42
14,51,46,42
15,7,75,42
16,43,56,42
17,46,35,42
18,39,19,42
19,99,67,42
20,84,2,42
21,66,33,42
22,24,17,42
23,45,78,42
24,9,34,42
25,15,99,42
26,65,66,42
27,92,61,42
28,96,60,42
29,95,21,42
30,23,98,42
31,62,35,42
32,13,74,42
33,22,57,42
34,29,10,42
35,56,21,42
36,57,85,42
37,89,91,42
38,98,7,42
39,0,72,42
40,94,9,42
41,85,72,42
42,36,98,42
43,83,8,42
44,79,58,42
45,94,33,42
46,14,70,42
47,9,59,42
48,58,28,42
49,11,45,42
50,13,5,42
51,36,9,42
52,25,72,42
53,38,34,42
54,32,32,42
55,71,96,42
56,25,52,42
57,74,56,42
58,87,67,42
59,31,54,42
60,18,10,42
61,10,82,42
62,52,52,42
63,29,77,42
64,30,62,42
65,13,46,42
66,79,60,42
67,86,62,42
68,35,28,42
69,96,79,42
70,92,56,42
71,33,52,42
72,50,67,42
73,80,46,42
74,22,46,42
75,21,72,42
76,3,45,42
77,31,56,42
78,20,57,42
79,81,47,42
80,83,14,42
1,38,25,43
2,59,32,43
3,64,98,43
4,27,77,43
5,89,10,43
6,62,42,43
7,43,51,43
8,98,11,43
9,44,78,43
10,27,17,43
11,73,17,43
12,79,98,43
13,52,98,43
14,51,45,43
15,7,74,43
16,44,56,43
17,45,36,43
18,39,19,43
19,99,67,43
20,84,2,43
21,65,34,43
22,25,16,43
23,45,77,43
24,10,35,43
25,16,99,43
26,64,65,43
27,93,60,43
28,96,59,43
29,94,21,43
30,24,97,43
31,61,34,43
32,14,75,43
33,23,58,43
34,30,9,43
35,55,21,43
36,57,86,43
37,89,90,43
38,98,7,43
39,1,73,43
40,93,8,43
41,84,72,43
42,36,98,43
43,84,8,43
44,79,58,43
45,93,32,43
46,15,69,43
47,10,60,43
48,58,29,43
49,10,44,43
50,13,4,43
51,37,10,43
52,25,71,43
53,37,35,43
54,32,32,43
55,72,97,43
56,26,52,43
57,73,55,43
58,87,66,43
59,31,55,43
60,18,11,43
61,11,82,43
62,52,51,43
63,30,76,43
64,30,63,43
65,13,45,43
66,78,60,43
67,85,61,43
68,36,28,43
69,95,78,43
70,92,56,43
71,33,51,43
72,50,67,43
73,79,45,43
74,23,46,43
75,20,73,43
76,2,44,43
77,30,54,43
78,20,57,43
79,81,48,43
80,82,14,43
1,39,25,44
2,60,31,44
3,65,99,44
4,28,76,44
5,90,11,44
6,61,43,44
7,43,52,44
8,99,11,44
9,43,77,44
10,27,16,44
11,73,17,44
12,80,99,44
13,53,97,44
14,52,45,44
15,7,75,44
16,43,55,44
17,45,35,44
18,38,18,44
19,99,67,44
20,84,3,44
21,64,35,44
22,24,15,44
23,46,78,44
24,11,34,44
25,15,99,44
26,64,65,44
27,94,59,44
28,97,60,44
29,95,22,44
30,23,96,44
31,60,33,44
32,14,76,44
33,22,57,44
34,29,10,44
35,56,20,44
36,56,85,44
37,90,91,44
38,98,7,44
39,2,72,44
40,92,8,44
41,85,71,44
42,37,98,44
43,83,7,44
44,80,57,44
45,94,33,44
46,16,69,44
47,9,59,44
48,59,28,44
49,9,44,44
50,13,3,44
51,36,10,44
52,26,71,44
53,36,35,44
54,33,31,44
55,73,96,44
56,27,53,44
57,72,56,44
58,86,66,44
59,30,55,44
60,17,10,44
61,10,82,44
62,51,51,44
63,31,76,44
64,29,62,44
65,12,46,44
66,78,60,44
67,85,62,44
68,36,29,44
69,96,79,44
70,91,55,44
71,33,51,44
72,51,67,44
73,79,44,44
74,23,46,44
75,19,73,44
76,2,45,44
77,29,53,44
78,20,56,44
79,80,48,44
80,81,14,44
1,39,24,45
2,60,31,45
3,65,99,45
4,28,76,45
5,91,10,45
6,62,42,45
7,44,53,45
8,99,12,45
9,44,76,45
10,28,16,45
11,73,17,45
12,81,99,45
13,54,96,45
14,53,45,45
15,8,76,45
16,44,54,45
17,44,34,45
18,38,18,45
19,98,67,45
20,83,3,45
21,64,36,45
22,24,14,45
23,46,79,45
24,12,33,45
25,16,99,45
26,64,65,45
27,94,59,45
28,96,61,45
29,94,21,45
30,22,95,45
31,61,32,45
32,14,75,45
33,23,56,45
34,29,11,45
35,55,19,45
36,56,86,45
37,89,92,45
38,98,7,45
39,2,73,45
40,93,8,45
41,86,71,45
42,36,97,45
43,82,7,45
44,79,56,45
45,94,33,45
46,15,68,45
47,10,58,45
48,58,27,45
49,9,45,45
50,12,2,45
51,37,10,45
52,25,70,45
53,35,34,45
54,34,30,45
55,73,95,45
56,28,52,45
57,73,57,45
58,85,66,45
59,30,54,45
60,16,10,45
61,10,82,45
62,50,50,45
63,31,75,45
64,28,62,45
65,13,45,45
66,77,60,45
67,86,61,45
68,37,28,45
69,95,78,45
70,92,56,45
71,32,52,45
72,51,66,45
73,80,45,45
74,22,46,45
75,19,72,45
76,3,45,45
77,30,52,45
78,20,56,45
79,80,49,45
80,80,15,45
1,39,24,46
2,60,32,46
3,66,99,46
4,28,77,46
5,92,11,46
6,62,43,46
7,45,52,46
8,98,11,46
9,43,75,46
10,28,16,46
11,72,16,46
12,82,99,46
13,54,97,46
14,52,45,46
15,7,75,46
16,44,53,46
17,43,33,46
18,39,18,46
19,99,67,46
20,82,3,46
21,64,35,46
22,24,14,46
23,45,79,46
24,13,32,46
25,16,99,46
26,65,66,46
27,93,59,46
28,96,62,46
29,93,20,46
30,23,96,46
31,61,33,46
32,14,76,46
33,22,55,46
34,28,12,46
35,55,18,46
36,57,86,46
37,90,91,46
38,99,7,46
39,2,73,46
40,92,9,46
41,85,71,46
42,36,97,46
43,83,8,46
44,80,56,46
45,95,32,46
46,16,69,46
47,11,58,46
48,57,28,46
49,10,45,46
50,11,3,46
51,36,9,46
52,25,71,46
53,34,34,46
54,35,30,46
55,72,94,46
56,27,51,46
57,73,58,46
58,86,66,46
59,29,54,46
60,15,10,46
61,9,83,46
62,50,51,46
63,30,74,46
64,28,63,46
65,14,44,46
66,77,61,46
67,87,60,46
68,37,28,46
69,95,78,46
70,91,55,46
71,31,53,46
72,51,66,46
73,79,46,46
74,22,47,46
75,20,72,46
76,2,46,46
77,30,53,46
78,20,57,46
79,80,48,46
80,79,15,46
1,38,23,47
2,59,33,47
3,67,98,47
4,27,77,47
5,93,10,47
6,63,43,47
7,46,52,47
8,99,11,47
9,42,75,47
10,29,16,47
11,71,17,47
12,83,98,47
13,53,97,47
14,53,44,47
15,6,76,47
16,45,53,47
17,42,32,47
18,39,18,47
19,98,67,47
20,82,2,47
21,65,35,47
22,25,13,47
23,45,78,47
24,12,32,47
25,15,99,47
26,66,67,47
27,93,60,47
28,95,61,47
29,94,19,47
30,23,96,47
31,62,33,47
32,14,75,47
33,22,56,47
34,29,12,47
35,56,19,47
36,56,86,47
37,91,92,47
38,98,8,47
39,2,74,47
40,91,8,47
41,84,72,47
42,35,98,47
43,82,7,47
44,79,56,47
45,94,32,47
46,17,69,47
47,11,59,47
48,57,29,47
49,10,46,47
50,12,3,47
51,35,8,47
52,24,71,47
53,33,33,47
54,36,31,47
55,72,93,47
56,26,52,47
57,72,57,47
58,86,67,47
59,29,53,47
60,15,10,47
61,8,82,47
62,51,50,47
63,29,75,47
64,29,64,47
65,14,43,47
66,76,60,47
67,87,61,47
68,36,28,47
69,96,78,47
70,92,54,47
71,31,53,47
72,50,65,47
73,80,45,47
74,21,48,47
75,20,71,47
76,1,45,47
77,28,52,47
78,20,56,47
79,81,47,47
80,79,15,47
1,39,24,48
2,58,32,48
3,66,97,48
4,28,76,48
5,94,11,48
6,64,42,48
7,44,52,48
8,98,11,48
9,42,74,48
10,28,17,48
11,72,17,48
12,84,98,48
13,52,97,48
14,52,44,48
15,5,77,48
16,44,53,48
17,42,31,48
18,40,17,48
19,98,66,48
20,83,3,48
21,66,35,48
22,26,13,48
23,46,78,48
24,12,32,48
25,15,98,48
26,67,68,48
27,93,59,48
28,96,62,48
29,94,19,48
30,22,95,48
31,62,32,48
32,15,74,48
33,21,56,48
34,30,11,48
35,57,18,48
36,55,85,48
37,90,91,48
38,98,8,48
39,1,74,48
40,91,9,48
41,83,72,48
42,36,97,48
43,83,8,48
44,79,57,48
45,94,31,48
46,16,70,48
47,11,60,48
48,56,28,48
49,11,45,48
50,11,4,48
51,34,8,48
52,23,72,48
53,33,34,48
54,37,31,48
55,72,94,48
56,26,53,48
57,72,58,48
58,86,66,48
59,30,53,48
60,15,10,48
61,9,82,48
62,51,50,48
63,27,77,48
64,30,63,48
65,15,43,48
66,77,61,48
67,86,62,48
68,36,29,48
69,96,79,48
70,91,54,48
71,31,54,48
72,49,64,48
73,81,44,48
74,21,49,48
75,20,71,48
76,2,46,48
77,28,52,48
78,21,57,48
79,81,48,48
80,80,15,48
1,40,24,49
2,57,31,49
3,67,96,49
4,29,77,49
5,93,10,49
6,65,42,49
7,45,51,49
8,98,10,49
9,42,73,49
10,29,16,49
11,72,17,49
12,84,98,49
13,52,97,49
14,53,45,49
15,4,78,49
16,43,54,49
17,42,30,49
18,40,16,49
19,99,67,49
20,83,2,49
21,66,34,49
22,26,14,49
23,47,79,49
24,11,31,49
25,15,98,49
26,67,69,49
27,93,59,49
28,96,62,49
29,94,18,49
30,23,96,49
31,62,33,49
32,15,73,49
33,20,56,49
34,31,12,49
35,57,19,49
36,56,84,49
37,89,90,49
38,98,9,49
39,1,75,49
40,92,10,49
41,83,72,49
42,35,98,49
43,84,9,49
44,80,56,49
45,95,31,49
46,15,71,49
47,10,60,49
48,56,29,49
49,10,44,49
50,11,5,49
51,34,9,49
52,24,71,49
53,32,35,49
54,38,30,49
55,72,94,49
56,25,54,49
57,72,57,49
58,86,65,49
59,31,52,49
60,14,11,49
61,9,81,49
62,50,50,49
63,27,78,49
64,29,62,49
65,15,43,49
66,77,62,49
67,87,61,49
68,35,28,49
69,95,80,49
70,92,54,49
71,31,55,49
72,50,64,49
73,80,44,49
74,22,48,49
75,19,72,49
76,2,46,49
77,29,51,49
78,22,57,49
79,81,49,49
80,80,16,49
1,41,23,50
2,57,31,50
3,66,97,50
4,29,78,50
5,93,9,50
6,66,42,50
7,46,50,50
8,98,10,50
9,41,73,50
10,28,15,50
11,73,17,50
12,84,99,50
13,53,97,50
14,53,46,50
15,5,77,50
16,42,55,50
17,43,31,50
18,41,15,50
19,99,67,50
20,84,1,50
21,65,35,50
22,27,15,50
23,46,78,50
24,10,30,50
25,14,97,50
26,67,70,50
27,94,59,50
28,96,63,50
29,93,17,50
30,24,97,50
31,63,33,50
32,16,73,50
33,20,57,50
34,31,11,50
35,56,20,50
36,56,83,50
37,88,89,50
38,98,9,50
39,2,75,50
40,93,10,50
41,82,73,50
42,36,98,50
43,84,9,50
44,80,56,50
45,94,30,50
46,16,72,50
47,9,61,50
48,56,28,50
49,11,45,50
50,12,4,50
51,35,8,50
52,24,71,50
53,33,36,50
54,37,31,50
55,71,93,50
56,25,55,50
57,71,58,50
58,85,66,50
59,31,52,50
60,13,11,50
61,10,81,50
62,49,49,50
63,28,79,50
64,28,61,50
65,15,44,50
66,78,63,50
67,86,62,50
68,36,27,50
69,96,80,50
70,93,55,50
71,30,55,50
72,50,64,50
73,81,44,50
74,21,49,50
75,18,73,50
76,1,46,50
77,30,51,50
78,23,56,50
79,81,49,50
80,80,16,50
1,41,24,51
2,56,32,51
3,67,97,51
4,30,77,51
5,92,10,51
6,65,43,51
7,45,51,51
8,99,11,51
9,41,72,51
10,27,16,51
11,73,18,51
12,83,98,51
13,52,96,51
14,52,47,51
15,6,78,51
16,42,54,51
17,44,30,51
18,42,14,51
19,99,68,51
20,84,1,51
21,65,35,51
22,28,17,51
23,47,77,51
24,11,29,51
25,13,96,51
26,67,71,51
27,95,59,51
28,95,63,51
29,92,16,51
30,23,98,51
31,62,34,51
32,17,72,51
33,20,58,51
34,31,12,51
35,57,21,51
36,56,83,51
37,88,90,51
38,99,9,51
39,3,75,51
40,94,9,51
41,82,72,51
42,35,99,51
43,85,9,51
44,79,55,51
45,93,29,51
46,15,71,51
47,10,60,51
48,55,27,51
49,10,45,51
50,12,3,51
51,36,8,51
52,25,71,51
53,34,36,51
54,37,32,51
55,72,92,51
56,26,55,51
57,70,58,51
58,85,67,51
59,31,51,51
60,12,11,51
61,11,82,51
62,50,50,51
63,28,80,51
64,27,61,51
65,16,45,51
66,79,64,51
67,85,61,51
68,37,26,51
69,95,80,51
70,92,55,51
71,30,56,51
72,49,63,51
73,81,43,51
74,20,49,51
75,19,73,51
76,1,45,51
77,30,52,51
78,24,55,51
79,82,49,51
80,80,17,51
1,40,24,52
2,57,32,52
3,66,98,52
4,30,77,52
5,92,10,52
6,66,43,52
7,45,52,52
8,99,11,52
9,40,73,52
10,28,15,52
11,72,19,52
12,84,99,52
13,52,95,52
14,53,46,52
15,6,79,52
16,43,54,52
17,45,30,52
18,43,15,52
19,98,68,52
20,83,0,52
21,65,36,52
22,27,16,52
23,46,78,52
24,10,28,52
25,12,97,52
26,68,70,52
27,94,59,52
28,94,63,52
29,93,16,52
30,23,99,52
31,63,34,52
32,16,71,52
33,21,57,52
34,30,11,52
35,57,22,52
36,57,84,52
37,88,91,52
38,99,8,52
39,4,75,52
40,94,9,52
41,81,73,52
42,34,99,52
43,85,10,52
44,79,56,52
45,92,29,52
46,16,72,52
47,9,61,52
48,55,27,52
49,11,45,52
50,12,3,52
51,37,7,52
52,24,72,52
53,33,36,52
54,37,32,52
55,72,93,52
56,27,55,52
57,71,59,52
58,85,68,52
59,30,51,52
60,12,11,52
61,12,81,52
62,51,49,52
63,28,80,52
64,28,61,52
65,15,44,52
66,79,63,52
67,84,62,52
68,38,26,52
69,96,80,52
70,92,54,52
71,30,57,52
72,49,63,52
73,82,44,52
74,19,49,52
75,19,72,52
76,0,44,52
77,30,52,52
78,24,56,52
79,81,49,52
80,81,18,52
1,40,23,53
2,56,31,53
3,66,97,53
4,31,76,53
5,92,11,53
6,66,44,53
7,46,51,53
8,99,11,53
9,39,74,53
10,29,16,53
11,73,18,53
12,84,99,53
13,51,96,53
14,54,46,53
15,7,80,53
16,42,55,53
17,46,29,53
18,43,14,53
19,98,68,53
20,82,0,53
21,65,36,53
22,27,17,53
23,47,79,53
24,11,28,53
25,11,98,53
26,69,69,53
27,95,60,53
28,93,63,53
29,93,16,53
30,24,99,53
31,62,34,53
32,17,73,53
33,22,58,53
34,31,12,53
35,58,23,53
36,57,85,53
37,88,92,53
38,99,9,53
39,4,75,53
40,95,9,53
41,82,72,53
42,34,98,53
43,86,10,53
44,79,55,53
45,92,29,53
46,17,71,53
47,8,60,53
48,56,26,53
49,11,45,53
50,12,4,53
51,36,7,53
52,25,71,53
53,33,35,53
54,38,33,53
55,71,93,53
56,27,56,53
57,71,60,53
58,85,69,53
59,31,50,53
60,13,12,53
61,11,80,53
62,52,49,53
63,27,80,53
64,28,62,53
65,15,45,53
66,80,62,53
67,83,62,53
68,37,26,53
69,95,79,53
70,93,55,53
71,31,58,53
72,50,64,53
73,83,45,53
74,18,49,53
75,20,73,53
76,0,45,53
77,29,52,53
78,24,55,53
79,80,48,53
80,81,19,53
1,40,24,54
2,56,31,54
3,67,97,54
4,32,76,54
5,93,10,54
6,66,45,54
7,45,52,54
8,99,10,54
9,39,74,54
10,28,16,54
11,72,18,54
12,85,99,54
13,50,96,54
14,54,45,54
15,8,81,54
16,42,55,54
17,47,29,54
18,44,15,54
19,97,68,54
20,82,0,54
21,65,36,54
22,28,17,54
23,47,79,54
24,12,27,54
25,11,97,54
26,70,69,54
27,94,59,54
28,94,63,54
29,92,16,54
30,25,99,54
31,62,35,54
32,17,74,54
33,23,59,54
34,31,12,54
35,58,24,54
36,58,85,54
37,89,92,54
38,98,10,54
39,5,76,54
40,94,10,54
41,82,72,54
42,33,97,54
43,86,11,54
44,79,56,54
45,92,29,54
46,16,70,54
47,8,59,54
48,56,25,54
49,12,45,54
50,12,4,54
51,37,8,54
52,26,72,54
53,32,34,54
54,39,34,54
55,71,94,54
56,26,56,54
57,71,61,54
58,85,68,54
59,31,50,54
60,13,13,54
61,10,79,54
62,52,49,54
63,27,79,54
64,27,63,54
65,14,44,54
66,80,61,54
67,83,61,54
68,36,25,54
69,96,78,54
70,92,54,54
71,31,58,54
72,51,65,54
73,84,44,54
74,17,50,54
75,19,73,54
76,1,46,54
77,29,52,54
78,25,54,54
79,81,49,54
80,82,18,54
1,40,24,55
2,55,31,55
3,66,96,55
4,33,77,55
5,93,11,55
6,66,46,55
7,46,53,55
8,98,11,55
9,38,73,55
10,27,16,55
11,71,18,55
12,86,99,55
13,50,95,55
14,54,45,55
15,8,80,55
16,42,54,55
17,47,30,55
18,44,16,55
19,98,69,55
20,81,1,55
21,65,37,55
22,28,18,55
23,48,80,55
24,13,26,55
25,11,98,55
26,71,69,55
27,94,60,55
28,93,64,55
29,92,17,55
30,26,98,55
31,62,36,55
32,17,73,55
33,24,59,55
34,32,12,55
35,57,23,55
36,59,85,55
37,88,93,55
38,97,10,55
39,5,76,55
40,93,10,55
41,83,72,55
42,33,97,55
43,86,12,55
44,80,55,55
45,91,30,55
46,15,71,55
47,9,60,55
48,57,26,55
49,13,45,55
50,12,4,55
51,38,9,55
52,27,73,55
53,31,35,55
54,38,34,55
55,70,95,55
56,25,55,55
57,72,60,55
58,86,69,55
59,32,50,55
60,12,13,55
61,11,80,55
62,51,48,55
63,26,78,55
64,26,64,55
65,15,44,55
66,80,61,55
67,83,61,55
68,37,26,55
69,95,79,55
70,91,55,55
71,31,57,55
72,50,66,55
73,83,44,55
74,17,50,55
75,19,72,55
76,0,47,55
77,28,51,55
78,25,54,55
79,82,50,55
80,83,19,55
1,41,23,56
2,55,32,56
3,66,96,56
4,32,77,56
5,94,12,56
6,66,46,56
7,47,54,56
8,98,10,56
9,38,73,56
10,27,16,56
11,71,19,56
12,87,99,56
13,51,96,56
14,54,44,56
15,7,81,56
16,41,55,56
17,46,31,56
18,43,16,56
19,98,68,56
20,82,1,56
21,66,37,56
22,28,18,56
23,47,79,56
24,12,26,56
25,12,97,56
26,71,70,56
27,94,61,56
28,93,65,56
29,92,16,56
30,26,98,56
31,61,37,56
32,17,74,56
33,23,60,56
34,33,11,56
35,57,24,56
36,60,85,56
37,89,94,56
38,97,9,56
39,4,76,56
40,94,11,56
41,83,73,56
42,33,98,56
43,87,12,56
44,81,55,56
45,92,31,56
46,15,71,56
47,9,59,56
48,56,25,56
49,13,46,56
50,12,4,56
51,38,10,56
52,28,74,56
53,31,35,56
54,38,34,56
55,69,96,56
56,26,56,56
57,73,60,56
58,85,68,56
59,31,51,56
60,13,12,56
61,12,80,56
62,51,48,56
63,26,77,56
64,26,63,56
65,15,43,56
66,80,60,56
67,84,61,56
68,36,26,56
69,95,78,56
70,92,54,56
71,31,58,56
72,49,67,56
73,84,44,56
74,18,51,56
75,20,71,56
76,1,47,56
77,27,51,56
78,25,54,56
79,81,51,56
80,84,18,56
1,40,23,57
2,56,32,57
3,67,97,57
4,32,77,57
5,95,13,57
6,66,46,57
7,48,55,57
8,98,11,57
9,38,74,57
10,28,16,57
11,70,18,57
12,86,98,57
13,51,97,57
14,54,44,57
15,6,80,57
16,41,56,57
17,46,31,57
18,44,17,57
19,99,67,57
20,81,1,57
21,67,36,57
22,27,18,57
23,47,80,57
24,11,26,57
25,12,97,57
26,71,69,57
27,93,61,57
28,94,64,57
29,92,15,57
30,25,99,57
31,62,38,57
32,17,75,57
33,22,61,57
34,33,12,57
35,57,25,57
36,60,84,57
37,88,93,57
38,98,8,57
39,3,75,57
40,94,12,57
41,84,73,57
42,34,97,57
43,87,13,57
44,82,55,57
45,93,30,57
46,14,70,57
47,8,59,57
48,55,24,57
49,12,46,57
50,12,3,57
51,38,10,57
52,29,74,57
53,30,34,57
54,38,33,57
55,69,97,57
56,25,55,57
57,72,60,57
58,84,69,57
59,30,51,57
60,12,11,57
61,12,80,57
62,52,48,57
63,25,76,57
64,25,62,57
65,15,44,57
66,79,61,57
67,83,60,57
68,36,27,57
69,95,77,57
70,92,55,57
71,31,58,57
72,49,67,57
73,85,43,57
74,17,51,57
75,21,71,57
76,0,48,57
77,27,50,57
78,24,54,57
79,82,51,57
80,84,18,57
1,40,22,58
2,55,32,58
3,68,96,58
4,32,78,58
5,96,14,58
6,66,45,58
7,47,54,58
8,98,11,58
9,38,75,58
10,29,15,58
11,70,17,58
12,85,97,58
13,51,98,58
14,53,44,58
15,7,80,58
16,41,55,58
17,47,31,58
18,44,16,58
19,99,67,58
20,81,2,58
21,68,36,58
22,27,19,58
23,48,80,58
24,11,26,58
25,11,96,58
26,70,68,58
27,94,60,58
28,95,65,58
29,91,16,58
30,25,98,58
31,61,39,58
32,17,74,58
33,22,62,58
34,32,12,58
35,58,24,58
36,59,85,58
37,89,94,58
38,98,7,58
39,3,76,58
40,94,12,58
41,84,74,58
42,34,96,58
43,87,14,58
44,82,56,58
45,93,31,58
46,13,69,58
47,8,60,58
48,54,24,58
49,13,45,58
50,13,4,58
51,39,9,58
52,30,75,58
53,29,35,58
54,38,32,58
55,69,98,58
56,26,55,58
57,71,59,58
58,83,70,58
59,31,51,58
60,12,12,58
61,13,81,58
62,51,49,58
63,25,76,58
64,26,62,58
65,14,44,58
66,80,61,58
67,82,60,58
68,37,27,58
69,94,76,58
70,93,56,58
71,31,58,58
72,50,67,58
73,85,44,58
74,18,50,58
75,20,70,58
76,1,48,58
77,28,51,58
78,25,54,58
79,81,52,58
80,83,17,58
1,40,21,59
2,56,32,59
3,67,96,59
4,32,77,59
5,95,14,59
6,66,45,59
7,48,55,59
8,98,10,59
9,38,76,59
10,30,15,59
11,69,17,59
12,85,97,59
13,52,99,59
14,53,44,59
15,8,79,59
16,40,56,59
17,46,32,59
18,45,15,59
19,98,67,59
20,82,1,59
21,68,35,59
22,28,18,59
23,49,80,59
24,11,25,59
25,10,96,59
26,69,67,59
27,94,60,59
28,94,65,59
29,90,17,59
30,25,97,59
31,62,40,59
32,18,74,59
33,21,63,59
34,33,12,59
35,58,25,59
36,58,84,59
37,88,94,59
38,99,7,59
39,2,76,59
40,94,13,59
41,83,75,59
42,34,96,59
43,88,14,59
44,83,55,59
45,93,31,59
46,14,68,59
47,7,59,59
48,54,25,59
49,13,46,59
50,13,5,59
51,40,9,59
52,31,75,59
53,28,34,59
54,38,31,59
55,68,97,59
56,26,54,59
57,70,59,59
58,84,71,59
59,30,50,59
60,13,11,59
61,13,82,59
62,50,49,59
63,24,76,59
64,25,61,59
65,14,44,59
66,81,60,59
67,83,61,59
68,37,28,59
69,94,75,59
70,94,57,59
71,30,57,59
72,50,66,59
73,84,44,59
74,19,51,59
75,20,69,59
76,1,49,59
77,28,51,59
78,26,53,59
79,80,51,59
80,84,18,59
1,41,21,60
2,57,32,60
3,69,96,60
4,33,77,60
5,93,14,60
6,67,44,60
7,47,54,60
8,97,11,60
9,38,77,60
10,30,15,60
11,70,16,60
12,86,97,60
13,51,98,60
14,52,45,60
15,8,79,60
16,41,55,60
17,47,33,60
18,45,16,60
19,99,66,60
20,82,0,60
21,69,34,60
22,29,18,60
23,48,79,60
24,10,25,60
25,11,96,60
26,70,68,60
27,94,59,60
28,94,65,60
29,91,18,60
30,25,98,60
31,62,40,60
32,19,74,60
33,20,63,60
34,33,11,60
35,58,24,60
36,58,84,60
37,87,95,60
38,99,7,60
39,1,76,60
40,95,14,60
41,84,74,60
42,34,97,60
43,89,15,60
44,84,55,60
45,92,32,60
46,13,69,60
47,6,58,60
48,53,26,60
49,12,47,60
50,12,6,60
51,39,10,60
52,30,76,60
53,28,34,60
54,38,30,60
55,69,98,60
56,26,55,60
57,70,60,60
58,83,71,60
59,29,49,60
60,12,10,60
61,14,81,60
62,50,49,60
63,24,76,60
64,24,61,60
65,13,43,60
66,82,61,60
67,83,60,60
68,37,28,60
69,93,76,60
70,93,57,60
71,30,56,60
72,51,66,60
73,84,43,60
74,20,51,60
75,20,70,60
76,1,49,60
77,27,50,60
78,25,54,60
79,81,51,60
80,84,17,60
1,41,20,61
2,58,31,61
3,69,97,61
4,32,78,61
5,93,13,61
6,67,44,61
7,47,55,61
8,97,12,61
9,39,76,61
10,29,14,61
11,70,15,61
12,86,97,61
13,52,98,61
14,52,44,61
15,8,79,61
16,42,56,61
17,48,33,61
18,45,16,61
19,99,65,61
20,83,1,61
21,70,33,61
22,30,18,61
23,48,79,61
24,11,25,61
25,11,95,61
26,71,68,61
27,93,60,61
28,93,66,61
29,90,19,61
30,26,97,61
31,62,39,61
32,19,73,61
33,21,64,61
34,32,11,61
35,59,24,61
36,57,83,61
37,87,96,61
38,98,7,61
39,1,76,61
40,96,14,61
41,83,73,61
42,33,98,61
43,89,16,61
44,84,56,61
45,91,32,61
46,14,70,61
47,6,59,61
48,53,27,61
49,11,47,61
50,12,5,61
51,39,9,61
52,31,76,61
53,27,34,61
54,38,30,61
55,68,98,61
56,26,56,61
57,69,59,61
58,84,70,61
59,28,49,61
60,11,9,61
61,14,81,61
62,49,50,61
63,24,77,61
64,25,61,61
65,12,42,61
66,84,61,61
67,83,61,61
68,37,27,61
69,93,76,61
70,92,57,61
71,30,55,61
72,52,66,61
73,84,42,61
74,20,50,61
75,20,70,61
76,2,48,61
77,26,50,61
78,24,53,61
79,80,52,61
80,85,16,61
1,42,21,62
2,58,30,62
3,69,96,62
4,32,79,62
5,92,13,62
6,68,44,62
7,48,55,62
8,96,12,62
9,38,75,62
10,29,15,62
11,69,16,62
12,87,97,62
13,51,98,62
14,53,44,62
15,9,78,62
16,43,57,62
17,47,34,62
18,46,15,62
19,98,65,62
20,83,0,62
21,71,33,62
22,29,18,62
23,47,79,62
24,10,25,62
25,12,95,62
26,71,68,62
27,93,60,62
28,92,65,62
29,91,20,62
30,27,98,62
31,63,39,62
32,19,72,62
33,20,63,62
34,31,10,62
35,59,24,62
36,56,82,62
37,86,97,62
38,98,7,62
39,1,76,62
40,96,14,62
41,84,73,62
42,32,98,62
43,90,15,62
44,85,55,62
45,92,33,62
46,13,71,62
47,7,58,62
48,53,27,62
49,10,46,62
50,11,6,62
51,39,8,62
52,31,77,62
53,28,35,62
54,37,31,62
55,67,99,62
56,27,55,62
57,70,58,62
58,83,69,62
59,28,48,62
60,11,8,62
61,13,81,62
62,49,50,62
63,24,78,62
64,24,61,62
65,11,43,62
66,85,62,62
67,84,61,62
68,37,28,62
69,92,75,62
70,93,58,62
71,29,56,62
72,51,66,62
73,85,42,62
74,19,51,62
75,21,69,62
76,3,48,62
77,25,49,62
78,24,53,62
79,81,51,62
80,84,17,62
1,41,21,63
2,59,30,63
3,70,96,63
4,31,78,63
5,93,13,63
6,69,45,63
7,47,54,63
8,96,13,63
9,39,75,63
10,29,15,63
11,68,16,63
12,88,98,63
13,51,99,63
14,54,43,63
15,8,79,63
16,43,56,63
17,46,35,63
18,45,14,63
19,97,66,63
20,83,1,63
21,70,33,63
22,29,19,63
23,47,78,63
24,11,26,63
25,13,96,63
26,70,68,63
27,93,59,63
28,91,66,63
29,91,19,63
30,26,98,63
31,63,38,63
32,20,72,63
33,20,64,63
34,32,9,63
35,59,23,63
36,55,83,63
37,86,97,63
38,97,7,63
39,1,77,63
40,96,15,63
41,83,73,63
42,32,98,63
43,89,16,63
44,84,55,63
45,92,33,63
46,12,72,63
47,7,59,63
48,53,26,63
49,9,47,63
50,12,6,63
51,40,7,63
52,30,77,63
53,27,34,63
54,37,31,63
55,68,99,63
56,26,56,63
57,71,59,63
58,82,70,63
59,29,48,63
60,11,7,63
61,12,81,63
62,48,49,63
63,23,78,63
64,23,62,63
65,12,42,63
66,84,62,63
67,84,61,63
68,36,28,63
69,93,75,63
70,92,59,63
71,30,56,63
72,51,66,63
73,85,41,63
74,19,52,63
75,20,68,63
76,3,47,63
77,24,48,63
78,23,54,63
79,80,52,63
80,83,18,63
1,41,20,64
2,60,30,64
3,70,96,64
4,30,78,64
5,93,13,64
6,69,44,64
7,48,54,64
8,96,14,64
9,39,75,64
10,29,16,64
11,69,16,64
12,87,99,64
13,52,98,64
14,55,43,64
15,9,80,64
16,42,56,64
17,46,34,64
18,46,14,64
19,96,66,64
20,82,0,64
21,69,34,64
22,30,20,64
23,48,78,64
24,10,27,64
25,13,95,64
26,69,69,64
27,92,60,64
28,91,66,64
29,92,19,64
30,26,97,64
31,64,38,64
32,21,71,64
33,20,64,64
34,33,10,64
35,60,24,64
36,55,83,64
37,86,98,64
38,97,8,64
39,0,76,64
40,95,16,64
41,83,73,64
42,31,98,64
43,90,15,64
44,85,56,64
45,91,32,64
46,12,71,64
47,7,59,64
48,54,26,64
49,8,47,64
50,12,5,64
51,39,7,64
52,31,76,64
53,28,34,64
54,38,30,64
55,68,99,64
56,27,57,64
57,71,60,64
58,81,71,64
59,29,48,64
60,12,7,64
61,12,82,64
62,47,50,64
63,23,78,64
64,24,61,64
65,12,42,64
66,83,63,64
67,85,61,64
68,36,27,64
69,93,75,64
70,91,60,64
71,30,55,64
72,50,67,64
73,86,42,64
74,19,52,64
75,21,69,64
76,3,46,64
77,23,49,64
78,23,54,64
79,79,51,64
80,84,17,64
1,41,20,65
2,61,29,65
3,69,95,65
4,30,78,65
5,93,12,65
6,70,43,65
7,49,54,65
8,95,13,65
9,39,75,65
10,28,17,65
11,68,17,65
12,88,98,65
13,51,98,65
14,55,42,65
15,9,80,65
16,41,57,65
17,47,33,65
18,45,15,65
19,96,66,65
20,83,1,65
21,68,34,65
22,31,20,65
23,48,78,65
24,10,27,65
25,12,95,65
26,69,69,65
27,91,61,65
28,90,67,65
29,91,18,65
30,25,97,65
31,63,39,65
32,20,72,65
33,19,63,65
34,34,9,65
35,60,24,65
36,54,82,65
37,85,98,65
38,98,8,65
39,1,76,65
40,96,16,65
41,83,72,65
42,32,98,65
43,89,14,65
44,86,55,65
45,90,33,65
46,12,72,65
47,6,59,65
48,54,25,65
49,8,46,65
50,11,5,65
51,40,8,65
52,31,76,65
53,29,35,65
54,37,31,65
55,67,99,65
56,26,57,65
57,71,60,65
58,81,72,65
59,28,49,65
60,12,8,65
61,12,81,65
62,46,51,65
63,22,77,65
64,23,60,65
65,13,42,65
66,84,62,65
67,85,61,65
68,37,28,65
69,92,74,65
70,92,61,65
71,31,54,65
72,51,68,65
73,85,43,65
74,18,53,65
75,20,68,65
76,4,46,65
77,24,50,65
78,24,53,65
79,79,50,65
80,85,18,65
1,42,19,66
2,61,28,66
3,69,95,66
4,30,78,66
5,92,12,66
6,70,42,66
7,49,55,66
8,96,14,66
9,40,74,66
10,29,17,66
11,67,17,66
12,89,97,66
13,52,97,66
14,56,42,66
15,9,80,66
16,42,58,66
17,47,32,66
18,44,16,66
19,97,65,66
20,82,0,66
21,69,35,66
22,30,20,66
23,47,78,66
24,10,28,66
25,12,94,66
26,69,70,66
27,90,61,66
28,89,66,66
29,91,19,66
30,24,98,66
31,62,39,66
32,19,71,66
33,20,64,66
34,33,9,66
35,60,23,66
36,54,83,66
37,86,97,66
38,99,7,66
39,1,76,66
40,95,15,66
41,84,72,66
42,33,99,66
43,89,15,66
44,85,55,66
45,91,34,66
46,11,72,66
47,7,60,66
48,53,24,66
49,8,47,66
50,11,4,66
51,40,7,66
52,31,75,66
53,30,34,66
54,38,30,66
55,68,99,66
56,25,58,66
57,71,59,66
58,82,72,66
59,29,48,66
60,12,9,66
61,12,80,66
62,47,50,66
63,21,78,66
64,23,59,66
65,14,42,66
66,84,63,66
67,85,61,66
68,37,28,66
69,92,73,66
70,92,61,66
71,31,55,66
72,52,67,66
73,84,42,66
74,19,52,66
75,19,67,66
76,3,47,66
77,23,50,66
78,24,52,66
79,78,51,66
80,86,18,66
1,42,18,67
2,62,27,67
3,68,95,67
4,31,77,67
5,93,12,67
6,69,41,67
7,49,55,67
8,97,14,67
9,40,73,67
10,30,18,67
11,68,16,67
12,90,96,67
13,53,98,67
14,57,41,67
15,8,79,67
16,43,59,67
17,46,32,67
18,45,17,67
19,97,64,67
20,81,0,67
21,70,35,67
22,31,20,67
23,47,78,67
24,11,27,67
25,12,95,67
26,70,70,67
27,91,62,67
28,89,66,67
29,91,18,67
30,23,99,67
31,63,39,67
32,20,70,67
33,19,64,67
34,34,8,67
35,59,24,67
36,54,82,67
37,85,98,67
38,98,8,67
39,1,77,67
40,96,16,67
41,83,73,67
42,33,98,67
43,89,15,67
44,84,54,67
45,90,33,67
46,12,71,67
47,7,59,67
48,52,24,67
49,7,47,67
50,12,3,67
51,40,7,67
52,32,74,67
53,29,35,67
54,39,31,67
55,67,98,67
56,25,59,67
57,70,60,67
58,84,74,67
59,30,47,67
60,13,9,67
61,13,81,67
62,46,50,67
63,21,79,67
64,22,58,67
65,13,41,67
66,85,63,67
67,86,61,67
68,37,29,67
69,91,74,67
70,91,60,67
71,32,56,67
72,52,68,67
73,85,43,67
74,19,52,67
75,18,68,67
76,4,48,67
77,23,51,67
78,24,51,67
79,77,50,67
80,87,18,67
1,42,19,68
2,62,26,68
3,67,96,68
4,30,78,68
5,93,11,68
6,68,40,68
7,49,54,68
8,98,14,68
9,41,73,68
10,31,17,68
11,69,17,68
12,89,97,68
13,52,98,68
14,58,40,68
15,7,78,68
16,42,60,68
17,47,33,68
18,44,16,68
19,97,63,68
20,82,1,68
21,69,36,68
22,32,20,68
23,47,77,68
24,10,28,68
25,12,96,68
26,71,70,68
27,91,61,68
28,89,67,68
29,92,17,68
30,23,99,68
31,62,39,68
32,19,70,68
33,19,65,68
34,33,9,68
35,58,24,68
36,53,83,68
37,84,98,68
38,98,8,68
39,0,77,68
40,95,17,68
41,83,73,68
42,32,99,68
43,88,14,68
44,85,54,68
45,89,32,68
46,13,71,68
47,8,58,68
48,52,25,68
49,8,48,68
50,12,2,68
51,40,6,68
52,31,73,68
53,29,34,68
54,38,31,68
55,66,98,68
56,25,59,68
57,70,60,68
58,84,72,68
59,29,48,68
60,13,10,68
61,13,82,68
62,45,49,68
63,22,78,68
64,23,57,68
65,12,41,68
66,86,64,68
67,87,61,68
68,36,29,68
69,91,75,68
70,91,59,68
71,33,55,68
72,52,69,68
73,86,44,68
74,18,52,68
75,17,67,68
76,4,47,68
77,24,50,68
78,25,49,68
79,78,50,68
80,86,17,68
1,42,18,69
2,62,27,69
3,67,97,69
4,29,78,69
5,93,10,69
6,69,40,69
7,49,54,69
8,99,15,69
9,41,73,69
10,30,16,69
11,68,18,69
12,88,97,69
13,51,98,69
14,58,39,69
15,6,77,69
16,41,61,69
17,48,32,69
18,43,16,69
19,96,63,69
20,82,2,69
21,68,37,69
22,32,19,69
23,47,78,69
24,10,27,69
25,13,95,69
26,70,71,69
27,90,62,69
28,89,66,69
29,92,18,69
30,22,98,69
31,63,40,69
32,18,70,69
33,18,64,69
34,34,8,69
35,58,23,69
36,53,83,69
37,84,99,69
38,98,9,69
39,0,77,69
40,94,17,69
41,82,73,69
42,31,98,69
43,87,13,69
44,84,53,69
45,90,32,69
46,13,70,69
47,7,57,69
48,52,24,69
49,9,47,69
50,13,3,69
51,39,6,69
52,30,72,69
53,29,34,69
54,39,32,69
55,65,98,69
56,26,58,69
57,71,59,69
58,83,72,69
59,30,47,69
60,13,9,69
61,14,82,69
62,46,48,69
63,22,78,69
64,23,56,69
65,13,40,69
66,85,65,69
67,86,61,69
68,36,29,69
69,92,75,69
70,90,60,69
71,32,54,69
72,51,69,69
73,87,45,69
74,17,53,69
75,17,68,69
76,5,47,69
77,23,51,69
78,24,49,69
79,77,50,69
80,85,18,69
1,43,17,70
2,63,26,70
3,67,96,70
4,28,78,70
5,94,10,70
6,68,39,70
7,50,53,70
8,98,15,70
9,41,74,70
10,30,15,70
11,67,17,70
12,87,96,70
13,50,97,70
14,58,39,70
15,5,76,70
16,40,61,70
17,48,31,70
18,44,17,70
19,97,62,70
20,82,2,70
21,68,38,70
22,32,19,70
23,48,77,70
24,10,26,70
25,12,95,70
26,71,71,70
27,90,61,70
28,90,66,70
29,92,17,70
30,22,99,70
31,63,39,70
32,19,69,70
33,18,64,70
34,35,7,70
35,59,22,70
36,52,83,70
37,85,98,70
38,98,9,70
39,1,78,70
40,94,17,70
41,81,74,70
42,31,98,70
43,88,12,70
44,85,53,70
45,91,33,70
46,12,71,70
47,7,57,70
48,52,23,70
49,8,47,70
50,13,4,70
51,38,6,70
52,29,72,70
53,30,35,70
54,39,31,70
55,64,97,70
56,27,59,70
57,71,59,70
58,82,72,70
59,31,48,70
60,12,10,70
61,15,83,70
62,46,49,70
63,23,79,70
64,23,56,70
65,12,41,70
66,86,65,70
67,86,61,70
68,35,29,70
69,91,75,70
70,90,60,70
71,33,54,70
72,50,70,70
73,87,45,70
74,17,52,70
75,17,67,70
76,6,48,70
77,22,51,70
78,25,50,70
79,77,50,70
80,84,17,70
1,42,18,71
2,63,27,71
3,67,96,71
4,28,77,71
5,95,11,71
6,68,40,71
7,50,52,71
8,99,15,71
9,41,75,71
10,30,16,71
11,66,17,71
12,88,97,71
13,50,98,71
14,57,39,71
15,4,76,71
16,40,60,71
17,48,31,71
18,43,17,71
19,96,62,71
20,83,2,71
21,67,39,71
22,32,18,71
23,47,77,71
24,11,26,71
25,13,94,71
26,71,70,71
27,91,62,71
28,89,65,71
29,92,17,71
30,21,98,71
31,64,40,71
32,20,70,71
33,19,65,71
34,34,8,71
35,59,22,71
36,52,83,71
37,84,99,71
38,99,10,71
39,0,78,71
40,94,17,71
41,81,74,71
42,31,98,71
43,89,11,71
44,85,54,71
45,92,32,71
46,12,72,71
47,7,58,71
48,52,24,71
49,9,47,71
50,14,3,71
51,37,7,71
52,29,72,71
53,31,36,71
54,39,32,71
55,64,98,71
56,26,59,71
57,72,59,71
58,82,71,71
59,32,47,71
60,13,9,71
61,14,84,71
62,45,50,71
63,24,79,71
64,23,57,71
65,11,41,71
66,87,65,71
67,87,61,71
68,35,28,71
69,90,75,71
70,89,61,71
71,34,53,71
72,50,70,71
73,88,45,71
74,16,51,71
75,16,68,71
76,6,47,71
77,22,50,71
78,25,50,71
79,77,50,71
80,83,16,71
1,42,18,72
2,64,27,72
3,66,97,72
4,28,76,72
5,96,11,72
6,67,41,72
7,51,52,72
8,98,16,72
9,41,74,72
10,31,17,72
11,67,16,72
12,89,97,72
13,51,98,72
14,57,38,72
15,4,75,72
16,41,59,72
17,47,32,72
18,42,19,72
19,95,62,72
20,82,1,72
21,68,39,72
22,31,19,72
23,48,78,72
24,12,26,72
25,13,95,72
26,70,69,72
27,90,62,72
28,88,65,72
29,91,17,72
30,22,98,72
31,65,39,72
32,21,69,72
33,18,65,72
34,34,8,72
35,59,22,72
36,53,83,72
37,85,98,72
38,99,10,72
39,0,77,72
40,94,16,72
41,80,74,72
42,32,98,72
43,90,10,72
44,85,54,72
45,92,32,72
46,12,72,72
47,8,58,72
48,52,25,72
49,8,47,72
50,14,4,72
51,38,7,72
52,29,71,72
53,32,35,72
54,39,32,72
55,63,97,72
56,26,60,72
57,72,59,72
58,83,71,72
59,31,46,72
60,12,9,72
61,13,85,72
62,44,51,72
63,23,80,72
64,23,56,72
65,10,41,72
66,88,64,72
67,86,61,72
68,34,28,72
69,90,75,72
70,88,60,72
71,33,52,72
72,50,71,72
73,88,44,72
74,15,50,72
75,16,67,72
76,6,48,72
77,21,49,72
78,24,51,72
79,78,50,72
80,83,17,72
1,43,19,73
2,65,26,73
3,65,97,73
4,28,77,73
5,96,10,73
6,68,40,73
7,52,53,73
8,98,16,73
9,41,74,73
10,30,17,73
11,66,16,73
12,88,98,73
13,50,99,73
14,57,37,73
15,5,76,73
16,40,60,73
17,47,33,73
18,43,20,73
19,96,61,73
20,81,2,73
21,69,39,73
22,32,20,73
23,47,77,73
24,13,25,73
25,13,94,73
26,70,68,73
27,89,61,73
28,87,65,73
29,90,16,73
30,21,98,73
31,66,40,73
32,21,68,73
33,19,65,73
34,33,7,73
35,60,21,73
36,52,83,73
37,86,97,73
38,99,9,73
39,1,77,73
40,93,16,73
41,79,75,73
42,32,99,73
43,89,9,73
44,86,53,73
45,93,33,73
46,12,73,73
47,7,58,73
48,53,24,73
49,8,48,73
50,14,4,73
51,38,7,73
52,28,70,73
53,33,34,73
54,39,32,73
55,63,96,73
56,25,60,73
57,73,58,73
58,84,71,73
59,32,47,73
60,13,10,73
61,14,84,73
62,43,52,73
63,22,79,73
64,23,57,73
65,9,42,73
66,89,64,73
67,85,62,73
68,33,28,73
69,89,76,73
70,89,60,73
71,32,52,73
72,50,70,73
73,87,45,73
74,14,49,73
75,17,67,73
76,6,48,73
77,20,49,73
78,23,50,73
79,77,51,73
80,84,17,73
1,44,18,74
2,65,27,74
3,66,96,74
4,28,78,74
5,97,11,74
6,70,39,74
7,51,52,74
8,97,15,74
9,42,74,74
10,30,16,74
11,67,16,74
12,89,97,74
13,51,99,74
14,57,38,74
15,5,75,74
16,41,59,74
17,47,34,74
18,44,19,74
19,96,62,74
20,81,3,74
21,68,40,74
22,33,20,74
23,48,77,74
24,14,25,74
25,12,94,74
26,69,68,74
27,89,62,74
28,87,65,74
29,91,15,74
30,22,97,74
31,67,41,74
32,21,67,74
33,19,65,74
34,33,8,74
35,61,22,74
36,51,82,74
37,85,98,74
38,99,9,74
39,1,77,74
40,94,15,74
41,78,74,74
42,31,98,74
43,88,8,74
44,85,53,74
45,93,32,74
46,11,72,74
47,7,59,74
48,54,25,74
49,7,47,74
50,14,4,74
51,38,7,74
52,29,71,74
53,33,34,74
54,39,31,74
55,64,97,74
56,24,59,74
57,72,57,74
58,85,71,74
59,32,46,74
60,13,9,74
61,15,85,74
62,42,51,74
63,22,80,74
64,22,57,74
65,10,43,74
66,89,63,74
67,85,62,74
68,33,28,74
69,88,76,74
70,90,61,74
71,32,51,74
72,50,69,74
73,86,45,74
74,15,48,74
75,16,68,74
76,7,46,74
77,20,49,74
78,23,51,74
79,77,51,74
80,84,17,74
1,44,18,75
2,65,28,75
3,67,95,75
4,28,77,75
5,97,10,75
6,71,39,75
7,50,52,75
8,96,15,75
9,43,73,75
10,31,16,75
11,67,17,75
12,88,96,75
13,51,99,75
14,56,37,75
15,5,76,75
16,40,60,75
17,47,34,75
18,43,19,75
19,96,63,75
20,80,4,75
21,69,39,75
22,34,19,75
23,49,76,75
24,14,25,75
25,12,94,75
26,70,69,75
27,90,60,75
28,86,66,75
29,92,14,75
30,21,97,75
31,68,41,75
32,21,68,75
33,18,66,75
34,32,8,75
35,62,23,75
36,52,81,75
37,85,99,75
38,99,9,75
39,2,76,75
40,94,14,75
41,79,74,75
42,32,99,75
43,89,9,75
44,86,52,75
45,93,33,75
46,12,72,75
47,7,60,75
48,54,24,75
49,6,46,75
50,15,4,75
51,37,7,75
52,28,72,75
53,34,34,75
54,38,30,75
55,64,98,75
56,23,58,75
57,72,58,75
58,84,72,75
59,31,47,75
60,14,8,75
61,15,86,75
62,42,52,75
63,23,80,75
64,21,57,75
65,11,42,75
66,89,64,75
67,84,62,75
68,33,29,75
69,88,75,75
70,89,61,75
71,33,50,75
72,51,68,75
73,85,44,75
74,14,48,75
75,16,69,75
76,7,47,75
77,19,49,75
78,23,50,75
79,77,51,75
80,85,18,75
1,44,17,76
2,66,27,76
3,66,94,76
4,29,77,76
5,98,9,76
6,70,39,76
7,50,52,76
8,95,15,76
9,44,73,76
10,32,15,76
11,68,18,76
12,88,96,76
13,50,99,76
14,56,38,76
15,5,77,76
16,39,60,76
17,48,33,76
18,42,18,76
19,95,63,76
20,81,5,76
21,68,39,76
22,35,19,76
23,48,77,76
24,15,24,76
25,11,94,76
26,70,69,76
27,91,61,76
28,87,67,76
29,93,15,76
30,21,97,76
31,68,41,76
32,20,67,76
33,17,67,76
34,32,7,76
35,63,22,76
36,52,80,76
37,84,99,76
38,98,8,76
39,1,76,76
40,93,14,76
41,78,75,76
42,33,98,76
43,88,10,76
44,87,51,76
45,92,33,76
46,12,72,76
47,8,61,76
48,55,25,76
49,5,47,76
50,16,4,76
51,37,6,76
52,27,72,76
53,35,35,76
54,39,31,76
55,63,99,76
56,23,58,76
57,72,58,76
58,84,72,76
59,30,46,76
60,13,8,76
61,16,85,76
62,42,52,76
63,23,79,76
64,21,58,76
65,10,43,76
66,90,64,76
67,84,63,76
68,34,29,76
69,88,76,76
70,89,62,76
71,33,51,76
72,50,67,76
73,85,44,76
74,15,49,76
75,16,69,76
76,7,48,76
77,20,49,76
78,24,49,76
79,76,51,76
80,84,18,76
1,44,17,77
2,65,26,77
3,66,95,77
4,28,76,77
5,98,9,77
6,69,40,77
7,50,53,77
8,94,16,77
9,43,73,77
10,32,16,77
11,68,19,77
12,87,95,77
13,51,99,77
14,57,39,77
15,4,76,77
16,39,59,77
17,47,32,77
18,42,19,77
19,94,63,77
20,82,5,77
21,69,38,77
22,34,19,77
23,49,77,77
24,14,24,77
25,12,93,77
26,69,69,77
27,92,61,77
28,87,66,77
29,94,15,77
30,21,96,77
31,67,41,77
32,21,68,77
33,16,67,77
34,32,7,77
35,64,21,77
36,51,80,77
37,85,98,77
38,98,8,77
39,2,75,77
40,93,15,77
41,78,74,77
42,34,98,77
43,87,10,77
44,87,52,77
45,93,34,77
46,13,72,77
47,7,62,77
48,55,25,77
49,4,48,77
50,17,4,77
51,37,6,77
52,26,73,77
53,36,36,77
54,39,32,77
55,62,99,77
56,23,58,77
57,72,59,77
58,83,71,77
59,30,45,77
60,13,8,77
61,17,84,77
62,43,52,77
63,22,80,77
64,21,57,77
65,10,44,77
66,90,64,77
67,84,64,77
68,34,28,77
69,87,75,77
70,90,61,77
71,34,50,77
72,51,66,77
73,85,43,77
74,15,48,77
75,16,68,77
76,6,47,77
77,21,50,77
78,24,50,77
79,75,50,77
80,85,19,77
1,45,18,78
2,65,25,78
3,65,94,78
4,28,77,78
5,98,10,78
6,70,40,78
7,51,52,78
8,95,17,78
9,43,73,78
10,31,15,78
11,68,19,78
12,88,95,78
13,51,99,78
14,56,40,78
15,3,76,78
16,40,59,78
17,48,33,78
18,41,19,78
19,94,62,78
20,81,6,78
21,69,38,78
22,33,19,78
23,48,76,78
24,13,23,78
25,11,94,78
26,70,69,78
27,91,61,78
28,87,65,78
29,95,14,78
30,22,95,78
31,66,42,78
32,20,69,78
33,15,68,78
34,32,8,78
35,63,21,78
36,51,81,78
37,86,98,78
38,99,9,78
39,1,76,78
40,92,15,78
41,77,73,78
42,35,98,78
43,88,11,78
44,86,51,78
45,93,33,78
46,12,73,78
47,6,63,78
48,54,24,78
49,4,49,78
50,17,3,78
51,37,7,78
52,25,72,78
53,35,36,78
54,40,33,78
55,62,99,78
56,24,58,78
57,73,58,78
58,82,70,78
59,31,44,78
60,14,8,78
61,18,85,78
62,42,53,78
63,23,81,78
64,21,58,78
65,11,44,78
66,89,63,78
67,84,63,78
68,34,29,78
69,86,76,78
70,90,62,78
71,35,50,78
72,50,66,78
73,86,44,78
74,15,49,78
75,16,67,78
76,6,46,78
77,20,50,78
78,23,51,78
79,75,49,78
80,85,18,78
1,44,17,79
2,66,25,79
3,64,93,79
4,29,77,79
5,98,10,79
6,69,41,79
7,52,53,79
8,94,18,79
9,43,73,79
10,30,14,79
11,67,18,79
12,89,94,79
13,52,99,79
14,56,40,79
15,2,77,79
16,41,60,79
17,49,33,79
18,41,18,79
19,93,63,79
20,81,6,79
21,70,39,79
22,33,18,79
23,47,77,79
24,13,23,79
25,11,93,79
26,70,68,79
27,90,61,79
28,87,64,79
29,95,13,79
30,23,96,79
31,65,41,79
32,20,69,79
33,14,68,79
34,31,9,79
35,63,20,79
36,52,81,79
37,85,98,79
38,98,9,79
39,1,77,79
40,91,15,79
41,76,73,79
42,36,97,79
43,88,12,79
44,86,51,79
45,93,32,79
46,13,72,79
47,6,63,79
48,54,25,79
49,3,48,79
50,16,4,79
51,38,7,79
52,24,72,79
53,34,36,79
54,41,34,79
55,63,98,79
56,24,57,79
57,72,57,79
58,83,71,79
59,30,45,79
60,13,8,79
61,17,85,79
62,41,52,79
63,24,80,79
64,22,57,79
65,12,44,79
66,88,63,79
67,85,64,79
68,33,29,79
69,85,75,79
70,89,62,79
71,35,50,79
72,49,65,79
73,87,43,79
74,14,48,79
75,16,66,79
76,7,47,79
77,19,50,79
78,22,52,79
79,74,50,79
80,84,18,79
1,43,17,80
2,66,25,80
3,64,94,80
4,28,78,80
5,99,8,80
6,68,40,80
7,51,53,80
8,93,19,80
9,44,72,80
10,30,14,80
11,68,19,80
12,89,93,80
13,52,98,80
14,55,39,80
15,2,76,80
16,40,60,80
17,50,34,80
18,41,17,80
19,93,64,80
20,81,6,80
21,71,38,80
22,34,17,80
23,46,76,80
24,14,24,80
25,12,92,80
26,69,68,80
27,91,62,80
28,87,63,80
29,96,13,80
30,24,95,80
31,66,42,80
32,20,68,80
33,14,69,80
34,32,9,80
35,62,20,80
36,53,82,80
37,84,99,80
38,97,9,80
39,2,78,80
40,91,14,80
41,75,73,80
42,36,97,80
43,88,13,80
44,85,52,80
45,92,32,80
46,14,72,80
47,6,64,80
48,55,25,80
49,4,48,80
50,16,4,80
51,37,6,80
52,25,71,80
53,34,37,80
54,42,34,80
55,64,98,80
56,23,58,80
57,73,58,80
58,84,70,80
59,31,44,80
60,14,9,80
61,16,84,80
62,40,52,80
63,23,80,80
64,23,57,80
65,13,44,80
66,88,63,80
67,86,65,80
68,32,30,80
69,84,76,80
70,90,63,80
71,34,51,80
72,48,65,80
73,86,44,80
74,15,47,80
75,17,67,80
76,7,48,80
77,18,50,80
78,23,52,80
79,75,49,80
80,83,17,80
1,42,18,81
2,65,25,81
3,64,95,81
4,29,78,81
5,98,8,81
6,69,41,81
7,51,52,81
8,94,18,81
9,43,71,81
10,31,13,81
11,68,18,81
12,89,92,81
13,53,99,81
14,56,40,81
15,1,76,81
16,41,60,81
17,49,35,81
18,41,18,81
19,92,65,81
20,81,6,81
21,71,37,81
22,35,17,81
23,46,75,81
24,15,24,81
25,13,91,81
26,69,67,81
27,90,62,81
28,86,64,81
29,96,14,81
30,23,95,81
31,67,43,81
32,19,67,81
33,14,69,81
34,32,8,81
35,62,20,81
36,54,81,81
37,83,99,81
38,97,9,81
39,1,77,81
40,91,15,81
41,76,74,81
42,37,96,81
43,87,13,81
44,85,52,81
45,93,32,81
46,13,73,81
47,6,64,81
48,55,24,81
49,3,48,81
50,15,3,81
51,38,7,81
52,26,72,81
53,35,36,81
54,41,35,81
55,64,97,81
56,22,59,81
57,73,57,81
58,85,69,81
59,30,43,81
60,15,10,81
61,17,85,81
62,39,52,81
63,23,80,81
64,23,58,81
65,12,44,81
66,87,62,81
67,87,64,81
68,32,29,81
69,83,77,81
70,90,64,81
71,35,50,81
72,47,64,81
73,85,43,81
74,16,48,81
75,16,68,81
76,7,49,81
77,17,49,81
78,22,51,81
79,74,49,81
80,82,17,81
1,43,18,82
2,64,26,82
3,63,96,82
4,29,77,82
5,98,9,82
6,69,42,82
7,51,51,82
8,94,19,82
9,43,70,82
10,31,12,82
11,69,19,82
12,88,93,82
13,52,98,82
14,57,39,82
15,1,76,82
16,41,60,82
17,50,35,82
18,42,17,82
19,92,66,82
20,82,7,82
21,72,38,82
22,36,16,82
23,47,74,82
24,14,23,82
25,14,92,82
26,70,66,82
27,91,61,82
28,86,64,82
29,95,15,82
30,23,94,82
31,68,44,82
32,19,66,82
33,14,68,82
34,33,8,82
35,63,21,82
36,55,80,82
37,84,98,82
38,97,9,82
39,1,78,82
40,91,15,82
41,77,74,82
42,38,96,82
43,88,12,82
44,86,51,82
45,93,31,82
46,13,72,82
47,6,65,82
48,54,25,82
49,2,48,82
50,14,3,82
51,38,6,82
52,26,71,82
53,36,35,82
54,42,36,82
55,63,98,82
56,22,58,82
57,72,57,82
58,84,68,82
59,30,44,82
60,16,10,82
61,18,85,82
62,40,53,82
63,24,81,82
64,22,57,82
65,12,44,82
66,88,62,82
67,88,64,82
68,31,29,82
69,83,77,82
70,89,65,82
71,34,50,82
72,47,65,82
73,84,44,82
74,17,48,82
75,17,68,82
76,7,49,82
77,16,50,82
78,22,51,82
79,74,50,82
80,82,17,82
1,42,18,83
2,63,25,83
3,63,95,83
4,28,78,83
5,99,8,83
6,69,43,83
7,52,50,83
8,93,19,83
9,43,71,83
10,32,11,83
11,69,18,83
12,87,92,83
13,51,97,83
14,58,38,83
15,0,77,83
16,41,61,83
17,51,36,83
18,43,16,83
19,91,67,83
20,83,7,83
21,73,39,83
22,36,15,83
23,47,74,83
24,15,23,83
25,15,93,83
26,71,67,83
27,92,62,83
28,87,65,83
29,95,15,83
30,24,93,83
31,69,44,83
32,20,67,83
33,15,68,83
34,34,8,83
35,63,20,83
36,54,81,83
37,84,99,83
38,96,8,83
39,2,77,83
40,90,14,83
41,78,74,83
42,37,96,83
43,87,13,83
44,85,52,83
45,93,32,83
46,13,71,83
47,7,64,83
48,55,24,83
49,2,47,83
50,13,3,83
51,37,5,83
52,27,70,83
53,35,36,83
54,43,36,83
55,62,97,83
56,21,58,83
57,71,56,83
58,85,68,83
59,30,44,83
60,17,9,83
61,18,85,83
62,40,53,83
63,23,80,83
64,23,58,83
65,12,44,83
66,87,61,83
67,88,64,83
68,32,28,83
69,82,77,83
70,90,65,83
71,33,50,83
72,48,65,83
73,84,45,83
74,16,48,83
75,18,68,83
76,7,49,83
77,15,49,83
78,23,51,83
79,75,51,83
80,82,17,83
1,43,17,84
2,63,25,84
3,63,95,84
4,27,78,84
5,99,9,84
6,68,44,84
7,53,50,84
8,92,19,84
9,43,72,84
10,33,12,84
11,68,17,84
12,87,93,84
13,52,97,84
14,58,39,84
15,0,76,84
16,40,60,84
17,50,36,84
18,42,17,84
19,90,67,84
20,83,8,84
21,73,38,84
22,36,15,84
23,48,74,84
24,16,23,84
25,15,92,84
26,72,67,84
27,93,62,84
28,87,66,84
29,95,14,84
30,23,92,84
31,70,43,84
32,20,68,84
33,16,68,84
34,33,9,84
35,62,19,84
36,53,80,84
37,83,98,84
38,96,8,84
39,2,77,84
40,91,14,84
41,78,74,84
42,38,96,84
43,87,12,84
44,86,53,84
45,93,31,84
46,13,71,84
47,8,64,84
48,54,23,84
49,1,48,84
50,14,2,84
51,38,6,84
52,26,69,84
53,34,37,84
54,44,36,84
55,63,97,84
56,21,59,84
57,72,57,84
58,84,69,84
59,30,45,84
60,17,10,84
61,17,84,84
62,41,53,84
63,24,81,84
64,22,58,84
65,11,45,84
66,87,61,84
67,89,65,84
68,31,28,84
69,83,77,84
70,88,65,84
71,32,49,84
72,48,66,84
73,83,46,84
74,14,50,84
75,19,68,84
76,6,48,84
77,15,49,84
78,24,52,84
79,76,50,84
80,81,16,84
1,42,16,85
2,63,25,85
3,64,95,85
4,27,77,85
5,99,9,85
6,68,44,85
7,52,50,85
8,91,18,85
9,43,72,85
10,34,12,85
11,68,18,85
12,86,92,85
13,52,96,85
14,58,38,85
15,1,77,85
16,41,61,85
17,50,37,85
18,41,18,85
19,89,68,85
20,82,8,85
21,74,37,85
22,37,16,85
23,47,75,85
24,16,22,85
25,16,92,85
26,72,68,85
27,93,61,85
28,87,65,85
29,94,13,85
30,24,93,85
31,69,44,85
32,21,69,85
33,15,69,85
34,32,8,85
35,61,19,85
36,52,81,85
37,83,97,85
38,97,9,85
39,1,76,85
40,92,14,85
41,78,74,85
42,37,95,85
43,88,12,85
44,87,52,85
45,93,32,85
46,14,70,85
47,9,65,85
48,54,24,85
49,0,49,85
50,14,2,85
51,39,6,85
52,27,69,85
53,33,36,85
54,44,37,85
55,63,96,85
56,22,57,85
57,73,58,85
58,83,70,85
59,30,45,85
60,18,9,85
61,18,84,85
62,40,53,85
63,23,82,85
64,23,57,85
65,11,46,85
66,88,62,85
67,90,65,85
68,30,29,85
69,83,78,85
70,88,64,85
71,32,48,85
72,48,67,85
73,82,47,85
74,13,49,85
75,18,67,85
76,5,47,85
77,15,48,85
78,24,52,85
79,77,51,85
80,80,16,85
1,43,15,86
2,63,25,86
3,65,95,86
4,26,78,86
5,99,10,86
6,69,43,86
7,53,49,86
8,92,19,86
9,42,71,86
10,34,11,86
11,68,19,86
12,86,92,86
13,51,97,86
14,58,39,86
15,0,78,86
16,42,62,86
17,51,38,86
18,41,19,86
19,88,69,86
20,81,7,86
21,74,36,86
22,38,16,86
23,47,74,86
24,17,23,86
25,16,91,86
26,73,68,86
27,93,60,86
28,87,64,86
29,95,13,86
30,24,92,86
31,70,44,86
32,21,68,86
33,15,68,86
34,33,8,86
35,61,19,86
36,51,81,86
37,84,96,86
38,97,8,86
39,0,77,86
40,91,15,86
41,79,75,86
42,36,95,86
43,88,13,86
44,86,52,86
45,94,33,86
46,14,69,86
47,9,64,86
48,54,25,86
49,1,48,86
50,13,3,86
51,38,5,86
52,28,69,86
53,33,35,86
54,44,38,86
55,64,95,86
56,22,57,86
57,74,58,86
58,84,71,86
59,31,45,86
60,17,10,86
61,18,84,86
62,40,52,86
63,24,81,86
64,23,56,86
65,10,47,86
66,87,62,86
67,90,66,86
68,29,29,86
69,82,79,86
70,88,64,86
71,31,49,86
72,49,66,86
73,83,46,86
74,14,50,86
75,17,67,86
76,4,48,86
77,14,48,86
78,24,52,86
79,78,52,86
80,80,15,86
1,44,15,87
2,63,25,87
3,66,95,87
4,26,78,87
5,98,11,87
6,70,42,87
7,52,49,87
8,91,18,87
9,43,70,87
10,34,12,87
11,69,20,87
12,87,92,87
13,50,98,87
14,58,40,87
15,1,76,87
16,41,63,87
17,51,39,87
18,42,19,87
19,87,68,87
20,80,7,87
21,74,37,87
22,39,15,87
23,46,73,87
24,17,22,87
25,17,91,87
26,73,69,87
27,92,61,87
28,87,63,87
29,94,14,87
30,25,92,87
31,71,45,87
32,20,67,87
33,15,69,87
34,33,7,87
35,60,20,87
36,52,82,87
37,85,97,87
38,98,7,87
39,0,76,87
40,91,16,87
41,80,74,87
42,37,95,87
43,87,14,87
44,87,51,87
45,95,33,87
46,14,69,87
47,8,63,87
48,55,24,87
49,1,49,87
50,13,3,87
51,39,6,87
52,27,69,87
53,32,34,87
54,44,37,87
55,63,95,87
56,23,57,87
57,75,58,87
58,83,72,87
59,32,46,87
60,16,10,87
61,19,83,87
62,40,53,87
63,24,82,87
64,24,55,87
65,11,48,87
66,86,63,87
67,89,66,87
68,28,28,87
69,81,79,87
70,89,64,87
71,30,49,87
72,50,67,87
73,84,45,87
74,14,49,87
75,16,67,87
76,3,49,87
77,13,49,87
78,25,51,87
79,77,53,87
80,79,16,87
1,44,15,88
2,64,25,88
3,65,96,88
4,25,79,88
5,97,11,88
6,69,41,88
7,52,49,88
8,90,19,88
9,42,70,88
10,33,13,88
11,69,20,88
12,88,92,88
13,50,99,88
14,57,41,88
15,1,77,88
16,41,62,88
17,50,40,88
18,41,20,88
19,87,67,88
20,80,6,88
21,73,36,88
22,40,15,88
23,45,74,88
24,18,23,88
25,16,90,88
26,72,68,88
27,92,61,88
28,85,64,88
29,93,14,88
30,24,91,88
31,72,46,88
32,20,68,88
33,15,69,88
34,34,8,88
35,61,19,88
36,52,82,88
37,85,96,88
38,98,8,88
39,1,76,88
40,90,15,88
41,79,74,88
42,37,94,88
43,86,14,88
44,87,50,88
45,95,33,88
46,15,68,88
47,7,63,88
48,54,23,88
49,2,49,88
50,13,4,88
51,40,6,88
52,27,69,88
53,32,35,88
54,44,36,88
55,64,95,88
56,22,57,88
57,74,57,88
58,83,72,88
59,31,47,88
60,15,9,88
61,20,84,88
62,40,52,88
63,23,81,88
64,25,56,88
65,12,49,88
66,85,62,88
67,89,67,88
68,27,29,88
69,81,80,88
70,89,65,88
71,29,50,88
72,50,68,88
73,84,45,88
74,13,48,88
75,15,67,88
76,3,48,88
77,14,48,88
78,24,51,88
79,78,54,88
80,80,16,88
1,43,16,89
2,64,25,89
3,66,95,89
4,24,80,89
5,96,12,89
6,70,42,89
7,51,49,89
8,91,18,89
9,41,71,89
10,33,14,89
11,70,21,89
12,87,91,89
13,51,98,89
14,57,42,89
15,2,77,89
16,40,63,89
17,49,41,89
18,40,21,89
19,88,67,89
20,79,5,89
21,73,35,89
22,41,14,89
23,45,74,89
24,18,23,89
25,17,91,89
26,73,67,89
27,93,60,89
28,86,63,89
29,92,13,89
30,24,90,89
31,73,46,89
32,20,69,89
33,15,69,89
34,33,9,89
35,60,18,89
36,51,82,89
37,84,95,89
38,97,9,89
39,2,76,89
40,89,15,89
41,79,74,89
42,37,95,89
43,86,15,89
44,86,51,89
45,95,34,89
46,16,68,89
47,7,62,89
48,55,24,89
49,2,48,89
50,12,5,89
51,39,7,89
52,26,69,89
53,33,34,89
54,44,36,89
55,64,96,89
56,22,56,89
57,74,58,89
58,82,72,89
59,32,48,89
60,16,8,89
61,20,83,89
62,41,53,89
63,24,81,89
64,24,56,89
65,11,48,89
66,85,63,89
67,90,66,89
68,28,28,89
69,80,81,89
70,90,64,89
71,29,50,89
72,49,67,89
73,85,46,89
74,13,48,89
75,14,68,89
76,3,48,89
77,15,49,89
78,25,50,89
79,77,55,89
80,79,16,89
1,42,15,90
2,63,25,90
3,66,95,90
4,25,80,90
5,96,11,90
6,70,43,90
7,50,49,90
8,92,19,90
9,40,72,90
10,34,14,90
11,71,22,90
12,86,92,90
13,51,97,90
14,58,42,90
15,2,78,90
16,41,62,90
17,50,41,90
18,41,20,90
19,88,67,90
20,80,5,90
21,72,36,90
22,41,15,90
23,46,74,90
24,19,23,90
25,17,92,90
26,73,67,90
27,93,59,90
28,86,63,90
29,92,13,90
30,24,89,90
31,72,47,90
32,19,69,90
33,14,69,90
34,34,8,90
35,61,18,90
36,51,82,90
37,84,94,90
38,98,8,90
39,2,77,90
40,88,15,90
41,80,74,90
42,37,95,90
43,85,15,90
44,87,50,90
45,94,34,90
46,15,67,90
47,8,61,90
48,56,24,90
49,1,48,90
50,13,6,90
51,39,7,90
52,27,70,90
53,32,34,90
54,43,35,90
55,64,96,90
56,21,55,90
57,73,57,90
58,82,73,90
59,31,48,90
60,16,8,90
61,21,82,90
62,40,52,90
63,24,80,90
64,25,55,90
65,11,47,90
66,86,62,90
67,90,67,90
68,28,28,90
69,81,81,90
70,89,65,90
71,30,51,90
72,50,68,90
73,85,46,90
74,14,49,90
75,14,68,90
76,2,49,90
77,16,49,90
78,24,51,90
79,77,56,90
80,78,16,90
1,42,14,91
2,64,26,91
3,66,96,91
4,26,80,91
5,95,12,91
6,71,44,91
7,51,50,91
8,91,19,91
9,41,71,91
10,34,14,91
11,72,23,91
12,87,93,91
13,52,96,91
14,59,41,91
15,1,79,91
16,41,62,91
17,51,40,91
18,41,19,91
19,87,66,91
20,81,6,91
21,72,35,91
22,40,16,91
23,47,73,91
24,20,22,91
25,18,91,91
26,73,66,91
27,94,60,91
28,87,64,91
29,91,12,91
30,23,88,91
31,71,47,91
32,18,70,91
33,13,68,91
34,33,7,91
35,61,17,91
36,50,81,91
37,85,93,91
38,99,7,91
39,2,77,91
40,87,15,91
41,81,74,91
42,36,96,91
43,84,15,91
44,88,51,91
45,93,33,91
46,15,67,91
47,7,60,91
48,57,25,91
49,2,48,91
50,14,5,91
51,38,8,91
52,28,71,91
53,32,33,91
54,44,36,91
55,65,97,91
56,22,56,91
57,72,56,91
58,83,74,91
59,30,49,91
60,15,9,91
61,20,82,91
62,40,53,91
63,23,81,91
64,26,55,91
65,12,46,91
66,85,62,91
67,91,66,91
68,27,28,91
69,80,81,91
70,88,66,91
71,31,50,91
72,50,68,91
73,84,47,91
74,15,48,91
75,14,67,91
76,1,49,91
77,17,49,91
78,23,52,91
79,77,55,91
80,77,16,91
1,41,15,92
2,65,26,92
3,66,96,92
4,26,79,92
5,95,13,92
6,71,44,92
7,50,51,92
8,90,18,92
9,42,71,92
10,35,14,92
11,72,24,92
12,87,94,92
13,53,96,92
14,58,41,92
15,0,80,92
16,41,61,92
17,51,41,92
18,40,20,92
19,86,66,92
20,82,6,92
21,72,34,92
22,39,17,92
23,46,73,92
24,20,23,92
25,19,91,92
26,74,65,92
27,94,60,92
28,86,64,92
29,91,13,92
30,22,87,92
31,70,47,92
32,18,69,92
33,13,67,92
34,34,6,92
35,61,17,92
36,49,80,92
37,86,93,92
38,98,8,92
39,2,77,92
40,87,15,92
41,80,73,92
42,37,95,92
43,85,15,92
44,89,52,92
45,94,32,92
46,15,67,92
47,8,61,92
48,57,24,92
49,2,48,92
50,14,6,92
51,37,7,92
52,28,70,92
53,33,33,92
54,44,36,92
55,64,97,92
56,23,57,92
57,73,55,92
58,84,75,92
59,30,50,92
60,14,8,92
61,20,81,92
62,41,52,92
63,24,82,92
64,27,55,92
65,13,47,92
66,85,63,92
67,92,66,92
68,27,28,92
69,80,82,92
70,87,65,92
71,31,49,92
72,49,69,92
73,85,48,92
74,14,48,92
75,14,66,92
76,0,49,92
77,17,49,92
78,22,51,92
79,78,55,92
80,76,15,92
1,40,14,93
2,66,27,93
3,65,95,93
4,27,79,93
5,95,14,93
6,72,44,93
7,51,50,93
8,90,17,93
9,43,72,93
10,35,14,93
11,73,25,93
12,87,94,93
13,54,97,93
14,59,42,93
15,1,81,93
16,42,61,93
17,50,41,93
18,39,20,93
19,86,65,93
20,82,7,93
21,73,35,93
22,39,16,93
23,46,74,93
24,21,23,93
25,20,90,93
26,75,64,93
27,94,59,93
28,85,65,93
29,90,12,93
30,23,87,93
31,70,47,93
32,19,69,93
33,12,67,93
34,35,5,93
35,61,17,93
36,49,79,93
37,85,94,93
38,99,9,93
39,3,77,93
40,86,15,93
41,80,73,93
42,37,96,93
43,84,14,93
44,88,51,93
45,95,32,93
46,14,68,93
47,8,62,93
48,58,25,93
49,3,48,93
50,13,5,93
51,37,8,93
52,29,71,93
53,32,34,93
54,45,35,93
55,65,97,93
56,24,58,93
57,74,55,93
58,84,74,93
59,29,50,93
60,13,8,93
61,19,82,93
62,42,51,93
63,25,81,93
64,26,56,93
65,13,49,93
66,84,64,93
67,93,65,93
68,28,28,93
69,80,81,93
70,88,65,93
71,32,48,93
72,48,70,93
73,84,48,93
74,14,47,93
75,15,65,93
76,0,48,93
77,17,48,93
78,21,52,93
79,79,56,93
80,77,14,93
1,40,15,94
2,65,28,94
3,66,94,94
4,27,79,94
5,95,13,94
6,72,44,94
7,52,50,94
8,91,17,94
9,43,73,94
10,36,15,94
11,74,24,94
12,88,93,94
13,55,97,94
14,60,43,94
15,0,80,94
16,43,61,94
17,51,42,94
18,39,19,94
19,85,64,94
20,82,7,94
21,73,34,94
22,40,17,94
23,46,75,94
24,20,22,94
25,20,91,94
26,74,65,94
27,93,59,94
28,86,65,94
29,91,13,94
30,24,87,94
31,69,46,94
32,18,70,94
33,12,67,94
34,35,5,94
35,62,16,94
36,49,80,94
37,84,95,94
38,98,10,94
39,3,78,94
40,87,14,94
41,80,72,94
42,36,96,94
43,85,13,94
44,89,51,94
45,95,31,94
46,15,68,94
47,7,61,94
48,59,26,94
49,2,48,94
50,14,6,94
51,36,7,94
52,28,71,94
53,31,34,94
54,44,36,94
55,66,98,94
56,23,57,94
57,75,54,94
58,83,74,94
59,30,49,94
60,12,7,94
61,20,81,94
62,43,50,94
63,24,82,94
64,26,55,94
65,13,48,94
66,84,64,94
67,94,65,94
68,29,28,94
69,80,82,94
70,87,65,94
71,32,47,94
72,48,70,94
73,83,47,94
74,15,46,94
75,16,65,94
76,1,48,94
77,18,49,94
78,20,51,94
79,80,57,94
80,77,13,94
1,39,16,95
2,65,27,95
3,65,95,95
4,27,78,95
5,94,14,95
6,71,45,95
7,51,49,95
8,92,17,95
9,43,72,95
10,37,14,95
11,74,24,95
12,87,94,95
13,56,98,95
14,60,42,95
15,1,81,95
16,44,60,95
17,52,41,95
18,38,19,95
19,87,64,95
20,82,6,95
21,74,34,95
22,40,18,95
23,45,76,95
24,20,23,95
25,20,92,95
26,75,65,95
27,92,58,95
28,87,66,95
29,90,12,95
30,23,86,95
31,68,47,95
32,17,71,95
33,13,67,95
34,34,4,95
35,63,16,95
36,48,79,95
37,85,94,95
38,99,10,95
39,3,79,95
40,86,14,95
41,79,73,95
42,37,96,95
43,85,14,95
44,88,50,95
45,96,32,95
46,15,68,95
47,6,62,95
48,59,27,95
49,2,47,95
50,13,6,95
51,37,8,95
52,28,71,95
53,31,34,95
54,44,37,95
55,67,97,95
56,24,58,95
57,75,53,95
58,83,75,95
59,29,49,95
60,12,7,95
61,19,81,95
62,42,51,95
63,25,81,95
64,27,54,95
65,12,49,95
66,85,64,95
67,94,64,95
68,28,29,95
69,79,81,95
70,86,65,95
71,31,47,95
72,47,70,95
73,83,47,95
74,14,45,95
75,16,64,95
76,0,49,95
77,19,49,95
78,19,50,95
79,81,58,95
80,78,14,95
1,38,16,96
2,64,28,96
3,65,96,96
4,27,77,96
5,93,13,96
6,72,44,96
7,52,48,96
8,91,18,96
9,42,72,96
10,38,15,96
11,73,24,96
12,86,93,96
13,56,99,96
14,59,42,96
15,0,81,96
16,43,61,96
17,53,42,96
18,37,19,96
19,87,64,96
20,82,5,96
21,74,35,96
22,40,19,96
23,46,75,96
24,20,23,96
25,19,92,96
26,74,65,96
27,92,59,96
28,88,67,96
29,90,11,96
30,22,87,96
31,67,46,96
32,18,70,96
33,14,68,96
34,35,5,96
35,64,16,96
36,48,78,96
37,85,95,96
38,99,9,96
39,3,80,96
40,85,15,96
41,78,73,96
42,38,97,96
43,86,13,96
44,88,49,96
45,97,33,96
46,14,69,96
47,5,63,96
48,58,28,96
49,1,46,96
50,13,6,96
51,37,8,96
52,29,70,96
53,30,35,96
54,45,37,96
55,66,96,96
56,24,58,96
57,74,54,96
58,83,75,96
59,30,49,96
60,13,8,96
61,19,82,96
62,41,50,96
63,25,80,96
64,27,54,96
65,12,50,96
66,84,65,96
67,93,65,96
68,28,28,96
69,78,81,96
70,86,64,96
71,32,48,96
72,48,69,96
73,83,46,96
74,15,45,96
75,15,65,96
76,0,50,96
77,19,48,96
78,19,49,96
79,80,57,96
80,77,14,96
1,38,16,97
2,65,28,97
3,66,97,97
4,27,78,97
5,94,14,97
6,71,43,97
7,51,49,97
8,92,18,97
9,42,71,97
10,39,14,97
11,74,25,97
12,86,93,97
13,57,98,97
14,58,42,97
15,1,82,97
16,42,60,97
17,53,43,97
18,36,18,97
19,87,65,97
20,83,5,97
21,73,35,97
22,39,20,97
23,47,74,97
24,21,24,97
25,20,93,97
26,75,64,97
27,93,60,97
28,87,67,97
29,89,11,97
30,23,88,97
31,68,46,97
32,18,71,97
33,13,69,97
34,35,5,97
35,64,17,97
36,47,78,97
37,85,94,97
38,98,8,97
39,3,79,97
40,86,14,97
41,77,72,97
42,38,98,97
43,87,13,97
44,87,48,97
45,96,34,97
46,13,68,97
47,4,63,97
48,59,29,97
49,0,46,97
50,13,7,97
51,37,9,97
52,29,70,97
53,30,35,97
54,46,37,97
55,66,96,97
56,23,59,97
57,74,54,97
58,83,74,97
59,31,50,97
60,13,8,97
61,18,82,97
62,42,50,97
63,25,80,97
64,28,55,97
65,12,49,97
66,84,66,97
67,94,65,97
68,27,29,97
69,78,80,97
70,85,64,97
71,33,48,97
72,48,69,97
73,84,45,97
74,15,44,97
75,15,66,97
76,1,50,97
77,20,50,97
78,18,48,97
79,81,57,97
80,77,15,97
1,37,17,98
2,64,28,98
3,66,98,98
4,26,79,98
5,95,13,98
6,72,42,98
7,50,48,98
8,93,18,98
9,42,72,98
10,38,14,98
11,74,25,98
12,86,93,98
13,57,99,98
14,59,41,98
15,0,81,98
16,43,59,98
17,52,44,98
18,36,18,98
19,87,64,98
20,84,4,98
21,72,34,98
22,40,21,98
23,46,74,98
24,20,23,98
25,19,93,98
26,74,65,98
27,94,60,98
28,87,68,98
29,89,10,98
30,24,89,98
31,69,45,98
32,17,72,98
33,14,70,98
34,36,6,98
35,65,17,98
36,46,77,98
37,86,95,98
38,99,9,98
39,4,79,98
40,85,15,98
41,77,73,98
42,38,97,98
43,88,13,98
44,88,49,98
45,97,33,98
46,12,67,98
47,4,62,98
48,60,28,98
49,0,46,98
50,12,8,98
51,36,8,98
52,30,70,98
53,29,34,98
54,47,37,98
55,65,97,98
56,23,60,98
57,74,53,98
58,83,75,98
59,32,51,98
60,13,8,98
61,18,81,98
62,43,50,98
63,25,81,98
64,29,55,98
65,13,48,98
66,84,66,98
67,93,66,98
68,26,30,98
69,78,81,98
70,85,64,98
71,34,49,98
72,48,69,98
73,84,46,98
74,15,44,98
75,15,66,98
76,0,51,98
77,21,49,98
78,17,48,98
79,82,56,98
80,78,15,98
1,37,16,99
2,63,27,99
3,65,98,99
4,25,79,99
5,94,12,99
6,72,43,99
7,49,48,99
8,92,18,99
9,43,72,99
10,38,13,99
11,74,24,99
12,87,94,99
13,57,99,99
14,59,41,99
15,1,81,99
16,43,59,99
17,53,43,99
18,35,19,99
19,88,64,99
20,85,4,99
21,72,35,99
22,39,21,99
23,47,74,99
24,20,23,99
25,18,94,99
26,75,65,99
27,94,60,99
28,88,69,99
29,90,9,99
30,25,89,99
31,69,45,99
32,17,71,99
33,15,70,99
34,36,6,99
35,66,16,99
36,45,78,99
37,85,94,99
38,98,8,99
39,3,78,99
40,84,15,99
41,76,72,99
42,38,97,99
43,89,14,99
44,89,50,99
45,97,32,99
46,13,68,99
47,3,61,99
48,61,29,99
49,0,45,99
50,11,8,99
51,36,7,99
52,30,69,99
53,28,34,99
54,46,38,99
55,65,96,99
56,22,61,99
57,73,54,99
58,84,75,99
59,33,52,99
60,13,9,99
61,17,81,99
62,44,51,99
63,25,82,99
64,29,56,99
65,14,48,99
66,85,66,99
67,92,66,99
68,27,30,99
69,77,82,99
70,85,64,99
71,33,49,99
72,48,68,99
73,85,47,99
74,14,44,99
75,14,67,99
76,1,51,99
77,20,49,99
78,17,48,99
79,83,56,99
80,79,15,99
1,36,17,100
2,62,27,100
3,66,97,100
4,25,78,100
5,94,11,100
6,71,43,100
7,50,49,100
8,93,19,100
9,43,71,100
10,37,12,100
11,75,23,100
12,88,93,100
13,57,99,100
14,60,40,100
15,0,80,100
16,44,58,100
17,54,43,100
18,36,18,100
19,89,65,100
20,85,3,100
21,72,36,100
22,39,21,100
23,47,75,100
24,21,24,100
25,18,95,100
26,76,65,100
27,94,61,100
28,87,69,100
29,89,8,100
30,24,89,100
31,70,44,100
32,18,71,100
33,14,69,100
34,37,7,100
35,66,15,100
36,45,78,100
37,86,93,100
38,98,8,100
39,2,79,100
40,85,14,100
41,76,72,100
42,38,97,100
43,90,13,100
44,90,49,100
45,97,31,100
46,15,70,100
47,3,62,100
48,62,30,100
49,1,46,100
50,10,7,100
51,36,8,100
52,31,69,100
53,28,34,100
54,45,39,100
55,64,97,100
56,23,62,100
57,73,54,100
58,83,75,100
59,33,52,100
60,12,10,100
61,17,82,100
62,45,50,100
63,26,82,100
64,30,56,100
65,14,48,100
66,84,66,100
67,93,66,100
68,26,30,100
69,78,83,100
70,85,63,100
71,32,49,100
72,48,69,100
73,84,46,100
74,13,44,100
75,14,67,100
76,2,52,100
77,21,48,100
78,16,48,100
79,83,55,100
80,78,15,100
