1,8,31,1
2,76,41,1
3,65,68,1
4,77,2,1
5,68,99,1
6,53,93,1
7,25,76,1
8,1,10,1
9,3,7,1
10,51,84,1
11,53,46,1
12,10,55,1
13,24,16,1
14,40,64,1
15,2,39,1
16,26,63,1
17,21,15,1
18,56,23,1
1,7,30,2
2,75,40,2
3,66,69,2
4,76,3,2
5,69,98,2
6,52,92,2
7,26,75,2
8,0,10,2
9,3,8,2
10,51,84,2
11,54,45,2
12,11,54,2
13,23,17,2
14,41,65,2
15,2,40,2
16,27,64,2
17,21,14,2
18,55,22,2
1,8,31,3
2,76,39,3
3,66,68,3
4,76,2,3
5,70,99,3
6,52,92,3
7,25,76,3
8,0,10,3
9,4,7,3
10,51,85,3
11,53,46,3
12,11,53,3
13,22,18,3
14,40,65,3
15,2,41,3
16,26,64,3
17,22,13,3
18,56,23,3
1,9,30,4
2,76,39,4
3,66,69,4
4,77,3,4
5,71,98,4
6,53,92,4
7,26,75,4
8,1,10,4
9,4,7,4
10,51,86,4
11,54,47,4
12,12,53,4
13,22,19,4
14,40,65,4
15,3,42,4
16,26,63,4
17,22,12,4
18,56,23,4
1,10,31,5
2,76,39,5
3,66,68,5
4,78,2,5
5,72,97,5
6,53,91,5
7,26,75,5
8,0,10,5
9,5,8,5
10,51,87,5
11,55,47,5
12,13,54,5
13,22,20,5
14,41,66,5
15,2,41,5
16,26,63,5
17,23,11,5
18,57,24,5
1,11,30,6
2,75,40,6
3,65,67,6
4,78,3,6
5,72,97,6
6,53,90,6
7,26,76,6
8,1,11,6
9,5,8,6
10,50,87,6
11,55,48,6
12,13,55,6
13,23,20,6
14,40,67,6
15,3,42,6
16,25,64,6
17,24,10,6
18,56,25,6
1,12,30,7
2,76,40,7
3,65,66,7
4,79,3,7
5,73,96,7
6,54,90,7
7,27,77,7
8,0,11,7
9,5,9,7
10,51,86,7
11,56,47,7
12,12,54,7
13,23,20,7
14,41,67,7
15,2,43,7
16,25,63,7
17,24,9,7
18,56,24,7
1,13,29,8
2,76,39,8
3,65,66,8
4,80,2,8
5,74,96,8
6,53,91,8
7,28,76,8
8,0,12,8
9,6,8,8
10,50,86,8
11,55,48,8
12,13,55,8
13,22,20,8
14,41,68,8
15,3,44,8
16,24,64,8
17,24,10,8
18,56,25,8
1,14,30,9
2,75,38,9
3,66,65,9
4,81,3,9
5,75,96,9
6,54,91,9
7,27,75,9
8,1,11,9
9,5,8,9
10,51,87,9
11,55,47,9
12,12,54,9
13,22,20,9
14,40,67,9
15,3,44,9
16,23,63,9
17,24,10,9
18,56,26,9
1,14,31,10
2,74,37,10
3,67,65,10
4,80,2,10
5,75,97,10
6,53,91,10
7,28,75,10
8,1,12,10
9,5,9,10
10,50,88,10
11,55,47,10
12,12,54,10
13,23,20,10
14,40,68,10
15,4,44,10
16,23,62,10
17,23,11,10
18,57,26,10
1,14,31,11
2,74,38,11
3,67,65,11
4,79,1,11
5,74,97,11
6,52,92,11
7,29,76,11
8,0,13,11
9,5,8,11
10,49,87,11
11,54,46,11
12,12,54,11
13,22,21,11
14,39,69,11
15,4,45,11
16,24,62,11
17,23,11,11
18,57,26,11
1,14,32,12
2,74,39,12
3,66,66,12
4,79,0,12
5,74,98,12
6,51,91,12
7,28,76,12
8,0,14,12
9,4,7,12
10,48,88,12
11,53,47,12
12,11,54,12
13,21,22,12
14,38,68,12
15,4,44,12
16,25,63,12
17,22,11,12
18,58,27,12
1,13,33,13
2,74,38,13
3,67,67,13
4,78,1,13
5,73,97,13
6,52,92,13
7,27,77,13
8,1,14,13
9,4,6,13
10,48,87,13
11,52,47,13
12,10,55,13
13,22,21,13
14,39,69,13
15,5,45,13
16,26,64,13
17,21,10,13
18,58,28,13
1,12,32,14
2,74,38,14
3,67,67,14
4,79,1,14
5,73,96,14
6,52,93,14
7,27,77,14
8,1,15,14
9,3,5,14
10,48,87,14
11,51,47,14
12,11,55,14
13,23,22,14
14,40,70,14
15,5,45,14
16,27,65,14
17,22,11,14
18,59,28,14
1,11,32,15
2,73,37,15
3,67,68,15
4,78,2,15
5,72,97,15
6,52,94,15
7,26,78,15
8,2,15,15
9,2,6,15
10,49,86,15
11,52,47,15
12,11,56,15
13,23,23,15
14,41,69,15
15,4,45,15
16,26,64,15
17,21,12,15
18,60,29,15
1,10,33,16
2,74,37,16
3,68,67,16
4,77,1,16
5,73,96,16
6,51,94,16
7,27,78,16
8,2,16,16
9,2,7,16
10,50,87,16
11,51,48,16
12,11,57,16
13,22,23,16
14,41,68,16
15,5,44,16
16,27,63,16
17,22,11,16
18,60,30,16
1,11,32,17
2,75,38,17
3,68,66,17
4,77,1,17
5,72,97,17
6,51,94,17
7,26,77,17
8,2,15,17
9,2,6,17
10,49,87,17
11,51,48,17
12,11,58,17
13,22,22,17
14,40,69,17
15,4,43,17
16,28,63,17
17,22,10,17
18,60,30,17
1,11,33,18
2,76,39,18
3,69,65,18
4,77,2,18
5,72,97,18
6,52,93,18
7,25,78,18
8,2,14,18
9,3,6,18
10,50,88,18
11,50,47,18
12,10,57,18
13,23,21,18
14,40,68,18
15,3,43,18
16,28,62,18
17,21,11,18
18,61,29,18
1,12,34,19
2,76,40,19
3,69,66,19
4,78,1,19
5,71,96,19
6,53,93,19
7,25,78,19
8,3,14,19
9,2,5,19
10,50,88,19
11,50,46,19
12,10,56,19
13,22,22,19
14,41,69,19
15,2,42,19
16,27,62,19
17,21,10,19
18,61,29,19
1,13,34,20
2,77,40,20
3,69,66,20
4,77,1,20
5,70,97,20
6,52,94,20
7,25,78,20
8,4,15,20
9,3,4,20
10,50,88,20
11,51,46,20
12,11,56,20
13,21,22,20
14,42,69,20
15,2,41,20
16,28,63,20
17,20,11,20
18,62,29,20
1,14,35,21
2,77,40,21
3,68,66,21
4,78,1,21
5,71,97,21
6,53,93,21
7,24,79,21
8,3,14,21
9,4,3,21
10,51,87,21
11,50,45,21
12,12,57,21
13,22,22,21
14,43,70,21
15,1,41,21
16,28,63,21
17,19,10,21
18,63,30,21
1,13,34,22
2,77,41,22
3,68,65,22
4,79,2,22
5,70,97,22
6,52,92,22
7,23,80,22
8,2,13,22
9,5,2,22
10,52,86,22
11,51,45,22
12,13,56,22
13,21,21,22
14,44,69,22
15,0,42,22
16,29,63,22
17,18,10,22
18,63,31,22
1,13,35,23
2,77,42,23
3,68,66,23
4,78,3,23
5,70,96,23
6,52,91,23
7,23,79,23
8,1,14,23
9,4,2,23
10,53,86,23
11,52,44,23
12,12,56,23
13,22,21,23
14,44,68,23
15,0,41,23
16,30,63,23
17,17,9,23
18,62,32,23
1,12,34,24
2,76,43,24
3,69,66,24
4,78,2,24
5,69,95,24
6,53,90,24
7,23,80,24
8,1,15,24
9,5,1,24
10,52,87,24
11,53,44,24
12,12,56,24
13,22,21,24
14,44,69,24
15,0,42,24
16,30,64,24
17,17,8,24
18,62,31,24
1,12,33,25
2,77,43,25
3,68,66,25
4,77,3,25
5,68,94,25
6,53,91,25
7,24,79,25
8,0,15,25
9,5,2,25
10,53,86,25
11,53,44,25
12,13,56,25
13,23,22,25
14,43,69,25
15,0,42,25
16,29,64,25
17,18,7,25
18,63,31,25
1,13,32,26
2,77,43,26
3,69,66,26
4,76,3,26
5,69,95,26
6,53,91,26
7,25,78,26
8,0,14,26
9,4,1,26
10,53,86,26
11,52,43,26
12,12,56,26
13,23,21,26
14,42,70,26
15,0,43,26
16,28,65,26
17,17,6,26
18,64,31,26
1,13,32,27
2,77,44,27
3,69,66,27
4,76,3,27
5,68,94,27
6,54,90,27
7,26,77,27
8,0,13,27
9,4,2,27
10,53,87,27
11,51,43,27
12,13,57,27
13,22,20,27
14,43,71,27
15,1,42,27
16,27,65,27
17,17,6,27
18,64,30,27
1,12,33,28
2,77,45,28
3,69,66,28
4,77,3,28
5,68,94,28
6,53,90,28
7,25,78,28
8,0,12,28
9,5,2,28
10,54,87,28
11,50,42,28
12,14,56,28
13,22,19,28
14,42,70,28
15,0,42,28
16,26,65,28
17,16,6,28
18,63,29,28
1,13,32,29
2,77,45,29
3,68,67,29
4,77,4,29
5,68,94,29
6,54,90,29
7,26,77,29
8,0,11,29
9,4,1,29
10,54,87,29
11,50,42,29
12,15,56,29
13,22,19,29
14,42,69,29
15,0,43,29
16,27,64,29
17,15,5,29
18,64,28,29
1,14,32,30
2,78,46,30
3,69,68,30
4,78,5,30
5,67,95,30
6,54,90,30
7,27,78,30
8,0,11,30
9,4,2,30
10,54,87,30
11,51,43,30
12,16,57,30
13,21,19,30
14,41,68,30
15,1,42,30
16,26,63,30
17,15,4,30
18,65,27,30
1,13,31,31
2,77,47,31
3,68,68,31
4,79,6,31
5,67,96,31
6,55,91,31
7,28,79,31
8,0,10,31
9,5,2,31
10,55,87,31
11,52,42,31
12,17,57,31
13,22,19,31
14,42,67,31
15,2,42,31
16,25,62,31
17,14,5,31
18,65,27,31
1,12,30,32
2,77,47,32
3,69,67,32
4,80,6,32
5,68,96,32
6,55,92,32
7,28,78,32
8,1,11,32
9,4,1,32
10,55,86,32
11,53,42,32
12,17,57,32
13,21,19,32
14,41,66,32
15,3,42,32
16,26,62,32
17,13,6,32
18,65,26,32
1,11,29,33
2,78,48,33
3,69,66,33
4,79,5,33
5,68,96,33
6,55,93,33
7,29,78,33
8,2,10,33
9,4,2,33
10,56,85,33
11,53,41,33
12,18,56,33
13,21,20,33
14,40,66,33
15,4,43,33
16,26,63,33
17,13,5,33
18,64,27,33
1,12,28,34
2,79,49,34
3,70,65,34
4,78,4,34
5,68,97,34
6,55,94,34
7,29,79,34
8,3,11,34
9,4,3,34
10,57,85,34
11,53,42,34
12,17,55,34
13,20,20,34
14,41,66,34
15,5,44,34
16,27,63,34
17,12,5,34
18,64,27,34
1,11,27,35
2,78,48,35
3,69,66,35
4,78,5,35
5,67,96,35
6,55,93,35
7,29,79,35
8,2,10,35
9,5,2,35
10,56,85,35
11,52,42,35
12,18,55,35
13,19,19,35
14,41,67,35
15,6,45,35
16,28,63,35
17,12,4,35
18,63,27,35
1,11,26,36
2,77,48,36
3,68,67,36
4,77,5,36
5,66,96,36
6,54,93,36
7,30,78,36
8,2,9,36
9,5,1,36
10,57,85,36
11,53,42,36
12,18,55,36
13,19,19,36
14,42,68,36
15,6,45,36
16,27,62,36
17,13,5,36
18,63,27,36
1,10,26,37
2,76,48,37
3,69,66,37
4,76,6,37
5,65,96,37
6,54,94,37
7,31,77,37
8,1,9,37
9,5,0,37
10,57,86,37
11,53,43,37
12,17,54,37
13,19,19,37
14,43,69,37
15,6,45,37
16,27,62,37
17,12,5,37
18,64,26,37
1,11,27,38
2,77,48,38
3,69,65,38
4,77,7,38
5,65,97,38
6,55,94,38
7,31,78,38
8,2,9,38
9,5,0,38
10,56,85,38
11,53,43,38
12,17,53,38
13,20,18,38
14,44,68,38
15,6,44,38
16,27,62,38
17,12,6,38
18,64,27,38
1,10,28,39
2,78,49,39
3,68,64,39
4,77,6,39
5,66,96,39
6,55,93,39
7,30,79,39
8,3,10,39
9,6,0,39
10,55,86,39
11,53,42,39
12,18,54,39
13,20,19,39
14,44,67,39
15,7,43,39
16,28,62,39
17,12,5,39
18,63,27,39
1,10,28,40
2,79,49,40
3,67,63,40
4,76,6,40
5,67,96,40
6,54,94,40
7,30,79,40
8,3,10,40
9,7,0,40
10,56,87,40
11,52,41,40
12,19,55,40
13,21,18,40
14,45,66,40
15,7,42,40
16,29,61,40
17,12,4,40
18,64,26,40
1,11,27,41
2,79,50,41
3,67,63,41
4,76,7,41
5,68,95,41
6,55,93,41
7,30,79,41
8,3,11,41
9,8,1,41
10,56,86,41
11,51,40,41
12,20,55,41
13,22,19,41
14,44,65,41
15,8,42,41
16,28,62,41
17,12,4,41
18,63,25,41
1,10,28,42
2,79,50,42
3,68,63,42
4,75,6,42
5,68,95,42
6,56,92,42
7,30,80,42
8,2,11,42
9,8,0,42
10,55,87,42
11,51,39,42
12,20,56,42
13,23,18,42
14,43,66,42
15,8,41,42
16,27,62,42
17,12,4,42
18,64,25,42
1,9,27,43
2,79,50,43
3,67,64,43
4,75,5,43
5,68,95,43
6,57,93,43
7,30,81,43
8,1,12,43
9,7,1,43
10,56,88,43
11,52,38,43
12,19,55,43
13,22,17,43
14,44,66,43
15,7,40,43
16,26,62,43
17,11,4,43
18,64,26,43
1,9,28,44
2,79,50,44
3,66,64,44
4,75,4,44
5,68,95,44
6,58,92,44
7,31,80,44
8,2,12,44
9,6,1,44
10,56,88,44
11,53,38,44
12,19,54,44
13,22,16,44
14,45,67,44
15,6,40,44
16,25,62,44
17,10,4,44
18,65,27,44
1,10,29,45
2,79,50,45
3,67,63,45
4,76,5,45
5,69,95,45
6,59,93,45
7,32,79,45
8,3,13,45
9,7,1,45
10,56,87,45
11,54,39,45
12,20,55,45
13,21,15,45
14,46,68,45
15,5,40,45
16,24,61,45
17,9,5,45
18,66,28,45
1,11,29,46
2,78,51,46
3,68,63,46
4,77,4,46
5,68,96,46
6,58,93,46
7,33,78,46
8,4,13,46
9,8,2,46
10,56,88,46
11,55,40,46
12,21,55,46
13,21,14,46
14,46,67,46
15,6,40,46
16,24,62,46
17,9,5,46
18,65,29,46
1,12,30,47
2,78,52,47
3,67,64,47
4,78,3,47
5,68,97,47
6,57,93,47
7,33,79,47
8,3,13,47
9,9,1,47
10,55,88,47
11,54,41,47
12,20,55,47
13,20,15,47
14,47,67,47
15,6,39,47
16,24,62,47
17,10,6,47
18,66,30,47
1,11,29,48
2,78,52,48
3,67,64,48
4,77,3,48
5,68,98,48
6,57,92,48
7,32,80,48
8,2,12,48
9,10,2,48
10,56,89,48
11,55,41,48
12,19,56,48
13,21,14,48
14,47,66,48
15,6,39,48
16,24,61,48
17,9,6,48
18,65,31,48
1,12,28,49
2,79,52,49
3,68,64,49
4,78,2,49
5,68,99,49
6,58,92,49
7,33,80,49
8,3,13,49
9,10,1,49
10,55,89,49
11,54,42,49
12,19,57,49
13,21,14,49
14,48,67,49
15,6,40,49
16,23,62,49
17,8,5,49
18,66,32,49
1,11,29,50
2,80,52,50
3,68,63,50
4,79,1,50
5,69,98,50
6,57,91,50
7,32,79,50
8,4,13,50
9,9,0,50
10,54,89,50
11,55,43,50
12,20,58,50
13,22,14,50
14,48,68,50
15,6,39,50
16,24,62,50
17,9,4,50
18,65,31,50
1,12,29,51
2,80,52,51
3,68,63,51
4,79,0,51
5,69,99,51
6,56,91,51
7,31,79,51
8,3,14,51
9,8,0,51
10,54,90,51
11,54,44,51
12,19,57,51
13,21,13,51
14,49,68,51
15,7,38,51
16,25,62,51
17,10,3,51
18,64,30,51
1,13,30,52
2,80,52,52
3,67,62,52
4,79,0,52
5,69,98,52
6,56,91,52
7,32,80,52
8,2,15,52
9,9,0,52
10,53,90,52
11,55,43,52
12,19,57,52
13,21,12,52
14,48,68,52
15,7,39,52
16,26,63,52
17,9,2,52
18,64,30,52
1,13,30,53
2,80,52,53
3,66,62,53
4,80,1,53
5,69,98,53
6,57,90,53
7,33,81,53
8,1,14,53
9,9,0,53
10,52,90,53
11,55,43,53
12,18,57,53
13,21,11,53
14,47,67,53
15,8,39,53
16,27,62,53
17,9,3,53
18,63,31,53
1,12,29,54
2,80,53,54
3,65,61,54
4,80,2,54
5,70,97,54
6,58,89,54
7,33,80,54
8,2,13,54
9,10,1,54
10,53,90,54
11,54,43,54
12,18,57,54
13,22,10,54
14,47,68,54
15,9,40,54
16,26,62,54
17,8,2,54
18,64,32,54
1,12,29,55
2,79,52,55
3,65,60,55
4,81,3,55
5,69,98,55
6,58,90,55
7,32,81,55
8,3,12,55
9,11,1,55
10,54,90,55
11,54,43,55
12,19,58,55
13,22,11,55
14,47,68,55
15,9,41,55
16,26,61,55
17,7,1,55
18,64,32,55
1,12,30,56
2,79,52,56
3,66,59,56
4,81,3,56
5,70,99,56
6,57,89,56
7,32,80,56
8,4,13,56
9,11,1,56
10,53,91,56
11,55,44,56
12,20,58,56
13,21,10,56
14,48,68,56
15,8,42,56
16,26,62,56
17,8,1,56
18,63,31,56
1,13,29,57
2,79,51,57
3,66,58,57
4,82,4,57
5,70,98,57
6,56,89,57
7,32,79,57
8,3,12,57
9,12,2,57
10,52,90,57
11,55,45,57
12,19,57,57
13,22,10,57
14,49,68,57
15,7,43,57
16,27,62,57
17,9,0,57
18,64,32,57
1,13,29,58
2,80,51,58
3,66,58,58
4,81,4,58
5,70,97,58
6,57,90,58
7,32,78,58
8,2,13,58
9,13,3,58
10,51,91,58
11,56,46,58
12,19,56,58
13,23,11,58
14,48,69,58
15,7,42,58
16,26,63,58
17,8,1,58
18,65,33,58
1,13,28,59
2,79,51,59
3,66,59,59
4,81,5,59
5,71,96,59
6,58,89,59
7,32,77,59
8,2,12,59
9,14,2,59
10,50,90,59
11,56,46,59
12,19,57,59
13,22,11,59
14,48,68,59
15,7,41,59
16,27,62,59
17,8,1,59
18,66,32,59
1,14,27,60
2,79,51,60
3,67,59,60
4,81,4,60
5,71,95,60
6,59,90,60
7,33,78,60
8,3,12,60
9,15,2,60
10,49,89,60
11,57,45,60
12,19,58,60
13,23,10,60
14,48,67,60
15,7,42,60
16,26,62,60
17,7,2,60
18,67,31,60
1,13,28,61
2,79,52,61
3,67,59,61
4,81,5,61
5,72,96,61
6,58,90,61
7,33,79,61
8,3,11,61
9,14,3,61
10,49,89,61
11,57,45,61
12,20,57,61
13,22,9,61
14,47,67,61
15,6,43,61
16,25,63,61
17,6,1,61
18,66,31,61
1,12,28,62
2,78,53,62
3,67,58,62
4,82,4,62
5,71,95,62
6,58,90,62
7,34,78,62
8,2,12,62
9,14,4,62
10,48,90,62
11,56,46,62
12,20,56,62
13,22,8,62
14,48,68,62
15,7,43,62
16,26,62,62
17,6,1,62
18,67,32,62
1,12,28,63
2,79,54,63
3,67,57,63
4,82,3,63
5,71,94,63
6,58,90,63
7,35,79,63
8,3,12,63
9,14,3,63
10,48,91,63
11,56,46,63
12,21,56,63
13,23,8,63
14,47,67,63
15,8,44,63
16,25,63,63
17,6,2,63
18,68,31,63
1,12,27,64
2,80,53,64
3,67,56,64
4,81,3,64
5,72,93,64
6,58,89,64
7,36,79,64
8,2,13,64
9,15,3,64
10,47,91,64
11,57,45,64
12,22,55,64
13,24,8,64
14,46,67,64
15,8,43,64
16,25,62,64
17,7,2,64
18,68,32,64
1,13,28,65
2,79,52,65
3,68,57,65
4,81,3,65
5,71,93,65
6,59,88,65
7,36,79,65
8,2,14,65
9,14,4,65
10,46,90,65
11,56,45,65
12,22,56,65
13,23,9,65
14,46,67,65
15,7,42,65
16,26,63,65
17,6,1,65
18,69,31,65
1,14,27,66
2,79,53,66
3,69,56,66
4,81,3,66
5,72,94,66
6,58,88,66
7,37,80,66
8,3,14,66
9,13,4,66
10,45,90,66
11,56,45,66
12,22,55,66
13,23,9,66
14,47,68,66
15,6,43,66
16,26,64,66
17,6,1,66
18,68,32,66
1,14,28,67
2,80,54,67
3,69,56,67
4,81,2,67
5,71,94,67
6,58,88,67
7,37,81,67
8,4,15,67
9,13,5,67
10,46,91,67
11,56,45,67
12,23,56,67
13,22,10,67
14,48,69,67
15,6,44,67
16,25,65,67
17,5,0,67
18,69,33,67
1,14,28,68
2,79,55,68
3,69,55,68
4,80,3,68
5,72,94,68
6,58,87,68
7,38,80,68
8,4,16,68
9,13,4,68
10,47,90,68
11,56,45,68
12,24,56,68
13,22,11,68
14,49,69,68
15,6,43,68
16,25,65,68
17,6,1,68
18,69,33,68
1,13,29,69
2,80,54,69
3,70,55,69
4,80,4,69
5,71,93,69
6,57,88,69
7,38,80,69
8,4,16,69
9,12,5,69
10,47,89,69
11,55,46,69
12,24,57,69
13,22,11,69
14,48,70,69
15,7,42,69
16,26,64,69
17,6,1,69
18,68,33,69
1,12,30,70
2,80,54,70
3,71,56,70
4,79,4,70
5,70,93,70
6,58,87,70
7,37,79,70
8,4,17,70
9,12,4,70
10,47,90,70
11,54,46,70
12,23,57,70
13,23,10,70
14,48,70,70
15,6,41,70
16,27,65,70
17,7,2,70
18,68,32,70
1,12,29,71
2,79,55,71
3,71,57,71
4,79,3,71
5,69,94,71
6,58,87,71
7,36,80,71
8,3,18,71
9,12,5,71
10,48,91,71
11,54,47,71
12,22,56,71
13,22,10,71
14,48,69,71
15,7,42,71
16,26,66,71
17,8,1,71
18,68,33,71
1,13,30,72
2,79,56,72
3,71,57,72
4,78,4,72
5,68,95,72
6,57,88,72
7,36,81,72
8,2,18,72
9,12,6,72
10,48,91,72
11,53,48,72
12,22,56,72
13,23,11,72
14,49,68,72
15,6,43,72
16,27,65,72
17,8,0,72
18,67,34,72
1,14,29,73
2,78,56,73
3,72,56,73
4,77,4,73
5,67,95,73
6,57,88,73
7,36,81,73
8,1,17,73
9,11,6,73
10,49,90,73
11,52,47,73
12,22,57,73
13,22,10,73
14,49,67,73
15,6,44,73
16,27,66,73
17,8,1,73
18,68,35,73
1,15,30,74
2,79,56,74
3,71,55,74
4,77,5,74
5,67,95,74
6,57,87,74
7,37,80,74
8,2,17,74
9,11,7,74
10,50,91,74
11,51,47,74
12,22,58,74
13,23,10,74
14,50,67,74
15,5,44,74
16,28,66,74
17,9,2,74
18,67,36,74
1,16,30,75
2,80,57,75
3,71,54,75
4,77,4,75
5,67,96,75
6,56,88,75
7,36,80,75
8,3,18,75
9,11,6,75
10,50,92,75
11,50,48,75
12,21,59,75
13,24,11,75
14,50,66,75
15,6,43,75
16,28,65,75
17,9,2,75
18,68,36,75
1,15,29,76
2,79,56,76
3,70,53,76
4,77,4,76
5,68,95,76
6,57,89,76
7,35,79,76
8,3,19,76
9,10,6,76
10,50,93,76
11,51,47,76
12,20,60,76
13,24,11,76
14,49,66,76
15,7,43,76
16,29,66,76
17,9,3,76
18,69,37,76
1,15,28,77
2,79,56,77
3,70,53,77
4,76,3,77
5,67,96,77
6,57,88,77
7,35,78,77
8,4,18,77
9,10,7,77
10,49,93,77
11,52,48,77
12,21,59,77
13,23,10,77
14,50,65,77
15,7,44,77
16,29,66,77
17,9,4,77
18,70,37,77
1,14,29,78
2,78,57,78
3,70,52,78
4,77,4,78
5,68,97,78
6,56,87,78
7,34,77,78
8,5,18,78
9,10,7,78
10,50,92,78
11,53,49,78
12,20,58,78
13,22,9,78
14,50,65,78
15,6,44,78
16,30,65,78
17,8,3,78
18,69,38,78
1,14,28,79
2,77,56,79
3,70,52,79
4,76,3,79
5,69,98,79
6,57,87,79
7,35,78,79
8,6,18,79
9,10,6,79
10,50,92,79
11,52,50,79
12,21,59,79
13,23,9,79
14,51,64,79
15,6,44,79
16,29,64,79
17,9,3,79
18,69,39,79
1,15,28,80
2,77,55,80
3,69,51,80
4,77,4,80
5,69,97,80
6,58,88,80
7,35,78,80
8,7,19,80
9,10,5,80
10,51,92,80
11,51,50,80
12,22,60,80
13,24,8,80
14,52,64,80
15,7,44,80
16,30,65,80
17,10,3,80
18,70,38,80
1,14,29,81
2,76,56,81
3,68,52,81
4,77,4,81
5,70,97,81
6,58,87,81
7,34,78,81
8,7,20,81
9,10,5,81
10,50,91,81
11,51,50,81
12,22,61,81
13,25,7,81
14,53,63,81
15,8,44,81
16,29,65,81
17,10,3,81
18,69,38,81
1,15,29,82
2,77,56,82
3,67,51,82
4,78,4,82
5,69,97,82
6,58,87,82
7,35,77,82
8,6,21,82
9,11,6,82
10,51,90,82
11,52,50,82
12,22,60,82
13,24,6,82
14,52,63,82
15,8,44,82
16,28,66,82
17,11,4,82
18,69,38,82
1,14,28,83
2,78,57,83
3,68,51,83
4,79,3,83
5,70,98,83
6,59,87,83
7,35,76,83
8,6,22,83
9,10,5,83
10,51,91,83
11,51,49,83
12,21,59,83
13,24,6,83
14,51,64,83
15,9,45,83
16,29,65,83
17,12,3,83
18,68,38,83
1,14,27,84
2,79,57,84
3,69,51,84
4,78,3,84
5,69,98,84
6,58,87,84
7,35,75,84
8,5,23,84
9,9,6,84
10,51,91,84
11,51,50,84
12,20,59,84
13,23,6,84
14,51,64,84
15,9,44,84
16,28,65,84
17,13,4,84
18,68,38,84
1,14,26,85
2,79,57,85
3,70,50,85
4,78,2,85
5,69,97,85
6,57,88,85
7,36,74,85
8,6,23,85
9,10,6,85
10,51,91,85
11,52,49,85
12,19,59,85
13,22,7,85
14,50,64,85
15,8,43,85
16,28,64,85
17,14,5,85
18,68,38,85
1,13,27,86
2,80,57,86
3,69,51,86
4,77,2,86
5,68,98,86
6,58,89,86
7,37,75,86
8,6,23,86
9,10,7,86
10,50,91,86
11,52,50,86
12,18,58,86
13,22,8,86
14,51,65,86
15,7,44,86
16,28,64,86
17,13,6,86
18,69,37,86
1,12,26,87
2,79,56,87
3,68,52,87
4,76,3,87
5,67,97,87
6,57,88,87
7,36,74,87
8,6,23,87
9,10,7,87
10,49,90,87
11,53,49,87
12,17,59,87
13,21,7,87
14,51,64,87
15,6,43,87
16,29,63,87
17,12,6,87
18,70,37,87
1,13,25,88
2,80,55,88
3,68,53,88
4,77,4,88
5,66,98,88
6,56,89,88
7,36,74,88
8,6,23,88
9,11,8,88
10,48,91,88
11,52,49,88
12,16,59,88
13,20,8,88
14,51,65,88
15,5,43,88
16,28,64,88
17,11,7,88
18,69,36,88
1,12,26,89
2,79,54,89
3,68,52,89
4,78,4,89
5,67,98,89
6,55,90,89
7,35,74,89
8,5,24,89
9,10,7,89
10,49,91,89
11,52,49,89
12,15,58,89
13,21,8,89
14,51,64,89
15,4,44,89
16,27,64,89
17,11,8,89
18,70,35,89
1,13,27,90
2,78,54,90
3,67,52,90
4,78,3,90
5,68,98,90
6,54,89,90
7,35,74,90
8,6,23,90
9,10,8,90
10,50,90,90
11,52,50,90
12,15,59,90
13,22,7,90
14,50,64,90
15,3,45,90
16,26,65,90
17,11,9,90
18,71,35,90
1,13,28,91
2,77,55,91
3,66,51,91
4,77,3,91
5,68,98,91
6,53,90,91
7,35,75,91
8,5,22,91
9,9,9,91
10,50,90,91
11,53,49,91
12,16,58,91
13,21,7,91
14,50,64,91
15,3,44,91
16,27,64,91
17,12,9,91
18,72,36,91
1,13,29,92
2,78,55,92
3,67,51,92
4,78,2,92
5,69,98,92
6,53,90,92
7,35,76,92
8,5,23,92
9,8,9,92
10,51,89,92
11,52,49,92
12,15,58,92
13,22,7,92
14,49,63,92
15,3,45,92
16,28,64,92
17,13,9,92
18,71,36,92
1,14,28,93
2,78,54,93
3,68,51,93
4,77,3,93
5,69,99,93
6,54,90,93
7,34,77,93
8,4,22,93
9,8,9,93
10,52,90,93
11,53,49,93
12,14,59,93
13,21,7,93
14,50,62,93
15,4,44,93
16,27,65,93
17,14,8,93
18,70,35,93
1,14,29,94
2,78,55,94
3,69,52,94
4,76,3,94
5,69,99,94
6,54,91,94
7,34,78,94
8,4,22,94
9,8,9,94
10,53,89,94
11,52,50,94
12,13,58,94
13,20,8,94
14,51,63,94
15,5,43,94
16,26,64,94
17,14,9,94
18,71,34,94
1,13,30,95
2,78,54,95
3,70,52,95
4,76,4,95
5,68,99,95
6,53,92,95
7,34,79,95
8,5,21,95
9,9,10,95
10,52,89,95
11,52,51,95
12,13,57,95
13,19,8,95
14,51,63,95
15,6,42,95
16,27,64,95
17,14,8,95
18,71,35,95
1,13,31,96
2,77,55,96
3,71,51,96
4,77,5,96
5,67,99,96
6,52,91,96
7,33,78,96
8,4,20,96
9,9,9,96
10,52,88,96
11,51,52,96
12,12,57,96
13,20,8,96
14,51,64,96
15,6,42,96
16,28,65,96
17,13,9,96
18,72,35,96
1,14,30,97
2,77,55,97
3,71,51,97
4,77,4,97
5,67,98,97
6,51,92,97
7,32,78,97
8,5,20,97
9,8,10,97
10,52,87,97
11,50,51,97
12,12,58,97
13,19,8,97
14,50,63,97
15,7,41,97
16,28,66,97
17,13,10,97
18,71,34,97
1,14,30,98
2,78,54,98
3,72,50,98
4,77,3,98
5,67,98,98
6,52,92,98
7,31,78,98
8,4,21,98
9,7,10,98
10,52,87,98
11,50,50,98
12,12,58,98
13,19,9,98
14,51,62,98
15,6,42,98
16,28,65,98
17,12,9,98
18,71,35,98
1,14,30,99
2,79,55,99
3,71,49,99
4,77,2,99
5,66,98,99
6,52,93,99
7,32,79,99
8,3,22,99
9,6,10,99
10,53,87,99
11,50,50,99
12,12,57,99
13,18,9,99
14,52,63,99
15,5,43,99
16,28,64,99
17,11,10,99
18,71,36,99
1,14,30,100
2,80,54,100
3,70,49,100
4,78,3,100
5,66,97,100
6,52,94,100
7,33,78,100
8,3,21,100
9,7,10,100
10,52,86,100
11,50,51,100
12,11,57,100
13,19,10,100
14,53,64,100
15,6,43,100
16,27,64,100
17,12,9,100
18,72,37,100
