1,63,81,1
2,27,79,1
3,62,75,1
4,30,99,1
5,37,64,1
6,96,89,1
7,32,51,1
8,94,26,1
9,42,92,1
10,12,75,1
11,95,74,1
12,39,45,1
13,48,16,1
14,72,9,1
15,15,95,1
16,59,34,1
17,36,54,1
18,53,96,1
19,34,9,1
20,51,95,1
21,44,19,1
22,83,1,1
23,98,88,1
24,38,79,1
25,87,74,1
26,59,71,1
27,40,86,1
28,82,12,1
29,28,49,1
30,82,37,1
31,61,30,1
32,7,59,1
33,33,35,1
34,16,85,1
35,49,9,1
36,23,6,1
37,48,83,1
38,13,51,1
39,35,95,1
40,77,50,1
41,83,43,1
42,14,45,1
43,67,26,1
44,76,74,1
45,28,58,1
46,94,93,1
47,24,76,1
48,47,8,1
49,20,88,1
50,39,18,1
51,39,72,1
52,97,98,1
53,85,77,1
54,75,62,1
55,89,6,1
56,14,48,1
57,19,2,1
58,22,99,1
59,99,30,1
60,52,87,1
61,10,48,1
1,64,81,2
2,26,79,2
3,61,75,2
4,31,99,2
5,38,65,2
6,96,88,2
7,32,51,2
8,95,25,2
9,41,93,2
10,13,75,2
11,94,75,2
12,40,45,2
13,49,17,2
14,72,10,2
15,14,94,2
16,58,34,2
17,36,55,2
18,53,95,2
19,34,10,2
20,52,96,2
21,43,19,2
22,84,2,2
23,97,87,2
24,39,80,2
25,87,75,2
26,59,71,2
27,39,87,2
28,82,11,2
29,27,48,2
30,82,36,2
31,62,30,2
32,8,60,2
33,33,35,2
34,17,86,2
35,48,10,2
36,23,7,2
37,49,84,2
38,12,51,2
39,35,94,2
40,78,49,2
41,82,43,2
42,15,44,2
43,66,27,2
44,77,75,2
45,28,58,2
46,93,93,2
47,23,77,2
48,46,8,2
49,19,88,2
50,40,17,2
51,38,71,2
52,96,97,2
53,84,77,2
54,74,61,2
55,89,5,2
56,15,49,2
57,18,2,2
58,23,99,2
59,99,29,2
60,52,88,2
61,11,49,2
1,64,80,3
2,25,78,3
3,61,75,3
4,30,98,3
5,38,64,3
6,96,88,3
7,33,52,3
8,95,26,3
9,40,94,3
10,13,75,3
11,93,76,3
12,39,44,3
13,50,16,3
14,71,10,3
15,15,95,3
16,57,34,3
17,37,54,3
18,52,94,3
19,33,11,3
20,52,96,3
21,42,20,3
22,83,2,3
23,96,86,3
24,38,80,3
25,88,74,3
26,58,71,3
27,40,86,3
28,83,12,3
29,26,48,3
30,82,35,3
31,63,30,3
32,9,61,3
33,33,34,3
34,17,85,3
35,49,11,3
36,22,7,3
37,49,83,3
38,11,51,3
39,36,93,3
40,77,50,3
41,81,43,3
42,14,44,3
43,66,26,3
44,78,75,3
45,27,59,3
46,94,93,3
47,22,77,3
48,47,7,3
49,20,88,3
50,39,18,3
51,39,71,3
52,96,97,3
53,85,76,3
54,73,60,3
55,90,6,3
56,14,48,3
57,19,2,3
58,22,98,3
59,98,28,3
60,51,87,3
61,12,48,3
1,64,80,4
2,25,77,4
3,61,74,4
4,29,97,4
5,37,63,4
6,97,89,4
7,32,52,4
8,95,26,4
9,39,94,4
10,13,76,4
11,93,75,4
12,40,44,4
13,50,16,4
14,72,10,4
15,15,95,4
16,57,35,4
17,36,53,4
18,51,94,4
19,33,11,4
20,52,95,4
21,43,19,4
22,83,3,4
23,97,86,4
24,39,80,4
25,89,75,4
26,59,71,4
27,39,86,4
28,82,11,4
29,25,49,4
30,83,35,4
31,62,30,4
32,10,62,4
33,32,33,4
34,16,84,4
35,48,12,4
36,23,7,4
37,50,83,4
38,12,51,4
39,37,92,4
40,76,49,4
41,82,42,4
42,13,44,4
43,67,25,4
44,79,74,4
45,28,58,4
46,95,94,4
47,23,77,4
48,46,8,4
49,19,89,4
50,40,18,4
51,39,71,4
52,96,98,4
53,84,76,4
54,72,60,4
55,89,7,4
56,14,48,4
57,18,3,4
58,23,98,4
59,98,27,4
60,50,88,4
61,12,47,4
1,63,80,5
2,26,77,5
3,62,75,5
4,28,97,5
5,37,62,5
6,97,89,5
7,33,52,5
8,96,26,5
9,38,95,5
10,12,77,5
11,94,76,5
12,39,45,5
13,49,16,5
14,71,11,5
15,16,96,5
16,57,36,5
17,36,54,5
18,53,94,5
19,32,10,5
20,53,96,5
21,43,20,5
22,83,2,5
23,98,85,5
24,39,80,5
25,88,74,5
26,60,72,5
27,39,87,5
28,82,10,5
29,26,48,5
30,83,34,5
31,61,30,5
32,11,62,5
33,32,32,5
34,16,84,5
35,49,11,5
36,23,7,5
37,51,82,5
38,12,50,5
39,36,91,5
40,77,49,5
41,83,42,5
42,14,44,5
43,66,25,5
44,79,74,5
45,29,57,5
46,96,94,5
47,23,77,5
48,46,7,5
49,20,89,5
50,40,19,5
51,39,70,5
52,96,99,5
53,83,75,5
54,71,59,5
55,88,8,5
56,13,49,5
57,18,3,5
58,22,97,5
59,99,26,5
60,49,88,5
61,11,46,5
1,62,81,6
2,27,76,6
3,62,74,6
4,29,97,6
5,36,63,6
6,96,88,6
7,32,53,6
8,97,27,6
9,37,96,6
10,12,76,6
11,94,76,6
12,39,44,6
13,48,15,6
14,70,10,6
15,15,96,6
16,58,36,6
17,36,53,6
18,53,94,6
19,32,11,6
20,54,96,6
21,42,20,6
22,84,1,6
23,98,85,6
24,38,79,6
25,88,73,6
26,61,73,6
27,40,87,6
28,82,10,6
29,25,48,6
30,83,34,6
31,62,30,6
32,12,63,6
33,32,31,6
34,15,85,6
35,49,11,6
36,23,7,6
37,52,83,6
38,13,51,6
39,37,90,6
40,78,50,6
41,83,42,6
42,14,45,6
43,67,26,6
44,80,75,6
45,29,58,6
46,95,95,6
47,22,78,6
48,47,8,6
49,20,90,6
50,41,20,6
51,39,71,6
52,97,99,6
53,82,75,6
54,72,60,6
55,89,8,6
56,12,49,6
57,18,4,6
58,23,96,6
59,98,26,6
60,50,88,6
61,10,47,6
1,63,80,7
2,27,75,7
3,62,73,7
4,30,96,7
5,37,62,7
6,97,88,7
7,31,53,7
8,96,27,7
9,38,97,7
10,12,76,7
11,95,76,7
12,39,43,7
13,47,16,7
14,71,11,7
15,15,95,7
16,59,35,7
17,37,54,7
18,53,94,7
19,33,10,7
20,53,96,7
21,41,21,7
22,83,0,7
23,98,84,7
24,37,78,7
25,88,72,7
26,60,74,7
27,41,86,7
28,83,10,7
29,24,48,7
30,82,34,7
31,62,29,7
32,13,64,7
33,33,32,7
34,16,85,7
35,50,12,7
36,24,7,7
37,51,82,7
38,13,50,7
39,38,89,7
40,79,50,7
41,84,43,7
42,15,46,7
43,68,27,7
44,79,74,7
45,30,57,7
46,96,95,7
47,21,79,7
48,48,7,7
49,21,90,7
50,40,20,7
51,38,70,7
52,96,98,7
53,83,76,7
54,73,59,7
55,89,7,7
56,12,50,7
57,17,4,7
58,24,95,7
59,99,26,7
60,49,88,7
61,9,48,7
1,64,79,8
2,26,74,8
3,62,74,8
4,29,96,8
5,36,62,8
6,98,87,8
7,30,54,8
8,97,27,8
9,37,97,8
10,11,75,8
11,96,75,8
12,40,42,8
13,46,17,8
14,70,12,8
15,16,96,8
16,60,36,8
17,36,53,8
18,54,95,8
19,34,11,8
20,54,97,8
21,41,20,8
22,83,1,8
23,99,85,8
24,36,77,8
25,87,72,8
26,59,75,8
27,42,86,8
28,82,9,8
29,24,49,8
30,82,33,8
31,63,30,8
32,12,64,8
33,34,32,8
34,15,85,8
35,49,12,8
36,25,8,8
37,50,82,8
38,12,51,8
39,38,89,8
40,79,51,8
41,85,42,8
42,15,45,8
43,69,26,8
44,79,74,8
45,30,58,8
46,95,95,8
47,21,78,8
48,48,7,8
49,22,90,8
50,40,19,8
51,37,71,8
52,97,99,8
53,82,77,8
54,72,58,8
55,89,8,8
56,11,51,8
57,18,3,8
58,23,96,8
59,99,26,8
60,48,89,8
61,10,49,8
1,65,80,9
2,25,73,9
3,62,75,9
4,30,95,9
5,37,61,9
6,99,88,9
7,30,53,9
8,97,28,9
9,36,98,9
10,10,74,9
11,97,74,9
12,40,42,9
13,47,18,9
14,69,13,9
15,17,96,9
16,59,36,9
17,37,52,9
18,54,95,9
19,35,12,9
20,55,97,9
21,41,19,9
22,83,1,9
23,99,85,9
24,37,78,9
25,86,73,9
26,60,75,9
27,41,86,9
28,82,10,9
29,25,49,9
30,83,34,9
31,62,31,9
32,13,64,9
33,35,31,9
34,14,84,9
35,48,11,9
36,26,7,9
37,51,81,9
38,13,51,9
39,39,88,9
40,78,50,9
41,86,42,9
42,15,44,9
43,69,27,9
44,80,75,9
45,29,57,9
46,94,96,9
47,20,78,9
48,49,7,9
49,22,90,9
50,39,18,9
51,36,70,9
52,98,98,9
53,81,76,9
54,72,58,9
55,88,8,9
56,11,52,9
57,17,4,9
58,23,97,9
59,99,27,9
60,47,89,9
61,10,48,9
1,66,80,10
2,24,74,10
3,61,76,10
4,30,95,10
5,37,60,10
6,99,88,10
7,29,52,10
8,97,29,10
9,36,97,10
10,10,73,10
11,96,75,10
12,40,42,10
13,48,18,10
14,69,12,10
15,18,97,10
16,60,37,10
17,36,52,10
18,55,96,10
19,35,13,10
20,55,97,10
21,40,18,10
22,84,0,10
23,98,84,10
24,36,79,10
25,86,72,10
26,60,75,10
27,41,87,10
28,81,11,10
29,24,48,10
30,83,33,10
31,61,31,10
32,14,64,10
33,35,31,10
34,13,84,10
35,48,11,10
36,25,8,10
37,52,80,10
38,12,50,10
39,39,88,10
40,79,51,10
41,87,41,10
42,16,43,10
43,70,26,10
44,80,76,10
45,29,58,10
46,95,96,10
47,20,77,10
48,48,8,10
49,22,90,10
50,41,17,10
51,35,69,10
52,99,97,10
53,79,75,10
54,72,57,10
55,88,9,10
56,11,52,10
57,17,5,10
58,23,97,10
59,99,26,10
60,48,88,10
61,11,49,10
1,65,79,11
2,23,74,11
3,61,76,11
4,30,94,11
5,38,60,11
6,99,88,11
7,28,51,11
8,97,28,11
9,37,98,11
10,9,72,11
11,97,75,11
12,41,42,11
13,49,18,11
14,70,12,11
15,19,98,11
16,60,37,11
17,37,51,11
18,54,95,11
19,36,12,11
20,55,98,11
21,41,19,11
22,85,1,11
23,99,85,11
24,36,78,11
25,85,73,11
26,59,76,11
27,41,88,11
28,82,10,11
29,25,49,11
30,82,32,11
31,60,31,11
32,14,65,11
33,36,31,11
34,14,84,11
35,49,12,11
36,24,8,11
37,51,81,11
38,11,51,11
39,40,87,11
40,78,50,11
41,88,40,11
42,15,43,11
43,70,27,11
44,80,77,11
45,29,57,11
46,94,97,11
47,21,77,11
48,48,7,11
49,21,90,11
50,41,17,11
51,35,68,11
52,99,97,11
53,78,76,11
54,71,56,11
55,88,10,11
56,10,51,11
57,16,5,11
58,23,97,11
59,98,25,11
60,48,87,11
61,10,49,11
1,64,80,12
2,22,74,12
3,62,76,12
4,29,93,12
5,39,59,12
6,98,87,12
7,28,52,12
8,97,28,12
9,37,99,12
10,9,71,12
11,98,74,12
12,40,41,12
13,48,19,12
14,69,12,12
15,20,99,12
16,59,38,12
17,36,51,12
18,55,94,12
19,35,13,12
20,54,99,12
21,40,19,12
22,86,2,12
23,98,85,12
24,37,77,12
25,84,74,12
26,58,77,12
27,41,87,12
28,82,9,12
29,26,49,12
30,83,31,12
31,59,30,12
32,15,65,12
33,35,32,12
34,13,83,12
35,50,13,12
36,23,9,12
37,50,82,12
38,11,52,12
39,42,87,12
40,79,50,12
41,88,40,12
42,16,44,12
43,71,28,12
44,80,77,12
45,30,57,12
46,94,97,12
47,21,78,12
48,47,6,12
49,22,89,12
50,41,16,12
51,36,67,12
52,98,98,12
53,79,76,12
54,71,57,12
55,89,11,12
56,11,51,12
57,15,6,12
58,24,96,12
59,98,26,12
60,48,86,12
61,9,50,12
1,65,80,13
2,21,74,13
3,63,76,13
4,29,94,13
5,38,60,13
6,99,87,13
7,29,53,13
8,97,29,13
9,37,98,13
10,10,70,13
11,97,74,13
12,39,40,13
13,49,20,13
14,68,13,13
15,21,98,13
16,59,39,13
17,37,52,13
18,54,94,13
19,35,14,13
20,53,99,13
21,39,18,13
22,87,3,13
23,99,84,13
24,36,78,13
25,83,74,13
26,59,78,13
27,43,88,13
28,81,8,13
29,25,49,13
30,83,30,13
31,59,29,13
32,14,64,13
33,35,31,13
34,13,83,13
35,51,14,13
36,22,9,13
37,49,82,13
38,10,52,13
39,43,86,13
40,80,50,13
41,89,39,13
42,17,45,13
43,71,27,13
44,80,78,13
45,30,58,13
46,94,96,13
47,20,77,13
48,46,5,13
49,21,90,13
50,40,16,13
51,37,67,13
52,98,99,13
53,78,77,13
54,71,58,13
55,90,11,13
56,12,51,13
57,14,7,13
58,24,97,13
59,99,25,13
60,48,87,13
61,9,50,13
1,66,81,14
2,22,73,14
3,64,75,14
4,30,93,14
5,39,60,14
6,98,86,14
7,30,53,14
8,97,28,14
9,37,97,14
10,10,71,14
11,98,75,14
12,39,39,14
13,50,20,14
14,69,12,14
15,20,99,14
16,60,39,14
17,36,51,14
18,54,95,14
19,34,15,14
20,53,98,14
21,39,19,14
22,86,4,14
23,98,85,14
24,36,79,14
25,82,75,14
26,58,79,14
27,44,87,14
28,81,8,14
29,24,49,14
30,83,31,14
31,58,29,14
32,14,63,14
33,34,31,14
34,14,84,14
35,51,15,14
36,23,8,14
37,49,83,14
38,9,51,14
39,42,87,14
40,79,51,14
41,88,40,14
42,18,44,14
43,70,28,14
44,80,78,14
45,29,57,14
46,93,95,14
47,20,78,14
48,47,4,14
49,22,91,14
50,41,15,14
51,38,66,14
52,97,98,14
53,79,78,14
54,71,59,14
55,90,12,14
56,11,50,14
57,15,6,14
58,24,96,14
59,99,26,14
60,49,87,14
61,9,50,14
1,66,82,15
2,22,72,15
3,65,75,15
4,30,93,15
5,40,61,15
6,97,85,15
7,31,52,15
8,98,29,15
9,36,96,15
10,10,72,15
11,97,74,15
12,38,40,15
13,49,20,15
14,68,11,15
15,21,99,15
16,60,39,15
17,35,52,15
18,55,94,15
19,33,15,15
20,53,97,15
21,39,20,15
22,87,4,15
23,99,84,15
24,37,78,15
25,82,75,15
26,57,78,15
27,44,88,15
28,82,9,15
29,25,48,15
30,84,31,15
31,59,29,15
32,14,63,15
33,34,32,15
34,14,84,15
35,50,14,15
36,22,9,15
37,50,82,15
38,9,51,15
39,43,88,15
40,78,50,15
41,89,40,15
42,18,44,15
43,69,27,15
44,80,79,15
45,30,56,15
46,92,94,15
47,20,77,15
48,47,4,15
49,23,92,15
50,42,15,15
51,38,65,15
52,98,97,15
53,78,79,15
54,72,60,15
55,90,12,15
56,12,49,15
57,16,7,15
58,23,95,15
59,98,25,15
60,49,86,15
61,8,51,15
1,67,82,16
2,21,72,16
3,66,76,16
4,30,93,16
5,40,60,16
6,98,85,16
7,32,53,16
8,99,28,16
9,36,95,16
10,11,71,16
11,97,74,16
12,37,41,16
13,49,21,16
14,67,11,16
15,21,99,16
16,60,39,16
17,35,52,16
18,55,95,16
19,34,14,16
20,54,98,16
21,38,21,16
22,86,3,16
23,99,85,16
24,38,77,16
25,83,75,16
26,58,77,16
27,45,88,16
28,83,8,16
29,26,48,16
30,83,31,16
31,58,29,16
32,13,62,16
33,35,33,16
34,14,83,16
35,51,15,16
36,23,8,16
37,49,81,16
38,8,50,16
39,43,89,16
40,78,51,16
41,90,40,16
42,19,43,16
43,69,26,16
44,80,79,16
45,30,57,16
46,92,94,16
47,21,76,16
48,48,5,16
49,23,91,16
50,43,14,16
51,37,66,16
52,98,96,16
53,77,78,16
54,72,61,16
55,90,13,16
56,12,48,16
57,15,6,16
58,24,95,16
59,99,25,16
60,49,85,16
61,9,52,16
1,68,83,17
2,22,71,17
3,65,76,17
4,31,93,17
5,40,59,17
6,99,84,17
7,33,53,17
8,99,28,17
9,35,95,17
10,10,71,17
11,97,75,17
12,37,41,17
13,49,22,17
14,67,11,17
15,21,99,17
16,61,39,17
17,36,52,17
18,55,96,17
19,33,15,17
20,54,98,17
21,37,20,17
22,87,2,17
23,98,84,17
24,39,78,17
25,83,74,17
26,58,78,17
27,46,88,17
28,83,7,17
29,25,47,17
30,84,30,17
31,57,28,17
32,14,61,17
33,34,33,17
34,15,82,17
35,52,15,17
36,23,8,17
37,48,82,17
38,9,49,17
39,42,90,17
40,79,50,17
41,91,41,17
42,18,44,17
43,69,25,17
44,80,79,17
45,29,58,17
46,92,94,17
47,22,77,17
48,49,5,17
49,23,90,17
50,44,13,17
51,36,66,17
52,97,96,17
53,78,77,17
54,73,61,17
55,90,12,17
56,11,49,17
57,15,6,17
58,24,95,17
59,99,26,17
60,49,84,17
61,9,52,17
1,69,83,18
2,23,71,18
3,66,75,18
4,30,94,18
5,39,60,18
6,97,85,18
7,32,52,18
8,99,27,18
9,36,95,18
10,9,71,18
11,97,74,18
12,38,40,18
13,49,21,18
14,68,10,18
15,21,98,18
16,62,38,18
17,35,52,18
18,56,96,18
19,34,15,18
20,53,99,18
21,37,19,18
22,86,2,18
23,98,84,18
24,40,77,18
25,82,74,18
26,57,79,18
27,46,89,18
28,82,7,18
29,24,47,18
30,83,30,18
31,56,27,18
32,14,61,18
33,35,33,18
34,14,83,18
35,52,16,18
36,22,8,18
37,48,81,18
38,9,48,18
39,42,90,18
40,80,51,18
41,91,42,18
42,19,44,18
43,70,25,18
44,81,80,18
45,28,57,18
46,92,94,18
47,21,78,18
48,49,5,18
49,23,91,18
50,45,13,18
51,36,66,18
52,97,95,18
53,77,78,18
54,74,62,18
55,91,11,18
56,10,50,18
57,15,7,18
58,23,96,18
59,98,25,18
60,49,85,18
61,9,52,18
1,68,83,19
2,23,70,19
3,65,74,19
4,31,93,19
5,38,60,19
6,97,85,19
7,32,51,19
8,98,26,19
9,37,94,19
10,9,70,19
11,98,73,19
12,39,39,19
13,48,20,19
14,68,10,19
15,20,99,19
16,61,38,19
17,34,52,19
18,56,97,19
19,33,14,19
20,52,99,19
21,38,20,19
22,87,2,19
23,98,85,19
24,41,76,19
25,81,75,19
26,58,80,19
27,45,90,19
28,81,6,19
29,25,48,19
30,84,29,19
31,57,27,19
32,13,60,19
33,36,33,19
34,13,83,19
35,51,17,19
36,21,8,19
37,48,81,19
38,9,48,19
39,41,89,19
40,79,52,19
41,90,43,19
42,20,44,19
43,69,24,19
44,81,79,19
45,28,57,19
46,91,94,19
47,20,77,19
48,49,6,19
49,24,90,19
50,46,13,19
51,35,66,19
52,98,94,19
53,78,77,19
54,74,63,19
55,92,11,19
56,9,51,19
57,14,6,19
58,23,95,19
59,99,24,19
60,49,84,19
61,8,51,19
1,67,84,20
2,22,70,20
3,66,75,20
4,31,92,20
5,39,59,20
6,99,86,20
7,31,50,20
8,98,26,20
9,36,94,20
10,9,69,20
11,98,72,20
12,38,39,20
13,48,19,20
14,68,10,20
15,21,99,20
16,60,38,20
17,33,51,20
18,57,97,20
19,34,14,20
20,52,98,20
21,38,20,20
22,87,2,20
23,97,85,20
24,41,76,20
25,81,75,20
26,58,81,20
27,44,91,20
28,80,5,20
29,25,48,20
30,84,30,20
31,57,27,20
32,13,61,20
33,37,32,20
34,12,82,20
35,52,16,20
36,20,8,20
37,48,80,20
38,8,47,20
39,42,88,20
40,79,53,20
41,91,42,20
42,21,44,20
43,69,24,20
44,81,78,20
45,28,56,20
46,92,95,20
47,21,77,20
48,49,7,20
49,24,90,20
50,46,13,20
51,35,65,20
52,98,94,20
53,78,78,20
54,75,62,20
55,91,12,20
56,9,50,20
57,15,6,20
58,22,96,20
59,99,24,20
60,49,84,20
61,7,51,20
1,68,83,21
2,23,71,21
3,66,75,21
4,30,93,21
5,38,58,21
6,99,87,21
7,30,49,21
8,99,25,21
9,37,94,21
10,8,69,21
11,99,72,21
12,39,39,21
13,48,19,21
14,68,11,21
15,22,98,21
16,60,38,21
17,34,50,21
18,56,97,21
19,34,14,21
20,53,98,21
21,37,19,21
22,88,1,21
23,98,85,21
24,41,75,21
25,81,75,21
26,57,81,21
27,45,90,21
28,81,4,21
29,24,47,21
30,84,30,21
31,58,26,21
32,13,61,21
33,36,32,21
34,11,83,21
35,53,17,21
36,19,8,21
37,47,79,21
38,8,46,21
39,42,88,21
40,80,54,21
41,92,43,21
42,21,44,21
43,70,23,21
44,81,78,21
45,28,57,21
46,93,96,21
47,20,78,21
48,48,6,21
49,24,89,21
50,47,12,21
51,34,64,21
52,98,94,21
53,78,79,21
54,74,61,21
55,92,13,21
56,8,51,21
57,16,5,21
58,22,95,21
59,99,24,21
60,48,83,21
61,6,52,21
1,69,82,22
2,23,70,22
3,66,76,22
4,30,92,22
5,38,59,22
6,99,87,22
7,31,48,22
8,99,26,22
9,38,95,22
10,8,69,22
11,99,73,22
12,39,39,22
13,47,19,22
14,68,10,22
15,23,98,22
16,61,38,22
17,35,51,22
18,56,98,22
19,34,13,22
20,53,99,22
21,36,20,22
22,87,1,22
23,97,84,22
24,40,74,22
25,82,75,22
26,58,80,22
27,45,91,22
28,80,5,22
29,24,48,22
30,83,30,22
31,58,26,22
32,12,61,22
33,35,32,22
34,11,82,22
35,52,16,22
36,20,9,22
37,46,79,22
38,7,47,22
39,43,87,22
40,79,55,22
41,93,43,22
42,22,43,22
43,71,24,22
44,82,79,22
45,28,57,22
46,93,95,22
47,20,77,22
48,47,5,22
49,23,90,22
50,48,13,22
51,34,65,22
52,97,93,22
53,79,78,22
54,74,60,22
55,91,14,22
56,7,51,22
57,17,4,22
58,22,96,22
59,99,23,22
60,47,84,22
61,5,52,22
1,68,82,23
2,24,71,23
3,67,77,23
4,29,93,23
5,38,59,23
6,98,87,23
7,31,47,23
8,98,26,23
9,37,95,23
10,8,68,23
11,98,72,23
12,38,39,23
13,47,18,23
14,68,11,23
15,22,99,23
16,60,38,23
17,35,52,23
18,56,97,23
19,33,14,23
20,53,99,23
21,36,19,23
22,87,2,23
23,96,83,23
24,40,73,23
25,82,75,23
26,57,79,23
27,45,91,23
28,80,5,23
29,23,49,23
30,82,30,23
31,58,25,23
32,12,60,23
33,34,32,23
34,10,81,23
35,52,15,23
36,21,10,23
37,47,80,23
38,8,48,23
39,42,88,23
40,80,56,23
41,92,43,23
42,21,42,23
43,71,24,23
44,81,78,23
45,28,58,23
46,94,96,23
47,21,77,23
48,47,5,23
49,22,90,23
50,47,12,23
51,33,66,23
52,97,94,23
53,80,78,23
54,73,60,23
55,92,15,23
56,7,51,23
57,18,5,23
58,21,96,23
59,99,24,23
60,48,83,23
61,5,52,23
1,69,82,24
2,24,72,24
3,66,76,24
4,29,92,24
5,39,59,24
6,99,88,24
7,30,47,24
8,98,27,24
9,36,95,24
10,9,67,24
11,99,73,24
12,38,38,24
13,47,19,24
14,69,10,24
15,22,98,24
16,59,38,24
17,36,53,24
18,56,96,24
19,32,14,24
20,53,98,24
21,37,18,24
22,86,1,24
23,96,83,24
24,40,72,24
25,83,75,24
26,56,80,24
27,46,91,24
28,80,6,24
29,23,49,24
30,81,31,24
31,57,26,24
32,12,61,24
33,34,31,24
34,9,82,24
35,53,16,24
36,20,10,24
37,46,79,24
38,9,49,24
39,43,89,24
40,79,56,24
41,91,43,24
42,21,42,24
43,72,25,24
44,81,78,24
45,27,58,24
46,93,95,24
47,21,78,24
48,48,5,24
49,23,90,24
50,48,12,24
51,33,67,24
52,96,93,24
53,81,79,24
54,73,60,24
55,93,15,24
56,7,50,24
57,19,4,24
58,22,96,24
59,98,25,24
60,48,83,24
61,5,52,24
1,69,82,25
2,24,72,25
3,65,75,25
4,30,93,25
5,38,60,25
6,99,89,25
7,30,48,25
8,99,27,25
9,36,94,25
10,10,67,25
11,99,74,25
12,38,39,25
13,46,20,25
14,70,10,25
15,22,97,25
16,60,39,25
17,36,52,25
18,55,95,25
19,31,15,25
20,54,99,25
21,37,17,25
22,86,1,25
23,96,82,25
24,39,71,25
25,83,75,25
26,56,79,25
27,47,91,25
28,81,7,25
29,22,50,25
30,81,30,25
31,57,26,25
32,13,60,25
33,34,32,25
34,8,83,25
35,52,15,25
36,21,9,25
37,45,80,25
38,9,48,25
39,43,88,25
40,80,56,25
41,92,44,25
42,20,43,25
43,72,26,25
44,80,79,25
45,28,57,25
46,94,94,25
47,21,79,25
48,48,5,25
49,22,91,25
50,48,13,25
51,34,67,25
52,96,92,25
53,79,80,25
54,73,59,25
55,94,16,25
56,6,49,25
57,19,3,25
58,22,95,25
59,99,26,25
60,48,82,25
61,5,53,25
1,68,82,26
2,25,72,26
3,66,74,26
4,31,92,26
5,38,60,26
6,99,90,26
7,29,48,26
8,99,28,26
9,36,95,26
10,9,66,26
11,99,75,26
12,37,39,26
13,45,20,26
14,69,10,26
15,23,96,26
16,61,40,26
17,35,51,26
18,54,95,26
19,32,14,26
20,53,98,26
21,37,18,26
22,85,0,26
23,96,81,26
24,40,71,26
25,82,74,26
26,55,80,26
27,46,90,26
28,80,6,26
29,23,51,26
30,81,30,26
31,58,25,26
32,13,60,26
33,34,31,26
34,7,84,26
35,52,15,26
36,20,9,26
37,44,80,26
38,8,48,26
39,42,88,26
40,81,55,26
41,93,45,26
42,20,44,26
43,73,26,26
44,80,81,26
45,27,57,26
46,95,94,26
47,21,80,26
48,49,5,26
49,23,91,26
50,49,12,26
51,33,68,26
52,96,92,26
53,79,79,26
54,72,59,26
55,94,15,26
56,7,50,26
57,19,4,26
58,22,95,26
59,98,27,26
60,49,82,26
61,6,54,26
1,67,83,27
2,25,71,27
3,65,73,27
4,30,91,27
5,39,60,27
6,99,91,27
7,30,47,27
8,98,29,27
9,36,94,27
10,10,66,27
11,99,75,27
12,37,39,27
13,44,19,27
14,70,9,27
15,24,96,27
16,62,39,27
17,36,50,27
18,55,94,27
19,31,14,27
20,53,98,27
21,37,19,27
22,84,0,27
23,95,82,27
24,40,72,27
25,81,75,27
26,56,81,27
27,46,90,27
28,80,5,27
29,23,52,27
30,82,30,27
31,57,24,27
32,14,60,27
33,33,31,27
34,7,85,27
35,51,14,27
36,20,9,27
37,43,79,27
38,7,47,27
39,41,87,27
40,81,55,27
41,92,46,27
42,21,43,27
43,72,26,27
44,80,80,27
45,28,56,27
46,95,94,27
47,21,79,27
48,49,4,27
49,23,91,27
50,48,13,27
51,32,67,27
52,95,92,27
53,80,79,27
54,71,59,27
55,93,15,27
56,8,51,27
57,19,3,27
58,22,95,27
59,98,27,27
60,48,83,27
61,7,53,27
1,66,82,28
2,25,71,28
3,64,74,28
4,30,91,28
5,39,59,28
6,99,92,28
7,29,47,28
8,98,29,28
9,37,93,28
10,9,65,28
11,99,76,28
12,38,38,28
13,44,20,28
14,69,9,28
15,24,95,28
16,61,38,28
17,36,51,28
18,56,95,28
19,30,13,28
20,53,98,28
21,38,19,28
22,84,0,28
23,94,82,28
24,41,72,28
25,81,74,28
26,55,82,28
27,46,91,28
28,79,5,28
29,22,51,28
30,83,30,28
31,58,23,28
32,13,60,28
33,34,30,28
34,6,86,28
35,50,14,28
36,19,8,28
37,42,78,28
38,6,46,28
39,41,87,28
40,81,56,28
41,92,46,28
42,20,42,28
43,72,26,28
44,80,81,28
45,29,57,28
46,96,93,28
47,21,80,28
48,49,5,28
49,24,90,28
50,48,13,28
51,32,67,28
52,95,91,28
53,79,78,28
54,71,58,28
55,92,16,28
56,9,50,28
57,18,3,28
58,23,94,28
59,99,27,28
60,47,83,28
61,6,54,28
1,66,81,29
2,24,70,29
3,63,73,29
4,29,91,29
5,40,58,29
6,99,92,29
7,28,47,29
8,97,28,29
9,38,92,29
10,8,65,29
11,98,76,29
12,37,38,29
13,45,21,29
14,69,9,29
15,24,94,29
16,60,39,29
17,35,51,29
18,56,94,29
19,31,13,29
20,53,98,29
21,39,20,29
22,84,1,29
23,94,82,29
24,40,72,29
25,80,73,29
26,55,83,29
27,47,90,29
28,79,4,29
29,22,52,29
30,84,31,29
31,58,23,29
32,14,59,29
33,35,29,29
34,5,87,29
35,51,14,29
36,19,7,29
37,41,77,29
38,5,47,29
39,41,88,29
40,80,55,29
41,92,45,29
42,20,42,29
43,72,27,29
44,81,80,29
45,29,57,29
46,95,94,29
47,21,81,29
48,48,5,29
49,25,90,29
50,49,13,29
51,31,68,29
52,96,92,29
53,79,77,29
54,71,59,29
55,93,16,29
56,10,50,29
57,17,4,29
58,23,94,29
59,98,27,29
60,48,84,29
61,7,54,29
1,65,81,30
2,23,70,30
3,62,72,30
4,29,92,30
5,41,59,30
6,99,92,30
7,28,48,30
8,98,28,30
9,37,91,30
10,7,64,30
11,98,77,30
12,36,39,30
13,46,22,30
14,69,8,30
15,23,93,30
16,59,40,30
17,34,51,30
18,57,94,30
19,30,12,30
20,53,99,30
21,39,21,30
22,84,2,30
23,95,81,30
24,40,71,30
25,79,74,30
26,54,83,30
27,47,91,30
28,78,4,30
29,22,51,30
30,85,32,30
31,59,23,30
32,14,59,30
33,36,28,30
34,6,87,30
35,50,15,30
36,20,6,30
37,41,77,30
38,5,46,30
39,41,87,30
40,81,55,30
41,93,45,30
42,20,43,30
43,73,28,30
44,82,79,30
45,28,56,30
46,94,93,30
47,20,81,30
48,47,6,30
49,24,91,30
50,49,13,30
51,31,67,30
52,95,93,30
53,80,78,30
54,71,60,30
55,93,15,30
56,9,49,30
57,16,4,30
58,23,95,30
59,99,27,30
60,49,84,30
61,8,54,30
1,64,81,31
2,23,69,31
3,63,72,31
4,30,92,31
5,42,59,31
6,98,92,31
7,27,48,31
8,99,28,31
9,37,92,31
10,7,64,31
11,99,78,31
12,36,38,31
13,46,23,31
14,70,7,31
15,22,94,31
16,60,40,31
17,34,50,31
18,58,94,31
19,29,12,31
20,52,99,31
21,39,22,31
22,85,1,31
23,96,82,31
24,39,70,31
25,78,73,31
26,53,83,31
27,46,90,31
28,78,4,31
29,23,50,31
30,84,32,31
31,58,23,31
32,15,58,31
33,36,27,31
34,7,88,31
35,51,15,31
36,20,5,31
37,41,76,31
38,5,45,31
39,42,88,31
40,80,55,31
41,93,46,31
42,21,43,31
43,72,28,31
44,83,80,31
45,27,56,31
46,94,94,31
47,20,82,31
48,46,7,31
49,24,91,31
50,49,12,31
51,31,66,31
52,95,92,31
53,81,78,31
54,70,59,31
55,94,14,31
56,8,48,31
57,15,3,31
58,24,95,31
59,99,27,31
60,50,84,31
61,7,55,31
1,63,80,32
2,24,68,32
3,63,73,32
4,30,93,32
5,42,59,32
6,97,92,32
7,26,47,32
8,98,27,32
9,36,92,32
10,8,64,32
11,98,78,32
12,36,38,32
13,47,24,32
14,69,6,32
15,21,94,32
16,60,39,32
17,34,51,32
18,59,95,32
19,29,11,32
20,53,98,32
21,40,22,32
22,86,2,32
23,97,83,32
24,38,70,32
25,79,72,32
26,54,84,32
27,47,91,32
28,79,4,32
29,24,49,32
30,83,32,32
31,57,24,32
32,15,57,32
33,37,28,32
34,8,88,32
35,51,15,32
36,19,5,32
37,42,76,32
38,5,45,32
39,42,87,32
40,81,55,32
41,94,45,32
42,20,42,32
43,71,28,32
44,83,80,32
45,27,56,32
46,94,94,32
47,20,82,32
48,46,7,32
49,25,91,32
50,48,12,32
51,30,65,32
52,94,92,32
53,80,78,32
54,70,59,32
55,94,13,32
56,8,49,32
57,14,2,32
58,23,94,32
59,98,28,32
60,49,84,32
61,6,55,32
1,62,79,33
2,24,69,33
3,64,72,33
4,31,94,33
5,43,58,33
6,97,91,33
7,26,46,33
8,98,27,33
9,35,92,33
10,8,64,33
11,99,79,33
12,35,37,33
13,47,25,33
14,70,7,33
15,20,93,33
16,59,40,33
17,34,52,33
18,60,95,33
19,29,10,33
20,54,99,33
21,39,21,33
22,87,2,33
23,97,82,33
24,39,71,33
25,80,71,33
26,55,83,33
27,48,90,33
28,78,3,33
29,23,50,33
30,82,32,33
31,56,23,33
32,16,57,33
33,37,27,33
34,7,88,33
35,52,16,33
36,18,4,33
37,42,76,33
38,4,46,33
39,43,88,33
40,80,54,33
41,94,45,33
42,21,42,33
43,72,27,33
44,84,80,33
45,27,55,33
46,93,94,33
47,21,81,33
48,47,8,33
49,25,90,33
50,49,11,33
51,31,64,33
52,95,92,33
53,80,78,33
54,70,59,33
55,93,14,33
56,7,48,33
57,15,1,33
58,23,93,33
59,97,29,33
60,50,84,33
61,5,55,33
1,62,80,34
2,25,70,34
3,64,72,34
4,30,93,34
5,44,58,34
6,98,92,34
7,25,45,34
8,98,26,34
9,35,93,34
10,8,65,34
11,99,79,34
12,35,38,34
13,48,26,34
14,69,8,34
15,21,94,34
16,60,39,34
17,35,51,34
18,61,96,34
19,28,9,34
20,53,98,34
21,38,22,34
22,87,1,34
23,96,82,34
24,39,72,34
25,81,70,34
26,55,84,34
27,48,90,34
28,77,2,34
29,23,51,34
30,81,32,34
31,57,23,34
32,17,57,34
33,36,28,34
34,6,88,34
35,52,15,34
36,18,4,34
37,41,76,34
38,3,47,34
39,44,88,34
40,81,54,34
41,95,44,34
42,22,43,34
43,73,27,34
44,85,80,34
45,26,55,34
46,92,94,34
47,20,81,34
48,48,7,34
49,25,90,34
50,48,12,34
51,32,65,34
52,96,93,34
53,81,78,34
54,71,59,34
55,94,14,34
56,6,47,34
57,14,2,34
58,22,94,34
59,96,30,34
60,49,85,34
61,4,56,34
1,62,79,35
2,25,71,35
3,63,73,35
4,29,93,35
5,45,58,35
6,98,93,35
7,25,45,35
8,99,26,35
9,34,93,35
10,9,65,35
11,99,80,35
12,34,37,35
13,48,26,35
14,68,9,35
15,21,93,35
16,61,38,35
17,34,52,35
18,61,95,35
19,27,9,35
20,52,98,35
21,37,22,35
22,88,1,35
23,95,81,35
24,40,71,35
25,81,69,35
26,56,84,35
27,49,90,35
28,76,1,35
29,22,51,35
30,82,33,35
31,58,24,35
32,17,57,35
33,36,29,35
34,7,88,35
35,51,16,35
36,17,3,35
37,40,77,35
38,2,47,35
39,43,89,35
40,80,54,35
41,96,44,35
42,22,43,35
43,73,28,35
44,86,81,35
45,27,56,35
46,93,93,35
47,21,80,35
48,49,6,35
49,25,91,35
50,48,12,35
51,33,65,35
52,95,93,35
53,81,78,35
54,70,60,35
55,95,15,35
56,5,47,35
57,13,1,35
58,22,93,35
59,97,30,35
60,49,85,35
61,4,57,35
1,63,78,36
2,25,71,36
3,62,74,36
4,29,93,36
5,44,57,36
6,98,93,36
7,26,46,36
8,99,25,36
9,33,94,36
10,8,65,36
11,99,80,36
12,35,37,36
13,49,26,36
14,67,10,36
15,20,94,36
16,62,38,36
17,33,53,36
18,62,96,36
19,28,10,36
20,53,99,36
21,37,21,36
22,89,1,36
23,96,80,36
24,40,72,36
25,82,68,36
26,55,85,36
27,48,91,36
28,77,0,36
29,22,51,36
30,83,33,36
31,58,23,36
32,16,56,36
33,37,28,36
34,8,88,36
35,51,16,36
36,16,4,36
37,41,76,36
38,3,46,36
39,42,89,36
40,80,53,36
41,96,45,36
42,23,43,36
43,73,29,36
44,87,80,36
45,28,56,36
46,94,93,36
47,20,80,36
48,48,7,36
49,25,90,36
50,47,11,36
51,32,65,36
52,95,93,36
53,82,77,36
54,70,59,36
55,95,16,36
56,5,48,36
57,14,1,36
58,23,92,36
59,97,29,36
60,49,86,36
61,5,58,36
1,64,79,37
2,24,71,37
3,61,75,37
4,28,94,37
5,43,58,37
6,98,93,37
7,25,46,37
8,98,24,37
9,33,94,37
10,7,66,37
11,98,79,37
12,36,36,37
13,50,25,37
14,68,10,37
15,19,94,37
16,62,37,37
17,33,54,37
18,63,95,37
19,29,9,37
20,54,98,37
21,37,22,37
22,90,0,37
23,95,81,37
24,40,72,37
25,82,69,37
26,55,86,37
27,47,91,37
28,76,0,37
29,21,52,37
30,83,34,37
31,59,22,37
32,16,57,37
33,38,28,37
34,7,89,37
35,50,15,37
36,17,4,37
37,42,77,37
38,2,45,37
39,41,88,37
40,79,53,37
41,96,45,37
42,22,42,37
43,72,30,37
44,88,80,37
45,29,57,37
46,95,94,37
47,19,79,37
48,47,8,37
49,25,91,37
50,48,11,37
51,31,66,37
52,96,93,37
53,83,78,37
54,70,58,37
55,94,17,37
56,6,48,37
57,14,0,37
58,22,93,37
59,98,28,37
60,48,87,37
61,5,59,37
1,65,78,38
2,23,70,38
3,60,75,38
4,27,93,38
5,44,58,38
6,99,92,38
7,24,46,38
8,98,24,38
9,34,94,38
10,7,65,38
11,99,80,38
12,36,36,38
13,51,26,38
14,69,9,38
15,19,93,38
16,63,38,38
17,33,54,38
18,63,95,38
19,28,10,38
20,54,98,38
21,38,21,38
22,89,1,38
23,96,82,38
24,39,73,38
25,83,68,38
26,55,86,38
27,46,91,38
28,77,1,38
29,22,51,38
30,83,34,38
31,58,22,38
32,15,58,38
33,37,29,38
34,7,90,38
35,51,14,38
36,17,3,38
37,43,76,38
38,1,44,38
39,41,88,38
40,80,54,38
41,95,45,38
42,22,41,38
43,72,30,38
44,89,81,38
45,30,57,38
46,94,94,38
47,18,79,38
48,46,8,38
49,24,90,38
50,47,11,38
51,30,66,38
52,97,93,38
53,82,77,38
54,69,58,38
55,94,16,38
56,7,49,38
57,13,1,38
58,23,92,38
59,98,28,38
60,49,88,38
61,4,58,38
1,65,77,39
2,24,70,39
3,60,76,39
4,26,92,39
5,43,57,39
6,99,91,39
7,24,45,39
8,97,25,39
9,34,93,39
10,7,64,39
11,99,81,39
12,36,35,39
13,51,25,39
14,70,8,39
15,18,93,39
16,63,37,39
17,32,53,39
18,63,96,39
19,29,9,39
20,53,99,39
21,38,22,39
22,89,0,39
23,95,82,39
24,39,72,39
25,84,67,39
26,55,86,39
27,45,92,39
28,76,2,39
29,21,51,39
30,84,33,39
31,59,23,39
32,14,59,39
33,38,30,39
34,7,90,39
35,51,13,39
36,16,3,39
37,44,75,39
38,1,43,39
39,40,89,39
40,79,54,39
41,96,46,39
42,21,41,39
43,71,31,39
44,90,82,39
45,30,57,39
46,94,94,39
47,17,78,39
48,47,7,39
49,25,89,39
50,46,12,39
51,29,65,39
52,98,94,39
53,81,77,39
54,69,57,39
55,93,16,39
56,6,49,39
57,12,0,39
58,24,91,39
59,97,27,39
60,48,87,39
61,5,58,39
1,66,76,40
2,24,71,40
3,59,77,40
4,25,91,40
5,43,56,40
6,98,90,40
7,25,46,40
8,97,26,40
9,35,93,40
10,6,65,40
11,98,80,40
12,36,36,40
13,50,25,40
14,70,8,40
15,19,93,40
16,64,38,40
17,32,53,40
18,63,95,40
19,30,10,40
20,54,99,40
21,37,21,40
22,89,1,40
23,95,83,40
24,39,72,40
25,85,68,40
26,54,87,40
27,46,92,40
28,76,1,40
29,21,50,40
30,85,32,40
31,59,24,40
32,15,59,40
33,39,29,40
34,8,89,40
35,50,13,40
36,15,2,40
37,43,76,40
38,0,43,40
39,41,88,40
40,80,55,40
41,97,45,40
42,22,42,40
43,70,32,40
44,90,83,40
45,31,56,40
46,95,95,40
47,17,79,40
48,46,8,40
49,25,89,40
50,45,12,40
51,28,66,40
52,97,93,40
53,81,78,40
54,69,58,40
55,94,16,40
56,7,48,40
57,11,1,40
58,23,90,40
59,98,28,40
60,48,87,40
61,5,59,40
1,65,77,41
2,23,72,41
3,60,77,41
4,26,90,41
5,43,57,41
6,97,91,41
7,25,46,41
8,98,25,41
9,34,93,41
10,7,65,41
11,98,81,41
12,37,35,41
13,51,24,41
14,70,7,41
15,18,93,41
16,64,38,41
17,31,52,41
18,62,94,41
19,30,11,41
20,55,99,41
21,36,22,41
22,89,0,41
23,94,82,41
24,40,71,41
25,86,67,41
26,53,88,41
27,45,91,41
28,75,2,41
29,21,49,41
30,85,33,41
31,58,23,41
32,16,60,41
33,39,29,41
34,8,88,41
35,50,14,41
36,15,1,41
37,42,75,41
38,1,43,41
39,41,87,41
40,81,56,41
41,97,44,41
42,22,41,41
43,69,31,41
44,89,82,41
45,32,55,41
46,95,94,41
47,16,78,41
48,46,8,41
49,25,89,41
50,46,12,41
51,28,66,41
52,96,93,41
53,81,78,41
54,68,57,41
55,94,17,41
56,7,47,41
57,11,0,41
58,22,91,41
59,97,28,41
60,48,88,41
61,5,58,41
1,64,78,42
2,24,73,42
3,59,77,42
4,26,89,42
5,42,56,42
6,97,90,42
7,25,46,42
8,98,26,42
9,34,92,42
10,6,66,42
11,98,80,42
12,36,34,42
13,50,24,42
14,69,6,42
15,19,94,42
16,63,37,42
17,32,52,42
18,63,94,42
19,29,11,42
20,54,99,42
21,37,21,42
22,90,1,42
23,93,81,42
24,39,71,42
25,86,67,42
26,54,87,42
27,44,92,42
28,76,1,42
29,22,48,42
30,85,34,42
31,58,23,42
32,17,60,42
33,39,28,42
34,8,88,42
35,51,13,42
36,15,0,42
37,43,75,42
38,1,43,42
39,40,88,42
40,82,55,42
41,98,43,42
42,23,41,42
43,70,32,42
44,89,82,42
45,31,54,42
46,97,94,42
47,15,78,42
48,47,8,42
49,25,89,42
50,45,12,42
51,29,65,42
52,95,94,42
53,82,79,42
54,67,57,42
55,95,16,42
56,6,47,42
57,11,0,42
58,23,91,42
59,97,28,42
60,49,89,42
61,5,57,42
1,63,79,43
2,25,74,43
3,58,78,43
4,27,89,43
5,43,57,43
6,97,90,43
7,26,46,43
8,97,27,43
9,33,92,43
10,5,65,43
11,98,81,43
12,37,35,43
13,49,25,43
14,70,5,43
15,20,93,43
16,63,36,43
17,32,53,43
18,64,95,43
19,30,10,43
20,55,99,43
21,36,22,43
22,90,2,43
23,94,81,43
24,40,70,43
25,87,68,43
26,53,86,43
27,45,92,43
28,76,0,43
29,23,47,43
30,85,34,43
31,57,22,43
32,16,60,43
33,39,29,43
34,8,87,43
35,51,13,43
36,15,0,43
37,42,76,43
38,2,43,43
39,39,88,43
40,83,55,43
41,98,42,43
42,23,41,43
43,69,32,43
44,89,82,43
45,32,55,43
46,96,95,43
47,16,79,43
48,48,9,43
49,25,88,43
50,46,13,43
51,28,65,43
52,96,94,43
53,82,80,43
54,66,58,43
55,95,16,43
56,6,48,43
57,12,0,43
58,24,90,43
59,98,27,43
60,48,89,43
61,6,56,43
1,63,78,44
2,26,73,44
3,58,77,44
4,28,90,44
5,43,58,44
6,98,89,44
7,26,46,44
8,99,28,44
9,33,92,44
10,5,66,44
11,97,82,44
12,37,36,44
13,48,25,44
14,70,6,44
15,21,93,44
16,63,35,44
17,32,53,44
18,63,96,44
19,29,10,44
20,54,99,44
21,36,22,44
22,91,2,44
23,94,81,44
24,39,71,44
25,88,69,44
26,53,87,44
27,46,92,44
28,77,1,44
29,24,47,44
30,86,35,44
31,57,23,44
32,17,61,44
33,40,28,44
34,7,86,44
35,50,12,44
36,16,0,44
37,41,77,44
38,3,44,44
39,38,89,44
40,82,56,44
41,98,43,44
42,23,41,44
43,70,32,44
44,89,83,44
45,33,56,44
46,97,95,44
47,17,78,44
48,47,10,44
49,24,87,44
50,47,14,44
51,27,65,44
52,97,94,44
53,83,79,44
54,66,59,44
55,94,15,44
56,7,49,44
57,13,0,44
58,24,90,44
59,99,27,44
60,49,89,44
61,6,55,44
1,64,78,45
2,27,73,45
3,57,76,45
4,29,90,45
5,42,59,45
6,99,90,45
7,27,46,45
8,99,26,45
9,34,92,45
10,4,65,45
11,97,82,45
12,38,35,45
13,49,26,45
14,71,7,45
15,20,93,45
16,64,34,45
17,31,52,45
18,62,97,45
19,30,10,45
20,53,98,45
21,36,21,45
22,92,1,45
23,93,82,45
24,38,71,45
25,89,70,45
26,52,87,45
27,46,93,45
28,76,0,45
29,23,47,45
30,86,36,45
31,56,22,45
32,16,61,45
33,40,28,45
34,7,86,45
35,49,11,45
36,16,0,45
37,41,76,45
38,4,44,45
39,38,89,45
40,83,55,45
41,99,42,45
42,24,41,45
43,71,32,45
44,88,82,45
45,34,57,45
46,97,95,45
47,17,78,45
48,47,11,45
49,25,88,45
50,47,13,45
51,28,66,45
52,97,93,45
53,82,79,45
54,67,58,45
55,95,15,45
56,8,48,45
57,12,1,45
58,24,91,45
59,99,27,45
60,49,88,45
61,6,55,45
1,64,77,46
2,27,72,46
3,56,75,46
4,30,91,46
5,41,59,46
6,98,91,46
7,28,46,46
8,98,25,46
9,33,93,46
10,3,64,46
11,96,81,46
12,38,34,46
13,50,25,46
14,72,8,46
15,21,92,46
16,63,35,46
17,32,51,46
18,63,97,46
19,30,11,46
20,53,99,46
21,36,22,46
22,92,1,46
23,93,83,46
24,37,70,46
25,88,71,46
26,52,86,46
27,46,94,46
28,77,1,46
29,24,47,46
30,85,35,46
31,55,23,46
32,17,60,46
33,39,27,46
34,7,85,46
35,48,10,46
36,17,0,46
37,42,77,46
38,4,43,46
39,37,90,46
40,82,54,46
41,99,43,46
42,24,41,46
43,71,33,46
44,89,82,46
45,35,57,46
46,98,96,46
47,17,78,46
48,46,12,46
49,26,88,46
50,47,12,46
51,27,67,46
52,96,94,46
53,82,79,46
54,68,58,46
55,94,16,46
56,9,47,46
57,12,1,46
58,25,90,46
59,99,27,46
60,49,87,46
61,5,55,46
1,63,78,47
2,26,73,47
3,55,75,47
4,29,90,47
5,42,59,47
6,99,91,47
7,29,47,47
8,99,25,47
9,32,94,47
10,2,64,47
11,95,82,47
12,39,33,47
13,50,24,47
14,72,9,47
15,22,92,47
16,63,36,47
17,33,52,47
18,62,97,47
19,29,10,47
20,52,98,47
21,35,23,47
22,93,2,47
23,93,84,47
24,36,71,47
25,89,70,47
26,51,85,47
27,47,95,47
28,76,2,47
29,23,46,47
30,85,35,47
31,56,22,47
32,17,60,47
33,39,28,47
34,6,85,47
35,47,11,47
36,16,0,47
37,41,77,47
38,3,42,47
39,36,91,47
40,83,55,47
41,98,44,47
42,23,41,47
43,72,34,47
44,88,82,47
45,36,57,47
46,97,97,47
47,16,79,47
48,45,12,47
49,25,89,47
50,46,11,47
51,27,68,47
52,96,95,47
53,82,80,47
54,69,59,47
55,93,16,47
56,10,48,47
57,12,1,47
58,26,90,47
59,98,26,47
60,50,88,47
61,6,54,47
1,63,78,48
2,25,73,48
3,55,76,48
4,30,91,48
5,43,60,48
6,98,92,48
7,29,48,48
8,97,26,48
9,31,95,48
10,3,63,48
11,94,83,48
12,39,34,48
13,51,25,48
14,72,10,48
15,23,91,48
16,63,35,48
17,34,53,48
18,63,96,48
19,28,9,48
20,52,98,48
21,35,22,48
22,94,1,48
23,93,83,48
24,37,72,48
25,90,69,48
26,51,84,48
27,48,94,48
28,77,1,48
29,23,47,48
30,86,35,48
31,55,23,48
32,16,59,48
33,39,27,48
34,6,84,48
35,47,10,48
36,15,1,48
37,42,77,48
38,2,43,48
39,37,90,48
40,82,54,48
41,97,45,48
42,23,40,48
43,71,34,48
44,87,81,48
45,36,56,48
46,98,96,48
47,17,80,48
48,45,12,48
49,24,90,48
50,48,10,48
51,26,68,48
52,96,95,48
53,81,80,48
54,68,60,48
55,93,17,48
56,10,47,48
57,13,1,48
58,25,91,48
59,98,27,48
60,49,87,48
61,7,55,48
1,63,78,49
2,25,74,49
3,55,77,49
4,30,90,49
5,44,59,49
6,97,93,49
7,28,47,49
8,98,25,49
9,32,95,49
10,3,64,49
11,94,84,49
12,39,33,49
13,50,24,49
14,72,10,49
15,24,92,49
16,63,34,49
17,34,53,49
18,63,96,49
19,28,9,49
20,52,99,49
21,35,22,49
22,93,0,49
23,94,82,49
24,36,71,49
25,91,70,49
26,50,85,49
27,48,94,49
28,78,1,49
29,23,48,49
30,85,34,49
31,55,24,49
32,16,59,49
33,38,26,49
34,7,84,49
35,48,9,49
36,15,0,49
37,41,78,49
38,1,42,49
39,36,89,49
40,82,53,49
41,98,44,49
42,22,41,49
43,72,35,49
44,86,80,49
45,35,57,49
46,99,97,49
47,17,79,49
48,44,11,49
49,24,91,49
50,49,9,49
51,27,68,49
52,96,95,49
53,80,80,49
54,69,59,49
55,94,16,49
56,9,48,49
57,12,2,49
58,25,91,49
59,98,28,49
60,50,86,49
61,7,54,49
1,63,77,50
2,26,74,50
3,55,78,50
4,31,91,50
5,45,59,50
6,98,94,50
7,29,48,50
8,99,24,50
9,31,95,50
10,2,65,50
11,94,85,50
12,39,34,50
13,51,25,50
14,72,11,50
15,24,93,50
16,63,34,50
17,35,53,50
18,62,97,50
19,28,10,50
20,53,99,50
21,35,23,50
22,93,1,50
23,94,82,50
24,36,70,50
25,91,70,50
26,49,85,50
27,47,94,50
28,78,2,50
29,22,48,50
30,86,35,50
31,56,24,50
32,17,59,50
33,39,26,50
34,7,83,50
35,47,10,50
36,16,0,50
37,41,78,50
38,0,43,50
39,35,88,50
40,83,53,50
41,98,45,50
42,22,42,50
43,72,34,50
44,87,80,50
45,34,56,50
46,98,97,50
47,17,79,50
48,43,10,50
49,25,92,50
50,48,10,50
51,27,67,50
52,95,95,50
53,79,79,50
54,70,59,50
55,93,16,50
56,8,47,50
57,13,1,50
58,26,91,50
59,97,29,50
60,50,87,50
61,6,55,50
1,63,77,51
2,27,74,51
3,54,78,51
4,31,91,51
5,44,58,51
6,99,94,51
7,30,47,51
8,99,25,51
9,30,94,51
10,2,64,51
11,94,85,51
12,38,35,51
13,52,25,51
14,71,12,51
15,24,92,51
16,63,33,51
17,35,54,51
18,62,97,51
19,28,9,51
20,53,98,51
21,34,22,51
22,92,1,51
23,93,81,51
24,36,70,51
25,90,69,51
26,50,84,51
27,46,95,51
28,78,2,51
29,22,48,51
30,85,35,51
31,55,25,51
32,16,58,51
33,38,25,51
34,7,84,51
35,47,10,51
36,15,0,51
37,41,79,51
38,0,44,51
39,34,88,51
40,83,52,51
41,97,46,51
42,22,43,51
43,71,34,51
44,86,80,51
45,34,57,51
46,97,97,51
47,16,80,51
48,44,9,51
49,25,91,51
50,48,10,51
51,27,66,51
52,95,96,51
53,80,79,51
54,69,59,51
55,93,16,51
56,8,47,51
57,13,0,51
58,25,90,51
59,97,28,51
60,50,88,51
61,7,55,51
1,63,77,52
2,28,75,52
3,53,78,52
4,30,92,52
5,45,57,52
6,99,95,52
7,30,47,52
8,99,24,52
9,29,95,52
10,2,65,52
11,95,85,52
12,39,35,52
13,52,26,52
14,71,13,52
15,23,91,52
16,62,33,52
17,35,54,52
18,62,96,52
19,27,8,52
20,54,97,52
21,35,21,52
22,91,2,52
23,92,81,52
24,35,71,52
25,90,68,52
26,49,83,52
27,46,95,52
28,77,1,52
29,21,49,52
30,85,34,52
31,54,26,52
32,16,57,52
33,39,24,52
34,8,84,52
35,47,9,52
36,14,0,52
37,41,79,52
38,0,44,52
39,35,88,52
40,84,53,52
41,98,46,52
42,21,44,52
43,71,35,52
44,85,80,52
45,35,56,52
46,97,96,52
47,16,81,52
48,43,9,52
49,24,91,52
50,48,11,52
51,28,66,52
52,94,96,52
53,81,80,52
54,70,58,52
55,93,17,52
56,8,47,52
57,12,0,52
58,25,91,52
59,97,29,52
60,51,87,52
61,6,55,52
1,62,76,53
2,27,75,53
3,52,78,53
4,30,93,53
5,44,58,53
6,99,96,53
7,30,47,53
8,98,23,53
9,30,96,53
10,2,66,53
11,96,86,53
12,39,36,53
13,51,26,53
14,71,14,53
15,23,91,53
16,62,34,53
17,36,55,53
18,63,96,53
19,28,9,53
20,55,97,53
21,36,22,53
22,90,3,53
23,91,82,53
24,34,71,53
25,90,67,53
26,48,83,53
27,45,95,53
28,77,1,53
29,21,49,53
30,84,35,53
31,55,25,53
32,15,57,53
33,40,25,53
34,9,84,53
35,47,8,53
36,14,0,53
37,41,78,53
38,0,45,53
39,34,88,53
40,83,52,53
41,97,45,53
42,20,44,53
43,70,36,53
44,84,80,53
45,35,55,53
46,98,97,53
47,17,80,53
48,43,8,53
49,24,90,53
50,49,11,53
51,28,65,53
52,94,97,53
53,80,79,53
54,70,57,53
55,92,16,53
56,9,48,53
57,12,0,53
58,25,92,53
59,97,29,53
60,50,86,53
61,5,55,53
1,62,76,54
2,28,76,54
3,52,78,54
4,31,92,54
5,44,59,54
6,99,96,54
7,30,46,54
8,97,24,54
9,30,96,54
10,1,67,54
11,97,85,54
12,40,35,54
13,51,25,54
14,71,13,54
15,22,90,54
16,62,35,54
17,37,55,54
18,64,96,54
19,27,9,54
20,54,98,54
21,37,23,54
22,89,4,54
23,90,81,54
24,34,72,54
25,89,67,54
26,47,82,54
27,46,94,54
28,77,2,54
29,21,49,54
30,83,34,54
31,56,26,54
32,14,56,54
33,41,24,54
34,10,84,54
35,46,8,54
36,13,0,54
37,40,78,54
38,1,46,54
39,35,88,54
40,84,52,54
41,98,46,54
42,20,45,54
43,70,35,54
44,84,81,54
45,36,56,54
46,98,97,54
47,18,79,54
48,42,7,54
49,23,89,54
50,50,10,54
51,28,66,54
52,95,96,54
53,80,78,54
54,71,58,54
55,93,16,54
56,9,49,54
57,12,1,54
58,24,91,54
59,98,29,54
60,49,87,54
61,6,54,54
1,63,75,55
2,27,76,55
3,51,79,55
4,30,93,55
5,43,58,55
6,99,95,55
7,31,46,55
8,97,25,55
9,29,96,55
10,2,68,55
11,98,84,55
12,39,34,55
13,51,24,55
14,72,12,55
15,23,91,55
16,62,34,55
17,37,54,55
18,63,95,55
19,26,8,55
20,55,97,55
21,36,24,55
22,90,4,55
23,89,81,55
24,34,71,55
25,88,66,55
26,47,81,55
27,45,95,55
28,77,2,55
29,22,49,55
30,84,35,55
31,56,27,55
32,15,57,55
33,42,23,55
34,11,84,55
35,47,8,55
36,12,0,55
37,40,77,55
38,0,46,55
39,34,89,55
40,83,53,55
41,97,45,55
42,21,45,55
43,69,34,55
44,85,80,55
45,37,55,55
46,99,97,55
47,19,79,55
48,41,6,55
49,23,88,55
50,50,10,55
51,27,66,55
52,94,95,55
53,80,79,55
54,72,59,55
55,93,16,55
56,9,49,55
57,12,1,55
58,23,92,55
59,98,30,55
60,48,88,55
61,6,55,55
1,63,75,56
2,26,76,56
3,50,78,56
4,29,92,56
5,44,57,56
6,99,96,56
7,31,46,56
8,98,24,56
9,28,97,56
10,3,67,56
11,98,84,56
12,39,34,56
13,50,25,56
14,73,13,56
15,24,91,56
16,62,35,56
17,38,54,56
18,63,96,56
19,26,9,56
20,54,96,56
21,35,23,56
22,91,3,56
23,89,80,56
24,35,72,56
25,87,66,56
26,46,80,56
27,44,96,56
28,77,1,56
29,23,50,56
30,84,34,56
31,57,26,56
32,14,58,56
33,42,24,56
34,10,83,56
35,48,9,56
36,12,0,56
37,39,76,56
38,1,46,56
39,35,90,56
40,82,53,56
41,98,46,56
42,21,45,56
43,68,33,56
44,84,79,56
45,36,55,56
46,98,97,56
47,18,79,56
48,42,6,56
49,24,89,56
50,49,10,56
51,27,67,56
52,94,94,56
53,81,79,56
54,72,58,56
55,93,15,56
56,8,48,56
57,13,1,56
58,24,92,56
59,99,31,56
60,49,88,56
61,6,55,56
1,62,76,57
2,26,77,57
3,51,77,57
4,28,92,57
5,44,58,57
6,99,97,57
7,30,47,57
8,99,23,57
9,27,97,57
10,4,68,57
11,97,83,57
12,39,35,57
13,49,26,57
14,72,12,57
15,24,91,57
16,63,35,57
17,37,53,57
18,64,97,57
19,26,10,57
20,54,97,57
21,34,22,57
22,91,2,57
23,89,79,57
24,35,72,57
25,87,65,57
26,46,79,57
27,43,97,57
28,78,0,57
29,24,49,57
30,83,34,57
31,57,27,57
32,15,58,57
33,41,24,57
34,10,82,57
35,47,10,57
36,12,0,57
37,39,76,57
38,1,47,57
39,36,89,57
40,81,53,57
41,99,45,57
42,22,46,57
43,67,32,57
44,84,78,57
45,35,54,57
46,98,96,57
47,18,80,57
48,41,7,57
49,25,88,57
50,50,9,57
51,26,67,57
52,94,94,57
53,82,80,57
54,72,57,57
55,94,14,57
56,8,49,57
57,13,2,57
58,23,91,57
59,99,31,57
60,49,88,57
61,7,55,57
1,62,77,58
2,25,76,58
3,50,76,58
4,27,92,58
5,45,58,58
6,99,97,58
7,31,48,58
8,98,22,58
9,28,97,58
10,3,69,58
11,97,84,58
12,40,35,58
13,50,27,58
14,72,13,58
15,24,92,58
16,62,34,58
17,38,53,58
18,64,98,58
19,26,10,58
20,55,98,58
21,34,22,58
22,90,1,58
23,90,78,58
24,36,71,58
25,86,65,58
26,45,78,58
27,42,97,58
28,79,1,58
29,23,48,58
30,82,33,58
31,56,27,58
32,15,59,58
33,41,25,58
34,10,83,58
35,48,10,58
36,12,0,58
37,38,76,58
38,2,46,58
39,35,89,58
40,81,53,58
41,99,44,58
42,23,45,58
43,68,33,58
44,83,77,58
45,36,55,58
46,98,96,58
47,17,80,58
48,40,7,58
49,26,88,58
50,50,8,58
51,27,67,58
52,94,94,58
53,81,80,58
54,72,57,58
55,94,13,58
56,9,49,58
57,12,3,58
58,24,90,58
59,98,31,58
60,50,87,58
61,6,55,58
1,63,78,59
2,26,75,59
3,50,76,59
4,26,92,59
5,45,57,59
6,97,96,59
7,31,47,59
8,99,22,59
9,27,98,59
10,3,69,59
11,98,83,59
12,40,34,59
13,50,28,59
14,72,14,59
15,24,93,59
16,63,34,59
17,39,53,59
18,63,98,59
19,26,11,59
20,54,98,59
21,35,21,59
22,91,0,59
23,91,77,59
24,35,72,59
25,87,64,59
26,46,79,59
27,43,96,59
28,79,1,59
29,22,49,59
30,81,34,59
31,57,26,59
32,14,58,59
33,40,26,59
34,9,82,59
35,49,10,59
36,12,1,59
37,39,76,59
38,3,45,59
39,35,89,59
40,80,52,59
41,99,44,59
42,24,46,59
43,69,33,59
44,83,77,59
45,37,56,59
46,97,95,59
47,16,81,59
48,39,8,59
49,27,88,59
50,51,8,59
51,28,66,59
52,94,93,59
53,81,81,59
54,72,57,59
55,94,13,59
56,10,49,59
57,11,4,59
58,25,91,59
59,99,32,59
60,50,86,59
61,6,56,59
1,62,79,60
2,27,74,60
3,51,75,60
4,25,93,60
5,46,58,60
6,96,96,60
7,31,46,60
8,99,21,60
9,28,97,60
10,2,69,60
11,98,82,60
12,39,35,60
13,50,28,60
14,72,13,60
15,23,94,60
16,64,34,60
17,38,54,60
18,63,97,60
19,27,12,60
20,54,97,60
21,36,22,60
22,91,0,60
23,92,78,60
24,35,73,60
25,87,65,60
26,45,79,60
27,43,95,60
28,78,2,60
29,22,49,60
30,82,33,60
31,57,25,60
32,13,59,60
33,41,26,60
34,8,81,60
35,49,10,60
36,13,0,60
37,38,75,60
38,4,45,60
39,36,90,60
40,81,51,60
41,99,45,60
42,24,47,60
43,70,33,60
44,82,78,60
45,36,57,60
46,97,94,60
47,17,80,60
48,38,7,60
49,27,89,60
50,51,7,60
51,29,67,60
52,94,92,60
53,82,82,60
54,71,58,60
55,94,14,60
56,9,50,60
57,12,5,60
58,26,91,60
59,99,31,60
60,50,87,60
61,5,57,60
1,62,80,61
2,28,75,61
3,52,74,61
4,25,94,61
5,47,58,61
6,96,96,61
7,31,45,61
8,99,21,61
9,27,97,61
10,2,70,61
11,97,82,61
12,38,35,61
13,49,28,61
14,72,12,61
15,22,93,61
16,63,35,61
17,39,55,61
18,62,97,61
19,28,13,61
20,55,98,61
21,35,21,61
22,91,0,61
23,91,79,61
24,36,74,61
25,87,66,61
26,45,78,61
27,43,95,61
28,78,3,61
29,22,48,61
30,81,33,61
31,57,26,61
32,14,59,61
33,42,27,61
34,9,81,61
35,50,10,61
36,12,1,61
37,37,76,61
38,3,45,61
39,37,89,61
40,80,51,61
41,99,44,61
42,24,48,61
43,69,33,61
44,82,79,61
45,35,58,61
46,97,94,61
47,18,79,61
48,37,7,61
49,27,90,61
50,51,6,61
51,30,66,61
52,94,92,61
53,82,81,61
54,70,59,61
55,93,13,61
56,10,49,61
57,13,5,61
58,27,92,61
59,99,31,61
60,51,88,61
61,6,58,61
1,61,81,62
2,29,76,62
3,53,73,62
4,25,94,62
5,46,57,62
6,96,95,62
7,30,45,62
8,99,21,62
9,28,96,62
10,1,70,62
11,98,83,62
12,37,35,62
13,48,27,62
14,71,13,62
15,23,93,62
16,62,35,62
17,40,54,62
18,61,97,62
19,28,13,62
20,55,99,62
21,36,21,62
22,92,0,62
23,90,79,62
24,37,74,62
25,88,66,62
26,45,77,62
27,43,94,62
28,78,4,62
29,23,48,62
30,81,34,62
31,56,27,62
32,14,60,62
33,43,27,62
34,8,80,62
35,49,11,62
36,13,2,62
37,37,77,62
38,4,46,62
39,37,90,62
40,81,50,62
41,99,44,62
42,24,49,62
43,70,32,62
44,83,78,62
45,34,57,62
46,97,93,62
47,17,78,62
48,36,7,62
49,27,91,62
50,50,7,62
51,29,65,62
52,95,93,62
53,83,80,62
54,70,59,62
55,93,14,62
56,10,49,62
57,14,6,62
58,26,92,62
59,98,32,62
60,50,89,62
61,6,59,62
1,60,82,63
2,29,75,63
3,53,72,63
4,25,93,63
5,45,56,63
6,96,94,63
7,31,45,63
8,98,21,63
9,27,95,63
10,1,71,63
11,98,84,63
12,36,34,63
13,48,27,63
14,71,13,63
15,24,93,63
16,63,35,63
17,39,53,63
18,60,97,63
19,29,14,63
20,55,99,63
21,35,20,63
22,92,1,63
23,90,79,63
24,37,74,63
25,87,66,63
26,44,78,63
27,43,95,63
28,78,5,63
29,24,48,63
30,81,34,63
31,55,28,63
32,13,61,63
33,42,26,63
34,8,80,63
35,49,11,63
36,14,3,63
37,38,78,63
38,5,45,63
39,38,89,63
40,82,49,63
41,99,45,63
42,25,48,63
43,69,31,63
44,83,79,63
45,34,56,63
46,97,94,63
47,18,79,63
48,37,7,63
49,27,92,63
50,50,8,63
51,28,66,63
52,95,92,63
53,83,81,63
54,71,59,63
55,94,13,63
56,9,50,63
57,13,6,63
58,27,91,63
59,99,31,63
60,50,90,63
61,7,58,63
1,61,83,64
2,29,75,64
3,53,72,64
4,24,94,64
5,45,56,64
6,96,94,64
7,30,46,64
8,97,20,64
9,27,95,64
10,2,72,64
11,99,84,64
12,37,34,64
13,49,26,64
14,71,13,64
15,25,94,64
16,64,36,64
17,39,52,64
18,59,98,64
19,28,15,64
20,56,99,64
21,34,19,64
22,91,0,64
23,89,80,64
24,36,75,64
25,87,66,64
26,43,79,64
27,42,96,64
28,78,6,64
29,23,47,64
30,80,33,64
31,54,27,64
32,12,62,64
33,41,26,64
34,8,79,64
35,49,11,64
36,14,3,64
37,37,78,64
38,5,45,64
39,39,89,64
40,82,48,64
41,98,45,64
42,26,48,64
43,70,32,64
44,82,78,64
45,34,56,64
46,97,95,64
47,19,78,64
48,36,6,64
49,28,92,64
50,51,9,64
51,27,65,64
52,95,91,64
53,84,81,64
54,70,60,64
55,95,12,64
56,9,51,64
57,14,5,64
58,27,92,64
59,98,30,64
60,51,91,64
61,8,58,64
1,61,84,65
2,28,76,65
3,53,71,65
4,24,93,65
5,46,56,65
6,97,93,65
7,31,47,65
8,97,19,65
9,27,96,65
10,3,72,65
11,99,85,65
12,38,33,65
13,49,27,65
14,71,13,65
15,26,94,65
16,64,36,65
17,40,51,65
18,59,99,65
19,28,15,65
20,56,98,65
21,34,20,65
22,91,1,65
23,89,79,65
24,37,75,65
25,88,66,65
26,43,78,65
27,41,95,65
28,77,5,65
29,24,48,65
30,79,32,65
31,55,27,65
32,11,63,65
33,42,26,65
34,8,80,65
35,49,10,65
36,13,4,65
37,37,79,65
38,6,44,65
39,38,90,65
40,81,48,65
41,99,44,65
42,27,47,65
43,69,33,65
44,83,79,65
45,35,55,65
46,98,95,65
47,20,78,65
48,35,6,65
49,27,93,65
50,51,9,65
51,28,65,65
52,94,92,65
53,83,82,65
54,69,61,65
55,95,11,65
56,9,50,65
57,13,5,65
58,26,91,65
59,98,30,65
60,50,91,65
61,8,58,65
1,60,83,66
2,27,77,66
3,53,72,66
4,25,94,66
5,47,56,66
6,98,92,66
7,30,47,66
8,96,20,66
9,27,97,66
10,2,71,66
11,98,86,66
12,38,34,66
13,48,26,66
14,72,13,66
15,25,93,66
16,64,35,66
17,39,52,66
18,59,98,66
19,28,14,66
20,55,98,66
21,34,21,66
22,91,0,66
23,89,79,66
24,37,76,66
25,87,65,66
26,43,79,66
27,40,95,66
28,78,5,66
29,24,49,66
30,78,33,66
31,55,27,66
32,12,63,66
33,41,25,66
34,9,81,66
35,50,9,66
36,14,3,66
37,38,78,66
38,5,44,66
39,39,90,66
40,80,48,66
41,99,45,66
42,28,46,66
43,69,34,66
44,83,78,66
45,36,56,66
46,99,95,66
47,19,77,66
48,36,6,66
49,27,92,66
50,51,8,66
51,28,66,66
52,95,92,66
53,82,83,66
54,70,60,66
55,96,10,66
56,10,51,66
57,14,5,66
58,27,91,66
59,97,29,66
60,51,92,66
61,8,57,66
1,59,84,67
2,27,78,67
3,53,72,67
4,26,94,67
5,47,55,67
6,99,92,67
7,31,48,67
8,97,19,67
9,26,98,67
10,1,71,67
11,97,86,67
12,39,35,67
13,47,26,67
14,73,13,67
15,25,95,67
16,63,35,67
17,39,52,67
18,58,99,67
19,27,14,67
20,56,97,67
21,35,22,67
22,92,0,67
23,88,79,67
24,37,77,67
25,87,64,67
26,44,80,67
27,41,95,67
28,79,5,67
29,25,50,67
30,78,32,67
31,54,28,67
32,12,62,67
33,42,25,67
34,9,80,67
35,49,8,67
36,15,2,67
37,38,78,67
38,6,44,67
39,40,91,67
40,79,49,67
41,99,45,67
42,27,47,67
43,68,33,67
44,83,78,67
45,36,56,67
46,98,95,67
47,18,77,67
48,36,6,67
49,28,92,67
50,50,7,67
51,29,65,67
52,94,91,67
53,81,83,67
54,70,59,67
55,97,11,67
56,11,51,67
57,15,4,67
58,29,92,67
59,97,29,67
60,51,91,67
61,7,57,67
1,59,84,68
2,27,78,68
3,53,72,68
4,26,94,68
5,48,55,68
6,99,92,68
7,30,49,68
8,97,19,68
9,26,98,68
10,0,71,68
11,97,87,68
12,40,35,68
13,47,26,68
14,74,12,68
15,24,95,68
16,63,34,68
17,40,52,68
18,57,99,68
19,28,14,68
20,57,96,68
21,36,22,68
22,93,0,68
23,87,78,68
24,36,78,68
25,86,65,68
26,45,79,68
27,40,94,68
28,80,5,68
29,26,50,68
30,79,31,68
31,53,29,68
32,11,62,68
33,42,26,68
34,9,79,68
35,50,8,68
36,14,3,68
37,37,77,68
38,5,44,68
39,41,92,68
40,79,48,68
41,98,46,68
42,28,48,68
43,67,33,68
44,83,79,68
45,35,56,68
46,98,96,68
47,17,78,68
48,35,7,68
49,27,93,68
50,49,8,68
51,30,64,68
52,93,91,68
53,82,82,68
54,69,60,68
55,97,10,68
56,12,52,68
57,16,5,68
58,29,91,68
59,97,30,68
60,51,92,68
61,7,57,68
1,60,84,69
2,27,79,69
3,53,71,69
4,26,93,69
5,49,55,69
6,98,93,69
7,31,50,69
8,97,19,69
9,25,99,69
10,1,72,69
11,98,87,69
12,41,35,69
13,47,25,69
14,74,11,69
15,23,96,69
16,62,34,69
17,40,53,69
18,57,98,69
19,27,14,69
20,58,95,69
21,36,22,69
22,93,0,69
23,88,79,69
24,35,78,69
25,87,65,69
26,45,78,69
27,39,94,69
28,81,5,69
29,27,49,69
30,79,31,69
31,52,29,69
32,10,63,69
33,42,25,69
34,10,80,69
35,51,9,69
36,15,3,69
37,37,78,69
38,5,43,69
39,40,92,69
40,78,49,69
41,99,46,69
42,28,48,69
43,68,32,69
44,83,78,69
45,34,56,69
46,97,97,69
47,17,79,69
48,34,8,69
49,26,92,69
50,49,8,69
51,30,64,69
52,94,90,69
53,82,81,69
54,69,60,69
55,97,9,69
56,11,51,69
57,17,4,69
58,28,90,69
59,97,31,69
60,52,91,69
61,7,57,69
1,59,85,70
2,26,80,70
3,53,71,70
4,26,93,70
5,49,56,70
6,98,93,70
7,31,50,70
8,96,20,70
9,25,98,70
10,2,73,70
11,98,88,70
12,41,35,70
13,47,25,70
14,73,11,70
15,24,95,70
16,63,33,70
17,40,52,70
18,56,99,70
19,27,14,70
20,59,94,70
21,37,23,70
22,92,0,70
23,88,78,70
24,36,79,70
25,86,64,70
26,46,78,70
27,39,93,70
28,81,5,70
29,27,48,70
30,79,30,70
31,53,28,70
32,11,62,70
33,42,26,70
34,10,80,70
35,52,9,70
36,16,4,70
37,37,79,70
38,4,43,70
39,40,91,70
40,77,50,70
41,98,45,70
42,28,47,70
43,69,32,70
44,82,79,70
45,35,57,70
46,97,97,70
47,16,79,70
48,35,9,70
49,25,91,70
50,50,8,70
51,30,65,70
52,93,91,70
53,81,81,70
54,68,61,70
55,98,10,70
56,12,51,70
57,16,3,70
58,27,90,70
59,97,32,70
60,51,90,70
61,8,58,70
1,58,85,71
2,27,81,71
3,53,71,71
4,27,94,71
5,50,57,71
6,99,93,71
7,30,51,71
8,95,19,71
9,26,99,71
10,1,72,71
11,99,89,71
12,40,36,71
13,48,25,71
14,74,10,71
15,23,96,71
16,62,34,71
17,40,53,71
18,55,99,71
19,26,15,71
20,59,95,71
21,37,22,71
22,92,1,71
23,89,78,71
24,36,78,71
25,87,65,71
26,46,77,71
27,39,92,71
28,82,4,71
29,27,49,71
30,79,30,71
31,54,28,71
32,12,62,71
33,43,26,71
34,9,81,71
35,53,9,71
36,17,3,71
37,37,79,71
38,5,42,71
39,39,90,71
40,76,50,71
41,97,44,71
42,27,48,71
43,70,32,71
44,81,80,71
45,35,57,71
46,96,98,71
47,15,80,71
48,36,9,71
49,26,92,71
50,50,9,71
51,31,66,71
52,94,92,71
53,80,80,71
54,67,60,71
55,99,9,71
56,12,51,71
57,15,3,71
58,26,91,71
59,97,32,71
60,51,91,71
61,7,58,71
1,58,84,72
2,28,80,72
3,53,72,72
4,28,94,72
5,51,56,72
6,98,94,72
7,30,52,72
8,95,19,72
9,25,99,72
10,1,73,72
11,99,88,72
12,41,35,72
13,49,25,72
14,73,9,72
15,22,96,72
16,61,33,72
17,40,54,72
18,56,99,72
19,25,16,72
20,59,96,72
21,37,23,72
22,93,1,72
23,88,77,72
24,36,79,72
25,88,66,72
26,47,77,72
27,40,93,72
28,81,4,72
29,27,50,72
30,80,31,72
31,53,29,72
32,11,63,72
33,43,27,72
34,10,80,72
35,53,8,72
36,16,2,72
37,36,78,72
38,6,43,72
39,39,90,72
40,76,50,72
41,98,43,72
42,27,49,72
43,70,32,72
44,80,79,72
45,35,57,72
46,96,98,72
47,16,79,72
48,35,8,72
49,27,91,72
50,50,9,72
51,31,66,72
52,94,93,72
53,79,79,72
54,66,60,72
55,99,10,72
56,13,52,72
57,16,4,72
58,26,91,72
59,98,33,72
60,52,91,72
61,6,57,72
1,57,85,73
2,29,79,73
3,54,72,73
4,28,95,73
5,52,57,73
6,97,95,73
7,29,52,73
8,94,20,73
9,24,99,73
10,0,72,73
11,98,88,73
12,42,35,73
13,49,25,73
14,72,10,73
15,23,95,73
16,61,32,73
17,41,55,73
18,56,99,73
19,24,17,73
20,59,96,73
21,37,22,73
22,94,0,73
23,88,76,73
24,37,80,73
25,89,65,73
26,48,77,73
27,39,92,73
28,81,4,73
29,27,51,73
30,80,32,73
31,53,29,73
32,11,64,73
33,43,26,73
34,10,81,73
35,52,8,73
36,15,1,73
37,36,79,73
38,6,42,73
39,40,90,73
40,77,50,73
41,97,44,73
42,26,49,73
43,71,32,73
44,81,80,73
45,36,57,73
46,96,98,73
47,15,78,73
48,35,9,73
49,27,90,73
50,49,10,73
51,30,65,73
52,95,94,73
53,78,80,73
54,65,60,73
55,99,11,73
56,14,52,73
57,17,4,73
58,25,92,73
59,99,33,73
60,51,90,73
61,5,58,73
1,57,86,74
2,30,80,74
3,55,73,74
4,29,94,74
5,52,58,74
6,98,94,74
7,29,52,74
8,94,20,74
9,24,99,74
10,0,72,74
11,98,89,74
12,42,34,74
13,48,25,74
14,71,11,74
15,24,96,74
16,60,31,74
17,40,54,74
18,55,98,74
19,23,17,74
20,60,96,74
21,37,21,74
22,95,1,74
23,88,77,74
24,36,80,74
25,89,65,74
26,48,77,74
27,40,91,74
28,82,5,74
29,26,51,74
30,79,32,74
31,53,30,74
32,12,64,74
33,42,27,74
34,11,81,74
35,52,9,74
36,15,0,74
37,37,80,74
38,6,43,74
39,40,89,74
40,76,50,74
41,97,43,74
42,26,49,74
43,71,33,74
44,82,79,74
45,37,58,74
46,95,97,74
47,14,79,74
48,34,8,74
49,26,91,74
50,49,11,74
51,31,66,74
52,95,94,74
53,79,80,74
54,64,59,74
55,98,12,74
56,14,52,74
57,16,5,74
58,24,92,74
59,99,34,74
60,51,89,74
61,6,57,74
1,58,85,75
2,30,81,75
3,56,73,75
4,28,94,75
5,53,58,75
6,98,94,75
7,28,52,75
8,95,19,75
9,23,98,75
10,1,73,75
11,97,90,75
12,42,34,75
13,49,24,75
14,70,12,75
15,23,97,75
16,60,31,75
17,40,54,75
18,55,99,75
19,22,18,75
20,59,97,75
21,38,21,75
22,94,0,75
23,88,77,75
24,36,80,75
25,90,64,75
26,47,76,75
27,40,90,75
28,83,4,75
29,25,52,75
30,80,32,75
31,53,30,75
32,13,65,75
33,42,28,75
34,11,80,75
35,53,8,75
36,16,0,75
37,38,80,75
38,7,42,75
39,40,88,75
40,76,50,75
41,97,44,75
42,25,48,75
43,72,32,75
44,83,80,75
45,37,57,75
46,95,97,75
47,13,79,75
48,33,8,75
49,27,91,75
50,50,10,75
51,32,66,75
52,96,93,75
53,79,81,75
54,64,58,75
55,97,12,75
56,14,51,75
57,16,6,75
58,24,93,75
59,98,34,75
60,50,90,75
61,5,56,75
1,58,86,76
2,31,80,76
3,56,72,76
4,29,93,76
5,52,59,76
6,99,94,76
7,28,53,76
8,95,19,76
9,24,99,76
10,2,73,76
11,96,91,76
12,41,35,76
13,48,23,76
14,71,12,76
15,23,96,76
16,59,30,76
17,39,55,76
18,55,99,76
19,21,19,76
20,58,98,76
21,38,22,76
22,93,1,76
23,89,77,76
24,35,79,76
25,90,63,76
26,46,77,76
27,39,89,76
28,84,5,76
29,24,52,76
30,81,31,76
31,52,30,76
32,12,65,76
33,43,29,76
34,11,79,76
35,52,8,76
36,16,1,76
37,37,79,76
38,6,42,76
39,41,89,76
40,76,51,76
41,97,43,76
42,26,48,76
43,73,33,76
44,83,81,76
45,37,57,76
46,95,96,76
47,14,78,76
48,33,8,76
49,28,92,76
50,51,9,76
51,32,65,76
52,95,92,76
53,80,82,76
54,63,58,76
55,98,12,76
56,14,52,76
57,17,6,76
58,25,94,76
59,99,35,76
60,49,91,76
61,6,57,76
1,57,87,77
2,32,80,77
3,56,71,77
4,28,94,77
5,51,59,77
6,98,94,77
7,28,54,77
8,96,18,77
9,23,98,77
10,3,72,77
11,96,91,77
12,40,36,77
13,48,23,77
14,70,11,77
15,22,97,77
16,60,31,77
17,38,54,77
18,55,98,77
19,20,18,77
20,57,97,77
21,38,21,77
22,92,0,77
23,88,78,77
24,36,80,77
25,89,63,77
26,47,78,77
27,40,89,77
28,83,4,77
29,24,53,77
30,81,32,77
31,52,31,77
32,11,66,77
33,44,30,77
34,11,80,77
35,53,9,77
36,17,1,77
37,36,79,77
38,7,43,77
39,42,89,77
40,77,51,77
41,96,42,77
42,26,47,77
43,72,34,77
44,83,81,77
45,38,58,77
46,95,97,77
47,14,78,77
48,33,8,77
49,27,93,77
50,52,10,77
51,31,66,77
52,94,93,77
53,81,83,77
54,63,57,77
55,99,13,77
56,13,51,77
57,16,6,77
58,24,93,77
59,99,34,77
60,50,91,77
61,5,58,77
1,56,88,78
2,31,79,78
3,56,71,78
4,29,95,78
5,50,58,78
6,99,94,78
7,27,53,78
8,97,19,78
9,23,98,78
10,4,72,78
11,96,92,78
12,39,36,78
13,49,24,78
14,70,10,78
15,21,97,78
16,60,31,78
17,37,53,78
18,54,99,78
19,20,19,78
20,56,97,78
21,37,20,78
22,92,1,78
23,87,78,78
24,36,80,78
25,90,63,78
26,47,78,78
27,41,89,78
28,83,5,78
29,23,54,78
30,81,32,78
31,52,32,78
32,10,67,78
33,43,29,78
34,10,81,78
35,53,10,78
36,18,0,78
37,35,79,78
38,7,43,78
39,42,89,78
40,77,52,78
41,96,41,78
42,27,46,78
43,72,33,78
44,84,81,78
45,37,58,78
46,95,96,78
47,15,79,78
48,32,8,78
49,28,93,78
50,51,11,78
51,30,65,78
52,95,92,78
53,80,84,78
54,64,56,78
55,99,14,78
56,14,51,78
57,17,5,78
58,25,93,78
59,98,35,78
60,50,90,78
61,6,58,78
1,55,88,79
2,31,80,79
3,56,72,79
4,28,94,79
5,49,59,79
6,98,95,79
7,27,53,79
8,96,20,79
9,23,97,79
10,5,72,79
11,97,91,79
12,39,36,79
13,50,25,79
14,69,9,79
15,21,97,79
16,59,32,79
17,36,52,79
18,55,99,79
19,20,18,79
20,57,96,79
21,38,19,79
22,93,2,79
23,88,77,79
24,36,81,79
25,91,64,79
26,47,77,79
27,41,88,79
28,82,5,79
29,22,54,79
30,81,32,79
31,51,33,79
32,10,67,79
33,44,30,79
34,9,80,79
35,54,11,79
36,17,1,79
37,35,80,79
38,8,42,79
39,42,90,79
40,76,53,79
41,97,41,79
42,26,47,79
43,72,33,79
44,85,81,79
45,36,59,79
46,96,96,79
47,14,79,79
48,31,8,79
49,28,93,79
50,51,10,79
51,29,64,79
52,96,91,79
53,80,83,79
54,65,55,79
55,98,15,79
56,15,51,79
57,18,4,79
58,25,92,79
59,99,35,79
60,51,89,79
61,5,57,79
1,54,89,80
2,30,80,80
3,56,73,80
4,29,94,80
5,50,58,80
6,99,95,80
7,26,53,80
8,96,21,80
9,22,97,80
10,4,72,80
11,96,92,80
12,40,36,80
13,50,26,80
14,70,9,80
15,21,96,80
16,58,32,80
17,36,51,80
18,56,98,80
19,21,18,80
20,57,95,80
21,39,20,80
22,93,3,80
23,89,78,80
24,35,81,80
25,90,64,80
26,47,77,80
27,40,89,80
28,83,6,80
29,21,54,80
30,80,31,80
31,50,34,80
32,10,68,80
33,44,30,80
34,9,80,80
35,55,12,80
36,18,1,80
37,36,81,80
38,9,43,80
39,43,89,80
40,77,54,80
41,97,42,80
42,26,46,80
43,72,33,80
44,86,80,80
45,37,60,80
46,96,96,80
47,15,80,80
48,32,8,80
49,27,93,80
50,52,11,80
51,29,64,80
52,95,92,80
53,79,84,80
54,65,56,80
55,99,16,80
56,15,52,80
57,17,3,80
58,25,93,80
59,99,36,80
60,51,89,80
61,6,58,80
1,53,89,81
2,30,79,81
3,57,73,81
4,29,94,81
5,49,57,81
6,98,94,81
7,26,52,81
8,95,21,81
9,21,97,81
10,3,72,81
11,96,92,81
12,41,36,81
13,50,27,81
14,70,10,81
15,22,96,81
16,57,31,81
17,36,52,81
18,56,98,81
19,20,19,81
20,58,94,81
21,39,19,81
22,94,3,81
23,88,77,81
24,36,82,81
25,90,63,81
26,48,77,81
27,40,89,81
28,82,5,81
29,22,53,81
30,79,30,81
31,51,35,81
32,10,67,81
33,43,29,81
34,9,81,81
35,54,12,81
36,18,1,81
37,35,82,81
38,8,43,81
39,44,88,81
40,77,53,81
41,96,43,81
42,26,45,81
43,73,32,81
44,87,79,81
45,38,61,81
46,97,95,81
47,16,81,81
48,31,8,81
49,27,94,81
50,52,11,81
51,30,65,81
52,94,93,81
53,79,84,81
54,66,56,81
55,99,16,81
56,14,51,81
57,16,4,81
58,26,94,81
59,98,36,81
60,50,90,81
61,6,57,81
1,54,88,82
2,29,79,82
3,58,74,82
4,29,94,82
5,48,56,82
6,98,95,82
7,25,53,82
8,94,20,82
9,20,98,82
10,3,72,82
11,95,91,82
12,40,35,82
13,49,28,82
14,71,11,82
15,21,97,82
16,56,32,82
17,35,52,82
18,56,98,82
19,21,20,82
20,57,93,82
21,38,18,82
22,95,4,82
23,89,76,82
24,36,82,82
25,90,63,82
26,49,77,82
27,41,90,82
28,83,5,82
29,21,52,82
30,79,30,82
31,51,36,82
32,10,68,82
33,43,30,82
34,10,81,82
35,53,11,82
36,19,1,82
37,35,81,82
38,7,43,82
39,44,87,82
40,78,52,82
41,96,43,82
42,27,45,82
43,72,32,82
44,88,78,82
45,38,61,82
46,98,94,82
47,17,82,82
48,32,9,82
49,28,93,82
50,51,10,82
51,31,64,82
52,93,92,82
53,78,84,82
54,65,56,82
55,98,15,82
56,13,52,82
57,17,3,82
58,26,93,82
59,97,37,82
60,50,90,82
61,5,57,82
1,53,89,83
2,29,79,83
3,57,73,83
4,29,95,83
5,49,56,83
6,98,96,83
7,26,54,83
8,93,21,83
9,20,97,83
10,4,73,83
11,95,91,83
12,40,34,83
13,48,29,83
14,70,12,83
15,19,98,83
16,57,33,83
17,35,53,83
18,55,99,83
19,22,19,83
20,56,92,83
21,38,18,83
22,96,3,83
23,89,75,83
24,35,80,83
25,89,63,83
26,49,77,83
27,40,91,83
28,82,5,83
29,22,53,83
30,79,31,83
31,51,36,83
32,9,69,83
33,42,31,83
34,9,82,83
35,53,10,83
36,19,1,83
37,36,81,83
38,6,43,83
39,43,86,83
40,77,53,83
41,97,43,83
42,28,45,83
43,71,31,83
44,87,79,83
45,38,61,83
46,97,93,83
47,16,82,83
48,33,10,83
49,27,92,83
50,52,10,83
51,31,64,83
52,94,92,83
53,79,85,83
54,65,57,83
55,97,14,83
56,13,53,83
57,17,2,83
58,27,94,83
59,97,38,83
60,51,91,83
61,4,57,83
1,54,89,84
2,28,79,84
3,58,73,84
4,28,95,84
5,50,56,84
6,99,96,84
7,25,54,84
8,94,21,84
9,19,97,84
10,5,72,84
11,94,90,84
12,40,34,84
13,49,29,84
14,69,12,84
15,19,98,84
16,58,33,84
17,36,54,84
18,54,99,84
19,21,20,84
20,55,91,84
21,37,17,84
22,96,3,84
23,88,75,84
24,34,81,84
25,90,62,84
26,49,78,84
27,40,90,84
28,81,6,84
29,21,53,84
30,79,31,84
31,50,36,84
32,8,68,84
33,42,31,84
34,10,82,84
35,52,11,84
36,20,2,84
37,36,80,84
38,7,44,84
39,43,86,84
40,78,52,84
41,97,43,84
42,28,46,84
43,72,30,84
44,87,79,84
45,37,61,84
46,98,93,84
47,17,82,84
48,33,10,84
49,26,92,84
50,53,10,84
51,30,64,84
52,94,93,84
53,78,86,84
54,65,56,84
55,96,15,84
56,13,53,84
57,16,2,84
58,28,94,84
59,98,38,84
60,51,92,84
61,4,58,84
1,55,90,85
2,28,79,85
3,58,73,85
4,27,96,85
5,50,56,85
6,99,95,85
7,25,55,85
8,95,20,85
9,18,97,85
10,5,73,85
11,95,89,85
12,41,34,85
13,49,29,85
14,68,12,85
15,19,98,85
16,59,33,85
17,35,55,85
18,54,99,85
19,22,21,85
20,56,91,85
21,36,16,85
22,95,2,85
23,87,75,85
24,34,80,85
25,89,62,85
26,48,77,85
27,39,89,85
28,82,5,85
29,21,52,85
30,79,31,85
31,50,37,85
32,9,67,85
33,41,30,85
34,10,81,85
35,52,10,85
36,20,1,85
37,37,81,85
38,8,44,85
39,43,85,85
40,77,52,85
41,98,42,85
42,28,47,85
43,73,30,85
44,87,79,85
45,38,62,85
46,99,92,85
47,17,81,85
48,32,11,85
49,25,93,85
50,54,10,85
51,31,65,85
52,94,94,85
53,77,86,85
54,65,55,85
55,96,15,85
56,14,52,85
57,15,2,85
58,28,94,85
59,97,37,85
60,52,92,85
61,4,58,85
1,54,90,86
2,29,79,86
3,57,72,86
4,26,96,86
5,50,55,86
6,98,95,86
7,26,55,86
8,96,21,86
9,18,98,86
10,4,73,86
11,95,88,86
12,42,35,86
13,49,28,86
14,67,11,86
15,19,98,86
16,59,33,86
17,36,54,86
18,53,99,86
19,21,22,86
20,56,91,86
21,36,16,86
22,96,1,86
23,88,75,86
24,35,81,86
25,90,63,86
26,49,76,86
27,40,90,86
28,82,4,86
29,22,51,86
30,80,30,86
31,50,38,86
32,8,68,86
33,40,31,86
34,9,82,86
35,53,9,86
36,21,2,86
37,38,80,86
38,8,45,86
39,42,84,86
40,76,53,86
41,98,41,86
42,29,48,86
43,73,31,86
44,87,79,86
45,39,63,86
46,99,92,86
47,17,82,86
48,31,10,86
49,26,93,86
50,55,11,86
51,31,65,86
52,94,94,86
53,77,85,86
54,64,55,86
55,97,14,86
56,15,51,86
57,16,2,86
58,27,93,86
59,98,38,86
60,52,93,86
61,4,57,86
1,54,91,87
2,30,80,87
3,56,73,87
4,25,96,87
5,51,56,87
6,97,96,87
7,25,56,87
8,96,21,87
9,19,97,87
10,4,74,87
11,94,88,87
12,42,36,87
13,50,27,87
14,66,10,87
15,19,99,87
16,60,32,87
17,36,53,87
18,52,98,87
19,22,21,87
20,56,92,87
21,36,16,87
22,95,0,87
23,87,74,87
24,34,80,87
25,90,62,87
26,49,77,87
27,41,89,87
28,83,4,87
29,23,52,87
30,79,30,87
31,50,38,87
32,7,67,87
33,39,32,87
34,8,81,87
35,54,10,87
36,20,3,87
37,37,81,87
38,8,46,87
39,41,85,87
40,75,54,87
41,99,42,87
42,28,47,87
43,72,31,87
44,86,79,87
45,40,64,87
46,98,93,87
47,17,83,87
48,30,9,87
49,25,94,87
50,55,12,87
51,30,65,87
52,94,95,87
53,77,86,87
54,65,54,87
55,97,13,87
56,14,51,87
57,16,3,87
58,27,94,87
59,97,37,87
60,51,92,87
61,3,56,87
1,53,92,88
2,29,81,88
3,57,73,88
4,24,96,88
5,51,56,88
6,97,96,88
7,24,56,88
8,97,21,88
9,20,97,88
10,4,73,88
11,93,89,88
12,43,37,88
13,51,26,88
14,66,9,88
15,18,99,88
16,59,32,88
17,35,54,88
18,51,98,88
19,22,20,88
20,57,92,88
21,36,16,88
22,96,1,88
23,88,73,88
24,33,80,88
25,90,63,88
26,48,78,88
27,40,88,88
28,84,5,88
29,22,52,88
30,79,29,88
31,49,38,88
32,8,67,88
33,38,33,88
34,8,82,88
35,54,9,88
36,19,4,88
37,36,82,88
38,8,45,88
39,42,84,88
40,74,54,88
41,99,42,88
42,29,46,88
43,71,31,88
44,87,80,88
45,41,65,88
46,99,92,88
47,16,84,88
48,29,10,88
49,25,95,88
50,56,12,88
51,30,64,88
52,94,96,88
53,78,86,88
54,64,53,88
55,97,12,88
56,14,50,88
57,16,2,88
58,28,93,88
59,96,38,88
60,52,91,88
61,3,56,88
1,53,91,89
2,28,81,89
3,57,73,89
4,24,95,89
5,52,56,89
6,96,95,89
7,24,55,89
8,96,21,89
9,19,97,89
10,5,72,89
11,94,90,89
12,43,37,89
13,51,25,89
14,66,10,89
15,17,98,89
16,60,33,89
17,35,54,89
18,51,97,89
19,23,21,89
20,58,92,89
21,37,16,89
22,97,0,89
23,87,73,89
24,34,80,89
25,89,63,89
26,47,79,89
27,41,88,89
28,85,6,89
29,23,53,89
30,78,30,89
31,49,37,89
32,8,66,89
33,38,32,89
34,9,81,89
35,55,9,89
36,20,4,89
37,37,82,89
38,7,44,89
39,41,85,89
40,74,54,89
41,98,41,89
42,30,47,89
43,72,31,89
44,86,80,89
45,40,64,89
46,98,92,89
47,17,83,89
48,28,9,89
49,25,94,89
50,57,12,89
51,30,65,89
52,93,97,89
53,77,85,89
54,64,54,89
55,96,13,89
56,15,51,89
57,16,2,89
58,27,92,89
59,97,37,89
60,52,92,89
61,2,55,89
1,53,92,90
2,28,80,90
3,57,74,90
4,24,95,90
5,53,56,90
6,96,96,90
7,23,55,90
8,95,20,90
9,20,98,90
10,5,72,90
11,94,90,90
12,44,38,90
13,50,26,90
14,65,11,90
15,16,99,90
16,61,34,90
17,34,54,90
18,52,98,90
19,24,20,90
20,58,91,90
21,37,16,90
22,97,0,90
23,87,74,90
24,33,79,90
25,90,64,90
26,46,80,90
27,40,89,90
28,86,7,90
29,24,54,90
30,78,30,90
31,49,36,90
32,9,67,90
33,38,31,90
34,8,80,90
35,55,8,90
36,20,5,90
37,38,81,90
38,6,43,90
39,40,86,90
40,73,53,90
41,98,40,90
42,31,48,90
43,72,31,90
44,85,81,90
45,41,63,90
46,97,93,90
47,18,82,90
48,27,9,90
49,25,94,90
50,56,12,90
51,31,66,90
52,92,96,90
53,77,84,90
54,64,55,90
55,96,14,90
56,15,50,90
57,16,1,90
58,26,92,90
59,96,38,90
60,53,93,90
61,3,56,90
1,54,93,91
2,27,80,91
3,58,73,91
4,24,95,91
5,54,55,91
6,96,95,91
7,24,55,91
8,94,19,91
9,20,97,91
10,4,73,91
11,95,89,91
12,43,39,91
13,49,25,91
14,66,10,91
15,16,99,91
16,60,35,91
17,34,55,91
18,52,98,91
19,24,21,91
20,57,92,91
21,38,15,91
22,98,0,91
23,88,75,91
24,32,78,91
25,90,65,91
26,47,79,91
27,39,88,91
28,86,6,91
29,24,54,91
30,77,30,91
31,50,36,91
32,10,67,91
33,37,32,91
34,9,81,91
35,55,9,91
36,19,6,91
37,38,81,91
38,6,44,91
39,41,85,91
40,74,53,91
41,97,39,91
42,30,49,91
43,72,31,91
44,86,82,91
45,42,62,91
46,98,94,91
47,19,83,91
48,26,10,91
49,24,93,91
50,56,11,91
51,32,67,91
52,91,97,91
53,76,83,91
54,64,54,91
55,95,14,91
56,16,51,91
57,16,2,91
58,25,92,91
59,96,39,91
60,54,92,91
61,4,57,91
1,55,93,92
2,26,81,92
3,57,72,92
4,25,94,92
5,53,56,92
6,96,96,92
7,23,56,92
8,95,18,92
9,20,98,92
10,3,72,92
11,95,88,92
12,44,40,92
13,48,24,92
14,66,11,92
15,16,98,92
16,61,35,92
17,34,54,92
18,52,99,92
19,24,20,92
20,56,91,92
21,37,16,92
22,97,1,92
23,88,75,92
24,33,77,92
25,90,66,92
26,46,80,92
27,39,89,92
28,86,5,92
29,24,54,92
30,76,31,92
31,49,37,92
32,10,67,92
33,38,33,92
34,9,80,92
35,54,8,92
36,20,7,92
37,37,82,92
38,5,44,92
39,41,85,92
40,73,52,92
41,96,38,92
42,30,49,92
43,72,32,92
44,85,83,92
45,42,62,92
46,98,94,92
47,18,84,92
48,26,9,92
49,26,92,92
50,55,10,92
51,32,66,92
52,91,96,92
53,76,83,92
54,63,54,92
55,95,13,92
56,15,51,92
57,16,2,92
58,24,92,92
59,96,40,92
60,53,93,92
61,4,57,92
1,54,93,93
2,26,82,93
3,58,73,93
4,24,93,93
5,54,55,93
6,96,96,93
7,24,56,93
8,95,18,93
9,20,97,93
10,2,72,93
11,95,88,93
12,43,40,93
13,48,24,93
14,67,12,93
15,15,97,93
16,60,34,93
17,33,53,93
18,52,99,93
19,24,21,93
20,55,90,93
21,38,16,93
22,98,1,93
23,88,76,93
24,33,77,93
25,89,67,93
26,47,81,93
27,39,89,93
28,87,4,93
29,25,55,93
30,77,31,93
31,48,36,93
32,11,66,93
33,38,32,93
34,8,81,93
35,55,9,93
36,19,6,93
37,36,81,93
38,4,45,93
39,40,84,93
40,74,53,93
41,97,37,93
42,29,49,93
43,73,32,93
44,86,83,93
45,43,61,93
46,99,95,93
47,17,85,93
48,27,10,93
49,26,91,93
50,56,10,93
51,33,66,93
52,91,96,93
53,76,84,93
54,62,55,93
55,95,14,93
56,14,50,93
57,16,2,93
58,24,92,93
59,95,40,93
60,52,94,93
61,4,57,93
1,55,93,94
2,25,82,94
3,58,74,94
4,24,93,94
5,54,54,94
6,96,97,94
7,23,55,94
8,95,17,94
9,19,96,94
10,1,72,94
11,96,89,94
12,44,40,94
13,47,24,94
14,68,11,94
15,16,98,94
16,60,34,94
17,32,52,94
18,52,99,94
19,23,22,94
20,55,89,94
21,38,17,94
22,97,1,94
23,87,77,94
24,34,76,94
25,89,67,94
26,46,81,94
27,38,90,94
28,88,3,94
29,25,54,94
30,77,31,94
31,48,37,94
32,12,66,94
33,37,33,94
34,8,82,94
35,54,8,94
36,20,7,94
37,35,81,94
38,5,45,94
39,39,83,94
40,73,53,94
41,98,37,94
42,28,50,94
43,73,33,94
44,86,84,94
45,43,61,94
46,99,94,94
47,17,84,94
48,26,10,94
49,26,92,94
50,56,9,94
51,33,67,94
52,90,96,94
53,76,84,94
54,63,54,94
55,95,14,94
56,14,51,94
57,17,2,94
58,24,92,94
59,95,40,94
60,52,95,94
61,5,57,94
1,56,94,95
2,26,83,95
3,57,73,95
4,24,91,95
5,55,53,95
6,96,98,95
7,22,54,95
8,94,18,95
9,18,96,95
10,1,73,95
11,96,89,95
12,43,40,95
13,47,24,95
14,69,11,95
15,15,97,95
16,61,33,95
17,33,52,95
18,53,99,95
19,23,21,95
20,54,89,95
21,37,17,95
22,96,0,95
23,88,78,95
24,35,77,95
25,88,66,95
26,47,82,95
27,37,90,95
28,88,2,95
29,24,53,95
30,77,31,95
31,49,37,95
32,11,65,95
33,36,34,95
34,7,82,95
35,55,9,95
36,20,7,95
37,35,81,95
38,6,46,95
39,38,84,95
40,74,52,95
41,97,38,95
42,29,50,95
43,74,33,95
44,87,84,95
45,43,60,95
46,98,93,95
47,18,84,95
48,25,9,95
49,27,92,95
50,55,8,95
51,34,68,95
52,90,97,95
53,75,84,95
54,62,54,95
55,94,15,95
56,13,50,95
57,16,1,95
58,25,91,95
59,95,40,95
60,52,94,95
61,5,57,95
1,57,93,96
2,26,82,96
3,56,74,96
4,23,92,96
5,55,52,96
6,96,98,96
7,21,54,96
8,93,18,96
9,17,97,96
10,2,73,96
11,95,89,96
12,43,39,96
13,46,24,96
14,70,10,96
15,15,96,96
16,62,34,96
17,33,53,96
18,53,98,96
19,23,21,96
20,53,88,96
21,36,16,96
22,97,0,96
23,87,78,96
24,34,76,96
25,89,66,96
26,46,83,96
27,36,89,96
28,87,1,96
29,25,52,96
30,76,30,96
31,50,36,96
32,11,64,96
33,37,33,96
34,8,82,96
35,56,7,96
36,19,6,96
37,36,82,96
38,7,46,96
39,39,83,96
40,73,51,96
41,96,39,96
42,28,50,96
43,74,34,96
44,87,84,96
45,42,61,96
46,99,93,96
47,18,83,96
48,25,10,96
49,28,91,96
50,55,7,96
51,35,69,96
52,90,98,96
53,76,84,96
54,61,53,96
55,94,14,96
56,14,50,96
57,17,2,96
58,25,90,96
59,96,40,96
60,52,95,96
61,4,57,96
1,56,94,97
2,27,82,97
3,55,75,97
4,23,93,97
5,54,53,97
6,95,98,97
7,20,53,97
8,94,17,97
9,17,97,97
10,1,73,97
11,96,89,97
12,44,39,97
13,47,23,97
14,70,11,97
15,15,95,97
16,63,35,97
17,34,52,97
18,53,97,97
19,22,20,97
20,52,88,97
21,36,16,97
22,98,1,97
23,86,77,97
24,34,77,97
25,90,67,97
26,47,84,97
27,35,90,97
28,87,2,97
29,24,52,97
30,76,30,97
31,50,35,97
32,10,64,97
33,36,33,97
34,7,81,97
35,57,6,97
36,20,5,97
37,35,81,97
38,6,45,97
39,38,83,97
40,73,52,97
41,96,38,97
42,29,50,97
43,75,35,97
44,86,84,97
45,43,61,97
46,98,92,97
47,18,82,97
48,24,10,97
49,28,92,97
50,56,8,97
51,36,70,97
52,90,97,97
53,75,84,97
54,62,54,97
55,93,13,97
56,14,49,97
57,17,2,97
58,24,91,97
59,96,41,97
60,51,94,97
61,5,56,97
1,56,95,98
2,26,81,98
3,56,74,98
4,24,92,98
5,53,53,98
6,96,99,98
7,19,54,98
8,94,16,98
9,16,97,98
10,1,72,98
11,97,89,98
12,43,39,98
13,48,23,98
14,71,11,98
15,16,96,98
16,63,36,98
17,34,51,98
18,52,97,98
19,23,20,98
20,52,89,98
21,36,16,98
22,98,1,98
23,85,77,98
24,33,76,98
25,90,68,98
26,46,85,98
27,34,89,98
28,88,3,98
29,24,52,98
30,75,31,98
31,49,36,98
32,10,63,98
33,36,34,98
34,6,82,98
35,57,5,98
36,19,5,98
37,35,80,98
38,7,45,98
39,37,84,98
40,73,53,98
41,95,39,98
42,30,49,98
43,74,34,98
44,86,85,98
45,44,62,98
46,98,92,98
47,18,81,98
48,25,11,98
49,29,92,98
50,55,8,98
51,35,70,98
52,91,98,98
53,75,84,98
54,62,54,98
55,93,14,98
56,14,49,98
57,18,3,98
58,24,90,98
59,96,41,98
60,50,94,98
61,6,55,98
1,56,94,99
2,25,82,99
3,55,74,99
4,24,91,99
5,54,52,99
6,95,99,99
7,18,55,99
8,95,17,99
9,17,97,99
10,0,72,99
11,97,88,99
12,43,40,99
13,47,24,99
14,72,12,99
15,15,95,99
16,64,36,99
17,34,52,99
18,52,96,99
19,22,21,99
20,52,90,99
21,35,17,99
22,98,0,99
23,85,76,99
24,32,77,99
25,90,67,99
26,46,84,99
27,35,90,99
28,87,4,99
29,25,52,99
30,75,31,99
31,48,37,99
32,9,63,99
33,36,33,99
34,5,83,99
35,58,6,99
36,18,4,99
37,35,79,99
38,8,44,99
39,36,83,99
40,73,53,99
41,96,40,99
42,29,49,99
43,75,35,99
44,87,84,99
45,44,61,99
46,97,93,99
47,17,80,99
48,25,12,99
49,29,92,99
50,55,8,99
51,36,70,99
52,91,99,99
53,75,84,99
54,61,54,99
55,93,15,99
56,14,48,99
57,17,3,99
58,23,89,99
59,96,41,99
60,51,95,99
61,5,54,99
1,55,94,100
2,24,83,100
3,56,74,100
4,23,90,100
5,53,52,100
6,95,98,100
7,19,56,100
8,95,16,100
9,16,98,100
10,1,72,100
11,97,87,100
12,44,39,100
13,46,23,100
14,72,11,100
15,15,96,100
16,64,37,100
17,34,53,100
18,52,94,100
19,21,20,100
20,51,90,100
21,34,17,100
22,97,0,100
23,85,76,100
24,33,78,100
25,91,67,100
26,46,84,100
27,34,90,100
28,88,3,100
29,24,51,100
30,76,31,100
31,49,38,100
32,9,63,100
33,37,32,100
34,4,83,100
35,57,6,100
36,18,4,100
37,36,79,100
38,7,43,100
39,35,84,100
40,72,54,100
41,95,39,100
42,30,50,100
43,76,36,100
44,87,84,100
45,44,60,100
46,97,92,100
47,18,80,100
48,24,12,100
49,30,92,100
50,55,9,100
51,36,70,100
52,92,99,100
53,75,83,100
54,61,55,100
55,93,15,100
56,13,47,100
57,17,3,100
58,23,88,100
59,96,40,100
60,51,94,100
61,5,54,100
