1,88,18,1
2,78,51,1
3,52,84,1
4,67,40,1
5,28,20,1
6,99,29,1
7,56,98,1
8,29,78,1
9,41,68,1
10,44,78,1
11,14,93,1
12,5,9,1
13,92,53,1
14,44,38,1
15,45,36,1
16,96,84,1
17,8,24,1
18,10,46,1
19,11,67,1
20,88,81,1
21,98,9,1
22,75,81,1
23,27,57,1
24,51,5,1
25,47,92,1
26,97,67,1
27,79,29,1
28,48,11,1
29,40,77,1
30,83,32,1
31,90,59,1
32,5,96,1
33,3,98,1
34,25,19,1
35,39,28,1
36,65,45,1
37,42,27,1
38,32,22,1
39,69,69,1
40,16,74,1
41,6,26,1
42,55,68,1
43,38,94,1
44,22,72,1
45,77,4,1
46,50,33,1
47,53,32,1
48,47,1,1
49,90,38,1
50,17,9,1
1,88,17,2
2,78,51,2
3,53,83,2
4,68,40,2
5,27,20,2
6,98,30,2
7,56,97,2
8,29,79,2
9,41,69,2
10,44,77,2
11,15,94,2
12,4,8,2
13,91,52,2
14,45,39,2
15,44,36,2
16,95,84,2
17,7,25,2
18,11,45,2
19,12,67,2
20,87,82,2
21,98,9,2
22,76,81,2
23,28,58,2
24,51,5,2
25,46,91,2
26,98,67,2
27,79,28,2
28,48,10,2
29,39,77,2
30,84,32,2
31,89,59,2
32,6,95,2
33,4,98,2
34,26,20,2
35,39,27,2
36,66,45,2
37,41,26,2
38,31,21,2
39,68,69,2
40,17,75,2
41,6,25,2
42,56,67,2
43,37,93,2
44,21,73,2
45,78,3,2
46,51,34,2
47,52,33,2
48,47,0,2
49,91,37,2
50,16,9,2
1,88,16,3
2,79,50,3
3,54,82,3
4,69,39,3
5,27,21,3
6,99,30,3
7,57,97,3
8,29,79,3
9,41,68,3
10,45,78,3
11,15,95,3
12,5,8,3
13,90,51,3
14,45,38,3
15,43,36,3
16,96,85,3
17,8,24,3
18,10,46,3
19,12,68,3
20,86,81,3
21,97,9,3
22,77,81,3
23,29,58,3
24,52,5,3
25,45,91,3
26,99,67,3
27,78,29,3
28,47,10,3
29,38,76,3
30,84,31,3
31,90,60,3
32,5,94,3
33,3,99,3
34,27,20,3
35,39,28,3
36,65,46,3
37,41,27,3
38,31,22,3
39,69,69,3
40,16,74,3
41,7,24,3
42,56,68,3
43,36,93,3
44,20,73,3
45,77,2,3
46,51,33,3
47,52,34,3
48,47,0,3
49,92,38,3
50,15,10,3
1,87,15,4
2,80,51,4
3,53,83,4
4,69,38,4
5,28,21,4
6,98,31,4
7,57,96,4
8,29,80,4
9,41,69,4
10,44,79,4
11,15,95,4
12,4,9,4
13,91,52,4
14,45,39,4
15,43,35,4
16,97,86,4
17,9,25,4
18,10,46,4
19,11,68,4
20,85,80,4
21,98,9,4
22,77,82,4
23,29,57,4
24,51,5,4
25,45,90,4
26,98,67,4
27,77,28,4
28,48,11,4
29,38,76,4
30,83,32,4
31,89,59,4
32,5,95,4
33,4,99,4
34,27,19,4
35,39,27,4
36,65,46,4
37,41,28,4
38,31,23,4
39,70,68,4
40,17,74,4
41,6,25,4
42,56,67,4
43,35,94,4
44,19,73,4
45,78,2,4
46,51,34,4
47,53,35,4
48,46,1,4
49,92,39,4
50,14,10,4
1,87,15,5
2,79,51,5
3,54,82,5
4,69,38,5
5,29,21,5
6,97,30,5
7,58,97,5
8,28,81,5
9,40,68,5
10,44,80,5
11,15,96,5
12,4,8,5
13,92,52,5
14,46,39,5
15,43,35,5
16,96,87,5
17,9,24,5
18,11,46,5
19,11,69,5
20,84,79,5
21,99,9,5
22,78,82,5
23,28,58,5
24,51,6,5
25,46,89,5
26,99,66,5
27,77,27,5
28,47,11,5
29,37,75,5
30,84,33,5
31,88,58,5
32,6,94,5
33,3,98,5
34,26,20,5
35,40,27,5
36,64,45,5
37,41,28,5
38,32,23,5
39,71,67,5
40,17,75,5
41,7,25,5
42,56,68,5
43,34,95,5
44,20,74,5
45,79,2,5
46,50,33,5
47,54,35,5
48,45,0,5
49,91,38,5
50,14,11,5
1,86,14,6
2,79,52,6
3,54,81,6
4,70,37,6
5,30,22,6
6,98,30,6
7,59,97,6
8,29,82,6
9,41,68,6
10,45,80,6
11,14,95,6
12,5,8,6
13,92,53,6
14,45,39,6
15,43,35,6
16,95,88,6
17,10,25,6
18,10,46,6
19,12,70,6
20,84,78,6
21,98,10,6
22,77,83,6
23,27,59,6
24,51,6,6
25,46,88,6
26,99,67,6
27,78,27,6
28,47,10,6
29,38,76,6
30,85,33,6
31,88,59,6
32,5,94,6
33,2,97,6
34,26,21,6
35,40,27,6
36,63,44,6
37,40,28,6
38,32,22,6
39,70,68,6
40,16,75,6
41,7,25,6
42,55,69,6
43,35,94,6
44,20,75,6
45,80,3,6
46,50,34,6
47,54,36,6
48,45,0,6
49,90,38,6
50,14,11,6
1,87,15,7
2,79,53,7
3,55,80,7
4,69,36,7
5,30,21,7
6,98,29,7
7,58,97,7
8,28,82,7
9,40,69,7
10,45,80,7
11,13,95,7
12,5,8,7
13,91,54,7
14,45,39,7
15,43,35,7
16,94,88,7
17,10,26,7
18,10,47,7
19,11,69,7
20,85,77,7
21,99,9,7
22,76,84,7
23,26,59,7
24,50,7,7
25,45,87,7
26,99,66,7
27,77,26,7
28,48,10,7
29,38,75,7
30,84,32,7
31,88,59,7
32,6,93,7
33,3,97,7
34,25,21,7
35,40,26,7
36,63,44,7
37,41,28,7
38,32,22,7
39,70,69,7
40,16,76,7
41,6,26,7
42,54,69,7
43,34,93,7
44,21,76,7
45,80,4,7
46,49,34,7
47,54,37,7
48,46,1,7
49,91,39,7
50,13,10,7
1,88,15,8
2,80,54,8
3,54,79,8
4,68,35,8
5,29,22,8
6,98,30,8
7,59,97,8
8,28,81,8
9,39,69,8
10,45,81,8
11,14,96,8
12,5,9,8
13,90,54,8
14,46,38,8
15,42,34,8
16,93,87,8
17,10,26,8
18,10,48,8
19,12,69,8
20,86,78,8
21,99,10,8
22,77,83,8
23,27,59,8
24,51,6,8
25,44,88,8
26,98,67,8
27,77,25,8
28,47,10,8
29,39,74,8
30,83,32,8
31,89,59,8
32,7,92,8
33,3,97,8
34,25,22,8
35,40,26,8
36,64,45,8
37,42,27,8
38,32,23,8
39,69,70,8
40,15,76,8
41,6,26,8
42,53,68,8
43,34,93,8
44,20,75,8
45,81,3,8
46,50,35,8
47,54,36,8
48,47,1,8
49,92,40,8
50,12,11,8
1,89,16,9
2,80,54,9
3,54,80,9
4,67,35,9
5,30,22,9
6,97,29,9
7,60,97,9
8,29,82,9
9,39,69,9
10,45,82,9
11,15,97,9
12,6,9,9
13,89,53,9
14,47,39,9
15,42,35,9
16,92,88,9
17,10,26,9
18,9,48,9
19,13,69,9
20,86,78,9
21,98,9,9
22,77,82,9
23,28,59,9
24,52,5,9
25,43,87,9
26,98,67,9
27,76,26,9
28,47,11,9
29,40,73,9
30,83,33,9
31,88,60,9
32,6,93,9
33,4,96,9
34,26,22,9
35,40,26,9
36,65,44,9
37,41,27,9
38,31,23,9
39,69,71,9
40,16,76,9
41,5,26,9
42,54,69,9
43,34,94,9
44,19,75,9
45,82,2,9
46,51,35,9
47,53,35,9
48,46,1,9
49,93,41,9
50,11,10,9
1,89,17,10
2,79,53,10
3,53,80,10
4,66,35,10
5,29,23,10
6,98,30,10
7,59,98,10
8,29,81,10
9,38,70,10
10,46,83,10
11,16,96,10
12,7,8,10
13,89,53,10
14,48,40,10
15,41,34,10
16,92,89,10
17,11,26,10
18,8,49,10
19,13,68,10
20,85,79,10
21,98,8,10
22,78,83,10
23,29,59,10
24,52,5,10
25,44,86,10
26,98,68,10
27,75,25,10
28,47,12,10
29,39,72,10
30,82,34,10
31,88,60,10
32,5,92,10
33,4,95,10
34,27,22,10
35,39,27,10
36,65,45,10
37,40,28,10
38,31,23,10
39,68,70,10
40,16,77,10
41,4,26,10
42,53,70,10
43,34,95,10
44,19,75,10
45,83,3,10
46,52,35,10
47,52,36,10
48,46,0,10
49,92,40,10
50,10,9,10
1,89,18,11
2,78,54,11
3,54,81,11
4,67,35,11
5,30,22,11
6,98,31,11
7,60,99,11
8,30,81,11
9,39,71,11
10,47,84,11
11,16,96,11
12,6,8,11
13,89,53,11
14,48,41,11
15,41,34,11
16,92,88,11
17,11,25,11
18,9,50,11
19,13,68,11
20,86,78,11
21,97,8,11
22,78,82,11
23,29,59,11
24,52,5,11
25,43,86,11
26,99,68,11
27,75,26,11
28,48,13,11
29,39,73,11
30,83,35,11
31,87,60,11
32,4,91,11
33,4,96,11
34,28,22,11
35,39,26,11
36,64,44,11
37,41,28,11
38,30,23,11
39,67,71,11
40,16,76,11
41,4,26,11
42,52,69,11
43,33,95,11
44,20,74,11
45,83,2,11
46,51,35,11
47,53,37,11
48,47,1,11
49,92,41,11
50,9,8,11
1,88,18,12
2,77,55,12
3,54,80,12
4,67,35,12
5,31,22,12
6,99,32,12
7,59,99,12
8,29,80,12
9,38,71,12
10,48,83,12
11,17,95,12
12,7,8,12
13,90,53,12
14,49,40,12
15,41,34,12
16,93,88,12
17,10,24,12
18,8,49,12
19,12,67,12
20,85,79,12
21,97,7,12
22,78,82,12
23,28,58,12
24,52,5,12
25,44,86,12
26,99,67,12
27,76,26,12
28,49,13,12
29,40,74,12
30,84,34,12
31,88,59,12
32,4,91,12
33,4,97,12
34,27,22,12
35,39,27,12
36,63,44,12
37,41,28,12
38,29,22,12
39,68,70,12
40,17,77,12
41,5,27,12
42,51,69,12
43,33,94,12
44,21,74,12
45,82,3,12
46,50,35,12
47,52,36,12
48,46,1,12
49,93,41,12
50,8,7,12
1,89,17,13
2,78,56,13
3,53,81,13
4,68,35,13
5,30,21,13
6,99,31,13
7,60,99,13
8,29,81,13
9,38,71,13
10,49,82,13
11,16,94,13
12,8,8,13
13,91,54,13
14,50,40,13
15,41,33,13
16,94,88,13
17,11,23,13
18,8,50,13
19,11,67,13
20,86,80,13
21,96,8,13
22,77,83,13
23,29,58,13
24,51,4,13
25,43,87,13
26,99,68,13
27,76,27,13
28,50,14,13
29,41,73,13
30,84,35,13
31,87,60,13
32,3,92,13
33,4,97,13
34,26,21,13
35,38,26,13
36,63,45,13
37,40,29,13
38,30,22,13
39,68,71,13
40,16,78,13
41,5,28,13
42,52,70,13
43,33,93,13
44,21,74,13
45,82,3,13
46,49,34,13
47,53,35,13
48,45,0,13
49,93,42,13
50,7,7,13
1,90,18,14
2,79,55,14
3,54,80,14
4,68,36,14
5,29,22,14
6,99,32,14
7,61,99,14
8,28,82,14
9,37,71,14
10,48,83,14
11,17,94,14
12,8,9,14
13,90,54,14
14,49,40,14
15,41,33,14
16,93,88,14
17,10,23,14
18,8,50,14
19,10,67,14
20,86,79,14
21,95,9,14
22,76,83,14
23,29,58,14
24,50,4,14
25,43,87,14
26,98,68,14
27,75,27,14
28,51,14,14
29,42,74,14
30,84,36,14
31,86,60,14
32,4,91,14
33,4,97,14
34,27,22,14
35,37,26,14
36,63,45,14
37,39,30,14
38,30,21,14
39,69,72,14
40,17,79,14
41,6,28,14
42,53,69,14
43,33,93,14
44,22,74,14
45,82,4,14
46,50,33,14
47,54,35,14
48,45,1,14
49,94,41,14
50,6,7,14
1,89,17,15
2,79,56,15
3,54,80,15
4,68,37,15
5,28,23,15
6,99,32,15
7,62,99,15
8,29,83,15
9,37,72,15
10,47,82,15
11,16,94,15
12,7,9,15
13,91,53,15
14,50,40,15
15,42,34,15
16,94,89,15
17,11,24,15
18,9,50,15
19,11,67,15
20,85,79,15
21,95,10,15
22,76,83,15
23,30,57,15
24,49,3,15
25,42,86,15
26,98,68,15
27,74,26,15
28,50,13,15
29,41,73,15
30,84,35,15
31,85,60,15
32,3,90,15
33,4,96,15
34,27,22,15
35,36,27,15
36,64,44,15
37,40,29,15
38,29,20,15
39,68,72,15
40,17,79,15
41,7,29,15
42,52,69,15
43,32,92,15
44,21,73,15
45,83,5,15
46,51,34,15
47,54,36,15
48,46,0,15
49,95,41,15
50,5,7,15
1,89,18,16
2,78,55,16
3,53,81,16
4,69,37,16
5,27,24,16
6,98,33,16
7,62,99,16
8,30,83,16
9,36,72,16
10,46,83,16
11,15,95,16
12,6,8,16
13,91,54,16
14,49,39,16
15,42,35,16
16,94,88,16
17,12,25,16
18,10,49,16
19,11,67,16
20,84,80,16
21,96,10,16
22,76,83,16
23,29,58,16
24,49,3,16
25,41,86,16
26,99,67,16
27,75,25,16
28,50,13,16
29,40,74,16
30,83,36,16
31,84,59,16
32,2,89,16
33,5,97,16
34,28,23,16
35,35,27,16
36,64,45,16
37,39,29,16
38,28,20,16
39,68,72,16
40,17,78,16
41,7,28,16
42,51,69,16
43,33,91,16
44,21,74,16
45,83,6,16
46,51,35,16
47,55,37,16
48,47,1,16
49,94,41,16
50,5,8,16
1,90,19,17
2,77,55,17
3,53,82,17
4,70,36,17
5,27,23,17
6,97,34,17
7,63,99,17
8,31,82,17
9,36,71,17
10,47,82,17
11,14,94,17
12,5,7,17
13,91,54,17
14,49,38,17
15,42,36,17
16,93,89,17
17,13,24,17
18,11,50,17
19,11,66,17
20,83,79,17
21,96,10,17
22,77,83,17
23,29,57,17
24,49,4,17
25,42,85,17
26,98,67,17
27,75,24,17
28,49,14,17
29,40,74,17
30,83,36,17
31,85,59,17
32,2,88,17
33,6,97,17
34,28,24,17
35,35,27,17
36,63,45,17
37,39,28,17
38,28,19,17
39,68,72,17
40,16,78,17
41,6,28,17
42,51,69,17
43,33,90,17
44,22,73,17
45,83,5,17
46,50,36,17
47,54,38,17
48,46,2,17
49,94,42,17
50,6,9,17
1,90,18,18
2,76,54,18
3,53,81,18
4,70,35,18
5,28,23,18
6,96,34,18
7,64,99,18
8,30,81,18
9,35,70,18
10,48,82,18
11,14,95,18
12,5,8,18
13,90,55,18
14,49,37,18
15,42,36,18
16,92,88,18
17,14,25,18
18,11,50,18
19,12,66,18
20,83,79,18
21,96,11,18
22,76,84,18
23,29,58,18
24,49,3,18
25,41,86,18
26,99,67,18
27,74,25,18
28,50,15,18
29,40,73,18
30,83,36,18
31,84,60,18
32,2,88,18
33,7,98,18
34,29,25,18
35,36,27,18
36,63,44,18
37,40,27,18
38,29,20,18
39,68,71,18
40,15,77,18
41,6,27,18
42,50,70,18
43,33,89,18
44,23,73,18
45,83,4,18
46,49,36,18
47,53,38,18
48,46,2,18
49,93,42,18
50,6,10,18
1,90,19,19
2,75,53,19
3,53,81,19
4,70,36,19
5,29,24,19
6,97,35,19
7,64,99,19
8,31,80,19
9,35,69,19
10,49,81,19
11,15,96,19
12,4,9,19
13,90,54,19
14,49,37,19
15,42,36,19
16,93,89,19
17,14,26,19
18,12,49,19
19,12,66,19
20,82,80,19
21,96,12,19
22,75,85,19
23,29,57,19
24,49,3,19
25,40,87,19
26,99,66,19
27,75,25,19
28,51,16,19
29,41,72,19
30,84,35,19
31,83,60,19
32,3,87,19
33,8,99,19
34,30,25,19
35,35,27,19
36,63,44,19
37,40,26,19
38,29,20,19
39,67,71,19
40,16,77,19
41,6,26,19
42,51,69,19
43,34,90,19
44,23,72,19
45,82,3,19
46,48,36,19
47,52,37,19
48,46,1,19
49,93,43,19
50,7,10,19
1,91,20,20
2,75,54,20
3,52,80,20
4,71,35,20
5,30,23,20
6,97,36,20
7,65,99,20
8,30,81,20
9,35,70,20
10,48,81,20
11,15,95,20
12,4,10,20
13,89,55,20
14,48,37,20
15,42,35,20
16,93,88,20
17,15,27,20
18,11,50,20
19,11,65,20
20,83,79,20
21,97,13,20
22,76,84,20
23,28,57,20
24,49,3,20
25,41,88,20
26,99,67,20
27,74,24,20
28,52,17,20
29,41,72,20
30,85,35,20
31,84,60,20
32,4,88,20
33,8,98,20
34,31,26,20
35,35,26,20
36,63,43,20
37,40,25,20
38,29,20,20
39,66,70,20
40,15,77,20
41,5,25,20
42,51,69,20
43,35,90,20
44,23,72,20
45,82,2,20
46,47,35,20
47,51,36,20
48,45,1,20
49,92,43,20
50,8,11,20
1,90,20,21
2,75,53,21
3,52,79,21
4,72,34,21
5,30,23,21
6,96,37,21
7,65,98,21
8,30,82,21
9,35,71,21
10,48,80,21
11,16,96,21
12,4,11,21
13,90,55,21
14,49,38,21
15,41,35,21
16,92,89,21
17,16,28,21
18,10,51,21
19,12,64,21
20,83,79,21
21,97,12,21
22,76,84,21
23,28,56,21
24,50,4,21
25,42,89,21
26,98,67,21
27,74,25,21
28,53,17,21
29,40,71,21
30,85,35,21
31,83,59,21
32,3,88,21
33,7,99,21
34,32,26,21
35,34,26,21
36,62,44,21
37,39,26,21
38,28,20,21
39,66,69,21
40,16,77,21
41,4,25,21
42,50,68,21
43,34,91,21
44,22,71,21
45,82,2,21
46,48,35,21
47,51,37,21
48,46,2,21
49,92,42,21
50,7,12,21
1,91,19,22
2,76,53,22
3,51,78,22
4,72,34,22
5,29,24,22
6,96,38,22
7,64,99,22
8,31,83,22
9,35,70,22
10,47,80,22
11,16,97,22
12,4,12,22
13,90,54,22
14,48,38,22
15,42,34,22
16,91,90,22
17,15,27,22
18,9,52,22
19,11,63,22
20,83,79,22
21,98,11,22
22,77,85,22
23,28,55,22
24,50,5,22
25,41,90,22
26,97,66,22
27,73,25,22
28,52,16,22
29,40,70,22
30,86,36,22
31,82,58,22
32,4,88,22
33,6,98,22
34,33,25,22
35,34,27,22
36,63,44,22
37,39,27,22
38,29,21,22
39,65,70,22
40,16,78,22
41,4,26,22
42,51,68,22
43,33,90,22
44,23,72,22
45,81,2,22
46,49,34,22
47,51,37,22
48,45,2,22
49,91,41,22
50,6,12,22
1,90,18,23
2,76,53,23
3,51,77,23
4,72,33,23
5,30,24,23
6,96,38,23
7,65,98,23
8,32,83,23
9,34,70,23
10,48,80,23
11,16,96,23
12,3,11,23
13,91,55,23
14,47,39,23
15,41,35,23
16,90,90,23
17,14,27,23
18,8,51,23
19,11,62,23
20,84,80,23
21,99,12,23
22,76,85,23
23,27,54,23
24,50,4,23
25,42,89,23
26,96,67,23
27,72,25,23
28,51,15,23
29,40,69,23
30,86,35,23
31,82,58,23
32,4,88,23
33,5,97,23
34,34,24,23
35,35,26,23
36,63,43,23
37,38,26,23
38,28,21,23
39,64,71,23
40,16,78,23
41,3,26,23
42,50,67,23
43,34,89,23
44,24,71,23
45,81,2,23
46,49,34,23
47,51,38,23
48,44,3,23
49,91,42,23
50,7,12,23
1,89,17,24
2,75,53,24
3,51,76,24
4,73,33,24
5,29,23,24
6,97,39,24
7,66,98,24
8,32,84,24
9,33,69,24
10,49,81,24
11,16,95,24
12,3,12,24
13,92,55,24
14,47,38,24
15,41,36,24
16,89,91,24
17,13,26,24
18,7,50,24
19,11,61,24
20,84,79,24
21,99,11,24
22,75,84,24
23,28,53,24
24,50,3,24
25,43,88,24
26,96,67,24
27,71,26,24
28,50,15,24
29,41,69,24
30,87,35,24
31,83,58,24
32,3,87,24
33,5,98,24
34,33,25,24
35,36,26,24
36,64,43,24
37,39,26,24
38,27,20,24
39,64,72,24
40,15,78,24
41,4,25,24
42,51,67,24
43,33,88,24
44,25,72,24
45,82,3,24
46,50,35,24
47,52,39,24
48,45,4,24
49,90,43,24
50,6,13,24
1,88,16,25
2,76,54,25
3,51,77,25
4,72,34,25
5,30,23,25
6,97,39,25
7,65,99,25
8,32,83,25
9,34,69,25
10,50,81,25
11,16,94,25
12,2,11,25
13,92,55,25
14,48,37,25
15,40,35,25
16,89,90,25
17,13,26,25
18,6,51,25
19,10,61,25
20,83,80,25
21,99,10,25
22,75,84,25
23,28,53,25
24,49,4,25
25,43,87,25
26,96,66,25
27,71,27,25
28,50,14,25
29,40,70,25
30,86,36,25
31,83,59,25
32,3,86,25
33,6,98,25
34,32,24,25
35,36,25,25
36,63,43,25
37,38,26,25
38,27,19,25
39,65,72,25
40,15,78,25
41,3,25,25
42,50,67,25
43,33,89,25
44,26,73,25
45,81,4,25
46,50,36,25
47,51,40,25
48,44,3,25
49,90,43,25
50,5,13,25
1,87,17,26
2,76,53,26
3,50,77,26
4,71,33,26
5,31,22,26
6,97,38,26
7,64,99,26
8,31,82,26
9,35,69,26
10,51,81,26
11,15,93,26
12,3,11,26
13,93,54,26
14,47,38,26
15,40,35,26
16,88,90,26
17,12,26,26
18,7,51,26
19,10,61,26
20,83,80,26
21,99,11,26
22,76,85,26
23,27,54,26
24,49,3,26
25,42,87,26
26,96,65,26
27,72,28,26
28,51,13,26
29,41,69,26
30,85,37,26
31,83,59,26
32,2,86,26
33,6,98,26
34,32,25,26
35,36,25,26
36,62,43,26
37,39,26,26
38,27,19,26
39,66,72,26
40,14,79,26
41,3,25,26
42,51,68,26
43,32,88,26
44,26,73,26
45,82,3,26
46,49,37,26
47,50,41,26
48,43,2,26
49,90,44,26
50,4,12,26
1,87,18,27
2,77,53,27
3,49,78,27
4,72,34,27
5,31,22,27
6,98,37,27
7,64,98,27
8,31,81,27
9,35,68,27
10,51,80,27
11,14,92,27
12,3,10,27
13,93,53,27
14,48,37,27
15,40,34,27
16,89,89,27
17,13,25,27
18,7,50,27
19,11,60,27
20,84,80,27
21,99,10,27
22,77,85,27
23,26,53,27
24,49,3,27
25,43,88,27
26,95,66,27
27,72,27,27
28,50,12,27
29,41,70,27
30,84,37,27
31,82,60,27
32,2,85,27
33,6,99,27
34,32,26,27
35,35,25,27
36,62,43,27
37,38,26,27
38,28,18,27
39,65,72,27
40,15,79,27
41,3,24,27
42,50,67,27
43,31,88,27
44,26,72,27
45,81,2,27
46,50,37,27
47,49,42,27
48,43,2,27
49,90,43,27
50,3,11,27
1,88,18,28
2,76,52,28
3,50,77,28
4,71,33,28
5,32,21,28
6,97,37,28
7,65,99,28
8,32,82,28
9,36,68,28
10,50,80,28
11,13,92,28
12,4,10,28
13,94,54,28
14,47,38,28
15,39,33,28
16,88,88,28
17,12,26,28
18,7,51,28
19,12,61,28
20,84,79,28
21,98,11,28
22,78,84,28
23,27,54,28
24,48,3,28
25,44,89,28
26,96,66,28
27,72,28,28
28,51,13,28
29,41,71,28
30,84,37,28
31,82,59,28
32,1,85,28
33,7,98,28
34,31,26,28
35,34,24,28
36,63,42,28
37,39,25,28
38,29,19,28
39,66,71,28
40,14,78,28
41,2,24,28
42,51,68,28
43,30,87,28
44,25,71,28
45,80,1,28
46,51,38,28
47,50,43,28
48,42,1,28
49,89,43,28
50,2,12,28
1,88,19,29
2,76,53,29
3,50,77,29
4,70,33,29
5,33,20,29
6,97,37,29
7,64,99,29
8,31,82,29
9,35,69,29
10,49,79,29
11,12,92,29
12,5,10,29
13,94,54,29
14,48,39,29
15,40,33,29
16,87,89,29
17,13,25,29
18,6,50,29
19,11,60,29
20,84,78,29
21,99,10,29
22,77,83,29
23,27,55,29
24,48,3,29
25,44,90,29
26,96,65,29
27,73,27,29
28,51,12,29
29,42,72,29
30,83,36,29
31,83,58,29
32,0,84,29
33,6,97,29
34,31,26,29
35,33,24,29
36,63,41,29
37,40,25,29
38,28,19,29
39,66,72,29
40,15,78,29
41,1,23,29
42,51,68,29
43,31,87,29
44,24,70,29
45,81,2,29
46,50,39,29
47,49,42,29
48,41,1,29
49,88,42,29
50,1,12,29
1,87,19,30
2,75,54,30
3,50,76,30
4,69,34,30
5,34,21,30
6,98,38,30
7,63,98,30
8,31,83,30
9,35,70,30
10,48,79,30
11,13,93,30
12,5,11,30
13,93,54,30
14,48,38,30
15,39,34,30
16,86,89,30
17,13,24,30
18,6,50,30
19,12,61,30
20,83,77,30
21,99,11,30
22,78,84,30
23,26,55,30
24,48,3,30
25,43,91,30
26,95,66,30
27,72,28,30
28,51,12,30
29,41,72,30
30,84,35,30
31,84,57,30
32,1,84,30
33,7,96,30
34,30,26,30
35,34,24,30
36,62,41,30
37,39,24,30
38,28,19,30
39,66,72,30
40,16,79,30
41,2,24,30
42,50,69,30
43,31,87,30
44,25,69,30
45,80,2,30
46,50,40,30
47,49,42,30
48,42,2,30
49,88,41,30
50,2,11,30
1,86,18,31
2,76,53,31
3,51,76,31
4,70,33,31
5,33,21,31
6,99,38,31
7,62,97,31
8,31,83,31
9,35,69,31
10,49,80,31
11,12,94,31
12,6,11,31
13,92,54,31
14,47,38,31
15,39,33,31
16,85,88,31
17,12,23,31
18,7,49,31
19,12,62,31
20,83,77,31
21,99,10,31
22,78,84,31
23,26,56,31
24,48,3,31
25,43,91,31
26,95,65,31
27,71,27,31
28,51,13,31
29,40,72,31
30,84,35,31
31,84,58,31
32,2,83,31
33,8,96,31
34,31,27,31
35,34,24,31
36,63,40,31
37,39,24,31
38,27,18,31
39,66,72,31
40,17,79,31
41,3,24,31
42,51,70,31
43,31,86,31
44,26,70,31
45,80,1,31
46,50,41,31
47,49,43,31
48,43,3,31
49,87,41,31
50,1,10,31
1,87,18,32
2,76,54,32
3,52,77,32
4,70,34,32
5,34,21,32
6,98,39,32
7,63,96,32
8,30,82,32
9,34,70,32
10,49,81,32
11,11,94,32
12,7,12,32
13,92,55,32
14,48,37,32
15,38,32,32
16,86,88,32
17,12,24,32
18,7,49,32
19,11,62,32
20,82,76,32
21,99,11,32
22,77,85,32
23,26,56,32
24,49,4,32
25,43,91,32
26,96,66,32
27,72,27,32
28,52,13,32
29,40,73,32
30,85,34,32
31,83,57,32
32,2,84,32
33,8,95,32
34,31,28,32
35,34,25,32
36,63,39,32
37,38,24,32
38,26,19,32
39,66,72,32
40,17,78,32
41,4,23,32
42,51,71,32
43,30,87,32
44,27,69,32
45,81,2,32
46,50,42,32
47,48,42,32
48,44,3,32
49,86,42,32
50,0,10,32
1,88,18,33
2,75,53,33
3,53,78,33
4,70,34,33
5,34,22,33
6,99,40,33
7,63,97,33
8,31,83,33
9,35,69,33
10,50,80,33
11,11,94,33
12,7,12,33
13,91,56,33
14,48,38,33
15,39,32,33
16,86,88,33
17,13,25,33
18,7,48,33
19,11,63,33
20,81,76,33
21,98,12,33
22,76,86,33
23,26,55,33
24,49,3,33
25,43,92,33
26,96,66,33
27,73,28,33
28,53,13,33
29,39,73,33
30,86,35,33
31,83,56,33
32,3,83,33
33,7,95,33
34,32,28,33
35,34,24,33
36,63,39,33
37,39,24,33
38,27,19,33
39,66,73,33
40,17,77,33
41,4,22,33
42,50,72,33
43,30,86,33
44,28,69,33
45,81,2,33
46,51,42,33
47,47,43,33
48,44,4,33
49,86,42,33
50,1,11,33
1,88,17,34
2,74,52,34
3,53,78,34
4,69,35,34
5,33,23,34
6,99,40,34
7,64,97,34
8,31,84,34
9,36,70,34
10,51,80,34
11,12,95,34
12,6,13,34
13,90,57,34
14,47,38,34
15,40,31,34
16,87,88,34
17,13,24,34
18,8,48,34
19,11,63,34
20,81,75,34
21,99,12,34
22,75,87,34
23,26,56,34
24,49,4,34
25,44,91,34
26,96,67,34
27,72,27,34
28,53,14,34
29,40,74,34
30,87,34,34
31,83,57,34
32,2,84,34
33,6,96,34
34,32,27,34
35,34,25,34
36,63,39,34
37,38,23,34
38,27,19,34
39,67,73,34
40,16,78,34
41,5,23,34
42,49,72,34
43,30,86,34
44,28,69,34
45,81,1,34
46,52,41,34
47,46,44,34
48,45,4,34
49,86,43,34
50,1,11,34
1,88,17,35
2,74,53,35
3,52,79,35
4,70,35,35
5,32,24,35
6,99,39,35
7,64,97,35
8,30,85,35
9,36,69,35
10,52,80,35
11,13,95,35
12,7,14,35
13,90,58,35
14,47,37,35
15,39,31,35
16,88,89,35
17,12,24,35
18,9,47,35
19,12,62,35
20,82,75,35
21,98,11,35
22,76,88,35
23,27,55,35
24,49,3,35
25,44,91,35
26,95,66,35
27,72,28,35
28,52,15,35
29,40,74,35
30,86,33,35
31,84,56,35
32,3,85,35
33,7,96,35
34,33,26,35
35,35,25,35
36,64,39,35
37,39,22,35
38,27,18,35
39,67,74,35
40,17,78,35
41,6,22,35
42,49,73,35
43,31,86,35
44,27,70,35
45,81,2,35
46,53,40,35
47,45,44,35
48,44,3,35
49,87,42,35
50,2,12,35
1,88,16,36
2,74,53,36
3,52,78,36
4,70,34,36
5,32,23,36
6,99,38,36
7,63,96,36
8,31,84,36
9,35,70,36
10,53,80,36
11,12,95,36
12,6,13,36
13,89,59,36
14,47,38,36
15,38,32,36
16,88,89,36
17,11,24,36
18,9,48,36
19,12,62,36
20,82,74,36
21,98,12,36
22,77,89,36
23,26,54,36
24,48,2,36
25,43,92,36
26,96,66,36
27,73,29,36
28,52,15,36
29,39,73,36
30,86,32,36
31,83,56,36
32,4,84,36
33,7,95,36
34,34,27,36
35,35,24,36
36,63,38,36
37,40,22,36
38,26,18,36
39,68,75,36
40,16,79,36
41,7,21,36
42,48,73,36
43,31,85,36
44,26,69,36
45,81,3,36
46,52,41,36
47,46,44,36
48,43,2,36
49,87,41,36
50,3,11,36
1,88,17,37
2,75,52,37
3,51,79,37
4,70,35,37
5,31,23,37
6,99,39,37
7,64,96,37
8,30,83,37
9,36,70,37
10,52,79,37
11,11,96,37
12,6,13,37
13,90,60,37
14,47,37,37
15,37,31,37
16,87,89,37
17,11,25,37
18,9,49,37
19,13,62,37
20,81,73,37
21,98,11,37
22,77,88,37
23,26,54,37
24,49,3,37
25,42,93,37
26,96,66,37
27,73,30,37
28,51,16,37
29,38,74,37
30,85,31,37
31,83,56,37
32,3,85,37
33,8,96,37
34,34,27,37
35,34,25,37
36,63,38,37
37,41,23,37
38,27,18,37
39,69,76,37
40,17,80,37
41,8,22,37
42,48,74,37
43,30,84,37
44,26,69,37
45,80,2,37
46,51,41,37
47,45,43,37
48,42,3,37
49,86,41,37
50,4,12,37
1,89,16,38
2,74,51,38
3,51,78,38
4,71,34,38
5,30,22,38
6,99,39,38
7,65,95,38
8,29,84,38
9,37,70,38
10,52,79,38
11,10,96,38
12,5,12,38
13,91,60,38
14,48,36,38
15,38,31,38
16,86,89,38
17,11,24,38
18,9,49,38
19,13,63,38
20,81,74,38
21,99,11,38
22,76,87,38
23,27,53,38
24,49,2,38
25,41,92,38
26,95,65,38
27,72,30,38
28,51,16,38
29,37,73,38
30,85,32,38
31,82,57,38
32,2,85,38
33,8,96,38
34,33,26,38
35,33,27,38
36,63,37,38
37,40,22,38
38,26,18,38
39,70,76,38
40,17,81,38
41,8,21,38
42,49,73,38
43,30,84,38
44,25,70,38
45,81,1,38
46,50,40,38
47,46,44,38
48,41,3,38
49,85,40,38
50,5,11,38
1,88,16,39
2,75,51,39
3,52,78,39
4,71,33,39
5,31,21,39
6,99,39,39
7,66,95,39
8,30,85,39
9,38,70,39
10,53,78,39
11,11,97,39
12,5,12,39
13,90,61,39
14,47,36,39
15,37,32,39
16,86,90,39
17,12,25,39
18,9,48,39
19,12,64,39
20,81,73,39
21,98,11,39
22,76,88,39
23,26,53,39
24,49,2,39
25,41,92,39
26,95,65,39
27,71,31,39
28,52,16,39
29,36,73,39
30,86,31,39
31,83,58,39
32,2,84,39
33,8,96,39
34,33,25,39
35,32,28,39
36,62,38,39
37,41,21,39
38,27,19,39
39,71,77,39
40,16,82,39
41,9,21,39
42,48,72,39
43,29,83,39
44,26,71,39
45,82,2,39
46,51,40,39
47,46,44,39
48,42,4,39
49,84,39,39
50,4,10,39
1,89,16,40
2,75,51,40
3,52,79,40
4,70,32,40
5,31,20,40
6,99,38,40
7,67,95,40
8,30,85,40
9,39,71,40
10,53,79,40
11,10,97,40
12,5,11,40
13,91,60,40
14,47,35,40
15,38,32,40
16,85,90,40
17,12,24,40
18,10,48,40
19,11,64,40
20,81,74,40
21,97,10,40
22,77,87,40
23,27,52,40
24,48,3,40
25,40,91,40
26,95,64,40
27,69,32,40
28,52,16,40
29,37,74,40
30,86,30,40
31,82,58,40
32,2,83,40
33,7,95,40
34,33,26,40
35,31,29,40
36,62,39,40
37,41,22,40
38,26,18,40
39,70,77,40
40,17,81,40
41,9,22,40
42,49,73,40
43,30,82,40
44,27,70,40
45,82,2,40
46,50,40,40
47,47,45,40
48,43,3,40
49,85,38,40
50,3,9,40
1,90,15,41
2,75,51,41
3,52,78,41
4,71,31,41
5,31,20,41
6,99,37,41
7,68,95,41
8,31,84,41
9,38,70,41
10,53,78,41
11,10,98,41
12,6,12,41
13,91,61,41
14,46,36,41
15,37,32,41
16,86,91,41
17,11,24,41
18,10,49,41
19,10,63,41
20,81,75,41
21,98,9,41
22,76,88,41
23,26,52,41
24,48,3,41
25,41,91,41
26,94,65,41
27,68,32,41
28,51,17,41
29,36,74,41
30,86,30,41
31,83,59,41
32,2,83,41
33,7,95,41
34,33,25,41
35,31,28,41
36,62,39,41
37,41,22,41
38,27,17,41
39,71,76,41
40,18,81,41
41,9,22,41
42,48,73,41
43,29,81,41
44,27,70,41
45,83,1,41
46,51,40,41
47,46,46,41
48,43,2,41
49,85,37,41
50,3,8,41
1,90,14,42
2,75,50,42
3,51,78,42
4,71,31,42
5,31,20,42
6,98,36,42
7,69,94,42
8,30,84,42
9,39,69,42
10,52,79,42
11,11,98,42
12,6,13,42
13,90,61,42
14,47,36,42
15,37,32,42
16,87,90,42
17,12,23,42
18,10,49,42
19,9,64,42
20,81,74,42
21,97,10,42
22,76,88,42
23,25,53,42
24,48,2,42
25,41,91,42
26,93,65,42
27,68,31,42
28,52,17,42
29,37,74,42
30,87,31,42
31,83,58,42
32,3,83,42
33,8,95,42
34,33,26,42
35,31,27,42
36,62,40,42
37,40,22,42
38,26,18,42
39,72,76,42
40,17,82,42
41,9,21,42
42,47,72,42
43,29,81,42
44,26,69,42
45,82,0,42
46,51,41,42
47,46,45,42
48,43,1,42
49,84,37,42
50,4,8,42
1,89,13,43
2,74,50,43
3,51,77,43
4,72,31,43
5,30,21,43
6,98,36,43
7,68,95,43
8,29,85,43
9,39,68,43
10,52,80,43
11,10,98,43
12,5,14,43
13,91,61,43
14,48,36,43
15,37,31,43
16,86,90,43
17,13,23,43
18,9,48,43
19,9,64,43
20,82,74,43
21,98,11,43
22,75,89,43
23,26,54,43
24,49,3,43
25,41,90,43
26,94,66,43
27,69,31,43
28,51,18,43
29,37,73,43
30,87,32,43
31,83,59,43
32,2,84,43
33,9,95,43
34,34,25,43
35,31,26,43
36,61,39,43
37,39,23,43
38,26,17,43
39,72,77,43
40,17,83,43
41,9,20,43
42,46,71,43
43,30,81,43
44,26,68,43
45,83,1,43
46,50,41,43
47,47,44,43
48,44,0,43
49,84,38,43
50,5,9,43
1,89,13,44
2,74,50,44
3,52,76,44
4,71,31,44
5,30,20,44
6,97,35,44
7,69,95,44
8,29,86,44
9,38,69,44
10,51,79,44
11,10,98,44
12,5,13,44
13,92,61,44
14,48,36,44
15,38,31,44
16,87,89,44
17,12,22,44
18,10,48,44
19,8,63,44
20,83,74,44
21,98,10,44
22,76,89,44
23,27,54,44
24,48,4,44
25,40,90,44
26,94,66,44
27,70,32,44
28,50,19,44
29,36,74,44
30,87,31,44
31,83,60,44
32,2,85,44
33,8,94,44
34,33,25,44
35,30,26,44
36,60,38,44
37,38,24,44
38,26,17,44
39,72,77,44
40,16,83,44
41,8,21,44
42,45,72,44
43,31,80,44
44,27,68,44
45,82,2,44
46,49,41,44
47,47,44,44
48,45,0,44
49,83,38,44
50,5,9,44
1,89,13,45
2,73,50,45
3,51,77,45
4,71,30,45
5,29,21,45
6,96,36,45
7,70,94,45
8,28,85,45
9,38,69,45
10,51,79,45
11,10,98,45
12,6,14,45
13,92,60,45
14,48,35,45
15,38,30,45
16,88,90,45
17,11,21,45
18,9,49,45
19,9,64,45
20,82,75,45
21,99,9,45
22,76,90,45
23,28,55,45
24,48,4,45
25,40,91,45
26,94,67,45
27,71,32,45
28,49,18,45
29,35,75,45
30,86,32,45
31,83,60,45
32,1,84,45
33,9,94,45
34,34,24,45
35,30,27,45
36,59,39,45
37,39,25,45
38,25,16,45
39,72,78,45
40,17,84,45
41,8,21,45
42,44,71,45
43,31,81,45
44,26,68,45
45,81,2,45
46,50,42,45
47,47,45,45
48,45,1,45
49,83,37,45
50,6,9,45
1,89,12,46
2,74,50,46
3,52,77,46
4,71,31,46
5,29,21,46
6,95,37,46
7,71,95,46
8,28,84,46
9,38,68,46
10,52,80,46
11,9,99,46
12,5,14,46
13,91,61,46
14,48,34,46
15,37,30,46
16,89,89,46
17,11,21,46
18,10,49,46
19,9,65,46
20,83,75,46
21,99,10,46
22,76,89,46
23,28,54,46
24,47,5,46
25,40,92,46
26,93,67,46
27,70,31,46
28,50,19,46
29,36,76,46
30,86,33,46
31,82,59,46
32,1,84,46
33,9,93,46
34,33,24,46
35,31,27,46
36,58,40,46
37,38,26,46
38,24,16,46
39,73,79,46
40,17,84,46
41,9,20,46
42,43,70,46
43,30,81,46
44,25,69,46
45,81,2,46
46,49,43,46
47,46,44,46
48,44,1,46
49,82,38,46
50,7,9,46
1,89,13,47
2,74,50,47
3,51,78,47
4,72,30,47
5,28,21,47
6,95,37,47
7,72,94,47
8,27,85,47
9,37,68,47
10,52,80,47
11,9,98,47
12,4,14,47
13,90,60,47
14,48,33,47
15,38,31,47
16,90,88,47
17,10,20,47
18,11,50,47
19,8,66,47
20,82,75,47
21,98,10,47
22,75,88,47
23,27,54,47
24,46,5,47
25,39,93,47
26,93,66,47
27,70,31,47
28,50,19,47
29,37,76,47
30,86,34,47
31,81,60,47
32,2,83,47
33,8,94,47
34,33,25,47
35,32,26,47
36,59,41,47
37,39,26,47
38,25,17,47
39,73,79,47
40,16,84,47
41,9,19,47
42,44,70,47
43,31,82,47
44,25,69,47
45,82,3,47
46,50,43,47
47,45,43,47
48,44,2,47
49,82,38,47
50,8,9,47
1,89,13,48
2,73,50,48
3,52,78,48
4,73,29,48
5,28,20,48
6,94,36,48
7,71,95,48
8,26,85,48
9,38,68,48
10,52,79,48
11,8,98,48
12,3,14,48
13,89,60,48
14,49,34,48
15,37,32,48
16,89,89,48
17,10,20,48
18,10,50,48
19,8,66,48
20,82,76,48
21,97,10,48
22,75,89,48
23,26,54,48
24,47,5,48
25,40,92,48
26,93,67,48
27,71,32,48
28,49,18,48
29,36,77,48
30,87,33,48
31,81,59,48
32,3,82,48
33,7,95,48
34,32,25,48
35,32,26,48
36,59,42,48
37,39,27,48
38,26,17,48
39,74,80,48
40,17,84,48
41,9,18,48
42,43,71,48
43,31,83,48
44,26,68,48
45,83,4,48
46,51,43,48
47,46,42,48
48,44,3,48
49,82,38,48
50,9,9,48
1,88,14,49
2,73,49,49
3,51,79,49
4,74,29,49
5,28,21,49
6,95,35,49
7,71,96,49
8,26,85,49
9,37,68,49
10,53,80,49
11,7,98,49
12,4,14,49
13,90,61,49
14,49,33,49
15,36,33,49
16,89,89,49
17,9,19,49
18,9,50,49
19,7,65,49
20,81,75,49
21,96,9,49
22,76,89,49
23,25,54,49
24,48,6,49
25,39,93,49
26,94,66,49
27,72,31,49
28,48,17,49
29,36,77,49
30,87,33,49
31,81,60,49
32,2,82,49
33,7,94,49
34,33,24,49
35,33,27,49
36,58,41,49
37,38,26,49
38,26,16,49
39,74,81,49
40,18,83,49
41,8,18,49
42,42,72,49
43,31,83,49
44,25,67,49
45,83,5,49
46,50,43,49
47,47,42,49
48,43,2,49
49,81,38,49
50,8,8,49
1,87,15,50
2,73,50,50
3,52,79,50
4,74,29,50
5,28,21,50
6,95,35,50
7,70,96,50
8,26,86,50
9,38,68,50
10,53,80,50
11,6,97,50
12,5,13,50
13,90,60,50
14,50,33,50
15,37,33,50
16,90,88,50
17,10,20,50
18,10,50,50
19,7,64,50
20,81,74,50
21,95,10,50
22,77,89,50
23,24,53,50
24,47,5,50
25,38,93,50
26,93,67,50
27,73,30,50
28,47,17,50
29,37,77,50
30,87,33,50
31,81,59,50
32,3,81,50
33,6,95,50
34,32,25,50
35,33,26,50
36,57,42,50
37,39,27,50
38,26,16,50
39,73,81,50
40,18,83,50
41,8,17,50
42,43,73,50
43,30,84,50
44,26,67,50
45,82,6,50
46,50,42,50
47,47,41,50
48,42,3,50
49,81,39,50
50,7,7,50
1,86,14,51
2,74,50,51
3,51,78,51
4,74,28,51
5,29,22,51
6,96,35,51
7,69,96,51
8,27,87,51
9,39,68,51
10,53,79,51
11,5,98,51
12,4,13,51
13,89,61,51
14,49,33,51
15,37,33,51
16,90,87,51
17,10,19,51
18,9,51,51
19,6,65,51
20,80,73,51
21,96,11,51
22,77,90,51
23,24,52,51
24,47,6,51
25,37,94,51
26,93,66,51
27,73,31,51
28,47,18,51
29,38,77,51
30,87,34,51
31,80,60,51
32,3,80,51
33,7,96,51
34,31,25,51
35,33,27,51
36,57,43,51
37,39,28,51
38,26,15,51
39,72,82,51
40,17,83,51
41,8,17,51
42,43,72,51
43,29,85,51
44,26,68,51
45,81,6,51
46,51,42,51
47,46,41,51
48,42,3,51
49,80,39,51
50,7,6,51
1,86,13,52
2,73,50,52
3,51,78,52
4,74,28,52
5,28,22,52
6,96,36,52
7,68,95,52
8,28,86,52
9,39,68,52
10,52,79,52
11,4,99,52
12,5,12,52
13,90,61,52
14,50,32,52
15,38,33,52
16,89,88,52
17,9,18,52
18,8,52,52
19,7,65,52
20,80,72,52
21,95,11,52
22,76,91,52
23,25,52,52
24,48,7,52
25,38,94,52
26,92,65,52
27,73,31,52
28,47,17,52
29,37,77,52
30,88,35,52
31,79,59,52
32,4,79,52
33,6,96,52
34,31,25,52
35,33,26,52
36,58,42,52
37,40,27,52
38,27,15,52
39,73,82,52
40,17,83,52
41,9,17,52
42,44,71,52
43,30,86,52
44,25,68,52
45,81,6,52
46,52,41,52
47,46,40,52
48,42,3,52
49,79,39,52
50,8,7,52
1,86,13,53
2,73,49,53
3,50,79,53
4,75,29,53
5,27,23,53
6,95,36,53
7,67,94,53
8,27,86,53
9,38,69,53
10,53,79,53
11,5,98,53
12,5,11,53
13,91,62,53
14,49,32,53
15,38,33,53
16,90,88,53
17,9,18,53
18,9,53,53
19,6,64,53
20,81,71,53
21,94,12,53
22,77,91,53
23,25,52,53
24,49,8,53
25,38,94,53
26,91,65,53
27,74,31,53
28,48,17,53
29,38,78,53
30,89,35,53
31,78,58,53
32,3,78,53
33,7,96,53
34,32,24,53
35,34,25,53
36,57,41,53
37,41,28,53
38,28,16,53
39,72,81,53
40,16,84,53
41,8,16,53
42,43,71,53
43,29,85,53
44,25,67,53
45,80,7,53
46,51,41,53
47,47,39,53
48,41,4,53
49,78,40,53
50,7,7,53
1,87,13,54
2,74,50,54
3,50,78,54
4,76,28,54
5,26,24,54
6,95,35,54
7,67,95,54
8,28,85,54
9,38,68,54
10,52,78,54
11,6,97,54
12,6,10,54
13,91,62,54
14,48,32,54
15,38,32,54
16,91,87,54
17,9,19,54
18,9,53,54
19,7,63,54
20,82,70,54
21,93,11,54
22,77,90,54
23,25,52,54
24,49,7,54
25,39,94,54
26,90,65,54
27,75,32,54
28,48,18,54
29,38,78,54
30,90,35,54
31,78,59,54
32,4,77,54
33,8,96,54
34,31,24,54
35,35,24,54
36,58,42,54
37,42,29,54
38,27,15,54
39,71,81,54
40,15,83,54
41,9,15,54
42,43,71,54
43,29,84,54
44,24,66,54
45,81,7,54
46,51,42,54
47,47,40,54
48,40,5,54
49,79,40,54
50,7,7,54
1,87,14,55
2,75,51,55
3,51,79,55
4,77,27,55
5,25,24,55
6,94,35,55
7,66,96,55
8,27,85,55
9,38,68,55
10,52,79,55
11,5,96,55
12,7,10,55
13,90,62,55
14,47,32,55
15,37,32,55
16,92,88,55
17,10,18,55
18,9,54,55
19,7,63,55
20,83,71,55
21,92,12,55
22,76,91,55
23,24,51,55
24,50,7,55
25,38,95,55
26,90,64,55
27,74,33,55
28,48,18,55
29,37,78,55
30,89,34,55
31,79,60,55
32,4,76,55
33,7,96,55
34,31,23,55
35,35,23,55
36,58,41,55
37,41,30,55
38,26,14,55
39,70,82,55
40,14,83,55
41,8,14,55
42,42,72,55
43,30,83,55
44,24,67,55
45,82,7,55
46,50,42,55
47,47,41,55
48,40,4,55
49,79,40,55
50,7,8,55
1,88,14,56
2,76,51,56
3,51,79,56
4,76,27,56
5,25,23,56
6,93,35,56
7,66,95,56
8,27,85,56
9,38,67,56
10,52,80,56
11,5,95,56
12,8,11,56
13,90,62,56
14,46,31,56
15,38,32,56
16,92,88,56
17,10,18,56
18,8,55,56
19,8,63,56
20,83,72,56
21,91,12,56
22,76,90,56
23,23,52,56
24,50,8,56
25,38,95,56
26,89,65,56
27,75,33,56
28,49,17,56
29,37,78,56
30,89,33,56
31,79,61,56
32,5,77,56
33,6,96,56
34,32,22,56
35,35,23,56
36,59,40,56
37,42,30,56
38,25,15,56
39,69,81,56
40,15,84,56
41,7,13,56
42,42,72,56
43,29,82,56
44,25,68,56
45,81,7,56
46,50,41,56
47,48,41,56
48,40,4,56
49,79,39,56
50,7,7,56
1,89,15,57
2,77,51,57
3,51,79,57
4,76,28,57
5,25,23,57
6,94,35,57
7,67,95,57
8,27,85,57
9,37,68,57
10,51,80,57
11,5,96,57
12,7,12,57
13,90,63,57
14,47,32,57
15,39,32,57
16,92,87,57
17,9,18,57
18,8,56,57
19,7,62,57
20,83,72,57
21,91,11,57
22,76,91,57
23,22,51,57
24,49,9,57
25,38,94,57
26,88,66,57
27,76,34,57
28,49,16,57
29,36,77,57
30,89,32,57
31,79,60,57
32,5,76,57
33,5,95,57
34,32,21,57
35,36,23,57
36,60,41,57
37,42,30,57
38,24,15,57
39,70,80,57
40,16,84,57
41,8,13,57
42,43,71,57
43,30,83,57
44,26,67,57
45,81,7,57
46,50,40,57
47,48,41,57
48,40,4,57
49,80,38,57
50,6,6,57
1,88,15,58
2,77,50,58
3,50,79,58
4,76,27,58
5,26,24,58
6,95,34,58
7,66,95,58
8,28,85,58
9,37,69,58
10,52,80,58
11,4,94,58
12,8,12,58
13,90,63,58
14,48,31,58
15,39,31,58
16,91,87,58
17,8,17,58
18,9,55,58
19,6,63,58
20,83,73,58
21,92,11,58
22,76,90,58
23,23,50,58
24,50,10,58
25,38,93,58
26,87,67,58
27,77,33,58
28,50,15,58
29,36,76,58
30,90,33,58
31,78,59,58
32,4,76,58
33,5,96,58
34,33,22,58
35,35,23,58
36,60,40,58
37,42,29,58
38,23,14,58
39,70,80,58
40,17,85,58
41,8,14,58
42,42,70,58
43,30,82,58
44,27,67,58
45,81,7,58
46,49,39,58
47,48,42,58
48,40,5,58
49,80,39,58
50,7,6,58
1,87,15,59
2,76,49,59
3,51,78,59
4,75,27,59
5,25,24,59
6,94,35,59
7,65,95,59
8,29,84,59
9,37,68,59
10,53,80,59
11,5,93,59
12,8,12,59
13,90,64,59
14,47,31,59
15,38,30,59
16,92,86,59
17,9,16,59
18,10,56,59
19,6,62,59
20,82,74,59
21,91,12,59
22,76,91,59
23,24,51,59
24,51,9,59
25,38,93,59
26,86,68,59
27,78,33,59
28,50,15,59
29,36,77,59
30,90,32,59
31,79,59,59
32,3,75,59
33,6,96,59
34,34,23,59
35,34,24,59
36,61,39,59
37,41,28,59
38,23,15,59
39,71,81,59
40,16,86,59
41,7,14,59
42,43,69,59
43,30,82,59
44,26,67,59
45,80,8,59
46,49,40,59
47,49,41,59
48,40,5,59
49,81,38,59
50,6,5,59
1,88,15,60
2,75,49,60
3,51,77,60
4,76,26,60
5,26,24,60
6,93,35,60
7,64,95,60
8,28,83,60
9,38,67,60
10,54,80,60
11,5,93,60
12,7,13,60
13,91,65,60
14,48,32,60
15,38,30,60
16,91,87,60
17,10,16,60
18,10,56,60
19,6,61,60
20,83,73,60
21,92,11,60
22,75,90,60
23,24,51,60
24,50,9,60
25,38,94,60
26,86,67,60
27,78,33,60
28,49,15,60
29,35,76,60
30,90,31,60
31,78,59,60
32,3,76,60
33,5,97,60
34,33,23,60
35,33,25,60
36,60,38,60
37,42,28,60
38,22,16,60
39,70,82,60
40,15,85,60
41,6,13,60
42,43,70,60
43,29,81,60
44,27,66,60
45,79,7,60
46,50,39,60
47,49,40,60
48,39,4,60
49,80,39,60
50,6,6,60
1,88,15,61
2,75,48,61
3,51,77,61
4,76,27,61
5,25,25,61
6,93,35,61
7,65,96,61
8,27,83,61
9,37,66,61
10,54,80,61
11,4,94,61
12,8,14,61
13,91,64,61
14,47,33,61
15,37,30,61
16,92,88,61
17,9,15,61
18,9,57,61
19,5,60,61
20,84,72,61
21,92,11,61
22,75,91,61
23,23,50,61
24,49,8,61
25,39,95,61
26,85,68,61
27,78,33,61
28,48,16,61
29,36,76,61
30,91,30,61
31,78,60,61
32,2,75,61
33,4,98,61
34,34,24,61
35,33,25,61
36,61,39,61
37,42,29,61
38,23,17,61
39,71,82,61
40,15,86,61
41,7,14,61
42,44,69,61
43,28,81,61
44,28,67,61
45,80,8,61
46,50,38,61
47,48,41,61
48,38,3,61
49,80,40,61
50,6,5,61
1,88,14,62
2,75,49,62
3,52,78,62
4,76,27,62
5,26,24,62
6,93,35,62
7,64,95,62
8,27,82,62
9,38,66,62
10,53,81,62
11,4,93,62
12,8,15,62
13,91,64,62
14,46,34,62
15,37,31,62
16,91,87,62
17,9,15,62
18,9,57,62
19,4,60,62
20,85,72,62
21,91,11,62
22,76,92,62
23,23,49,62
24,50,7,62
25,38,94,62
26,84,69,62
27,77,33,62
28,48,15,62
29,37,75,62
30,91,29,62
31,78,59,62
32,2,76,62
33,3,98,62
34,34,25,62
35,33,24,62
36,60,38,62
37,41,30,62
38,24,18,62
39,71,82,62
40,16,85,62
41,7,14,62
42,43,69,62
43,28,81,62
44,27,67,62
45,81,9,62
46,49,37,62
47,47,40,62
48,39,3,62
49,81,39,62
50,6,4,62
1,88,13,63
2,75,49,63
3,53,78,63
4,76,26,63
5,26,25,63
6,94,34,63
7,64,94,63
8,28,82,63
9,39,67,63
10,52,81,63
11,3,93,63
12,8,16,63
13,92,63,63
14,45,35,63
15,38,31,63
16,90,87,63
17,9,17,63
18,10,58,63
19,5,60,63
20,86,72,63
21,90,10,63
22,76,91,63
23,24,49,63
24,50,7,63
25,38,93,63
26,85,69,63
27,76,33,63
28,47,15,63
29,36,76,63
30,91,30,63
31,78,60,63
32,2,75,63
33,4,97,63
34,34,23,63
35,32,23,63
36,60,39,63
37,41,31,63
38,25,19,63
39,72,81,63
40,15,86,63
41,6,15,63
42,43,69,63
43,29,81,63
44,27,67,63
45,80,9,63
46,50,37,63
47,48,41,63
48,40,4,63
49,82,40,63
50,5,3,63
1,87,13,64
2,75,48,64
3,54,78,64
4,76,27,64
5,25,25,64
6,95,33,64
7,63,94,64
8,28,83,64
9,39,68,64
10,52,82,64
11,2,92,64
12,7,16,64
13,92,62,64
14,46,36,64
15,37,31,64
16,91,88,64
17,8,18,64
18,11,58,64
19,6,59,64
20,87,71,64
21,90,10,64
22,77,90,64
23,23,48,64
24,49,7,64
25,39,94,64
26,85,70,64
27,76,33,64
28,48,15,64
29,35,76,64
30,91,29,64
31,77,59,64
32,3,74,64
33,5,98,64
34,33,23,64
35,31,22,64
36,61,39,64
37,41,30,64
38,26,20,64
39,71,81,64
40,15,85,64
41,5,15,64
42,44,69,64
43,28,81,64
44,28,66,64
45,81,10,64
46,51,38,64
47,49,40,64
48,39,4,64
49,83,41,64
50,5,3,64
1,88,14,65
2,75,47,65
3,54,78,65
4,75,26,65
5,26,26,65
6,96,34,65
7,63,95,65
8,29,84,65
9,38,67,65
10,52,82,65
11,2,93,65
12,8,16,65
13,93,61,65
14,47,36,65
15,36,30,65
16,92,88,65
17,8,17,65
18,10,58,65
19,5,59,65
20,87,72,65
21,91,10,65
22,76,90,65
23,22,48,65
24,49,7,65
25,38,93,65
26,84,69,65
27,76,33,65
28,47,16,65
29,34,76,65
30,90,30,65
31,78,59,65
32,2,73,65
33,5,97,65
34,34,24,65
35,32,21,65
36,62,39,65
37,42,30,65
38,25,19,65
39,72,80,65
40,14,84,65
41,4,15,65
42,44,69,65
43,27,80,65
44,27,67,65
45,82,9,65
46,50,39,65
47,48,40,65
48,38,4,65
49,84,42,65
50,5,3,65
1,87,15,66
2,76,47,66
3,55,78,66
4,74,27,66
5,26,25,66
6,97,35,66
7,62,94,66
8,29,83,66
9,37,66,66
10,53,82,66
11,1,93,66
12,8,16,66
13,92,60,66
14,47,35,66
15,35,31,66
16,93,89,66
17,9,17,66
18,11,57,66
19,5,58,66
20,86,73,66
21,90,11,66
22,75,91,66
23,21,48,66
24,49,6,66
25,39,93,66
26,84,68,66
27,77,33,66
28,46,16,66
29,35,77,66
30,89,29,66
31,77,60,66
32,1,74,66
33,6,96,66
34,35,24,66
35,33,21,66
36,62,39,66
37,41,30,66
38,24,20,66
39,73,80,66
40,15,85,66
41,3,16,66
42,44,70,66
43,28,80,66
44,28,67,66
45,82,8,66
46,50,40,66
47,47,40,66
48,39,4,66
49,83,42,66
50,5,2,66
1,87,14,67
2,77,46,67
3,55,79,67
4,74,27,67
5,25,24,67
6,97,35,67
7,63,94,67
8,28,83,67
9,37,66,67
10,54,83,67
11,2,92,67
12,9,15,67
13,91,61,67
14,47,34,67
15,36,30,67
16,93,89,67
17,9,17,67
18,10,57,67
19,4,57,67
20,85,72,67
21,91,11,67
22,76,90,67
23,21,47,67
24,49,7,67
25,39,92,67
26,84,68,67
27,78,34,67
28,47,17,67
29,35,77,67
30,88,28,67
31,76,59,67
32,0,74,67
33,6,95,67
34,36,25,67
35,32,21,67
36,62,40,67
37,41,29,67
38,24,21,67
39,72,80,67
40,14,84,67
41,2,15,67
42,43,70,67
43,27,79,67
44,27,68,67
45,82,7,67
46,50,41,67
47,48,40,67
48,40,4,67
49,84,41,67
50,4,1,67
1,87,14,68
2,77,45,68
3,56,78,68
4,74,27,68
5,26,25,68
6,96,35,68
7,64,93,68
8,29,83,68
9,37,67,68
10,54,82,68
11,1,92,68
12,10,16,68
13,90,61,68
14,48,33,68
15,36,30,68
16,93,89,68
17,9,17,68
18,11,56,68
19,3,58,68
20,86,71,68
21,91,11,68
22,75,91,68
23,22,47,68
24,50,7,68
25,38,93,68
26,83,68,68
27,78,33,68
28,47,18,68
29,36,77,68
30,89,27,68
31,77,60,68
32,1,74,68
33,6,94,68
34,35,24,68
35,33,21,68
36,63,40,68
37,42,30,68
38,24,21,68
39,71,79,68
40,14,85,68
41,3,16,68
42,44,69,68
43,27,80,68
44,26,69,68
45,82,7,68
46,49,41,68
47,47,41,68
48,40,5,68
49,85,40,68
50,4,2,68
1,86,15,69
2,78,45,69
3,55,77,69
4,75,26,69
5,26,26,69
6,97,36,69
7,63,94,69
8,29,83,69
9,36,66,69
10,55,81,69
11,2,92,69
12,9,15,69
13,89,60,69
14,48,34,69
15,36,31,69
16,93,88,69
17,8,17,69
18,10,56,69
19,2,58,69
20,87,70,69
21,91,10,69
22,75,90,69
23,23,48,69
24,49,6,69
25,38,93,69
26,82,68,69
27,78,33,69
28,47,18,69
29,36,77,69
30,89,28,69
31,77,60,69
32,1,75,69
33,5,95,69
34,35,25,69
35,34,21,69
36,63,41,69
37,43,29,69
38,23,20,69
39,70,78,69
40,14,85,69
41,3,17,69
42,45,68,69
43,26,80,69
44,27,68,69
45,81,8,69
46,50,41,69
47,46,42,69
48,39,6,69
49,86,40,69
50,4,1,69
1,86,14,70
2,78,46,70
3,56,76,70
4,75,25,70
5,27,25,70
6,97,36,70
7,63,94,70
8,29,82,70
9,37,65,70
10,55,81,70
11,2,92,70
12,9,14,70
13,90,60,70
14,49,34,70
15,35,32,70
16,94,88,70
17,9,17,70
18,11,55,70
19,1,58,70
20,86,69,70
21,90,10,70
22,74,89,70
23,23,49,70
24,49,7,70
25,38,92,70
26,82,69,70
27,77,32,70
28,46,19,70
29,37,78,70
30,89,27,70
31,77,59,70
32,0,75,70
33,4,94,70
34,35,26,70
35,34,21,70
36,62,40,70
37,42,29,70
38,22,20,70
39,70,78,70
40,15,85,70
41,3,16,70
42,45,67,70
43,25,81,70
44,26,68,70
45,82,9,70
46,50,42,70
47,45,42,70
48,40,5,70
49,85,40,70
50,5,0,70
1,87,15,71
2,78,46,71
3,56,77,71
4,76,26,71
5,28,25,71
6,98,36,71
7,63,93,71
8,30,82,71
9,37,64,71
10,56,81,71
11,3,93,71
12,9,15,71
13,91,60,71
14,48,35,71
15,35,31,71
16,93,88,71
17,8,17,71
18,11,54,71
19,2,58,71
20,86,69,71
21,89,9,71
22,73,89,71
23,23,48,71
24,50,6,71
25,39,91,71
26,82,68,71
27,76,31,71
28,47,19,71
29,36,79,71
30,90,28,71
31,78,59,71
32,0,74,71
33,5,95,71
34,34,27,71
35,33,22,71
36,61,40,71
37,41,28,71
38,21,20,71
39,70,78,71
40,16,85,71
41,2,16,71
42,45,66,71
43,25,81,71
44,25,69,71
45,82,9,71
46,49,43,71
47,44,41,71
48,40,4,71
49,86,40,71
50,4,0,71
1,88,15,72
2,78,46,72
3,57,76,72
4,75,27,72
5,27,26,72
6,99,35,72
7,64,94,72
8,30,81,72
9,37,65,72
10,55,82,72
11,2,94,72
12,8,14,72
13,92,60,72
14,47,36,72
15,34,31,72
16,92,87,72
17,7,17,72
18,12,54,72
19,1,59,72
20,85,68,72
21,89,10,72
22,72,89,72
23,22,49,72
24,49,6,72
25,38,92,72
26,81,69,72
27,75,31,72
28,48,19,72
29,35,78,72
30,91,27,72
31,78,58,72
32,0,75,72
33,6,96,72
34,33,26,72
35,33,21,72
36,61,41,72
37,40,27,72
38,22,20,72
39,71,77,72
40,16,84,72
41,3,17,72
42,44,67,72
43,26,80,72
44,25,70,72
45,83,8,72
46,50,44,72
47,43,41,72
48,40,5,72
49,85,41,72
50,4,0,72
1,88,16,73
2,79,47,73
3,57,76,73
4,76,26,73
5,27,25,73
6,98,34,73
7,65,93,73
8,30,81,73
9,38,64,73
10,55,82,73
11,3,93,73
12,7,15,73
13,93,61,73
14,46,35,73
15,33,30,73
16,92,86,73
17,7,18,73
18,13,55,73
19,1,59,73
20,86,68,73
21,90,9,73
22,71,89,73
23,23,48,73
24,50,7,73
25,39,91,73
26,82,70,73
27,75,31,73
28,49,19,73
29,34,78,73
30,92,26,73
31,78,59,73
32,1,76,73
33,5,97,73
34,32,27,73
35,32,20,73
36,61,40,73
37,40,26,73
38,22,19,73
39,70,77,73
40,15,83,73
41,3,18,73
42,45,66,73
43,25,79,73
44,24,70,73
45,84,8,73
46,51,43,73
47,43,40,73
48,41,5,73
49,85,40,73
50,5,1,73
1,89,15,74
2,78,48,74
3,57,77,74
4,76,27,74
5,28,26,74
6,98,34,74
7,65,93,74
8,29,82,74
9,37,65,74
10,56,82,74
11,2,94,74
12,7,14,74
13,92,60,74
14,46,34,74
15,34,30,74
16,91,85,74
17,8,19,74
18,12,54,74
19,1,59,74
20,86,67,74
21,91,10,74
22,71,89,74
23,24,47,74
24,49,6,74
25,40,92,74
26,82,69,74
27,74,31,74
28,50,20,74
29,33,79,74
30,92,27,74
31,79,60,74
32,1,76,74
33,4,98,74
34,33,27,74
35,32,20,74
36,61,41,74
37,41,26,74
38,23,19,74
39,69,76,74
40,16,83,74
41,2,19,74
42,45,67,74
43,25,78,74
44,25,71,74
45,85,9,74
46,51,42,74
47,42,41,74
48,42,5,74
49,86,40,74
50,6,1,74
1,88,14,75
2,78,48,75
3,56,77,75
4,75,27,75
5,27,27,75
6,98,34,75
7,66,93,75
8,30,81,75
9,36,66,75
10,55,82,75
11,1,93,75
12,8,14,75
13,91,61,75
14,46,35,75
15,33,29,75
16,90,84,75
17,8,18,75
18,13,55,75
19,1,60,75
20,86,67,75
21,92,10,75
22,70,88,75
23,23,48,75
24,50,6,75
25,41,93,75
26,83,69,75
27,74,30,75
28,50,21,75
29,32,79,75
30,93,27,75
31,80,60,75
32,0,77,75
33,5,99,75
34,34,26,75
35,32,19,75
36,61,40,75
37,41,26,75
38,24,19,75
39,69,77,75
40,17,82,75
41,1,20,75
42,46,68,75
43,26,77,75
44,26,72,75
45,86,8,75
46,52,42,75
47,41,42,75
48,43,4,75
49,87,40,75
50,7,1,75
1,89,15,76
2,77,49,76
3,56,76,76
4,74,28,76
5,27,27,76
6,98,34,76
7,67,93,76
8,30,80,76
9,35,67,76
10,56,82,76
11,0,92,76
12,9,14,76
13,92,60,76
14,46,34,76
15,34,29,76
16,90,85,76
17,7,18,76
18,13,54,76
19,0,60,76
20,85,66,76
21,92,9,76
22,69,89,76
23,22,48,76
24,49,7,76
25,42,93,76
26,84,70,76
27,73,31,76
28,49,20,76
29,32,80,76
30,93,26,76
31,80,61,76
32,1,76,76
33,4,99,76
34,34,27,76
35,33,18,76
36,60,39,76
37,42,25,76
38,23,20,76
39,69,76,76
40,18,83,76
41,2,21,76
42,46,68,76
43,25,77,76
44,25,73,76
45,87,8,76
46,51,41,76
47,41,43,76
48,43,5,76
49,86,39,76
50,6,0,76
1,88,15,77
2,78,48,77
3,56,75,77
4,74,28,77
5,28,27,77
6,97,35,77
7,66,94,77
8,30,81,77
9,36,67,77
10,55,81,77
11,1,91,77
12,10,14,77
13,91,59,77
14,45,35,77
15,35,28,77
16,91,86,77
17,8,19,77
18,12,54,77
19,1,59,77
20,86,65,77
21,92,9,77
22,70,89,77
23,23,49,77
24,49,7,77
25,41,94,77
26,85,71,77
27,72,32,77
28,49,20,77
29,33,79,77
30,92,25,77
31,81,62,77
32,0,76,77
33,5,98,77
34,33,27,77
35,32,17,77
36,61,40,77
37,41,24,77
38,22,20,77
39,69,75,77
40,18,83,77
41,3,22,77
42,45,69,77
43,25,76,77
44,26,74,77
45,86,8,77
46,50,41,77
47,41,43,77
48,42,5,77
49,86,40,77
50,7,0,77
1,89,14,78
2,78,47,78
3,56,74,78
4,74,29,78
5,29,27,78
6,97,36,78
7,67,93,78
8,31,82,78
9,35,66,78
10,54,81,78
11,0,91,78
12,10,14,78
13,90,59,78
14,45,34,78
15,36,29,78
16,92,86,78
17,9,18,78
18,13,54,78
19,1,60,78
20,87,66,78
21,91,10,78
22,71,89,78
23,23,50,78
24,49,7,78
25,41,95,78
26,86,71,78
27,72,31,78
28,49,21,78
29,34,80,78
30,93,26,78
31,82,61,78
32,1,77,78
33,6,97,78
34,32,28,78
35,33,17,78
36,60,39,78
37,40,23,78
38,22,21,78
39,70,76,78
40,18,83,78
41,3,22,78
42,44,70,78
43,26,76,78
44,25,73,78
45,86,7,78
46,51,40,78
47,42,43,78
48,41,4,78
49,85,40,78
50,7,0,78
1,90,14,79
2,77,47,79
3,55,75,79
4,75,29,79
5,28,26,79
6,96,35,79
7,66,92,79
8,30,83,79
9,36,65,79
10,55,80,79
11,0,91,79
12,9,15,79
13,90,58,79
14,44,33,79
15,37,28,79
16,92,85,79
17,9,18,79
18,12,55,79
19,1,60,79
20,88,65,79
21,92,10,79
22,71,88,79
23,22,50,79
24,48,6,79
25,41,95,79
26,86,70,79
27,72,32,79
28,49,20,79
29,34,79,79
30,92,26,79
31,83,61,79
32,2,78,79
33,5,97,79
34,33,28,79
35,33,17,79
36,59,40,79
37,40,23,79
38,22,20,79
39,70,77,79
40,19,84,79
41,2,22,79
42,44,71,79
43,26,76,79
44,25,74,79
45,87,7,79
46,50,41,79
47,41,44,79
48,42,5,79
49,85,40,79
50,6,1,79
1,91,14,80
2,77,48,80
3,54,74,80
4,74,29,80
5,29,27,80
6,95,35,80
7,66,92,80
8,31,83,80
9,36,66,80
10,55,81,80
11,0,91,80
12,10,14,80
13,89,58,80
14,44,32,80
15,37,29,80
16,93,84,80
17,9,17,80
18,13,54,80
19,1,61,80
20,89,65,80
21,92,10,80
22,71,89,80
23,21,49,80
24,49,7,80
25,40,95,80
26,86,70,80
27,73,31,80
28,50,21,80
29,33,78,80
30,93,25,80
31,84,60,80
32,1,77,80
33,5,97,80
34,32,28,80
35,34,17,80
36,58,40,80
37,41,22,80
38,23,21,80
39,71,76,80
40,20,85,80
41,2,21,80
42,44,71,80
43,26,76,80
44,24,75,80
45,87,8,80
46,49,41,80
47,41,45,80
48,41,5,80
49,84,41,80
50,7,0,80
1,91,13,81
2,78,48,81
3,54,75,81
4,73,28,81
5,28,28,81
6,95,35,81
7,65,92,81
8,30,82,81
9,36,66,81
10,56,81,81
11,1,91,81
12,11,15,81
13,89,58,81
14,44,32,81
15,36,28,81
16,93,84,81
17,9,18,81
18,12,53,81
19,2,62,81
20,88,65,81
21,93,11,81
22,70,88,81
23,21,49,81
24,50,6,81
25,39,94,81
26,85,71,81
27,74,31,81
28,51,22,81
29,32,79,81
30,92,25,81
31,84,59,81
32,0,78,81
33,4,96,81
34,31,28,81
35,33,17,81
36,57,39,81
37,41,22,81
38,23,22,81
39,72,76,81
40,20,86,81
41,1,21,81
42,43,72,81
43,26,75,81
44,23,75,81
45,88,9,81
46,48,40,81
47,41,44,81
48,40,6,81
49,83,41,81
50,7,0,81
1,91,14,82
2,77,48,82
3,53,75,82
4,72,29,82
5,27,28,82
6,95,35,82
7,64,93,82
8,30,83,82
9,36,67,82
10,55,82,82
11,2,91,82
12,10,14,82
13,88,58,82
14,43,31,82
15,37,28,82
16,93,84,82
17,8,19,82
18,13,53,82
19,1,62,82
20,89,65,82
21,94,11,82
22,71,87,82
23,21,50,82
24,51,5,82
25,40,94,82
26,84,70,82
27,75,32,82
28,52,21,82
29,31,80,82
30,93,25,82
31,83,60,82
32,1,77,82
33,4,96,82
34,32,27,82
35,33,18,82
36,56,40,82
37,42,21,82
38,22,23,82
39,73,76,82
40,20,85,82
41,2,21,82
42,43,72,82
43,27,74,82
44,23,75,82
45,87,10,82
46,49,40,82
47,42,44,82
48,41,6,82
49,84,41,82
50,8,0,82
1,90,13,83
2,76,48,83
3,52,75,83
4,73,30,83
5,28,29,83
6,96,34,83
7,65,92,83
8,31,84,83
9,35,68,83
10,54,83,83
11,1,90,83
12,9,13,83
13,88,59,83
14,43,32,83
15,38,29,83
16,93,83,83
17,9,20,83
18,12,54,83
19,1,62,83
20,89,65,83
21,94,10,83
22,70,88,83
23,20,50,83
24,52,6,83
25,41,95,83
26,83,69,83
27,74,32,83
28,52,21,83
29,30,81,83
30,94,25,83
31,83,59,83
32,0,78,83
33,5,96,83
34,31,26,83
35,32,17,83
36,55,41,83
37,42,20,83
38,22,24,83
39,73,75,83
40,19,86,83
41,3,21,83
42,43,71,83
43,27,75,83
44,24,76,83
45,86,9,83
46,48,39,83
47,42,43,83
48,42,6,83
49,85,42,83
50,9,0,83
1,91,14,84
2,75,48,84
3,51,76,84
4,73,31,84
5,27,30,84
6,96,33,84
7,66,92,84
8,30,84,84
9,35,68,84
10,53,84,84
11,1,90,84
12,9,13,84
13,89,59,84
14,43,33,84
15,39,30,84
16,92,83,84
17,9,20,84
18,12,55,84
19,0,61,84
20,88,64,84
21,93,10,84
22,71,88,84
23,21,51,84
24,53,7,84
25,42,95,84
26,84,69,84
27,75,32,84
28,53,20,84
29,31,82,84
30,93,25,84
31,83,58,84
32,0,77,84
33,6,96,84
34,30,26,84
35,33,18,84
36,56,42,84
37,41,19,84
38,22,24,84
39,74,76,84
40,19,86,84
41,2,20,84
42,42,72,84
43,28,75,84
44,23,75,84
45,86,10,84
46,47,38,84
47,41,42,84
48,43,7,84
49,86,43,84
50,8,1,84
1,90,15,85
2,76,49,85
3,52,76,85
4,74,32,85
5,28,31,85
6,96,32,85
7,66,92,85
8,30,85,85
9,36,69,85
10,52,84,85
11,1,91,85
12,10,14,85
13,88,60,85
14,42,32,85
15,40,30,85
16,93,83,85
17,8,21,85
18,12,55,85
19,1,60,85
20,87,65,85
21,94,11,85
22,70,87,85
23,22,50,85
24,52,7,85
25,43,95,85
26,85,69,85
27,75,31,85
28,52,19,85
29,31,82,85
30,94,25,85
31,83,59,85
32,0,77,85
33,5,96,85
34,31,26,85
35,34,18,85
36,57,42,85
37,42,19,85
38,22,25,85
39,75,76,85
40,20,87,85
41,3,19,85
42,42,73,85
43,27,76,85
44,24,74,85
45,86,10,85
46,46,39,85
47,41,43,85
48,44,6,85
49,85,42,85
50,9,1,85
1,89,16,86
2,76,50,86
3,53,76,86
4,74,32,86
5,27,30,86
6,96,31,86
7,65,92,86
8,29,85,86
9,35,68,86
10,51,83,86
11,1,91,86
12,10,15,86
13,87,61,86
14,43,33,86
15,39,30,86
16,93,84,86
17,7,21,86
18,11,55,86
19,1,59,86
20,87,66,86
21,93,12,86
22,70,86,86
23,23,49,86
24,53,8,86
25,42,96,86
26,86,69,86
27,75,32,86
28,53,20,86
29,31,83,86
30,94,26,86
31,82,58,86
32,0,76,86
33,5,96,86
34,32,26,86
35,33,19,86
36,56,43,86
37,41,20,86
38,22,26,86
39,76,75,86
40,19,87,86
41,2,18,86
42,42,73,86
43,28,77,86
44,24,75,86
45,86,9,86
46,45,38,86
47,40,43,86
48,44,6,86
49,84,43,86
50,9,2,86
1,89,16,87
2,76,49,87
3,54,76,87
4,74,32,87
5,27,31,87
6,97,32,87
7,66,91,87
8,29,85,87
9,36,67,87
10,50,82,87
11,0,91,87
12,10,16,87
13,88,60,87
14,43,33,87
15,40,31,87
16,93,84,87
17,8,21,87
18,12,56,87
19,1,59,87
20,86,67,87
21,92,13,87
22,71,86,87
23,22,49,87
24,53,8,87
25,42,97,87
26,85,69,87
27,75,31,87
28,53,20,87
29,31,82,87
30,95,26,87
31,81,57,87
32,0,75,87
33,6,96,87
34,32,26,87
35,32,19,87
36,57,44,87
37,40,19,87
38,23,25,87
39,76,76,87
40,20,88,87
41,3,17,87
42,43,73,87
43,28,78,87
44,24,74,87
45,86,9,87
46,46,37,87
47,40,43,87
48,44,7,87
49,84,43,87
50,9,2,87
1,89,16,88
2,76,49,88
3,55,77,88
4,74,32,88
5,27,30,88
6,96,32,88
7,65,92,88
8,29,85,88
9,36,68,88
10,49,82,88
11,1,92,88
12,10,16,88
13,89,60,88
14,44,33,88
15,40,30,88
16,92,85,88
17,9,22,88
18,13,56,88
19,1,58,88
20,86,68,88
21,91,12,88
22,71,87,88
23,22,48,88
24,53,9,88
25,42,96,88
26,86,69,88
27,76,32,88
28,53,20,88
29,32,82,88
30,95,25,88
31,81,57,88
32,1,75,88
33,5,95,88
34,31,25,88
35,31,18,88
36,58,45,88
37,40,18,88
38,24,26,88
39,76,77,88
40,19,89,88
41,4,16,88
42,44,74,88
43,29,77,88
44,23,73,88
45,86,10,88
46,47,38,88
47,40,44,88
48,43,6,88
49,85,43,88
50,9,1,88
1,89,15,89
2,75,50,89
3,55,78,89
4,74,32,89
5,26,30,89
6,96,33,89
7,66,91,89
8,30,84,89
9,37,67,89
10,48,83,89
11,1,92,89
12,11,15,89
13,89,59,89
14,43,32,89
15,40,31,89
16,93,85,89
17,10,22,89
18,13,57,89
19,1,57,89
20,87,68,89
21,91,11,89
22,72,86,89
23,23,47,89
24,53,9,89
25,43,97,89
26,85,70,89
27,75,33,89
28,54,21,89
29,33,81,89
30,95,26,89
31,82,58,89
32,2,76,89
33,4,96,89
34,31,25,89
35,32,18,89
36,57,46,89
37,40,19,89
38,23,27,89
39,75,77,89
40,19,90,89
41,4,17,89
42,44,75,89
43,30,76,89
44,23,73,89
45,87,10,89
46,48,37,89
47,41,45,89
48,43,7,89
49,84,42,89
50,9,1,89
1,89,16,90
2,76,49,90
3,56,78,90
4,75,31,90
5,25,29,90
6,96,32,90
7,67,91,90
8,30,83,90
9,38,67,90
10,47,84,90
11,1,93,90
12,12,15,90
13,89,59,90
14,44,33,90
15,41,31,90
16,94,84,90
17,11,22,90
18,14,56,90
19,0,56,90
20,86,68,90
21,90,12,90
22,73,86,90
23,22,46,90
24,52,8,90
25,43,98,90
26,84,71,90
27,76,32,90
28,53,20,90
29,33,80,90
30,94,26,90
31,82,58,90
32,3,76,90
33,4,95,90
34,30,24,90
35,31,19,90
36,56,45,90
37,40,19,90
38,23,28,90
39,75,76,90
40,19,89,90
41,5,16,90
42,44,74,90
43,30,77,90
44,23,72,90
45,87,9,90
46,48,37,90
47,42,45,90
48,42,6,90
49,85,43,90
50,8,1,90
1,88,17,91
2,76,50,91
3,57,78,91
4,74,31,91
5,26,30,91
6,97,32,91
7,68,92,91
8,30,82,91
9,39,68,91
10,48,85,91
11,0,92,91
12,13,15,91
13,90,60,91
14,45,32,91
15,40,30,91
16,95,84,91
17,11,21,91
18,14,57,91
19,0,56,91
20,86,68,91
21,90,12,91
22,72,87,91
23,23,45,91
24,52,7,91
25,44,98,91
26,83,70,91
27,76,31,91
28,52,21,91
29,34,81,91
30,94,25,91
31,81,57,91
32,3,75,91
33,5,96,91
34,30,25,91
35,32,18,91
36,56,45,91
37,41,19,91
38,24,27,91
39,75,77,91
40,20,90,91
41,4,15,91
42,43,75,91
43,29,77,91
44,23,72,91
45,88,9,91
46,48,37,91
47,42,44,91
48,43,6,91
49,86,43,91
50,9,0,91
1,88,18,92
2,75,51,92
3,58,77,92
4,75,32,92
5,26,30,92
6,97,31,92
7,68,93,92
8,29,83,92
9,40,69,92
10,47,85,92
11,1,91,92
12,12,15,92
13,91,60,92
14,46,31,92
15,39,31,92
16,95,83,92
17,11,21,92
18,13,58,92
19,1,55,92
20,85,69,92
21,91,12,92
22,72,88,92
23,24,45,92
24,53,8,92
25,44,98,92
26,84,70,92
27,77,30,92
28,51,22,92
29,35,82,92
30,93,25,92
31,81,57,92
32,3,75,92
33,4,97,92
34,29,26,92
35,33,17,92
36,57,45,92
37,41,18,92
38,23,26,92
39,74,77,92
40,19,91,92
41,5,16,92
42,44,75,92
43,29,76,92
44,22,71,92
45,87,9,92
46,48,38,92
47,43,45,92
48,43,6,92
49,85,42,92
50,8,0,92
1,87,18,93
2,74,50,93
3,57,78,93
4,75,31,93
5,27,30,93
6,98,31,93
7,67,94,93
8,28,83,93
9,39,70,93
10,47,85,93
11,0,92,93
12,12,15,93
13,92,59,93
14,46,31,93
15,39,32,93
16,96,84,93
17,12,22,93
18,13,57,93
19,0,56,93
20,85,70,93
21,90,11,93
22,72,88,93
23,25,44,93
24,54,8,93
25,44,98,93
26,83,69,93
27,76,30,93
28,52,21,93
29,36,81,93
30,94,25,93
31,81,57,93
32,3,76,93
33,4,96,93
34,30,26,93
35,33,16,93
36,56,44,93
37,42,17,93
38,22,26,93
39,75,78,93
40,18,91,93
41,5,16,93
42,43,75,93
43,28,75,93
44,22,70,93
45,88,10,93
46,48,38,93
47,43,44,93
48,42,7,93
49,86,42,93
50,8,1,93
1,87,18,94
2,75,50,94
3,58,78,94
4,75,30,94
5,26,31,94
6,99,30,94
7,67,93,94
8,29,82,94
9,38,69,94
10,47,86,94
11,1,91,94
12,11,14,94
13,91,58,94
14,46,31,94
15,40,31,94
16,96,85,94
17,13,23,94
18,13,56,94
19,0,56,94
20,86,69,94
21,90,12,94
22,72,88,94
23,24,43,94
24,53,9,94
25,43,98,94
26,83,69,94
27,77,31,94
28,53,21,94
29,35,81,94
30,93,24,94
31,81,56,94
32,2,76,94
33,4,96,94
34,31,26,94
35,34,17,94
36,55,44,94
37,41,18,94
38,22,26,94
39,75,79,94
40,18,90,94
41,5,17,94
42,42,76,94
43,28,76,94
44,23,69,94
45,88,10,94
46,48,37,94
47,43,45,94
48,42,7,94
49,85,42,94
50,8,0,94
1,86,19,95
2,76,50,95
3,58,78,95
4,75,30,95
5,26,30,95
6,98,30,95
7,68,93,95
8,30,81,95
9,37,69,95
10,47,87,95
11,1,92,95
12,12,15,95
13,92,59,95
14,46,30,95
15,39,30,95
16,95,84,95
17,14,22,95
18,13,55,95
19,1,57,95
20,87,68,95
21,91,12,95
22,71,89,95
23,23,43,95
24,52,8,95
25,43,99,95
26,83,69,95
27,77,30,95
28,54,20,95
29,36,82,95
30,93,23,95
31,82,57,95
32,3,76,95
33,3,95,95
34,30,27,95
35,34,18,95
36,54,43,95
37,41,17,95
38,21,27,95
39,74,79,95
40,17,90,95
41,5,16,95
42,43,76,95
43,29,76,95
44,22,69,95
45,88,10,95
46,49,36,95
47,43,45,95
48,42,7,95
49,86,42,95
50,8,1,95
1,86,20,96
2,77,50,96
3,59,79,96
4,74,31,96
5,26,30,96
6,98,31,96
7,68,93,96
8,30,81,96
9,38,69,96
10,46,87,96
11,2,93,96
12,13,14,96
13,91,59,96
14,45,30,96
15,39,30,96
16,94,85,96
17,14,22,96
18,14,54,96
19,1,58,96
20,86,68,96
21,91,12,96
22,71,89,96
23,24,43,96
24,53,9,96
25,43,99,96
26,83,70,96
27,78,30,96
28,54,20,96
29,36,83,96
30,94,22,96
31,81,56,96
32,4,76,96
33,2,96,96
34,29,28,96
35,35,17,96
36,55,42,96
37,40,18,96
38,21,28,96
39,73,80,96
40,16,91,96
41,6,15,96
42,44,77,96
43,28,75,96
44,23,69,96
45,89,10,96
46,50,35,96
47,43,45,96
48,41,6,96
49,87,43,96
50,8,2,96
1,85,19,97
2,78,50,97
3,58,80,97
4,73,30,97
5,26,30,97
6,99,32,97
7,69,93,97
8,31,80,97
9,38,70,97
10,45,87,97
11,3,93,97
12,14,15,97
13,91,60,97
14,46,31,97
15,39,31,97
16,93,84,97
17,14,21,97
18,13,53,97
19,0,57,97
20,87,69,97
21,91,11,97
22,70,90,97
23,23,42,97
24,52,10,97
25,42,98,97
26,82,69,97
27,79,29,97
28,53,19,97
29,37,82,97
30,93,21,97
31,81,56,97
32,4,76,97
33,2,97,97
34,28,27,97
35,34,18,97
36,54,42,97
37,39,19,97
38,20,27,97
39,74,81,97
40,17,92,97
41,7,15,97
42,45,78,97
43,29,76,97
44,23,70,97
45,90,9,97
46,49,36,97
47,43,45,97
48,41,6,97
49,86,44,97
50,8,2,97
1,86,19,98
2,78,50,98
3,59,80,98
4,74,31,98
5,26,29,98
6,99,32,98
7,68,94,98
8,30,81,98
9,37,70,98
10,44,86,98
11,2,92,98
12,14,16,98
13,90,60,98
14,45,31,98
15,39,31,98
16,92,83,98
17,14,22,98
18,13,53,98
19,0,57,98
20,87,69,98
21,91,10,98
22,70,89,98
23,24,41,98
24,52,10,98
25,42,98,98
26,81,68,98
27,80,30,98
28,54,19,98
29,36,81,98
30,94,22,98
31,82,55,98
32,4,76,98
33,3,96,98
34,29,27,98
35,33,18,98
36,54,41,98
37,38,20,98
38,20,28,98
39,73,82,98
40,18,93,98
41,8,15,98
42,46,77,98
43,30,76,98
44,22,69,98
45,90,10,98
46,50,36,98
47,42,44,98
48,40,5,98
49,87,43,98
50,9,3,98
1,86,18,99
2,77,50,99
3,60,79,99
4,74,31,99
5,25,30,99
6,98,31,99
7,67,94,99
8,30,80,99
9,37,71,99
10,45,85,99
11,2,91,99
12,13,15,99
13,91,60,99
14,44,32,99
15,38,32,99
16,91,84,99
17,14,23,99
18,12,52,99
19,1,58,99
20,88,70,99
21,91,10,99
22,69,88,99
23,25,41,99
24,53,9,99
25,43,99,99
26,82,67,99
27,79,31,99
28,53,18,99
29,35,82,99
30,93,23,99
31,82,55,99
32,4,77,99
33,3,96,99
34,30,26,99
35,34,18,99
36,54,42,99
37,38,20,99
38,19,27,99
39,72,81,99
40,19,93,99
41,7,14,99
42,45,76,99
43,29,76,99
44,22,69,99
45,91,9,99
46,50,37,99
47,42,45,99
48,39,6,99
49,88,44,99
50,10,4,99
1,87,18,100
2,78,51,100
3,59,79,100
4,75,30,100
5,24,29,100
6,97,31,100
7,68,93,100
8,30,79,100
9,36,71,100
10,44,84,100
11,3,91,100
12,13,15,100
13,92,61,100
14,43,33,100
15,39,32,100
16,92,84,100
17,14,22,100
18,12,53,100
19,1,58,100
20,87,71,100
21,91,11,100
22,70,88,100
23,25,40,100
24,52,8,100
25,43,98,100
26,81,66,100
27,80,30,100
28,54,18,100
29,35,83,100
30,94,24,100
31,83,54,100
32,4,76,100
33,2,96,100
34,30,25,100
35,35,18,100
36,54,43,100
37,38,21,100
38,18,26,100
39,71,82,100
40,19,94,100
41,7,15,100
42,45,76,100
43,29,77,100
44,22,70,100
45,90,10,100
46,51,37,100
47,43,44,100
48,40,7,100
49,88,44,100
50,9,5,100
