1,91,40,1
2,73,80,1
3,75,68,1
4,51,50,1
5,35,92,1
6,5,92,1
7,14,15,1
8,42,30,1
9,28,33,1
10,18,18,1
11,84,83,1
12,91,84,1
13,45,25,1
14,11,83,1
15,26,6,1
16,22,73,1
17,88,18,1
18,29,0,1
19,2,93,1
20,7,62,1
21,16,98,1
22,52,30,1
23,10,10,1
24,55,34,1
25,80,43,1
26,49,98,1
27,80,32,1
28,15,68,1
29,75,27,1
30,32,69,1
31,37,58,1
32,66,11,1
33,14,39,1
34,12,64,1
35,99,8,1
36,10,59,1
37,15,26,1
38,88,25,1
39,82,33,1
40,95,93,1
41,52,25,1
42,5,74,1
43,29,8,1
44,23,20,1
1,92,41,2
2,72,80,2
3,74,69,2
4,51,49,2
5,34,93,2
6,4,92,2
7,15,14,2
8,41,29,2
9,27,33,2
10,18,18,2
11,84,82,2
12,92,84,2
13,46,26,2
14,10,84,2
15,25,6,2
16,21,72,2
17,87,18,2
18,28,1,2
19,2,92,2
20,6,62,2
21,16,99,2
22,53,29,2
23,9,9,2
24,54,34,2
25,79,43,2
26,48,97,2
27,79,33,2
28,15,69,2
29,76,26,2
30,33,70,2
31,38,59,2
32,67,11,2
33,13,38,2
34,11,63,2
35,98,8,2
36,10,58,2
37,15,27,2
38,88,26,2
39,82,33,2
40,96,94,2
41,52,25,2
42,5,73,2
43,30,9,2
44,23,19,2
1,93,40,3
2,72,79,3
3,74,70,3
4,50,48,3
5,34,92,3
6,4,92,3
7,14,14,3
8,40,28,3
9,27,32,3
10,18,18,3
11,84,82,3
12,91,85,3
13,46,26,3
14,9,83,3
15,25,6,3
16,20,73,3
17,86,17,3
18,29,0,3
19,1,92,3
20,5,62,3
21,16,98,3
22,53,28,3
23,9,10,3
24,55,35,3
25,79,43,3
26,48,98,3
27,78,34,3
28,14,69,3
29,76,26,3
30,34,69,3
31,37,59,3
32,68,10,3
33,12,38,3
34,11,64,3
35,98,8,3
36,9,59,3
37,16,26,3
38,88,26,3
39,83,32,3
40,95,95,3
41,53,26,3
42,4,72,3
43,31,9,3
44,23,19,3
1,93,41,4
2,72,78,4
3,75,71,4
4,51,48,4
5,33,93,4
6,3,92,4
7,15,14,4
8,39,29,4
9,28,31,4
10,19,19,4
11,83,83,4
12,91,85,4
13,45,25,4
14,8,84,4
15,25,5,4
16,21,72,4
17,85,17,4
18,28,1,4
19,0,93,4
20,5,61,4
21,15,99,4
22,52,28,4
23,10,9,4
24,54,35,4
25,79,44,4
26,48,99,4
27,79,34,4
28,15,69,4
29,76,26,4
30,33,69,4
31,38,59,4
32,68,9,4
33,12,38,4
34,10,65,4
35,99,9,4
36,8,58,4
37,17,25,4
38,88,26,4
39,82,33,4
40,94,96,4
41,52,25,4
42,3,73,4
43,32,9,4
44,24,18,4
1,92,42,5
2,72,78,5
3,74,72,5
4,51,49,5
5,32,92,5
6,3,92,5
7,14,15,5
8,40,28,5
9,28,31,5
10,18,20,5
11,84,83,5
12,92,84,5
13,45,26,5
14,8,85,5
15,25,4,5
16,21,73,5
17,86,18,5
18,28,0,5
19,1,93,5
20,5,62,5
21,16,98,5
22,51,29,5
23,9,9,5
24,54,36,5
25,78,45,5
26,49,98,5
27,80,34,5
28,15,69,5
29,76,26,5
30,32,68,5
31,37,58,5
32,68,9,5
33,12,37,5
34,10,65,5
35,98,9,5
36,8,57,5
37,18,24,5
38,88,27,5
39,82,32,5
40,93,97,5
41,52,24,5
42,3,74,5
43,31,9,5
44,25,18,5
1,93,41,6
2,71,77,6
3,74,71,6
4,52,48,6
5,33,93,6
6,4,92,6
7,15,14,6
8,40,27,6
9,27,31,6
10,17,21,6
11,85,84,6
12,93,83,6
13,46,26,6
14,8,84,6
15,26,4,6
16,20,72,6
17,86,19,6
18,29,1,6
19,1,94,6
20,6,61,6
21,16,98,6
22,52,29,6
23,8,8,6
24,54,35,6
25,77,45,6
26,50,99,6
27,80,34,6
28,16,70,6
29,77,27,6
30,31,69,6
31,38,57,6
32,69,8,6
33,12,38,6
34,11,66,6
35,98,10,6
36,9,57,6
37,19,25,6
38,87,28,6
39,83,31,6
40,94,98,6
41,52,25,6
42,3,73,6
43,30,8,6
44,24,18,6
1,93,41,7
2,70,78,7
3,75,72,7
4,52,48,7
5,32,93,7
6,4,93,7
7,16,14,7
8,40,26,7
9,27,31,7
10,16,20,7
11,86,84,7
12,94,84,7
13,46,25,7
14,7,84,7
15,27,4,7
16,21,71,7
17,87,20,7
18,28,0,7
19,1,95,7
20,7,61,7
21,16,97,7
22,53,29,7
23,8,8,7
24,53,35,7
25,76,46,7
26,51,98,7
27,80,35,7
28,17,70,7
29,76,28,7
30,31,69,7
31,39,58,7
32,69,8,7
33,13,37,7
34,12,65,7
35,99,9,7
36,8,56,7
37,20,25,7
38,88,28,7
39,83,32,7
40,95,97,7
41,52,25,7
42,3,72,7
43,29,8,7
44,24,17,7
1,93,40,8
2,70,78,8
3,76,73,8
4,52,47,8
5,32,94,8
6,3,92,8
7,17,15,8
8,41,25,8
9,27,31,8
10,17,19,8
11,87,83,8
12,94,84,8
13,46,26,8
14,8,83,8
15,26,5,8
16,22,70,8
17,86,21,8
18,27,1,8
19,0,94,8
20,8,61,8
21,16,97,8
22,52,30,8
23,8,7,8
24,54,34,8
25,77,47,8
26,51,98,8
27,81,35,8
28,16,69,8
29,75,28,8
30,31,69,8
31,38,59,8
32,68,9,8
33,14,38,8
34,11,64,8
35,99,9,8
36,9,56,8
37,20,24,8
38,89,27,8
39,83,32,8
40,95,98,8
41,52,25,8
42,2,73,8
43,28,7,8
44,23,17,8
1,92,41,9
2,69,77,9
3,76,73,9
4,52,46,9
5,31,95,9
6,3,91,9
7,17,14,9
8,40,26,9
9,26,30,9
10,17,19,9
11,87,83,9
12,93,84,9
13,45,26,9
14,7,83,9
15,26,5,9
16,22,70,9
17,85,21,9
18,26,2,9
19,1,93,9
20,9,60,9
21,17,97,9
22,53,29,9
23,7,6,9
24,53,34,9
25,77,46,9
26,52,99,9
27,82,34,9
28,15,68,9
29,74,27,9
30,31,68,9
31,39,58,9
32,69,10,9
33,14,37,9
34,10,63,9
35,98,10,9
36,10,57,9
37,19,25,9
38,90,27,9
39,82,33,9
40,94,99,9
41,52,26,9
42,2,74,9
43,28,7,9
44,24,18,9
1,91,42,10
2,68,77,10
3,75,73,10
4,51,46,10
5,30,95,10
6,3,92,10
7,18,13,10
8,41,27,10
9,27,29,10
10,18,18,10
11,88,83,10
12,94,83,10
13,46,26,10
14,7,84,10
15,25,5,10
16,21,70,10
17,85,21,10
18,27,1,10
19,2,92,10
20,10,60,10
21,18,96,10
22,54,30,10
23,8,7,10
24,53,34,10
25,76,46,10
26,51,98,10
27,82,34,10
28,14,69,10
29,75,27,10
30,31,67,10
31,39,57,10
32,68,11,10
33,13,36,10
34,9,63,10
35,99,10,10
36,10,56,10
37,20,25,10
38,91,27,10
39,83,32,10
40,95,99,10
41,52,27,10
42,1,74,10
43,29,8,10
44,24,18,10
1,91,43,11
2,69,77,11
3,76,73,11
4,51,46,11
5,31,95,11
6,4,91,11
7,17,12,11
8,41,28,11
9,28,30,11
10,19,17,11
11,89,84,11
12,93,82,11
13,46,25,11
14,7,83,11
15,26,4,11
16,22,70,11
17,86,21,11
18,26,1,11
19,3,91,11
20,11,59,11
21,18,97,11
22,54,29,11
23,8,6,11
24,52,35,11
25,76,47,11
26,52,97,11
27,82,35,11
28,13,70,11
29,75,26,11
30,31,68,11
31,40,56,11
32,67,11,11
33,12,35,11
34,8,63,11
35,98,11,11
36,9,55,11
37,19,26,11
38,91,28,11
39,84,31,11
40,96,98,11
41,51,27,11
42,2,74,11
43,29,7,11
44,23,18,11
1,90,42,12
2,68,77,12
3,76,72,12
4,52,45,12
5,32,94,12
6,3,92,12
7,17,12,12
8,41,28,12
9,28,30,12
10,18,17,12
11,90,84,12
12,93,82,12
13,47,25,12
14,7,82,12
15,27,4,12
16,23,69,12
17,85,21,12
18,27,2,12
19,2,91,12
20,11,59,12
21,19,97,12
22,54,29,12
23,8,7,12
24,53,35,12
25,76,46,12
26,52,98,12
27,81,35,12
28,12,70,12
29,75,26,12
30,30,69,12
31,39,56,12
32,68,12,12
33,13,34,12
34,7,64,12
35,99,11,12
36,10,54,12
37,20,27,12
38,92,28,12
39,83,32,12
40,95,97,12
41,51,28,12
42,1,75,12
43,29,6,12
44,23,17,12
1,91,41,13
2,69,76,13
3,77,72,13
4,52,45,13
5,33,95,13
6,4,91,13
7,16,13,13
8,42,27,13
9,29,29,13
10,17,18,13
11,89,83,13
12,92,83,13
13,46,24,13
14,7,83,13
15,26,4,13
16,22,69,13
17,86,21,13
18,28,2,13
19,1,91,13
20,10,59,13
21,18,98,13
22,55,30,13
23,8,8,13
24,52,34,13
25,77,47,13
26,51,97,13
27,81,34,13
28,12,70,13
29,74,25,13
30,31,68,13
31,39,56,13
32,67,12,13
33,14,34,13
34,7,63,13
35,99,10,13
36,10,54,13
37,20,27,13
38,91,29,13
39,82,33,13
40,94,97,13
41,51,27,13
42,0,75,13
43,28,5,13
44,22,16,13
1,91,40,14
2,68,76,14
3,76,71,14
4,51,46,14
5,32,94,14
6,5,92,14
7,15,13,14
8,41,28,14
9,28,28,14
10,16,17,14
11,90,84,14
12,92,84,14
13,45,25,14
14,8,84,14
15,25,4,14
16,21,70,14
17,87,22,14
18,29,1,14
19,0,91,14
20,11,58,14
21,17,99,14
22,56,31,14
23,8,9,14
24,52,35,14
25,77,47,14
26,52,96,14
27,81,34,14
28,12,70,14
29,74,26,14
30,32,69,14
31,38,56,14
32,67,11,14
33,14,35,14
34,7,62,14
35,98,11,14
36,10,54,14
37,19,28,14
38,92,30,14
39,82,32,14
40,95,98,14
41,50,26,14
42,1,74,14
43,27,5,14
44,23,16,14
1,91,41,15
2,67,76,15
3,77,71,15
4,51,46,15
5,32,95,15
6,5,91,15
7,15,12,15
8,42,28,15
9,27,27,15
10,15,18,15
11,89,85,15
12,91,84,15
13,45,24,15
14,8,83,15
15,26,5,15
16,20,69,15
17,86,22,15
18,29,1,15
19,1,91,15
20,10,59,15
21,18,98,15
22,57,31,15
23,9,8,15
24,53,35,15
25,78,46,15
26,52,95,15
27,82,35,15
28,12,70,15
29,75,25,15
30,31,70,15
31,38,56,15
32,68,11,15
33,15,35,15
34,6,63,15
35,98,11,15
36,9,55,15
37,18,27,15
38,91,30,15
39,83,32,15
40,96,97,15
41,50,26,15
42,0,75,15
43,26,4,15
44,22,17,15
1,90,40,16
2,67,77,16
3,78,71,16
4,51,46,16
5,32,94,16
6,6,92,16
7,16,13,16
8,43,29,16
9,27,26,16
10,14,19,16
11,88,84,16
12,91,83,16
13,46,25,16
14,9,83,16
15,27,5,16
16,21,68,16
17,87,21,16
18,30,2,16
19,2,90,16
20,10,59,16
21,19,97,16
22,57,32,16
23,10,7,16
24,53,34,16
25,79,45,16
26,51,95,16
27,83,34,16
28,12,71,16
29,75,26,16
30,30,69,16
31,38,56,16
32,68,12,16
33,16,35,16
34,6,64,16
35,97,12,16
36,10,56,16
37,19,26,16
38,91,31,16
39,83,31,16
40,97,96,16
41,51,27,16
42,1,76,16
43,25,4,16
44,22,18,16
1,89,40,17
2,67,77,17
3,78,70,17
4,51,46,17
5,32,94,17
6,5,91,17
7,17,12,17
8,44,30,17
9,27,26,17
10,14,19,17
11,89,85,17
12,90,84,17
13,45,25,17
14,9,84,17
15,26,4,17
16,22,69,17
17,86,20,17
18,29,2,17
19,2,90,17
20,9,58,17
21,18,96,17
22,56,33,17
23,10,6,17
24,53,33,17
25,79,46,17
26,52,94,17
27,84,33,17
28,12,70,17
29,75,26,17
30,30,68,17
31,37,55,17
32,67,12,17
33,17,35,17
34,7,64,17
35,98,11,17
36,9,56,17
37,19,26,17
38,90,31,17
39,83,32,17
40,98,96,17
41,51,28,17
42,1,75,17
43,26,5,17
44,22,18,17
1,90,39,18
2,68,76,18
3,77,70,18
4,52,46,18
5,32,94,18
6,4,92,18
7,18,11,18
8,44,31,18
9,28,25,18
10,15,18,18
11,90,83,18
12,91,85,18
13,44,25,18
14,9,83,18
15,25,4,18
16,21,69,18
17,85,20,18
18,29,2,18
19,2,91,18
20,10,58,18
21,19,96,18
22,55,32,18
23,9,7,18
24,53,34,18
25,78,45,18
26,51,94,18
27,85,34,18
28,11,70,18
29,76,27,18
30,31,69,18
31,37,56,18
32,66,11,18
33,18,34,18
34,8,65,18
35,99,12,18
36,10,57,18
37,18,26,18
38,89,31,18
39,84,33,18
40,99,95,18
41,52,27,18
42,0,76,18
43,27,6,18
44,22,19,18
1,91,40,19
2,68,75,19
3,77,69,19
4,52,47,19
5,32,94,19
6,5,91,19
7,17,11,19
8,45,30,19
9,28,26,19
10,15,19,19
11,91,83,19
12,92,86,19
13,45,25,19
14,10,83,19
15,24,4,19
16,21,68,19
17,84,21,19
18,30,1,19
19,1,90,19
20,10,58,19
21,18,95,19
22,56,31,19
23,9,8,19
24,53,34,19
25,78,44,19
26,50,94,19
27,83,32,19
28,11,69,19
29,76,27,19
30,30,69,19
31,37,55,19
32,67,12,19
33,18,34,19
34,8,66,19
35,98,12,19
36,11,58,19
37,18,25,19
38,89,30,19
39,83,34,19
40,98,96,19
41,53,27,19
42,0,75,19
43,27,7,19
44,23,18,19
1,90,39,20
2,67,76,20
3,77,68,20
4,51,47,20
5,31,95,20
6,5,91,20
7,17,12,20
8,45,30,20
9,27,27,20
10,16,19,20
11,92,84,20
12,92,86,20
13,44,25,20
14,10,83,20
15,23,4,20
16,20,67,20
17,85,20,20
18,30,2,20
19,0,90,20
20,9,57,20
21,17,95,20
22,55,31,20
23,10,9,20
24,52,35,20
25,78,43,20
26,49,95,20
27,83,32,20
28,10,68,20
29,75,27,20
30,30,70,20
31,36,54,20
32,66,13,20
33,17,34,20
34,7,66,20
35,97,11,20
36,10,57,20
37,18,26,20
38,89,30,20
39,83,34,20
40,97,97,20
41,54,28,20
42,0,76,20
43,28,8,20
44,24,18,20
1,90,40,21
2,67,77,21
3,76,69,21
4,50,47,21
5,31,95,21
6,4,91,21
7,16,11,21
8,44,31,21
9,27,26,21
10,15,20,21
11,92,83,21
12,92,87,21
13,45,25,21
14,10,83,21
15,22,5,21
16,21,66,21
17,85,20,21
18,30,3,21
19,0,91,21
20,9,58,21
21,17,95,21
22,54,31,21
23,9,8,21
24,53,35,21
25,77,42,21
26,48,95,21
27,83,33,21
28,9,67,21
29,75,28,21
30,31,71,21
31,37,53,21
32,65,13,21
33,17,34,21
34,7,67,21
35,98,11,21
36,9,56,21
37,18,26,21
38,88,30,21
39,82,33,21
40,98,97,21
41,55,27,21
42,0,77,21
43,29,8,21
44,23,17,21
1,90,40,22
2,68,78,22
3,76,69,22
4,49,46,22
5,30,94,22
6,4,91,22
7,16,10,22
8,43,32,22
9,28,27,22
10,14,20,22
11,93,84,22
12,92,87,22
13,44,26,22
14,10,84,22
15,22,6,22
16,21,66,22
17,86,20,22
18,29,4,22
19,0,90,22
20,10,58,22
21,17,94,22
22,54,31,22
23,10,7,22
24,52,36,22
25,76,42,22
26,47,95,22
27,83,32,22
28,8,68,22
29,76,28,22
30,32,71,22
31,38,53,22
32,64,14,22
33,17,34,22
34,9,69,22
35,98,12,22
36,10,56,22
37,17,27,22
38,87,31,22
39,81,34,22
40,99,98,22
41,54,26,22
42,0,78,22
43,29,9,22
44,24,17,22
1,89,39,23
2,67,78,23
3,75,68,23
4,48,47,23
5,30,94,23
6,3,90,23
7,17,9,23
8,42,32,23
9,27,27,23
10,14,19,23
11,94,84,23
12,93,87,23
13,44,27,23
14,9,85,23
15,23,6,23
16,20,65,23
17,85,20,23
18,29,3,23
19,1,91,23
20,9,57,23
21,17,95,23
22,55,32,23
23,9,7,23
24,53,35,23
25,76,43,23
26,48,94,23
27,84,33,23
28,9,67,23
29,77,29,23
30,33,72,23
31,38,52,23
32,64,14,23
33,16,34,23
34,10,68,23
35,98,13,23
36,10,56,23
37,16,28,23
38,86,30,23
39,82,35,23
40,99,97,23
41,53,25,23
42,1,79,23
43,30,10,23
44,23,17,23
1,89,38,24
2,66,79,24
3,76,68,24
4,49,48,24
5,29,94,24
6,2,91,24
7,17,9,24
8,41,33,24
9,26,27,24
10,14,20,24
11,95,84,24
12,92,86,24
13,44,28,24
14,8,84,24
15,22,7,24
16,21,66,24
17,85,21,24
18,29,4,24
19,0,91,24
20,8,56,24
21,18,94,24
22,56,32,24
23,8,7,24
24,52,36,24
25,75,44,24
26,48,95,24
27,83,32,24
28,9,69,24
29,78,28,24
30,34,72,24
31,38,51,24
32,65,14,24
33,17,35,24
34,11,67,24
35,98,12,24
36,11,55,24
37,15,27,24
38,85,31,24
39,83,36,24
40,99,96,24
41,54,26,24
42,1,78,24
43,29,9,24
44,24,16,24
1,88,38,25
2,66,78,25
3,77,69,25
4,50,47,25
5,29,95,25
6,1,92,25
7,18,9,25
8,42,33,25
9,26,26,25
10,15,20,25
11,96,83,25
12,92,85,25
13,44,27,25
14,9,84,25
15,23,7,25
16,22,65,25
17,86,20,25
18,30,5,25
19,1,90,25
20,7,57,25
21,17,95,25
22,57,31,25
23,9,6,25
24,51,35,25
25,76,43,25
26,49,96,25
27,82,32,25
28,10,69,25
29,79,27,25
30,35,72,25
31,38,51,25
32,65,15,25
33,16,35,25
34,10,66,25
35,99,12,25
36,12,54,25
37,16,26,25
38,85,32,25
39,83,37,25
40,98,95,25
41,55,27,25
42,2,79,25
43,29,8,25
44,25,15,25
1,87,39,26
2,67,77,26
3,78,69,26
4,51,46,26
5,29,96,26
6,2,93,26
7,18,8,26
8,41,34,26
9,26,27,26
10,15,21,26
11,95,83,26
12,92,86,26
13,43,27,26
14,10,84,26
15,23,8,26
16,21,64,26
17,87,19,26
18,29,5,26
19,1,90,26
20,8,57,26
21,17,95,26
22,56,32,26
23,10,5,26
24,52,36,26
25,77,43,26
26,49,96,26
27,83,32,26
28,11,69,26
29,80,26,26
30,34,72,26
31,38,50,26
32,65,14,26
33,15,36,26
34,10,67,26
35,98,12,26
36,12,53,26
37,17,27,26
38,84,33,26
39,83,38,26
40,97,94,26
41,55,27,26
42,3,78,26
43,30,9,26
44,25,16,26
1,86,40,27
2,67,76,27
3,78,70,27
4,51,47,27
5,30,96,27
6,2,92,27
7,19,7,27
8,40,35,27
9,26,26,27
10,14,21,27
11,94,82,27
12,93,86,27
13,43,28,27
14,11,85,27
15,23,9,27
16,21,65,27
17,88,18,27
18,30,6,27
19,2,89,27
20,9,56,27
21,17,94,27
22,57,33,27
23,9,5,27
24,52,36,27
25,76,44,27
26,49,97,27
27,84,32,27
28,12,68,27
29,79,27,27
30,34,73,27
31,38,50,27
32,65,15,27
33,14,35,27
34,10,68,27
35,99,12,27
36,12,53,27
37,17,28,27
38,85,33,27
39,84,39,27
40,97,95,27
41,55,28,27
42,3,77,27
43,30,8,27
44,25,16,27
1,87,39,28
2,66,75,28
3,77,69,28
4,50,47,28
5,30,97,28
6,1,93,28
7,20,8,28
8,41,35,28
9,27,26,28
10,15,20,28
11,95,83,28
12,94,85,28
13,42,28,28
14,11,84,28
15,24,9,28
16,22,64,28
17,87,17,28
18,30,6,28
19,3,89,28
20,10,55,28
21,17,93,28
22,58,33,28
23,9,4,28
24,53,35,28
25,75,44,28
26,50,97,28
27,83,31,28
28,12,69,28
29,78,28,28
30,35,72,28
31,39,51,28
32,64,14,28
33,13,36,28
34,9,68,28
35,99,13,28
36,12,53,28
37,16,27,28
38,84,32,28
39,83,39,28
40,97,96,28
41,56,29,28
42,2,77,28
43,30,9,28
44,26,15,28
1,87,39,29
2,66,75,29
3,78,70,29
4,50,47,29
5,30,98,29
6,1,94,29
7,21,8,29
8,41,36,29
9,27,26,29
10,14,19,29
11,95,83,29
12,93,86,29
13,42,28,29
14,11,85,29
15,23,9,29
16,23,63,29
17,87,16,29
18,30,6,29
19,2,88,29
20,10,56,29
21,16,94,29
22,57,33,29
23,9,4,29
24,54,34,29
25,74,44,29
26,50,96,29
27,83,30,29
28,12,70,29
29,78,29,29
30,36,72,29
31,38,50,29
32,64,15,29
33,13,35,29
34,8,69,29
35,98,12,29
36,11,52,29
37,17,28,29
38,85,31,29
39,84,39,29
40,96,97,29
41,57,29,29
42,2,76,29
43,29,9,29
44,27,16,29
1,88,38,30
2,66,74,30
3,78,70,30
4,50,48,30
5,30,97,30
6,0,94,30
7,20,9,30
8,42,35,30
9,28,26,30
10,13,20,30
11,96,83,30
12,94,85,30
13,41,27,30
14,12,86,30
15,23,10,30
16,24,63,30
17,87,16,30
18,29,7,30
19,3,88,30
20,9,55,30
21,16,94,30
22,58,34,30
23,8,4,30
24,53,33,30
25,74,44,30
26,51,96,30
27,82,29,30
28,12,71,30
29,78,29,30
30,37,73,30
31,38,50,30
32,63,16,30
33,13,36,30
34,9,70,30
35,98,12,30
36,11,53,30
37,18,29,30
38,84,32,30
39,84,38,30
40,96,97,30
41,57,29,30
42,3,75,30
43,30,8,30
44,26,16,30
1,89,37,31
2,67,74,31
3,78,71,31
4,50,49,31
5,31,98,31
6,1,94,31
7,20,10,31
8,41,34,31
9,28,26,31
10,12,21,31
11,96,84,31
12,95,85,31
13,41,28,31
14,12,85,31
15,22,9,31
16,25,63,31
17,86,15,31
18,29,8,31
19,4,89,31
20,10,56,31
21,16,94,31
22,57,33,31
23,9,5,31
24,52,34,31
25,75,43,31
26,51,97,31
27,82,30,31
28,12,71,31
29,77,29,31
30,37,72,31
31,38,51,31
32,63,16,31
33,12,37,31
34,9,70,31
35,97,13,31
36,11,54,31
37,19,28,31
38,85,32,31
39,84,38,31
40,95,96,31
41,56,28,31
42,2,75,31
43,29,7,31
44,26,17,31
1,88,37,32
2,67,74,32
3,77,70,32
4,51,50,32
5,30,97,32
6,1,94,32
7,20,10,32
8,42,33,32
9,29,25,32
10,13,20,32
11,97,85,32
12,96,84,32
13,42,28,32
14,12,86,32
15,22,9,32
16,24,62,32
17,87,15,32
18,29,6,32
19,4,88,32
20,10,56,32
21,16,95,32
22,57,34,32
23,9,4,32
24,52,34,32
25,74,44,32
26,52,98,32
27,81,31,32
28,12,71,32
29,77,29,32
30,38,73,32
31,39,52,32
32,64,16,32
33,11,36,32
34,9,69,32
35,97,13,32
36,10,55,32
37,18,29,32
38,86,32,32
39,85,38,32
40,95,95,32
41,57,28,32
42,3,75,32
43,29,7,32
44,25,16,32
1,87,36,33
2,66,73,33
3,78,70,33
4,51,49,33
5,29,98,33
6,0,94,33
7,20,10,33
8,43,32,33
9,28,26,33
10,12,21,33
11,98,86,33
12,95,85,33
13,41,28,33
14,11,87,33
15,21,8,33
16,25,63,33
17,88,15,33
18,30,5,33
19,4,89,33
20,9,54,33
21,16,96,33
22,58,33,33
23,9,4,33
24,51,35,33
25,74,45,33
26,53,99,33
27,82,32,33
28,12,71,33
29,78,29,33
30,38,74,33
31,39,53,33
32,65,16,33
33,11,35,33
34,9,70,33
35,98,14,33
36,9,56,33
37,18,28,33
38,87,33,33
39,85,39,33
40,95,94,33
41,57,28,33
42,2,74,33
43,29,6,33
44,25,15,33
1,86,35,34
2,65,72,34
3,77,69,34
4,52,48,34
5,28,99,34
6,0,94,34
7,21,10,34
8,44,32,34
9,27,25,34
10,13,21,34
11,98,86,34
12,95,84,34
13,40,27,34
14,12,86,34
15,22,8,34
16,26,62,34
17,88,15,34
18,30,5,34
19,5,90,34
20,8,55,34
21,15,97,34
22,59,34,34
23,8,4,34
24,50,35,34
25,75,45,34
26,54,98,34
27,81,32,34
28,11,70,34
29,77,28,34
30,38,75,34
31,38,54,34
32,64,16,34
33,12,34,34
34,10,71,34
35,99,14,34
36,8,54,34
37,17,28,34
38,87,32,34
39,85,38,34
40,95,93,34
41,56,29,34
42,2,75,34
43,28,7,34
44,24,15,34
1,86,34,35
2,64,72,35
3,76,69,35
4,51,48,35
5,29,98,35
6,1,93,35
7,22,10,35
8,44,31,35
9,26,26,35
10,14,22,35
11,99,87,35
12,96,85,35
13,39,27,35
14,12,87,35
15,21,9,35
16,27,62,35
17,89,16,35
18,31,6,35
19,4,89,35
20,8,55,35
21,15,96,35
22,58,34,35
23,9,5,35
24,49,34,35
25,76,46,35
26,55,99,35
27,80,33,35
28,10,70,35
29,77,29,35
30,38,75,35
31,39,54,35
32,65,17,35
33,11,33,35
34,9,71,35
35,99,13,35
36,7,55,35
37,18,28,35
38,88,31,35
39,84,38,35
40,96,94,35
41,55,30,35
42,2,74,35
43,28,8,35
44,25,16,35
1,85,35,36
2,64,71,36
3,76,69,36
4,50,48,36
5,29,98,36
6,0,94,36
7,23,10,36
8,44,31,36
9,25,27,36
10,13,22,36
11,99,87,36
12,95,85,36
13,39,27,36
14,13,88,36
15,21,8,36
16,26,61,36
17,90,16,36
18,31,7,36
19,4,90,36
20,7,54,36
21,16,97,36
22,57,33,36
23,9,5,36
24,50,33,36
25,77,47,36
26,55,99,36
27,81,34,36
28,10,70,36
29,77,29,36
30,38,75,36
31,38,55,36
32,66,16,36
33,12,34,36
34,9,71,36
35,99,13,36
36,6,54,36
37,19,27,36
38,88,32,36
39,84,38,36
40,96,93,36
41,54,29,36
42,2,74,36
43,27,9,36
44,26,16,36
1,86,34,37
2,65,71,37
3,76,70,37
4,50,48,37
5,29,97,37
6,1,94,37
7,24,10,37
8,44,31,37
9,26,27,37
10,13,22,37
11,99,86,37
12,95,86,37
13,39,28,37
14,13,89,37
15,21,7,37
16,27,60,37
17,91,17,37
18,31,8,37
19,5,89,37
20,5,54,37
21,17,96,37
22,57,34,37
23,9,5,37
24,49,34,37
25,77,48,37
26,56,99,37
27,82,33,37
28,11,71,37
29,76,29,37
30,37,76,37
31,38,54,37
32,67,17,37
33,13,34,37
34,8,70,37
35,99,12,37
36,7,53,37
37,20,28,37
38,87,32,37
39,85,38,37
40,97,94,37
41,55,30,37
42,3,73,37
43,27,9,37
44,27,17,37
1,85,35,38
2,66,71,38
3,77,71,38
4,50,48,38
5,28,96,38
6,0,93,38
7,25,11,38
8,45,30,38
9,27,27,38
10,13,21,38
11,99,87,38
12,94,86,38
13,39,28,38
14,12,88,38
15,22,7,38
16,28,61,38
17,91,17,38
18,32,7,38
19,5,90,38
20,4,53,38
21,16,95,38
22,57,33,38
23,10,5,38
24,48,33,38
25,76,49,38
26,55,98,38
27,81,32,38
28,12,71,38
29,75,28,38
30,37,77,38
31,37,55,38
32,66,18,38
33,13,34,38
34,7,69,38
35,98,12,38
36,6,54,38
37,21,29,38
38,88,31,38
39,84,38,38
40,96,93,38
41,55,29,38
42,2,73,38
43,26,9,38
44,28,17,38
1,86,34,39
2,66,70,39
3,77,70,39
4,50,49,39
5,27,95,39
6,1,93,39
7,26,12,39
8,45,30,39
9,28,28,39
10,12,22,39
11,98,88,39
12,94,87,39
13,38,28,39
14,11,89,39
15,23,6,39
16,29,61,39
17,91,16,39
18,33,6,39
19,4,91,39
20,3,53,39
21,16,94,39
22,57,34,39
23,9,6,39
24,47,32,39
25,77,50,39
26,56,97,39
27,80,31,39
28,11,72,39
29,74,29,39
30,36,78,39
31,36,56,39
32,66,17,39
33,12,33,39
34,6,68,39
35,99,11,39
36,6,53,39
37,21,29,39
38,87,30,39
39,83,37,39
40,96,92,39
41,56,30,39
42,3,72,39
43,26,10,39
44,28,17,39
1,86,35,40
2,65,71,40
3,77,70,40
4,49,49,40
5,28,96,40
6,2,94,40
7,25,11,40
8,45,29,40
9,28,28,40
10,11,22,40
11,99,89,40
12,94,86,40
13,37,29,40
14,10,90,40
15,22,5,40
16,29,60,40
17,92,17,40
18,32,6,40
19,3,92,40
20,3,54,40
21,15,93,40
22,56,34,40
23,10,5,40
24,47,31,40
25,77,51,40
26,55,98,40
27,81,32,40
28,12,71,40
29,74,28,40
30,37,77,40
31,37,57,40
32,67,16,40
33,11,32,40
34,5,69,40
35,99,11,40
36,7,53,40
37,20,29,40
38,86,30,40
39,83,38,40
40,95,92,40
41,55,29,40
42,2,73,40
43,27,9,40
44,29,17,40
1,87,34,41
2,66,72,41
3,78,69,41
4,49,49,41
5,29,95,41
6,1,94,41
7,24,10,41
8,44,30,41
9,28,28,41
10,12,21,41
11,99,90,41
12,94,87,41
13,37,28,41
14,9,90,41
15,21,5,41
16,28,61,41
17,91,18,41
18,32,6,41
19,3,93,41
20,4,55,41
21,14,92,41
22,56,35,41
23,10,6,41
24,48,32,41
25,78,51,41
26,55,97,41
27,81,33,41
28,12,71,41
29,73,27,41
30,38,77,41
31,36,56,41
32,67,16,41
33,11,32,41
34,6,69,41
35,98,11,41
36,6,52,41
37,20,30,41
38,85,31,41
39,84,37,41
40,94,93,41
41,55,30,41
42,3,74,41
43,27,9,41
44,29,18,41
1,88,33,42
2,65,72,42
3,77,70,42
4,49,50,42
5,29,96,42
6,2,94,42
7,25,10,42
8,43,30,42
9,28,27,42
10,12,22,42
11,99,89,42
12,94,86,42
13,38,27,42
14,10,90,42
15,20,6,42
16,29,62,42
17,92,19,42
18,33,6,42
19,2,92,42
20,5,55,42
21,14,91,42
22,55,36,42
23,10,6,42
24,48,33,42
25,77,52,42
26,55,96,42
27,82,32,42
28,11,71,42
29,72,27,42
30,37,76,42
31,36,57,42
32,67,15,42
33,12,31,42
34,7,70,42
35,97,10,42
36,7,51,42
37,21,31,42
38,84,31,42
39,83,37,42
40,94,93,42
41,54,29,42
42,2,73,42
43,28,8,42
44,28,19,42
1,88,34,43
2,65,72,43
3,77,71,43
4,49,51,43
5,30,97,43
6,1,93,43
7,26,9,43
8,43,31,43
9,28,27,43
10,11,21,43
11,98,88,43
12,95,85,43
13,38,26,43
14,11,89,43
15,21,5,43
16,29,62,43
17,91,19,43
18,33,7,43
19,1,92,43
20,4,54,43
21,15,91,43
22,55,36,43
23,10,5,43
24,48,33,43
25,78,53,43
26,55,97,43
27,81,31,43
28,11,72,43
29,71,27,43
30,37,75,43
31,35,58,43
32,66,15,43
33,13,31,43
34,8,71,43
35,96,11,43
36,6,52,43
37,21,30,43
38,85,30,43
39,83,37,43
40,95,93,43
41,54,30,43
42,3,74,43
43,27,9,43
44,28,19,43
1,89,33,44
2,64,72,44
3,78,71,44
4,48,52,44
5,30,96,44
6,2,92,44
7,25,8,44
8,43,31,44
9,28,26,44
10,12,22,44
11,98,89,44
12,96,86,44
13,39,25,44
14,10,89,44
15,22,4,44
16,30,61,44
17,92,19,44
18,33,6,44
19,0,92,44
20,4,54,44
21,16,91,44
22,56,36,44
23,11,5,44
24,49,34,44
25,79,52,44
26,54,97,44
27,81,31,44
28,11,72,44
29,70,27,44
30,38,74,44
31,35,57,44
32,65,14,44
33,14,32,44
34,8,71,44
35,96,10,44
36,7,51,44
37,21,30,44
38,86,29,44
39,82,37,44
40,96,93,44
41,55,29,44
42,2,74,44
43,27,8,44
44,29,20,44
1,88,32,45
2,65,72,45
3,79,71,45
4,48,52,45
5,31,95,45
6,3,92,45
7,26,8,45
8,42,31,45
9,27,27,45
10,13,22,45
11,97,90,45
12,97,87,45
13,39,26,45
14,11,89,45
15,21,5,45
16,31,62,45
17,92,18,45
18,34,7,45
19,1,91,45
20,5,53,45
21,16,91,45
22,55,37,45
23,10,4,45
24,50,33,45
25,80,52,45
26,55,96,45
27,82,30,45
28,11,72,45
29,71,26,45
30,38,75,45
31,34,57,45
32,65,13,45
33,14,32,45
34,8,70,45
35,97,11,45
36,6,52,45
37,22,31,45
38,87,29,45
39,83,38,45
40,96,92,45
41,55,28,45
42,3,75,45
43,26,7,45
44,30,19,45
1,87,33,46
2,65,72,46
3,80,70,46
4,48,53,46
5,32,96,46
6,3,92,46
7,26,9,46
8,42,30,46
9,26,27,46
10,13,21,46
11,97,90,46
12,97,86,46
13,38,27,46
14,10,88,46
15,22,5,46
16,32,61,46
17,91,19,46
18,35,8,46
19,2,90,46
20,5,54,46
21,17,90,46
22,56,37,46
23,11,5,46
24,50,33,46
25,79,51,46
26,54,95,46
27,83,29,46
28,10,73,46
29,72,27,46
30,37,74,46
31,34,58,46
32,66,14,46
33,15,32,46
34,8,69,46
35,96,11,46
36,7,53,46
37,21,30,46
38,86,29,46
39,82,39,46
40,97,92,46
41,55,28,46
42,2,76,46
43,26,7,46
44,29,19,46
1,86,34,47
2,65,73,47
3,80,69,47
4,47,53,47
5,31,96,47
6,4,92,47
7,27,9,47
8,41,30,47
9,25,28,47
10,12,20,47
11,96,90,47
12,98,87,47
13,38,28,47
14,11,87,47
15,23,5,47
16,33,62,47
17,91,18,47
18,35,8,47
19,1,89,47
20,6,53,47
21,18,90,47
22,56,37,47
23,11,6,47
24,49,32,47
25,80,50,47
26,55,96,47
27,82,29,47
28,10,73,47
29,71,26,47
30,36,75,47
31,35,58,47
32,66,14,47
33,14,32,47
34,9,69,47
35,95,10,47
36,7,52,47
37,21,30,47
38,85,29,47
39,81,39,47
40,96,92,47
41,56,29,47
42,1,76,47
43,27,8,47
44,29,18,47
1,86,33,48
2,66,74,48
3,80,70,48
4,48,53,48
5,32,96,48
6,5,93,48
7,26,9,48
8,41,30,48
9,26,27,48
10,12,20,48
11,95,90,48
12,98,88,48
13,38,29,48
14,11,88,48
15,23,4,48
16,33,63,48
17,90,17,48
18,36,7,48
19,1,89,48
20,5,53,48
21,19,91,48
22,56,37,48
23,11,6,48
24,48,33,48
25,79,49,48
26,54,96,48
27,82,29,48
28,11,72,48
29,71,26,48
30,36,75,48
31,35,59,48
32,66,14,48
33,14,31,48
34,8,69,48
35,96,9,48
36,7,51,48
37,22,30,48
38,84,30,48
39,82,40,48
40,97,93,48
41,56,28,48
42,0,75,48
43,27,7,48
44,29,18,48
1,85,33,49
2,67,73,49
3,81,70,49
4,48,52,49
5,31,95,49
6,4,94,49
7,26,9,49
8,40,31,49
9,25,28,49
10,11,19,49
11,95,91,49
12,98,89,49
13,38,28,49
14,10,88,49
15,23,3,49
16,34,64,49
17,90,16,49
18,35,8,49
19,2,88,49
20,5,52,49
21,20,91,49
22,56,38,49
23,11,7,49
24,49,34,49
25,79,50,49
26,54,95,49
27,81,30,49
28,10,71,49
29,70,25,49
30,37,75,49
31,35,58,49
32,65,14,49
33,15,32,49
34,7,70,49
35,95,8,49
36,6,52,49
37,21,31,49
38,84,29,49
39,81,39,49
40,98,93,49
41,56,28,49
42,0,75,49
43,28,6,49
44,28,18,49
1,85,34,50
2,68,73,50
3,82,69,50
4,49,51,50
5,31,96,50
6,5,94,50
7,27,8,50
8,40,30,50
9,24,27,50
10,12,19,50
11,94,91,50
12,99,89,50
13,39,27,50
14,10,89,50
15,22,4,50
16,35,64,50
17,89,17,50
18,36,8,50
19,3,88,50
20,6,53,50
21,21,91,50
22,57,37,50
23,12,7,50
24,48,33,50
25,80,50,50
26,53,94,50
27,81,30,50
28,10,72,50
29,71,24,50
30,38,76,50
31,35,59,50
32,65,15,50
33,14,33,50
34,8,70,50
35,94,8,50
36,7,54,50
37,20,30,50
38,85,28,50
39,81,38,50
40,99,92,50
41,56,28,50
42,0,76,50
43,27,6,50
44,28,17,50
1,86,34,51
2,67,74,51
3,83,69,51
4,50,51,51
5,32,97,51
6,4,95,51
7,28,7,51
8,40,31,51
9,25,26,51
10,11,18,51
11,94,92,51
12,99,88,51
13,38,28,51
14,10,90,51
15,21,3,51
16,34,64,51
17,88,16,51
18,35,7,51
19,4,89,51
20,5,53,51
21,21,92,51
22,56,38,51
23,13,8,51
24,48,33,51
25,79,49,51
26,54,94,51
27,80,29,51
28,9,71,51
29,72,23,51
30,39,76,51
31,36,60,51
32,66,15,51
33,15,33,51
34,8,70,51
35,95,8,51
36,6,53,51
37,19,31,51
38,85,29,51
39,82,38,51
40,98,91,51
41,56,28,51
42,1,76,51
43,27,7,51
44,29,16,51
1,87,35,52
2,67,74,52
3,82,69,52
4,49,52,52
5,31,97,52
6,4,96,52
7,29,8,52
8,39,30,52
9,25,26,52
10,10,17,52
11,93,92,52
12,99,87,52
13,37,29,52
14,10,90,52
15,20,3,52
16,34,63,52
17,88,17,52
18,34,7,52
19,4,88,52
20,4,53,52
21,21,92,52
22,55,37,52
23,13,7,52
24,49,34,52
25,80,50,52
26,53,95,52
27,81,28,52
28,9,71,52
29,72,22,52
30,39,77,52
31,35,60,52
32,66,16,52
33,14,34,52
34,8,71,52
35,96,7,52
36,7,54,52
37,19,31,52
38,84,28,52
39,81,37,52
40,99,91,52
41,55,29,52
42,0,75,52
43,27,8,52
44,29,15,52
1,87,36,53
2,66,73,53
3,81,69,53
4,50,53,53
5,30,96,53
6,3,95,53
7,29,9,53
8,38,30,53
9,26,27,53
10,11,17,53
11,92,93,53
12,99,87,53
13,36,28,53
14,9,89,53
15,20,4,53
16,34,63,53
17,89,18,53
18,33,8,53
19,4,89,53
20,3,54,53
21,20,92,53
22,56,36,53
23,12,6,53
24,49,33,53
25,80,50,53
26,54,95,53
27,80,28,53
28,9,71,53
29,73,21,53
30,39,76,53
31,36,59,53
32,65,16,53
33,13,33,53
34,7,70,53
35,96,8,53
36,6,55,53
37,18,31,53
38,85,27,53
39,82,36,53
40,99,92,53
41,56,30,53
42,1,74,53
43,28,9,53
44,30,15,53
1,87,37,54
2,65,74,54
3,82,69,54
4,49,53,54
5,30,97,54
6,4,94,54
7,30,10,54
8,37,29,54
9,25,28,54
10,12,17,54
11,91,92,54
12,99,87,54
13,36,28,54
14,9,88,54
15,20,3,54
16,35,63,54
17,88,19,54
18,34,9,54
19,5,89,54
20,2,55,54
21,20,93,54
22,55,36,54
23,13,7,54
24,50,34,54
25,81,51,54
26,54,94,54
27,80,28,54
28,8,71,54
29,72,20,54
30,40,75,54
31,36,58,54
32,64,17,54
33,12,32,54
34,7,70,54
35,97,9,54
36,6,56,54
37,18,30,54
38,86,26,54
39,81,36,54
40,98,92,54
41,55,31,54
42,0,75,54
43,29,8,54
44,30,16,54
1,86,36,55
2,64,73,55
3,81,69,55
4,50,53,55
5,29,97,55
6,4,95,55
7,31,11,55
8,38,28,55
9,25,28,55
10,13,16,55
11,91,91,55
12,99,87,55
13,36,29,55
14,9,87,55
15,19,2,55
16,34,63,55
17,89,20,55
18,35,9,55
19,5,90,55
20,3,54,55
21,19,92,55
22,54,35,55
23,12,7,55
24,50,33,55
25,82,51,55
26,54,93,55
27,79,27,55
28,7,71,55
29,72,21,55
30,41,74,55
31,36,59,55
32,65,16,55
33,12,31,55
34,6,70,55
35,98,8,55
36,5,56,55
37,19,31,55
38,86,25,55
39,82,35,55
40,98,91,55
41,54,32,55
42,1,74,55
43,28,9,55
44,30,15,55
1,85,35,56
2,64,72,56
3,81,68,56
4,51,52,56
5,28,96,56
6,5,96,56
7,30,10,56
8,39,27,56
9,25,27,56
10,12,16,56
11,91,92,56
12,98,86,56
13,37,29,56
14,10,88,56
15,18,2,56
16,34,64,56
17,88,21,56
18,35,10,56
19,4,91,56
20,4,54,56
21,19,92,56
22,55,35,56
23,11,6,56
24,51,33,56
25,82,51,56
26,53,93,56
27,78,26,56
28,8,72,56
29,73,20,56
30,41,74,56
31,36,60,56
32,65,17,56
33,13,31,56
34,5,71,56
35,97,9,56
36,4,56,56
37,19,30,56
38,85,26,56
39,81,35,56
40,99,92,56
41,54,31,56
42,0,75,56
43,28,10,56
44,30,14,56
1,85,35,57
2,65,72,57
3,82,69,57
4,50,53,57
5,28,95,57
6,4,95,57
7,29,9,57
8,39,28,57
9,25,28,57
10,11,17,57
11,90,93,57
12,98,86,57
13,38,30,57
14,9,88,57
15,18,3,57
16,34,63,57
17,88,21,57
18,36,11,57
19,4,90,57
20,5,55,57
21,19,93,57
22,56,34,57
23,12,5,57
24,52,33,57
25,82,50,57
26,52,94,57
27,78,26,57
28,7,72,57
29,72,20,57
30,41,75,57
31,37,61,57
32,66,17,57
33,14,32,57
34,6,71,57
35,97,9,57
36,4,56,57
37,18,29,57
38,85,26,57
39,80,36,57
40,98,93,57
41,55,31,57
42,0,76,57
43,27,9,57
44,30,14,57
1,84,36,58
2,65,72,58
3,82,68,58
4,49,54,58
5,27,94,58
6,5,96,58
7,29,9,58
8,39,27,58
9,26,27,58
10,11,16,58
11,91,92,58
12,98,87,58
13,37,30,58
14,9,87,58
15,18,4,58
16,35,62,58
17,89,21,58
18,36,12,58
19,5,91,58
20,4,55,58
21,20,93,58
22,57,34,58
23,13,4,58
24,51,34,58
25,82,49,58
26,52,93,58
27,78,25,58
28,5,72,58
29,71,20,58
30,40,75,58
31,37,60,58
32,65,16,58
33,15,33,58
34,5,71,58
35,96,8,58
36,3,56,58
37,19,28,58
38,84,27,58
39,81,35,58
40,99,94,58
41,56,30,58
42,0,75,58
43,27,9,58
44,30,15,58
1,84,37,59
2,65,71,59
3,81,67,59
4,49,55,59
5,27,93,59
6,4,97,59
7,30,9,59
8,40,26,59
9,26,28,59
10,11,16,59
11,92,92,59
12,99,88,59
13,38,31,59
14,9,86,59
15,18,5,59
16,34,62,59
17,89,21,59
18,35,12,59
19,5,92,59
20,3,54,59
21,19,92,59
22,56,33,59
23,13,3,59
24,50,34,59
25,82,49,59
26,52,94,59
27,79,26,59
28,6,73,59
29,71,21,59
30,40,76,59
31,36,59,59
32,64,17,59
33,15,34,59
34,5,70,59
35,97,7,59
36,4,57,59
37,20,28,59
38,83,26,59
39,81,34,59
40,99,94,59
41,57,30,59
42,1,74,59
43,26,10,59
44,29,15,59
1,83,37,60
2,65,72,60
3,82,67,60
4,49,55,60
5,28,94,60
6,4,98,60
7,31,9,60
8,39,27,60
9,26,28,60
10,12,16,60
11,92,92,60
12,98,87,60
13,37,31,60
14,9,85,60
15,17,6,60
16,33,62,60
17,89,21,60
18,34,12,60
19,6,91,60
20,2,54,60
21,19,93,60
22,55,34,60
23,12,2,60
24,51,35,60
25,81,48,60
26,53,94,60
27,79,27,60
28,5,74,60
29,70,21,60
30,41,77,60
31,37,60,60
32,64,16,60
33,16,33,60
34,6,71,60
35,97,7,60
36,5,56,60
37,20,28,60
38,84,25,60
39,81,34,60
40,98,95,60
41,58,29,60
42,1,74,60
43,25,11,60
44,28,16,60
1,84,38,61
2,65,73,61
3,82,66,61
4,50,55,61
5,27,95,61
6,4,97,61
7,30,10,61
8,38,28,61
9,25,27,61
10,11,17,61
11,93,93,61
12,98,88,61
13,37,31,61
14,8,84,61
15,17,5,61
16,32,61,61
17,89,21,61
18,33,13,61
19,5,90,61
20,1,54,61
21,20,93,61
22,54,35,61
23,11,1,61
24,50,34,61
25,80,49,61
26,54,95,61
27,79,27,61
28,6,75,61
29,69,22,61
30,42,76,61
31,37,60,61
32,64,17,61
33,15,34,61
34,7,71,61
35,96,6,61
36,4,57,61
37,19,27,61
38,84,24,61
39,81,34,61
40,98,96,61
41,59,30,61
42,1,73,61
43,24,12,61
44,29,17,61
1,84,37,62
2,64,73,62
3,82,67,62
4,50,56,62
5,27,96,62
6,3,97,62
7,29,10,62
8,37,29,62
9,25,26,62
10,10,18,62
11,92,93,62
12,97,88,62
13,36,32,62
14,9,84,62
15,18,4,62
16,31,60,62
17,88,21,62
18,32,12,62
19,6,91,62
20,1,55,62
21,20,92,62
22,53,35,62
23,12,0,62
24,51,34,62
25,81,50,62
26,53,96,62
27,79,28,62
28,7,76,62
29,68,23,62
30,42,76,62
31,36,59,62
32,63,16,62
33,14,33,62
34,7,72,62
35,96,6,62
36,4,56,62
37,20,26,62
38,84,23,62
39,82,34,62
40,97,97,62
41,58,31,62
42,0,73,62
43,25,11,62
44,29,18,62
1,84,37,63
2,65,72,63
3,82,67,63
4,49,56,63
5,26,96,63
6,3,97,63
7,28,11,63
8,36,30,63
9,24,26,63
10,11,17,63
11,93,94,63
12,98,89,63
13,35,33,63
14,8,83,63
15,18,4,63
16,31,61,63
17,87,22,63
18,32,11,63
19,7,91,63
20,0,55,63
21,20,91,63
22,52,34,63
23,12,1,63
24,51,34,63
25,81,49,63
26,54,95,63
27,78,28,63
28,8,76,63
29,68,24,63
30,43,76,63
31,35,58,63
32,64,17,63
33,14,32,63
34,7,71,63
35,95,6,63
36,5,56,63
37,20,25,63
38,84,22,63
39,83,33,63
40,97,97,63
41,58,31,63
42,1,74,63
43,25,11,63
44,28,17,63
1,84,36,64
2,64,73,64
3,82,66,64
4,50,55,64
5,26,97,64
6,2,97,64
7,28,12,64
8,35,29,64
9,25,26,64
10,12,16,64
11,93,95,64
12,99,88,64
13,34,33,64
14,9,83,64
15,17,5,64
16,30,62,64
17,87,23,64
18,31,12,64
19,7,91,64
20,1,55,64
21,20,91,64
22,50,35,64
23,12,2,64
24,51,33,64
25,82,49,64
26,54,94,64
27,77,29,64
28,7,77,64
29,69,25,64
30,42,77,64
31,36,59,64
32,65,16,64
33,14,31,64
34,7,72,64
35,94,5,64
36,6,56,64
37,20,26,64
38,84,21,64
39,83,34,64
40,97,98,64
41,58,30,64
42,1,73,64
43,25,12,64
44,28,16,64
1,84,37,65
2,65,74,65
3,81,65,65
4,51,56,65
5,25,97,65
6,3,97,65
7,29,12,65
8,34,30,65
9,24,25,65
10,11,15,65
11,94,94,65
12,98,89,65
13,33,33,65
14,8,83,65
15,16,5,65
16,30,62,65
17,88,24,65
18,31,11,65
19,8,92,65
20,1,54,65
21,20,91,65
22,51,35,65
23,13,3,65
24,50,33,65
25,82,49,65
26,55,95,65
27,76,30,65
28,6,78,65
29,68,26,65
30,41,77,65
31,35,60,65
32,64,15,65
33,13,30,65
34,6,72,65
35,94,4,65
36,7,55,65
37,20,25,65
38,85,22,65
39,84,35,65
40,98,99,65
41,59,29,65
42,2,72,65
43,24,13,65
44,29,15,65
1,85,36,66
2,64,73,66
3,81,65,66
4,51,57,66
5,26,97,66
6,3,96,66
7,29,12,66
8,34,29,66
9,25,25,66
10,12,16,66
11,93,95,66
12,97,88,66
13,34,34,66
14,9,83,66
15,16,4,66
16,30,63,66
17,88,23,66
18,31,10,66
19,9,92,66
20,2,54,66
21,20,91,66
22,51,35,66
23,13,3,66
24,51,33,66
25,81,50,66
26,56,95,66
27,75,31,66
28,6,78,66
29,68,27,66
30,41,76,66
31,35,59,66
32,63,14,66
33,12,29,66
34,5,71,66
35,95,4,66
36,7,56,66
37,21,25,66
38,86,21,66
39,85,34,66
40,99,99,66
41,60,29,66
42,2,71,66
43,23,13,66
44,29,16,66
1,84,35,67
2,65,73,67
3,80,65,67
4,50,57,67
5,26,97,67
6,3,95,67
7,29,13,67
8,33,30,67
9,24,24,67
10,12,15,67
11,93,95,67
12,97,89,67
13,34,35,67
14,10,83,67
15,15,5,67
16,30,64,67
17,89,23,67
18,31,10,67
19,9,93,67
20,3,54,67
21,20,91,67
22,52,36,67
23,13,3,67
24,52,33,67
25,81,51,67
26,57,94,67
27,76,32,67
28,5,77,67
29,67,27,67
30,41,77,67
31,36,59,67
32,62,14,67
33,12,28,67
34,5,71,67
35,95,4,67
36,7,55,67
37,20,24,67
38,86,21,67
39,84,33,67
40,99,98,67
41,61,29,67
42,1,71,67
43,24,12,67
44,28,17,67
1,84,36,68
2,64,73,68
3,80,66,68
4,51,57,68
5,25,97,68
6,3,94,68
7,28,12,68
8,33,29,68
9,24,24,68
10,11,15,68
11,92,94,68
12,96,89,68
13,33,36,68
14,11,84,68
15,14,6,68
16,29,63,68
17,88,22,68
18,30,9,68
19,10,93,68
20,2,55,68
21,21,92,68
22,51,35,68
23,14,4,68
24,53,34,68
25,81,50,68
26,56,93,68
27,75,31,68
28,6,76,68
29,67,28,68
30,42,77,68
31,36,58,68
32,61,15,68
33,13,28,68
34,6,72,68
35,94,5,68
36,7,54,68
37,19,24,68
38,85,20,68
39,83,32,68
40,99,99,68
41,60,28,68
42,0,72,68
43,25,12,68
44,27,18,68
1,83,36,69
2,63,72,69
3,79,67,69
4,52,56,69
5,24,96,69
6,3,93,69
7,29,11,69
8,33,28,69
9,23,24,69
10,11,16,69
11,93,93,69
12,96,90,69
13,32,36,69
14,11,84,69
15,14,7,69
16,30,62,69
17,89,22,69
18,30,8,69
19,10,92,69
20,1,54,69
21,20,92,69
22,51,36,69
23,14,3,69
24,53,33,69
25,80,49,69
26,56,93,69
27,75,32,69
28,5,76,69
29,68,27,69
30,41,76,69
31,37,59,69
32,61,15,69
33,12,29,69
34,5,71,69
35,95,6,69
36,7,54,69
37,18,23,69
38,85,20,69
39,84,33,69
40,98,99,69
41,59,29,69
42,1,71,69
43,26,11,69
44,28,17,69
1,82,35,70
2,62,73,70
3,78,66,70
4,51,56,70
5,25,95,70
6,3,94,70
7,28,12,70
8,34,29,70
9,24,25,70
10,12,16,70
11,93,93,70
12,95,90,70
13,31,36,70
14,11,85,70
15,13,7,70
16,31,62,70
17,89,22,70
18,30,7,70
19,10,91,70
20,1,55,70
21,19,93,70
22,51,37,70
23,13,3,70
24,54,34,70
25,79,49,70
26,55,92,70
27,74,33,70
28,5,76,70
29,67,28,70
30,42,75,70
31,37,59,70
32,61,16,70
33,11,30,70
34,6,72,70
35,96,6,70
36,7,54,70
37,18,24,70
38,86,21,70
39,83,34,70
40,99,98,70
41,60,28,70
42,1,70,70
43,27,11,70
44,27,17,70
1,83,35,71
2,62,72,71
3,77,67,71
4,50,56,71
5,26,94,71
6,3,95,71
7,29,12,71
8,33,30,71
9,23,26,71
10,12,15,71
11,93,92,71
12,95,91,71
13,31,35,71
14,10,86,71
15,12,6,71
16,31,62,71
17,89,23,71
18,30,6,71
19,10,92,71
20,2,54,71
21,18,94,71
22,51,37,71
23,12,4,71
24,53,34,71
25,80,50,71
26,55,91,71
27,74,33,71
28,6,75,71
29,66,28,71
30,41,74,71
31,37,60,71
32,60,16,71
33,10,29,71
34,7,73,71
35,95,6,71
36,7,54,71
37,17,25,71
38,87,22,71
39,84,34,71
40,99,99,71
41,60,28,71
42,0,69,71
43,27,12,71
44,27,16,71
1,84,36,72
2,62,72,72
3,78,67,72
4,49,56,72
5,25,93,72
6,2,95,72
7,28,12,72
8,32,31,72
9,22,26,72
10,12,14,72
11,94,92,72
12,95,92,72
13,32,34,72
14,10,86,72
15,12,7,72
16,30,63,72
17,88,23,72
18,30,6,72
19,10,91,72
20,3,55,72
21,18,94,72
22,50,37,72
23,12,4,72
24,52,34,72
25,80,49,72
26,54,91,72
27,74,33,72
28,6,75,72
29,65,29,72
30,40,73,72
31,36,61,72
32,60,15,72
33,9,30,72
34,8,74,72
35,96,7,72
36,6,54,72
37,18,24,72
38,89,22,72
39,83,33,72
40,98,99,72
41,60,29,72
42,1,68,72
43,27,11,72
44,26,17,72
1,83,35,73
2,61,72,73
3,77,66,73
4,50,55,73
5,25,92,73
6,3,96,73
7,28,11,73
8,32,32,73
9,21,25,73
10,12,13,73
11,93,93,73
12,96,92,73
13,32,35,73
14,10,85,73
15,12,6,73
16,29,63,73
17,89,24,73
18,29,5,73
19,10,90,73
20,3,55,73
21,18,94,73
22,49,36,73
23,12,4,73
24,52,34,73
25,80,49,73
26,53,91,73
27,74,34,73
28,6,74,73
29,65,30,73
30,41,74,73
31,37,61,73
32,60,15,73
33,9,29,73
34,8,75,73
35,96,6,73
36,6,54,73
37,18,25,73
38,88,21,73
39,83,32,73
40,98,98,73
41,61,30,73
42,2,69,73
43,26,12,73
44,26,18,73
1,83,35,74
2,60,73,74
3,77,65,74
4,49,54,74
5,24,91,74
6,4,96,74
7,29,11,74
8,32,31,74
9,21,25,74
10,13,13,74
11,92,92,74
12,96,91,74
13,33,35,74
14,10,85,74
15,12,6,74
16,29,64,74
17,89,23,74
18,28,4,74
19,11,89,74
20,4,54,74
21,19,93,74
22,48,36,74
23,12,3,74
24,52,35,74
25,80,49,74
26,52,92,74
27,75,35,74
28,7,74,74
29,66,29,74
30,42,74,74
31,36,62,74
32,61,14,74
33,10,29,74
34,9,74,74
35,95,5,74
36,5,54,74
37,18,26,74
38,87,21,74
39,84,31,74
40,99,98,74
41,60,29,74
42,1,70,74
43,25,12,74
44,26,19,74
1,82,36,75
2,61,73,75
3,78,66,75
4,50,54,75
5,24,91,75
6,5,97,75
7,28,11,75
8,31,31,75
9,22,26,75
10,14,12,75
11,92,91,75
12,95,91,75
13,32,35,75
14,10,86,75
15,12,6,75
16,28,63,75
17,90,23,75
18,27,4,75
19,11,90,75
20,4,55,75
21,19,93,75
22,48,35,75
23,12,3,75
24,51,35,75
25,79,50,75
26,53,93,75
27,75,35,75
28,7,73,75
29,66,30,75
30,42,73,75
31,37,62,75
32,62,13,75
33,9,30,75
34,8,74,75
35,95,5,75
36,4,53,75
37,18,27,75
38,87,22,75
39,84,30,75
40,98,99,75
41,59,29,75
42,0,69,75
43,24,11,75
44,26,19,75
1,83,35,76
2,61,72,76
3,77,66,76
4,50,53,76
5,24,92,76
6,5,98,76
7,28,12,76
8,30,32,76
9,21,27,76
10,14,12,76
11,93,90,76
12,95,90,76
13,33,36,76
14,10,85,76
15,11,6,76
16,29,64,76
17,90,22,76
18,28,5,76
19,10,89,76
20,5,55,76
21,20,92,76
22,48,35,76
23,11,4,76
24,51,34,76
25,79,49,76
26,52,92,76
27,74,35,76
28,9,74,76
29,66,29,76
30,43,72,76
31,38,63,76
32,63,12,76
33,9,29,76
34,8,74,76
35,96,6,76
36,5,53,76
37,18,26,76
38,87,21,76
39,85,30,76
40,97,98,76
41,58,28,76
42,0,69,76
43,24,12,76
44,26,19,76
1,82,36,77
2,60,71,77
3,77,65,77
4,49,53,77
5,23,92,77
6,6,97,77
7,29,12,77
8,31,32,77
9,21,28,77
10,13,12,77
11,94,89,77
12,95,91,77
13,32,36,77
14,11,86,77
15,12,7,77
16,29,63,77
17,89,21,77
18,27,5,77
19,9,89,77
20,6,56,77
21,19,93,77
22,49,36,77
23,12,4,77
24,51,33,77
25,79,48,77
26,51,91,77
27,74,36,77
28,10,73,77
29,67,29,77
30,43,71,77
31,39,63,77
32,64,11,77
33,8,28,77
34,9,74,77
35,95,5,77
36,5,54,77
37,19,25,77
38,87,20,77
39,86,29,77
40,97,98,77
41,59,28,77
42,0,68,77
43,25,11,77
44,27,19,77
1,81,35,78
2,60,70,78
3,78,66,78
4,48,54,78
5,23,91,78
6,6,97,78
7,28,11,78
8,30,33,78
9,21,28,78
10,13,12,78
11,95,89,78
12,95,90,78
13,33,35,78
14,10,85,78
15,13,7,78
16,29,63,78
17,89,22,78
18,28,4,78
19,9,88,78
20,7,57,78
21,20,94,78
22,50,35,78
23,11,4,78
24,51,33,78
25,79,47,78
26,50,90,78
27,74,35,78
28,10,72,78
29,66,30,78
30,42,70,78
31,38,62,78
32,64,12,78
33,8,27,78
34,9,75,78
35,95,4,78
36,4,54,78
37,20,25,78
38,87,20,78
39,87,29,78
40,98,97,78
41,60,28,78
42,1,67,78
43,25,11,78
44,28,18,78
1,81,35,79
2,59,69,79
3,79,66,79
4,48,54,79
5,23,92,79
6,7,97,79
7,28,10,79
8,31,33,79
9,22,29,79
10,12,13,79
11,95,88,79
12,96,91,79
13,33,35,79
14,11,84,79
15,14,8,79
16,29,63,79
17,90,21,79
18,27,5,79
19,10,88,79
20,6,57,79
21,20,95,79
22,51,35,79
23,10,3,79
24,52,32,79
25,79,48,79
26,51,90,79
27,75,36,79
28,9,73,79
29,65,30,79
30,43,70,79
31,37,63,79
32,63,12,79
33,8,26,79
34,8,74,79
35,94,3,79
36,4,55,79
37,21,25,79
38,88,21,79
39,87,30,79
40,98,97,79
41,59,28,79
42,1,67,79
43,25,10,79
44,28,18,79
1,80,36,80
2,59,68,80
3,78,65,80
4,47,53,80
5,23,93,80
6,8,97,80
7,27,10,80
8,30,33,80
9,23,29,80
10,13,12,80
11,96,89,80
12,95,90,80
13,34,36,80
14,11,85,80
15,13,8,80
16,28,63,80
17,90,21,80
18,27,6,80
19,9,89,80
20,5,57,80
21,21,95,80
22,50,34,80
23,9,2,80
24,53,32,80
25,78,47,80
26,50,89,80
27,74,37,80
28,10,73,80
29,65,29,80
30,43,69,80
31,38,63,80
32,63,12,80
33,8,25,80
34,7,74,80
35,93,2,80
36,4,55,80
37,22,25,80
38,89,21,80
39,88,29,80
40,99,96,80
41,59,27,80
42,1,68,80
43,24,11,80
44,29,18,80
1,79,37,81
2,60,67,81
3,79,64,81
4,46,54,81
5,23,92,81
6,9,97,81
7,26,10,81
8,30,32,81
9,22,30,81
10,12,13,81
11,95,88,81
12,94,90,81
13,35,37,81
14,10,84,81
15,12,9,81
16,29,62,81
17,90,22,81
18,27,5,81
19,8,90,81
20,4,56,81
21,20,96,81
22,50,35,81
23,8,3,81
24,52,31,81
25,77,48,81
26,51,90,81
27,75,37,81
28,10,72,81
29,64,30,81
30,44,70,81
31,39,64,81
32,62,12,81
33,9,24,81
34,6,73,81
35,94,2,81
36,4,54,81
37,23,26,81
38,90,20,81
39,88,30,81
40,99,96,81
41,58,27,81
42,2,67,81
43,24,11,81
44,30,17,81
1,79,36,82
2,61,66,82
3,80,64,82
4,47,54,82
5,24,91,82
6,8,98,82
7,26,10,82
8,29,31,82
9,23,31,82
10,12,14,82
11,96,87,82
12,94,89,82
13,35,38,82
14,11,83,82
15,13,8,82
16,28,62,82
17,89,22,82
18,28,4,82
19,7,89,82
20,5,56,82
21,19,97,82
22,51,35,82
23,8,2,82
24,51,31,82
25,77,48,82
26,51,89,82
27,74,38,82
28,10,73,82
29,65,29,82
30,43,69,82
31,40,63,82
32,61,12,82
33,10,25,82
34,6,73,82
35,93,1,82
36,4,54,82
37,24,26,82
38,89,20,82
39,87,29,82
40,99,97,82
41,59,28,82
42,1,67,82
43,23,11,82
44,30,17,82
1,79,37,83
2,62,67,83
3,81,65,83
4,46,55,83
5,23,91,83
6,9,98,83
7,25,11,83
8,29,32,83
9,24,32,83
10,11,15,83
11,96,86,83
12,94,88,83
13,36,38,83
14,12,84,83
15,13,7,83
16,27,63,83
17,89,23,83
18,27,5,83
19,7,89,83
20,6,55,83
21,18,98,83
22,52,34,83
23,9,2,83
24,51,31,83
25,78,49,83
26,52,88,83
27,74,37,83
28,10,72,83
29,66,28,83
30,43,70,83
31,41,62,83
32,61,12,83
33,9,25,83
34,6,74,83
35,93,0,83
36,3,53,83
37,24,27,83
38,90,20,83
39,87,29,83
40,98,97,83
41,60,28,83
42,2,68,83
43,23,12,83
44,31,17,83
1,79,38,84
2,61,68,84
3,82,65,84
4,47,55,84
5,24,92,84
6,9,97,84
7,24,12,84
8,30,31,84
9,23,32,84
10,12,15,84
11,96,87,84
12,94,87,84
13,37,39,84
14,12,84,84
15,12,8,84
16,27,63,84
17,89,23,84
18,26,4,84
19,8,88,84
20,7,56,84
21,17,98,84
22,52,35,84
23,9,1,84
24,51,32,84
25,78,48,84
26,51,89,84
27,75,38,84
28,10,71,84
29,66,27,84
30,43,69,84
31,42,62,84
32,60,11,84
33,8,24,84
34,5,73,84
35,92,0,84
36,4,52,84
37,24,28,84
38,89,20,84
39,87,28,84
40,97,98,84
41,61,27,84
42,1,69,84
43,22,13,84
44,31,18,84
1,79,39,85
2,60,67,85
3,81,65,85
4,48,54,85
5,23,91,85
6,10,97,85
7,24,13,85
8,30,30,85
9,24,32,85
10,11,15,85
11,96,86,85
12,94,86,85
13,37,38,85
14,12,84,85
15,13,7,85
16,27,62,85
17,89,22,85
18,27,4,85
19,7,89,85
20,8,56,85
21,16,99,85
22,52,34,85
23,10,0,85
24,52,31,85
25,77,49,85
26,52,89,85
27,75,39,85
28,9,72,85
29,65,28,85
30,43,68,85
31,41,62,85
32,59,11,85
33,8,23,85
34,4,72,85
35,93,0,85
36,3,51,85
37,23,28,85
38,88,21,85
39,88,27,85
40,98,97,85
41,62,28,85
42,1,68,85
43,21,13,85
44,30,17,85
1,78,38,86
2,61,67,86
3,82,66,86
4,47,53,86
5,23,91,86
6,10,96,86
7,24,12,86
8,29,29,86
9,24,32,86
10,12,15,86
11,97,85,86
12,93,86,86
13,37,38,86
14,13,83,86
15,14,7,86
16,26,63,86
17,88,23,86
18,28,3,86
19,8,88,86
20,9,56,86
21,17,98,86
22,51,35,86
23,9,0,86
24,52,31,86
25,78,50,86
26,53,88,86
27,76,40,86
28,10,71,86
29,65,28,86
30,43,67,86
31,41,63,86
32,58,10,86
33,9,24,86
34,5,72,86
35,94,1,86
36,4,50,86
37,24,28,86
38,87,22,86
39,88,26,86
40,99,97,86
41,61,28,86
42,2,69,86
43,21,13,86
44,29,16,86
1,77,38,87
2,61,67,87
3,81,65,87
4,47,53,87
5,23,92,87
6,11,95,87
7,23,12,87
8,29,29,87
9,24,33,87
10,12,14,87
11,98,84,87
12,94,85,87
13,36,37,87
14,14,83,87
15,14,6,87
16,25,62,87
17,86,21,87
18,27,4,87
19,7,89,87
20,8,55,87
21,17,97,87
22,52,35,87
23,10,0,87
24,51,31,87
25,79,50,87
26,52,87,87
27,76,39,87
28,9,72,87
29,64,28,87
30,44,67,87
31,40,63,87
32,57,10,87
33,10,23,87
34,4,72,87
35,95,0,87
36,3,51,87
37,23,28,87
38,87,20,87
39,89,27,87
40,98,96,87
41,60,28,87
42,2,69,87
43,20,12,87
44,30,15,87
1,77,39,88
2,61,67,88
3,82,64,88
4,46,52,88
5,23,93,88
6,12,96,88
7,24,13,88
8,28,29,88
9,24,34,88
10,11,13,88
11,98,84,88
12,94,86,88
13,36,38,88
14,14,83,88
15,13,5,88
16,25,63,88
17,86,22,88
18,26,4,88
19,8,90,88
20,9,56,88
21,16,97,88
22,53,34,88
23,9,0,88
24,50,32,88
25,79,51,88
26,53,88,88
27,75,40,88
28,8,73,88
29,63,27,88
30,43,67,88
31,41,62,88
32,58,11,88
33,10,24,88
34,4,71,88
35,96,1,88
36,2,52,88
37,24,29,88
38,86,21,88
39,88,28,88
40,99,96,88
41,59,28,88
42,3,69,88
43,21,12,88
44,29,16,88
1,77,40,89
2,62,66,89
3,83,64,89
4,45,53,89
5,24,92,89
6,12,97,89
7,25,13,89
8,28,29,89
9,24,33,89
10,10,12,89
11,99,85,89
12,94,87,89
13,37,37,89
14,15,84,89
15,14,5,89
16,26,64,89
17,86,22,89
18,27,4,89
19,7,90,89
20,8,56,89
21,17,97,89
22,54,35,89
23,8,0,89
24,50,32,89
25,79,52,89
26,53,89,89
27,75,40,89
28,9,72,89
29,62,28,89
30,43,66,89
31,40,63,89
32,58,12,89
33,11,23,89
34,5,70,89
35,96,0,89
36,3,53,89
37,25,29,89
38,85,20,89
39,88,27,89
40,99,95,89
41,58,27,89
42,2,70,89
43,22,13,89
44,29,17,89
1,78,40,90
2,61,67,90
3,84,64,90
4,44,54,90
5,23,93,90
6,12,97,90
7,25,13,90
8,29,30,90
9,24,33,90
10,9,12,90
11,99,86,90
12,94,86,90
13,36,37,90
14,14,85,90
15,14,4,90
16,25,63,90
17,85,21,90
18,26,3,90
19,6,90,90
20,8,57,90
21,18,96,90
22,55,36,90
23,9,0,90
24,49,31,90
25,79,51,90
26,54,90,90
27,75,40,90
28,10,72,90
29,63,28,90
30,42,66,90
31,39,62,90
32,58,11,90
33,10,23,90
34,6,71,90
35,95,0,90
36,3,52,90
37,24,28,90
38,84,20,90
39,88,28,90
40,99,96,90
41,59,27,90
42,1,69,90
43,23,13,90
44,30,16,90
1,79,41,91
2,60,66,91
3,85,63,91
4,44,53,91
5,22,93,91
6,11,96,91
7,26,13,91
8,28,30,91
9,23,33,91
10,10,12,91
11,98,86,91
12,95,86,91
13,35,38,91
14,13,84,91
15,15,4,91
16,26,62,91
17,84,21,91
18,26,3,91
19,5,89,91
20,9,56,91
21,17,97,91
22,56,35,91
23,8,1,91
24,48,30,91
25,79,51,91
26,54,91,91
27,74,39,91
28,9,72,91
29,63,27,91
30,41,65,91
31,40,62,91
32,58,12,91
33,11,22,91
34,6,71,91
35,94,0,91
36,3,52,91
37,24,29,91
38,83,20,91
39,87,29,91
40,98,95,91
41,58,28,91
42,0,68,91
43,23,14,91
44,29,17,91
1,79,40,92
2,61,67,92
3,86,62,92
4,45,53,92
5,21,93,92
6,10,95,92
7,27,14,92
8,28,29,92
9,23,32,92
10,10,12,92
11,98,85,92
12,94,86,92
13,36,39,92
14,13,83,92
15,14,3,92
16,25,62,92
17,85,20,92
18,26,4,92
19,4,89,92
20,9,57,92
21,18,96,92
22,56,36,92
23,8,1,92
24,49,29,92
25,78,51,92
26,53,91,92
27,73,38,92
28,8,72,92
29,63,26,92
30,40,65,92
31,41,63,92
32,59,12,92
33,11,21,92
34,7,72,92
35,95,1,92
36,4,51,92
37,23,29,92
38,84,21,92
39,88,28,92
40,98,96,92
41,57,28,92
42,0,69,92
43,24,13,92
44,30,17,92
1,78,41,93
2,62,68,93
3,86,62,93
4,45,52,93
5,21,93,93
6,9,94,93
7,27,13,93
8,27,28,93
9,24,33,93
10,9,13,93
11,98,86,93
12,94,87,93
13,36,40,93
14,13,84,93
15,13,2,93
16,26,63,93
17,84,19,93
18,25,4,93
19,5,89,93
20,9,58,93
21,18,95,93
22,56,37,93
23,9,1,93
24,49,30,93
25,79,52,93
26,52,91,93
27,74,39,93
28,8,72,93
29,63,26,93
30,39,65,93
31,41,63,93
32,59,11,93
33,10,21,93
34,7,73,93
35,96,1,93
36,3,51,93
37,22,29,93
38,84,20,93
39,88,28,93
40,98,95,93
41,58,29,93
42,1,70,93
43,23,14,93
44,29,17,93
1,77,42,94
2,63,69,94
3,85,62,94
4,45,51,94
5,21,93,94
6,10,95,94
7,28,14,94
8,27,27,94
9,25,32,94
10,10,12,94
11,98,85,94
12,94,86,94
13,37,39,94
14,14,85,94
15,14,3,94
16,25,63,94
17,84,18,94
18,24,4,94
19,4,89,94
20,10,59,94
21,17,95,94
22,57,38,94
23,10,0,94
24,48,30,94
25,80,53,94
26,51,92,94
27,73,39,94
28,7,72,94
29,63,27,94
30,40,66,94
31,40,64,94
32,58,11,94
33,10,20,94
34,8,73,94
35,97,0,94
36,3,51,94
37,21,30,94
38,85,21,94
39,87,29,94
40,99,96,94
41,59,29,94
42,0,71,94
43,23,15,94
44,29,18,94
1,77,43,95
2,63,69,95
3,85,63,95
4,45,52,95
5,21,92,95
6,9,96,95
7,29,13,95
8,28,28,95
9,26,33,95
10,10,11,95
11,97,85,95
12,95,87,95
13,36,40,95
14,14,85,95
15,15,2,95
16,24,64,95
17,85,17,95
18,23,4,95
19,4,90,95
20,10,59,95
21,16,95,95
22,56,37,95
23,10,0,95
24,47,31,95
25,81,53,95
26,50,93,95
27,72,39,95
28,6,72,95
29,63,28,95
30,39,65,95
31,40,63,95
32,59,12,95
33,9,21,95
34,7,72,95
35,97,1,95
36,2,51,95
37,22,31,95
38,85,22,95
39,86,28,95
40,99,97,95
41,58,30,95
42,0,72,95
43,22,15,95
44,28,17,95
1,76,43,96
2,64,70,96
3,84,64,96
4,46,53,96
5,21,93,96
6,9,96,96
7,28,14,96
8,27,29,96
9,26,32,96
10,9,12,96
11,98,84,96
12,94,87,96
13,36,39,96
14,14,86,96
15,14,2,96
16,23,65,96
17,85,17,96
18,22,4,96
19,5,89,96
20,11,59,96
21,17,96,96
22,55,36,96
23,10,0,96
24,48,31,96
25,82,52,96
26,49,93,96
27,72,39,96
28,7,71,96
29,64,28,96
30,39,65,96
31,39,63,96
32,58,13,96
33,10,20,96
34,6,71,96
35,97,0,96
36,2,50,96
37,21,32,96
38,86,21,96
39,86,29,96
40,99,96,96
41,57,31,96
42,0,71,96
43,22,15,96
44,27,18,96
1,75,42,97
2,63,69,97
3,84,65,97
4,46,52,97
5,21,93,97
6,9,97,97
7,27,13,97
8,26,29,97
9,26,32,97
10,8,12,97
11,97,85,97
12,93,88,97
13,37,38,97
14,15,86,97
15,13,1,97
16,22,66,97
17,85,18,97
18,23,5,97
19,4,90,97
20,12,60,97
21,17,97,97
22,55,36,97
23,11,1,97
24,48,30,97
25,83,53,97
26,50,94,97
27,72,39,97
28,8,72,97
29,64,29,97
30,38,64,97
31,40,64,97
32,59,13,97
33,10,19,97
34,5,70,97
35,97,0,97
36,3,50,97
37,21,31,97
38,85,22,97
39,86,28,97
40,99,97,97
41,56,31,97
42,0,70,97
43,22,14,97
44,27,18,97
1,74,41,98
2,62,69,98
3,84,66,98
4,46,53,98
5,21,93,98
6,10,96,98
7,26,13,98
8,26,30,98
9,25,33,98
10,8,12,98
11,96,84,98
12,94,88,98
13,38,39,98
14,15,85,98
15,14,0,98
16,23,65,98
17,86,18,98
18,22,6,98
19,3,89,98
20,13,60,98
21,18,98,98
22,55,35,98
23,11,0,98
24,49,30,98
25,84,52,98
26,51,94,98
27,72,38,98
28,7,71,98
29,64,28,98
30,38,65,98
31,41,64,98
32,58,14,98
33,9,20,98
34,4,70,98
35,98,1,98
36,2,51,98
37,22,30,98
38,84,22,98
39,87,27,98
40,98,96,98
41,56,31,98
42,0,71,98
43,23,13,98
44,26,19,98
1,73,41,99
2,61,69,99
3,84,65,99
4,45,52,99
5,22,92,99
6,11,95,99
7,25,13,99
8,25,31,99
9,24,34,99
10,7,11,99
11,97,83,99
12,95,89,99
13,37,38,99
14,14,85,99
15,14,0,99
16,24,65,99
17,87,18,99
18,22,7,99
19,3,89,99
20,12,61,99
21,19,98,99
22,54,36,99
23,11,0,99
24,49,29,99
25,83,52,99
26,52,93,99
27,72,38,99
28,8,71,99
29,65,29,99
30,39,64,99
31,42,63,99
32,57,15,99
33,9,19,99
34,4,70,99
35,99,0,99
36,3,52,99
37,21,31,99
38,83,23,99
39,87,26,99
40,99,97,99
41,57,30,99
42,1,70,99
43,23,12,99
44,27,20,99
1,72,42,100
2,61,70,100
3,85,66,100
4,46,51,100
5,21,92,100
6,11,96,100
7,24,13,100
8,26,30,100
9,23,35,100
10,6,10,100
11,97,82,100
12,96,90,100
13,37,38,100
14,14,84,100
15,14,1,100
16,23,66,100
17,88,19,100
18,23,7,100
19,3,88,100
20,13,62,100
21,18,98,100
22,54,36,100
23,10,1,100
24,48,28,100
25,83,52,100
26,52,94,100
27,73,39,100
28,7,71,100
29,65,29,100
30,39,65,100
31,43,64,100
32,56,16,100
33,10,20,100
34,4,71,100
35,99,0,100
36,2,51,100
37,22,31,100
38,82,24,100
39,87,25,100
40,99,97,100
41,58,29,100
42,1,69,100
43,24,12,100
44,28,20,100
